Date,Adj Close,Close,High,Low,Open,Volume
2004-07-28,70.4000015258789,70.4000015258789,79.94999694824219,69.94999694824219,77.5,894160
2004-07-29,70.05000305175781,70.05000305175781,71.0,70.0,70.5,120640
2004-07-30,70.75,70.75,70.75,69.9000015258789,70.4000015258789,47680
2004-08-02,70.05000305175781,70.05000305175781,72.0,70.0,70.75,41580
2004-08-03,70.19999694824219,70.19999694824219,70.55000305175781,70.0,70.5,64560
2004-08-04,70.0,70.0,70.4000015258789,69.94999694824219,70.4000015258789,25120
2004-08-05,59.0,59.0,71.0,58.0,71.0,248580
2004-08-06,58.25,58.25,58.900001525878906,55.5,58.25,66240
2004-08-09,57.0,57.0,58.5,55.099998474121094,58.5,34360
2004-08-10,59.79999923706055,59.79999923706055,61.95000076293945,57.0,57.0,42620
2004-08-11,59.79999923706055,59.79999923706055,60.29999923706055,58.54999923706055,60.29999923706055,15260
2004-08-12,57.0,57.0,60.400001525878906,56.099998474121094,60.0,22320
2004-08-13,54.900001525878906,54.900001525878906,59.900001525878906,53.54999923706055,59.900001525878906,50440
2004-08-16,60.29999923706055,60.29999923706055,60.5,54.70000076293945,55.79999923706055,24540
2004-08-17,62.20000076293945,62.20000076293945,62.20000076293945,60.099998474121094,60.29999923706055,27700
2004-08-18,65.25,65.25,67.0,62.0,62.900001525878906,26880
2004-08-19,67.25,67.25,68.25,66.0,66.94999694824219,56220
2004-08-20,67.0,67.0,68.9000015258789,66.80000305175781,68.75,54860
2004-08-23,67.0999984741211,67.0999984741211,69.0,66.55000305175781,68.9000015258789,26500
2004-08-24,67.1500015258789,67.1500015258789,68.25,66.4000015258789,68.25,18100
2004-08-25,67.5,67.5,69.0,66.75,67.0,10220
2004-08-26,67.6500015258789,67.6500015258789,69.5,67.5,68.0,25380
2004-08-27,67.55000305175781,67.55000305175781,69.6500015258789,66.8499984741211,69.6500015258789,31380
2004-08-30,68.1500015258789,68.1500015258789,69.5,67.5,67.8499984741211,11540
2004-08-31,69.75,69.75,69.75,68.0999984741211,69.19999694824219,8660
2004-09-01,72.0,72.0,76.0,69.25,69.94999694824219,57200
2004-09-02,72.69999694824219,72.69999694824219,75.0,70.80000305175781,72.0,11680
2004-09-03,72.75,72.75,73.75,71.55000305175781,73.25,3480
2004-09-07,76.25,76.25,77.0999984741211,72.5,73.75,23740
2004-09-08,78.5,78.5,80.6500015258789,74.80000305175781,77.44999694824219,29380
2004-09-09,79.8499984741211,79.8499984741211,79.9000015258789,78.75,79.5,18560
2004-09-10,81.55000305175781,81.55000305175781,83.5,80.0,80.0,45480
2004-09-13,85.8499984741211,85.8499984741211,91.25,83.5,84.5999984741211,71980
2004-09-14,84.80000305175781,84.80000305175781,87.25,83.5,87.25,50000
2004-09-15,84.8499984741211,84.8499984741211,85.3499984741211,84.0,85.0,15400
2004-09-16,87.80000305175781,87.80000305175781,93.0,84.19999694824219,85.5,39360
2004-09-17,90.94999694824219,90.94999694824219,93.0,88.0,88.0,30260
2004-09-20,94.5,94.5,96.30000305175781,90.5,93.69999694824219,46560
2004-09-21,107.69999694824219,107.69999694824219,112.1500015258789,96.1500015258789,98.0,141600
2004-09-22,110.5,110.5,114.25,107.75,108.75,83400
2004-09-23,118.55000305175781,118.55000305175781,118.55000305175781,108.05000305175781,113.25,89640
2004-09-24,116.25,116.25,121.55000305175781,113.3499984741211,121.30000305175781,89620
2004-09-27,114.75,114.75,117.80000305175781,113.25,117.80000305175781,40500
2004-09-28,100.0,100.0,115.0,99.0,113.75,120740
2004-09-29,107.6500015258789,107.6500015258789,109.30000305175781,101.0,109.0,69500
2004-09-30,100.19999694824219,100.19999694824219,109.25,98.94999694824219,108.75,247320
2004-10-01,98.0999984741211,98.0999984741211,102.0,92.80000305175781,98.5,172180
2004-10-04,95.0,95.0,99.0,94.05000305175781,98.25,56040
2004-10-05,88.4000015258789,88.4000015258789,90.5,85.25,88.75,140500
2004-10-06,79.5999984741211,79.5999984741211,88.5,79.05000305175781,87.69999694824219,120080
2004-10-07,82.30000305175781,82.30000305175781,85.0,76.5,79.0,78920
2004-10-08,82.94999694824219,82.94999694824219,82.94999694824219,81.5,82.6500015258789,32340
2004-10-11,89.3499984741211,89.3499984741211,89.69999694824219,82.30000305175781,83.0,60220
2004-10-12,87.94999694824219,87.94999694824219,92.3499984741211,87.80000305175781,89.75,47200
2004-10-13,82.69999694824219,82.69999694824219,91.4000015258789,81.25,91.25,40780
2004-10-14,79.3499984741211,79.3499984741211,83.9000015258789,79.0999984741211,83.9000015258789,20300
2004-10-15,82.30000305175781,82.30000305175781,86.0,80.0,80.5999984741211,17400
2004-10-18,77.8499984741211,77.8499984741211,82.05000305175781,77.05000305175781,79.4000015258789,55620
2004-10-19,74.6500015258789,74.6500015258789,78.75,71.5999984741211,76.0,111700
2004-10-20,74.9000015258789,74.9000015258789,76.8499984741211,72.75,75.0,17720
2004-10-21,77.75,77.75,81.1500015258789,73.5,73.5,13180
2004-10-22,79.5,79.5,79.69999694824219,76.25,77.5,25200
2004-10-25,80.0999984741211,80.0999984741211,80.1500015258789,76.9000015258789,77.5,20020
2004-10-26,83.0,83.0,84.25,78.80000305175781,81.4000015258789,33840
2004-10-27,83.5,83.5,84.5,82.5999984741211,84.1500015258789,15220
2004-10-28,86.80000305175781,86.80000305175781,89.25,83.5,83.5,37200
2004-10-29,87.5999984741211,87.5999984741211,89.30000305175781,85.6500015258789,87.1500015258789,35920
2004-11-01,85.55000305175781,85.55000305175781,88.0,85.25,87.0999984741211,11100
2004-11-02,85.75,85.75,88.4000015258789,85.0,86.25,13560
2004-11-03,87.3499984741211,87.3499984741211,88.5,85.1500015258789,86.0,9620
2004-11-04,86.5,86.5,88.25,83.5,88.0999984741211,22120
2004-11-05,85.0999984741211,85.0999984741211,87.5,85.0999984741211,86.0,9240
2004-11-08,83.9000015258789,83.9000015258789,85.5999984741211,83.80000305175781,85.5999984741211,8600
2004-11-09,89.44999694824219,89.44999694824219,92.75,84.0,84.75,64960
2004-11-10,87.80000305175781,87.80000305175781,91.19999694824219,86.25,91.19999694824219,18460
2004-11-11,87.3499984741211,87.3499984741211,89.5,87.0,89.5,12600
2004-11-12,86.6500015258789,86.6500015258789,88.5,85.0,88.5,11000
2004-11-15,83.0,83.0,87.69999694824219,81.5,87.69999694824219,27200
2004-11-16,80.44999694824219,80.44999694824219,83.25,80.25,83.25,16780
2004-11-17,80.0,80.0,81.0,79.0,81.0,8780
2004-11-18,80.0,80.0,81.0,79.3499984741211,80.69999694824219,7860
2004-11-19,76.94999694824219,76.94999694824219,80.5,76.44999694824219,79.0,7040
2004-11-22,75.0,75.0,77.6500015258789,74.0999984741211,77.4000015258789,45840
2004-11-23,78.55000305175781,78.55000305175781,81.69999694824219,72.80000305175781,75.5999984741211,28900
2004-11-24,79.44999694824219,79.44999694824219,80.0,76.80000305175781,79.5,25100
2004-11-26,79.44999694824219,79.44999694824219,79.5,77.25,79.5,2820
2004-11-29,78.5,78.5,79.8499984741211,76.3499984741211,79.8499984741211,4700
2004-11-30,78.5,78.5,79.19999694824219,76.8499984741211,79.0,6220
2004-12-01,81.5,81.5,82.4000015258789,77.69999694824219,78.75,25080
2004-12-02,81.55000305175781,81.55000305175781,82.0,79.0999984741211,80.0,14100
2004-12-03,80.55000305175781,80.55000305175781,81.5,80.0999984741211,80.5999984741211,6400
2004-12-06,79.5,79.5,80.0999984741211,76.25,80.0,9760
2004-12-07,76.55000305175781,76.55000305175781,80.3499984741211,76.55000305175781,78.0999984741211,6600
2004-12-08,79.94999694824219,79.94999694824219,82.0,76.30000305175781,77.5,18320
2004-12-09,79.44999694824219,79.44999694824219,80.69999694824219,77.5999984741211,78.0,13520
2004-12-10,87.25,87.25,87.25,78.0,80.4000015258789,26900
2004-12-13,87.8499984741211,87.8499984741211,90.30000305175781,83.80000305175781,88.75,23920
2004-12-14,91.5,91.5,99.5,87.3499984741211,87.8499984741211,84900
2004-12-15,89.5999984741211,89.5999984741211,93.0,89.5,91.5,23160
2004-12-16,91.0,91.0,94.5,89.19999694824219,90.75,14800
2004-12-17,96.4000015258789,96.4000015258789,96.4000015258789,90.75,92.3499984741211,31660
2004-12-20,94.4000015258789,94.4000015258789,99.69999694824219,92.94999694824219,93.19999694824219,15080
2004-12-21,90.94999694824219,90.94999694824219,97.3499984741211,90.55000305175781,93.94999694824219,15200
2004-12-22,87.44999694824219,87.44999694824219,93.0999984741211,86.5,92.69999694824219,32660
2004-12-23,81.0999984741211,81.0999984741211,90.0,79.6500015258789,90.0,96700
2004-12-27,81.19999694824219,81.19999694824219,83.75,80.25,81.05000305175781,29460
2004-12-28,81.5,81.5,82.0,79.5,80.94999694824219,21800
2004-12-29,78.69999694824219,78.69999694824219,81.75,77.75,80.1500015258789,13940
2004-12-30,78.9000015258789,78.9000015258789,80.0,78.44999694824219,80.0,9420
2004-12-31,78.75,78.75,81.0999984741211,77.5,81.0999984741211,16540
2005-01-03,79.75,79.75,80.4000015258789,77.44999694824219,77.75,15380
2005-01-04,78.0,78.0,80.75,76.25,79.75,22720
2005-01-05,73.55000305175781,73.55000305175781,77.75,73.0,77.75,45980
2005-01-06,74.4000015258789,74.4000015258789,75.3499984741211,73.80000305175781,73.80000305175781,15440
2005-01-07,76.0999984741211,76.0999984741211,76.0999984741211,73.3499984741211,75.5999984741211,16300
2005-01-10,74.0999984741211,74.0999984741211,76.0,74.0,76.0,11260
2005-01-11,70.75,70.75,74.75,70.75,74.75,45460
2005-01-12,70.4000015258789,70.4000015258789,72.9000015258789,67.5,72.9000015258789,23680
2005-01-13,71.75,71.75,73.8499984741211,69.44999694824219,69.55000305175781,19900
2005-01-14,73.8499984741211,73.8499984741211,73.8499984741211,69.5,73.0,23820
2005-01-18,72.0999984741211,72.0999984741211,73.94999694824219,71.0,73.9000015258789,10520
2005-01-19,71.5,71.5,73.69999694824219,71.05000305175781,72.75,13280
2005-01-20,70.75,70.75,73.94999694824219,70.5,73.94999694824219,11960
2005-01-21,69.75,69.75,72.3499984741211,69.5,71.44999694824219,11400
2005-01-24,67.55000305175781,67.55000305175781,70.0,67.5,69.75,19260
2005-01-25,65.75,65.75,69.25,64.30000305175781,69.25,49800
2005-01-26,62.599998474121094,62.599998474121094,65.8499984741211,61.79999923706055,65.8499984741211,54940
2005-01-27,68.9000015258789,68.9000015258789,72.1500015258789,62.29999923706055,62.5,53160
2005-01-28,66.94999694824219,66.94999694824219,70.0,65.0,70.0,29640
2005-01-31,70.44999694824219,70.44999694824219,70.5,66.5,66.94999694824219,19780
2005-02-01,73.5,73.5,74.4000015258789,69.94999694824219,71.55000305175781,23720
2005-02-02,73.75,73.75,73.94999694824219,71.8499984741211,73.25,29760
2005-02-03,71.25,71.25,74.44999694824219,71.25,73.5,31060
2005-02-04,74.75,74.75,80.0,71.69999694824219,71.69999694824219,54300
2005-02-07,74.55000305175781,74.55000305175781,75.94999694824219,72.5,75.75,32540
2005-02-08,72.1500015258789,72.1500015258789,74.5,71.55000305175781,73.80000305175781,9520
2005-02-09,69.0,69.0,72.0999984741211,67.8499984741211,71.55000305175781,26660
2005-02-10,70.0,70.0,76.0,68.6500015258789,75.69999694824219,83580
2005-02-11,73.5999984741211,73.5999984741211,74.69999694824219,70.0,72.5,58600
2005-02-14,73.1500015258789,73.1500015258789,73.55000305175781,69.80000305175781,72.5,29200
2005-02-15,72.05000305175781,72.05000305175781,73.0,70.80000305175781,71.4000015258789,16000
2005-02-16,71.69999694824219,71.69999694824219,72.44999694824219,70.5999984741211,72.0,25320
2005-02-17,70.05000305175781,70.05000305175781,72.5,70.05000305175781,70.19999694824219,12600
2005-02-18,70.94999694824219,70.94999694824219,74.0999984741211,70.1500015258789,70.69999694824219,8460
2005-02-22,67.6500015258789,67.6500015258789,71.55000305175781,66.25,70.25,23560
2005-02-23,68.55000305175781,68.55000305175781,71.0,68.25,70.30000305175781,24240
2005-02-24,69.4000015258789,69.4000015258789,70.5,68.1500015258789,69.55000305175781,16800
2005-02-25,70.5999984741211,70.5999984741211,71.80000305175781,68.75,68.75,16840
2005-02-28,67.55000305175781,67.55000305175781,71.05000305175781,66.94999694824219,71.0,25760
2005-03-01,67.4000015258789,67.4000015258789,69.75,66.69999694824219,68.44999694824219,11380
2005-03-02,65.25,65.25,68.0,64.94999694824219,68.0,12880
2005-03-03,60.29999923706055,60.29999923706055,64.94999694824219,58.5,64.94999694824219,57640
2005-03-04,61.099998474121094,61.099998474121094,63.29999923706055,59.150001525878906,59.150001525878906,15680
2005-03-07,59.29999923706055,59.29999923706055,61.849998474121094,58.599998474121094,60.650001525878906,22660
2005-03-08,60.5,60.5,61.5,59.25,59.75,18800
2005-03-09,60.45000076293945,60.45000076293945,61.25,58.95000076293945,59.849998474121094,19380
2005-03-10,59.79999923706055,59.79999923706055,60.54999923706055,59.29999923706055,59.29999923706055,18460
2005-03-11,61.29999923706055,61.29999923706055,62.25,58.349998474121094,59.150001525878906,14920
2005-03-14,60.54999923706055,60.54999923706055,61.29999923706055,59.0,60.70000076293945,14900
2005-03-15,62.04999923706055,62.04999923706055,63.099998474121094,60.0,60.54999923706055,9640
2005-03-16,64.44999694824219,64.44999694824219,65.5999984741211,61.849998474121094,63.0,30940
2005-03-17,65.0999984741211,65.0999984741211,65.4000015258789,63.0,64.44999694824219,24000
2005-03-18,65.0,65.0,65.4000015258789,61.5,65.4000015258789,24820
2005-03-21,63.900001525878906,63.900001525878906,65.0,61.599998474121094,65.0,16520
2005-03-22,63.599998474121094,63.599998474121094,63.900001525878906,63.099998474121094,63.5,7260
2005-03-23,64.69999694824219,64.69999694824219,65.4000015258789,63.20000076293945,63.20000076293945,18180
2005-03-24,66.0,66.0,67.5999984741211,63.599998474121094,65.4000015258789,20680
2005-03-28,66.55000305175781,66.55000305175781,66.8499984741211,65.94999694824219,66.8499984741211,21900
2005-03-29,66.8499984741211,66.8499984741211,67.0,66.0,66.6500015258789,27700
2005-03-30,70.0,70.0,71.0,67.0,67.05000305175781,34240
2005-03-31,71.1500015258789,71.1500015258789,71.30000305175781,69.0,70.69999694824219,19400
2005-04-01,71.3499984741211,71.3499984741211,71.94999694824219,68.05000305175781,71.44999694824219,30480
2005-04-04,72.0,72.0,72.5999984741211,70.5999984741211,71.94999694824219,15160
2005-04-05,72.30000305175781,72.30000305175781,72.6500015258789,70.5,71.3499984741211,22220
2005-04-06,72.94999694824219,72.94999694824219,73.94999694824219,71.8499984741211,72.5,26580
2005-04-07,75.9000015258789,75.9000015258789,75.9000015258789,72.1500015258789,72.30000305175781,33460
2005-04-08,78.1500015258789,78.1500015258789,78.75,75.4000015258789,75.9000015258789,35720
2005-04-11,78.55000305175781,78.55000305175781,80.0,77.69999694824219,78.9000015258789,16700
2005-04-12,78.55000305175781,78.55000305175781,78.75,76.9000015258789,78.3499984741211,16780
2005-04-13,79.5999984741211,79.5999984741211,80.0,77.0999984741211,77.75,12260
2005-04-14,78.8499984741211,78.8499984741211,79.69999694824219,77.0999984741211,79.0999984741211,16140
2005-04-15,75.5,75.5,79.75,75.1500015258789,78.75,24360
2005-04-18,77.05000305175781,77.05000305175781,79.9000015258789,74.80000305175781,75.0999984741211,26260
2005-04-19,76.25,76.25,77.80000305175781,75.5,77.80000305175781,37860
2005-04-20,73.5999984741211,73.5999984741211,77.0,72.80000305175781,76.25,45300
2005-04-21,74.69999694824219,74.69999694824219,75.0,72.69999694824219,72.69999694824219,16180
2005-04-22,73.25,73.25,75.4000015258789,71.75,75.4000015258789,14080
2005-04-25,73.3499984741211,73.3499984741211,73.5,72.05000305175781,73.5,9140
2005-04-26,74.8499984741211,74.8499984741211,74.8499984741211,71.25,73.0999984741211,34600
2005-04-27,72.8499984741211,72.8499984741211,74.5999984741211,72.25,73.9000015258789,36320
2005-04-28,71.3499984741211,71.3499984741211,73.75,71.30000305175781,73.75,12720
2005-04-29,69.25,69.25,71.69999694824219,66.75,71.69999694824219,61940
2005-05-02,70.1500015258789,70.1500015258789,70.94999694824219,69.4000015258789,69.4000015258789,17160
2005-05-03,69.0999984741211,69.0999984741211,71.25,68.6500015258789,70.1500015258789,16540
2005-05-04,69.25,69.25,70.5,67.05000305175781,70.44999694824219,16140
2005-05-05,70.44999694824219,70.44999694824219,70.5,68.05000305175781,68.75,8980
2005-05-06,67.8499984741211,67.8499984741211,69.80000305175781,66.3499984741211,68.55000305175781,42100
2005-05-09,67.0,67.0,68.5,66.19999694824219,68.5,27880
2005-05-10,66.0,66.0,66.3499984741211,65.25,65.44999694824219,30280
2005-05-11,65.75,65.75,66.5,65.0999984741211,66.1500015258789,57160
2005-05-12,62.650001525878906,62.650001525878906,65.69999694824219,62.29999923706055,65.05000305175781,30840
2005-05-13,60.25,60.25,63.20000076293945,58.79999923706055,63.0,62940
2005-05-16,59.75,59.75,60.95000076293945,59.099998474121094,60.95000076293945,31620
2005-05-17,58.849998474121094,58.849998474121094,60.650001525878906,58.5,60.0,18260
2005-05-18,60.0,60.0,60.29999923706055,59.349998474121094,60.29999923706055,23340
2005-05-19,59.45000076293945,59.45000076293945,61.0,57.900001525878906,60.150001525878906,11260
2005-05-20,61.20000076293945,61.20000076293945,65.5,59.5,60.5,93700
2005-05-23,62.599998474121094,62.599998474121094,64.94999694824219,61.0,61.150001525878906,41200
2005-05-24,62.0,62.0,63.75,61.29999923706055,61.75,21220
2005-05-25,61.20000076293945,61.20000076293945,62.900001525878906,60.75,61.45000076293945,35280
2005-05-26,61.650001525878906,61.650001525878906,62.25,61.25,61.650001525878906,5240
2005-05-27,61.650001525878906,61.650001525878906,62.5,61.400001525878906,61.400001525878906,7960
2005-05-31,64.9000015258789,64.9000015258789,65.3499984741211,60.70000076293945,61.5,37620
2005-06-01,66.0999984741211,66.0999984741211,66.1500015258789,64.80000305175781,65.1500015258789,11600
2005-06-02,65.5999984741211,65.5999984741211,66.25,64.94999694824219,65.0,10720
2005-06-03,60.95000076293945,60.95000076293945,65.55000305175781,60.599998474121094,65.55000305175781,20520
2005-06-06,61.70000076293945,61.70000076293945,61.70000076293945,60.150001525878906,60.900001525878906,11340
2005-06-07,60.650001525878906,60.650001525878906,62.150001525878906,59.5,61.79999923706055,15240
2005-06-08,58.5,58.5,60.70000076293945,56.29999923706055,60.70000076293945,29420
2005-06-09,58.400001525878906,58.400001525878906,59.099998474121094,56.79999923706055,59.099998474121094,14980
2005-06-10,57.04999923706055,57.04999923706055,58.650001525878906,56.75,58.650001525878906,12320
2005-06-13,49.150001525878906,49.150001525878906,55.599998474121094,47.75,55.599998474121094,115380
2005-06-14,49.54999923706055,49.54999923706055,50.400001525878906,47.45000076293945,49.650001525878906,85500
2005-06-15,44.849998474121094,44.849998474121094,47.5,42.900001525878906,47.5,102120
2005-06-16,47.20000076293945,47.20000076293945,48.150001525878906,45.0,45.45000076293945,70220
2005-06-17,47.04999923706055,47.04999923706055,48.54999923706055,45.54999923706055,47.45000076293945,56620
2005-06-20,47.650001525878906,47.650001525878906,53.04999923706055,46.95000076293945,46.95000076293945,60980
2005-06-21,48.400001525878906,48.400001525878906,48.95000076293945,47.5,48.400001525878906,35440
2005-06-22,46.45000076293945,46.45000076293945,48.54999923706055,45.54999923706055,48.5,31980
2005-06-23,47.29999923706055,47.29999923706055,47.900001525878906,46.150001525878906,46.45000076293945,9560
2005-06-24,50.349998474121094,50.349998474121094,50.349998474121094,46.400001525878906,47.29999923706055,55920
2005-06-27,51.849998474121094,51.849998474121094,52.25,50.349998474121094,50.75,27380
2005-06-28,51.75,51.75,52.5,50.849998474121094,51.29999923706055,23040
2005-06-29,50.70000076293945,50.70000076293945,52.5,50.650001525878906,52.20000076293945,18000
2005-06-30,50.25,50.25,51.70000076293945,49.54999923706055,50.900001525878906,24000
2005-07-01,49.04999923706055,49.04999923706055,51.0,47.650001525878906,50.5,17520
2005-07-05,50.29999923706055,50.29999923706055,51.150001525878906,48.5,48.54999923706055,24460
2005-07-06,51.849998474121094,51.849998474121094,52.70000076293945,49.900001525878906,50.45000076293945,29220
2005-07-07,52.0,52.0,52.0,50.0,51.45000076293945,11840
2005-07-08,54.54999923706055,54.54999923706055,54.849998474121094,51.70000076293945,52.0,15680
2005-07-11,52.20000076293945,52.20000076293945,53.099998474121094,50.54999923706055,50.70000076293945,41420
2005-07-12,55.349998474121094,55.349998474121094,55.54999923706055,51.20000076293945,51.75,33860
2005-07-13,55.0,55.0,56.25,54.75,55.29999923706055,21540
2005-07-14,55.04999923706055,55.04999923706055,56.75,54.599998474121094,56.20000076293945,17720
2005-07-15,54.5,54.5,56.04999923706055,53.54999923706055,54.400001525878906,27900
2005-07-18,51.70000076293945,51.70000076293945,54.849998474121094,50.900001525878906,53.95000076293945,19860
2005-07-19,50.25,50.25,52.54999923706055,50.0,51.900001525878906,23520
2005-07-20,51.45000076293945,51.45000076293945,52.45000076293945,50.0,50.0,29880
2005-07-21,48.70000076293945,48.70000076293945,51.75,47.54999923706055,51.54999923706055,55900
2005-07-22,48.099998474121094,48.099998474121094,48.70000076293945,45.79999923706055,48.70000076293945,28020
2005-07-25,47.54999923706055,47.54999923706055,49.20000076293945,47.0,48.150001525878906,17060
2005-07-26,46.150001525878906,46.150001525878906,48.25,45.0,47.650001525878906,28220
2005-07-27,44.650001525878906,44.650001525878906,46.54999923706055,43.599998474121094,46.54999923706055,43640
2005-07-28,43.95000076293945,43.95000076293945,48.099998474121094,43.599998474121094,44.20000076293945,31020
2005-07-29,43.0,43.0,45.25,42.099998474121094,44.04999923706055,34160
2005-08-01,45.20000076293945,45.20000076293945,46.0,43.150001525878906,43.150001525878906,32880
2005-08-02,51.150001525878906,51.150001525878906,51.349998474121094,45.0,45.20000076293945,35300
2005-08-03,57.150001525878906,57.150001525878906,58.75,50.5,51.900001525878906,117320
2005-08-04,55.70000076293945,55.70000076293945,57.599998474121094,54.45000076293945,57.54999923706055,101540
2005-08-05,55.0,55.0,59.25,54.650001525878906,55.70000076293945,71580
2005-08-08,54.75,54.75,57.0,54.150001525878906,57.0,51960
2005-08-09,53.04999923706055,53.04999923706055,55.75,51.849998474121094,55.400001525878906,33840
2005-08-10,54.650001525878906,54.650001525878906,55.20000076293945,53.04999923706055,53.599998474121094,48860
2005-08-11,54.849998474121094,54.849998474121094,55.5,53.0,55.04999923706055,22840
2005-08-12,54.70000076293945,54.70000076293945,55.0,53.5,54.75,17680
2005-08-15,58.0,58.0,58.70000076293945,54.849998474121094,55.0,45320
2005-08-16,58.29999923706055,58.29999923706055,59.5,58.150001525878906,58.29999923706055,36520
2005-08-17,55.75,55.75,58.349998474121094,53.650001525878906,58.349998474121094,63380
2005-08-18,55.29999923706055,55.29999923706055,55.75,54.79999923706055,55.20000076293945,8600
2005-08-19,54.849998474121094,54.849998474121094,55.79999923706055,54.849998474121094,55.150001525878906,5580
2005-08-22,55.45000076293945,55.45000076293945,56.45000076293945,54.79999923706055,56.150001525878906,14600
2005-08-23,58.20000076293945,58.20000076293945,59.75,55.5,55.70000076293945,42720
2005-08-24,59.29999923706055,59.29999923706055,59.5,57.650001525878906,58.25,21980
2005-08-25,60.400001525878906,60.400001525878906,61.0,58.099998474121094,58.75,46320
2005-08-26,62.70000076293945,62.70000076293945,63.25,60.54999923706055,60.54999923706055,26580
2005-08-29,65.0,65.0,65.0,62.95000076293945,63.349998474121094,27580
2005-08-30,64.5999984741211,64.5999984741211,69.25,64.3499984741211,65.0,48700
2005-08-31,66.25,66.25,67.4000015258789,62.400001525878906,65.0999984741211,103600
2005-09-01,64.1500015258789,64.1500015258789,67.4000015258789,64.0,66.25,46380
2005-09-02,62.599998474121094,62.599998474121094,64.25,62.150001525878906,64.25,22020
2005-09-06,65.30000305175781,65.30000305175781,65.6500015258789,63.04999923706055,63.25,59780
2005-09-07,69.55000305175781,69.55000305175781,69.69999694824219,63.599998474121094,65.44999694824219,93600
2005-09-08,71.05000305175781,71.05000305175781,72.4000015258789,65.5,69.75,100660
2005-09-09,68.9000015258789,68.9000015258789,71.9000015258789,67.19999694824219,70.75,121440
2005-09-12,69.5,69.5,70.5999984741211,68.80000305175781,69.0,51840
2005-09-13,68.19999694824219,68.19999694824219,69.05000305175781,66.19999694824219,69.0,23120
2005-09-14,64.1500015258789,64.1500015258789,68.80000305175781,63.54999923706055,67.80000305175781,33060
2005-09-15,62.849998474121094,62.849998474121094,64.25,62.5,63.849998474121094,26600
2005-09-16,66.25,66.25,70.0,62.849998474121094,66.5999984741211,92440
2005-09-19,63.79999923706055,63.79999923706055,67.19999694824219,63.20000076293945,67.19999694824219,36540
2005-09-20,62.5,62.5,65.69999694824219,62.29999923706055,63.0,30700
2005-09-21,59.45000076293945,59.45000076293945,62.04999923706055,59.349998474121094,62.04999923706055,23200
2005-09-22,57.849998474121094,57.849998474121094,59.25,57.04999923706055,59.25,28200
2005-09-23,56.400001525878906,56.400001525878906,58.04999923706055,56.0,57.5,35480
2005-09-26,59.79999923706055,59.79999923706055,60.5,56.29999923706055,57.099998474121094,20500
2005-09-27,62.29999923706055,62.29999923706055,63.04999923706055,59.0,60.650001525878906,48440
2005-09-28,62.0,62.0,62.5,61.400001525878906,62.0,16640
2005-09-29,64.75,64.75,64.75,61.54999923706055,62.54999923706055,25520
2005-09-30,68.44999694824219,68.44999694824219,69.69999694824219,64.05000305175781,65.4000015258789,165080
2005-10-03,67.0999984741211,67.0999984741211,69.0,66.25,69.0,61360
2005-10-04,65.6500015258789,65.6500015258789,69.25,65.5,69.19999694824219,24060
2005-10-05,61.75,61.75,66.5,61.150001525878906,66.5,22740
2005-10-06,59.04999923706055,59.04999923706055,63.150001525878906,57.79999923706055,62.099998474121094,43060
2005-10-07,59.95000076293945,59.95000076293945,61.150001525878906,57.349998474121094,58.75,38100
2005-10-10,59.79999923706055,59.79999923706055,61.54999923706055,58.79999923706055,59.95000076293945,23240
2005-10-11,58.04999923706055,58.04999923706055,60.849998474121094,56.75,59.5,58440
2005-10-12,55.5,55.5,58.0,54.0,57.349998474121094,54700
2005-10-13,59.25,59.25,59.54999923706055,55.599998474121094,58.75,49480
2005-10-14,62.25,62.25,62.75,57.75,59.400001525878906,33680
2005-10-17,59.75,59.75,63.0,58.75,62.54999923706055,40020
2005-10-18,58.04999923706055,58.04999923706055,60.0,57.29999923706055,59.29999923706055,29900
2005-10-19,60.75,60.75,61.150001525878906,56.25,58.0,44860
2005-10-20,59.20000076293945,59.20000076293945,60.650001525878906,58.0,60.20000076293945,13920
2005-10-21,58.5,58.5,60.150001525878906,58.04999923706055,58.75,32240
2005-10-24,60.099998474121094,60.099998474121094,61.04999923706055,56.5,58.25,28680
2005-10-25,59.0,59.0,60.150001525878906,58.0,59.5,26440
2005-10-26,55.54999923706055,55.54999923706055,60.25,54.29999923706055,59.0,53680
2005-10-27,54.599998474121094,54.599998474121094,55.95000076293945,53.349998474121094,55.54999923706055,49940
2005-10-28,53.150001525878906,53.150001525878906,55.70000076293945,53.0,55.25,22800
2005-10-31,56.54999923706055,56.54999923706055,57.45000076293945,53.0,53.0,78880
2005-11-01,53.849998474121094,53.849998474121094,56.04999923706055,53.400001525878906,56.04999923706055,22240
2005-11-02,54.150001525878906,54.150001525878906,54.349998474121094,53.25,54.25,43160
2005-11-03,54.04999923706055,54.04999923706055,54.54999923706055,53.349998474121094,54.54999923706055,26780
2005-11-04,56.400001525878906,56.400001525878906,56.650001525878906,54.04999923706055,54.20000076293945,31140
2005-11-07,58.5,58.5,58.70000076293945,55.599998474121094,56.95000076293945,44800
2005-11-08,56.099998474121094,56.099998474121094,58.849998474121094,55.650001525878906,58.849998474121094,24680
2005-11-09,54.20000076293945,54.20000076293945,55.849998474121094,54.0,55.849998474121094,33900
2005-11-10,54.45000076293945,54.45000076293945,54.599998474121094,53.5,54.599998474121094,39540
2005-11-11,55.5,55.5,55.599998474121094,54.400001525878906,54.95000076293945,21320
2005-11-14,55.54999923706055,55.54999923706055,57.95000076293945,55.099998474121094,55.75,49940
2005-11-15,55.0,55.0,56.650001525878906,54.599998474121094,55.95000076293945,20100
2005-11-16,54.5,54.5,56.150001525878906,53.599998474121094,55.0,37840
2005-11-17,58.29999923706055,58.29999923706055,58.45000076293945,54.04999923706055,54.04999923706055,40320
2005-11-18,60.54999923706055,60.54999923706055,60.75,57.900001525878906,59.25,47480
2005-11-21,61.29999923706055,61.29999923706055,61.70000076293945,58.900001525878906,60.099998474121094,38580
2005-11-22,62.0,62.0,62.45000076293945,60.349998474121094,61.0,20000
2005-11-23,61.70000076293945,61.70000076293945,62.150001525878906,57.150001525878906,61.5,33920
2005-11-25,61.70000076293945,61.70000076293945,62.5,61.29999923706055,62.0,7900
2005-11-28,61.25,61.25,62.5,60.849998474121094,62.5,35480
2005-11-29,61.75,61.75,61.849998474121094,61.099998474121094,61.099998474121094,22960
2005-11-30,64.8499984741211,64.8499984741211,67.25,60.900001525878906,61.900001525878906,94400
2005-12-01,64.5,64.5,66.25,61.70000076293945,66.25,45060
2005-12-02,63.95000076293945,63.95000076293945,65.44999694824219,63.29999923706055,64.0999984741211,23700
2005-12-05,63.5,63.5,64.44999694824219,62.900001525878906,63.79999923706055,26880
2005-12-06,62.5,62.5,64.5,62.20000076293945,64.1500015258789,15160
2005-12-07,61.20000076293945,61.20000076293945,62.25,60.599998474121094,62.04999923706055,21540
2005-12-08,61.599998474121094,61.599998474121094,62.79999923706055,60.349998474121094,60.79999923706055,16640
2005-12-09,60.349998474121094,60.349998474121094,61.70000076293945,59.70000076293945,61.29999923706055,65440
2005-12-12,60.25,60.25,60.75,59.79999923706055,60.75,31040
2005-12-13,60.04999923706055,60.04999923706055,60.349998474121094,59.599998474121094,60.349998474121094,18100
2005-12-14,59.79999923706055,59.79999923706055,60.5,59.54999923706055,60.04999923706055,17520
2005-12-15,59.849998474121094,59.849998474121094,60.099998474121094,58.75,59.0,12920
2005-12-16,60.0,60.0,60.400001525878906,57.75,60.150001525878906,50520
2005-12-19,57.099998474121094,57.099998474121094,60.04999923706055,56.5,60.04999923706055,31320
2005-12-20,57.150001525878906,57.150001525878906,57.75,56.70000076293945,57.75,17900
2005-12-21,60.650001525878906,60.650001525878906,61.150001525878906,57.0,58.5,56340
2005-12-22,59.849998474121094,59.849998474121094,61.900001525878906,59.29999923706055,61.5,23480
2005-12-23,59.29999923706055,59.29999923706055,59.75,58.349998474121094,59.75,14280
2005-12-27,58.79999923706055,58.79999923706055,59.5,58.5,59.400001525878906,29780
2005-12-28,58.79999923706055,58.79999923706055,59.5,58.650001525878906,59.45000076293945,27760
2005-12-29,58.099998474121094,58.099998474121094,59.54999923706055,57.95000076293945,58.75,15400
2005-12-30,56.29999923706055,56.29999923706055,58.599998474121094,55.5,57.54999923706055,62720
2006-01-03,56.25,56.25,57.54999923706055,55.25,56.70000076293945,47000
2006-01-04,56.900001525878906,56.900001525878906,58.04999923706055,56.0,56.70000076293945,46800
2006-01-05,63.70000076293945,63.70000076293945,63.95000076293945,56.5,57.349998474121094,121180
2006-01-06,63.599998474121094,63.599998474121094,64.0,61.70000076293945,63.0,43420
2006-01-09,66.44999694824219,66.44999694824219,67.75,62.5,64.0,76360
2006-01-10,67.94999694824219,67.94999694824219,68.69999694824219,66.0,66.44999694824219,41080
2006-01-11,68.75,68.75,68.75,66.05000305175781,67.94999694824219,37220
2006-01-12,68.55000305175781,68.55000305175781,68.75,67.80000305175781,68.75,33680
2006-01-13,72.55000305175781,72.55000305175781,73.3499984741211,69.05000305175781,70.5,101220
2006-01-17,79.94999694824219,79.94999694824219,80.0,74.5999984741211,75.0,273360
2006-01-18,86.5999984741211,86.5999984741211,86.80000305175781,80.9000015258789,81.0,235100
2006-01-19,85.80000305175781,85.80000305175781,88.3499984741211,85.0999984741211,88.30000305175781,101680
2006-01-20,92.05000305175781,92.05000305175781,93.69999694824219,85.5999984741211,85.69999694824219,192880
2006-01-23,89.0,89.0,94.9000015258789,88.0,91.8499984741211,86200
2006-01-24,85.30000305175781,85.30000305175781,90.6500015258789,83.25,89.05000305175781,106840
2006-01-25,87.8499984741211,87.8499984741211,88.0,84.75,85.55000305175781,59780
2006-01-26,89.05000305175781,89.05000305175781,91.44999694824219,88.3499984741211,89.5,181140
2006-01-27,90.0,90.0,92.5,88.30000305175781,90.6500015258789,146160
2006-01-30,88.0,88.0,92.5,87.0,91.9000015258789,76880
2006-01-31,90.5,90.5,90.75,86.9000015258789,87.80000305175781,66640
2006-02-01,89.69999694824219,89.69999694824219,91.0,89.44999694824219,90.0,35600
2006-02-02,90.0,90.0,91.6500015258789,87.05000305175781,90.5,66560
2006-02-03,88.55000305175781,88.55000305175781,90.0,87.0999984741211,90.0,29800
2006-02-06,85.80000305175781,85.80000305175781,90.0,85.0,89.80000305175781,79960
2006-02-07,80.75,80.75,86.44999694824219,80.0,86.25,80080
2006-02-08,78.4000015258789,78.4000015258789,80.75,76.75,80.0,62720
2006-02-09,77.69999694824219,77.69999694824219,83.30000305175781,77.55000305175781,81.0,55340
2006-02-10,78.30000305175781,78.30000305175781,80.0,75.30000305175781,79.8499984741211,66680
2006-02-13,75.80000305175781,75.80000305175781,79.1500015258789,75.3499984741211,78.0,35920
2006-02-14,77.5,77.5,77.9000015258789,75.55000305175781,75.6500015258789,48640
2006-02-15,80.6500015258789,80.6500015258789,81.25,76.75,77.5,44720
2006-02-16,82.3499984741211,82.3499984741211,82.69999694824219,81.0,81.0,50400
2006-02-17,84.25,84.25,84.5,81.6500015258789,83.0,48120
2006-02-21,83.0999984741211,83.0999984741211,84.9000015258789,81.0999984741211,84.9000015258789,41340
2006-02-22,84.1500015258789,84.1500015258789,84.6500015258789,81.25,83.69999694824219,34260
2006-02-23,83.1500015258789,83.1500015258789,84.55000305175781,82.6500015258789,83.69999694824219,50700
2006-02-24,83.6500015258789,83.6500015258789,84.25,82.0,82.8499984741211,40780
2006-02-27,89.19999694824219,89.19999694824219,89.8499984741211,83.3499984741211,84.5,43960
2006-02-28,86.44999694824219,86.44999694824219,89.80000305175781,84.80000305175781,89.30000305175781,38760
2006-03-01,89.94999694824219,89.94999694824219,90.9000015258789,85.55000305175781,86.75,82960
2006-03-02,89.80000305175781,89.80000305175781,90.4000015258789,88.75,89.44999694824219,40180
2006-03-03,89.5999984741211,89.5999984741211,90.6500015258789,88.75,89.0,58180
2006-03-06,89.9000015258789,89.9000015258789,90.5,89.0,90.0999984741211,34600
2006-03-07,89.6500015258789,89.6500015258789,92.9000015258789,85.25,89.94999694824219,74360
2006-03-08,89.30000305175781,89.30000305175781,91.25,89.30000305175781,90.0,68040
2006-03-09,89.5,89.5,90.3499984741211,88.30000305175781,89.94999694824219,43120
2006-03-10,90.0,90.0,90.19999694824219,88.55000305175781,90.19999694824219,33720
2006-03-13,90.3499984741211,90.3499984741211,91.0999984741211,89.30000305175781,90.1500015258789,62560
2006-03-14,98.25,98.25,99.44999694824219,89.75,89.75,148020
2006-03-15,99.8499984741211,99.8499984741211,102.94999694824219,96.44999694824219,97.5,105260
2006-03-16,104.6500015258789,104.6500015258789,107.0,100.25,100.94999694824219,130040
2006-03-17,105.4000015258789,105.4000015258789,108.69999694824219,103.6500015258789,105.1500015258789,155160
2006-03-20,108.5,108.5,110.0,105.5999984741211,107.0,64760
2006-03-21,102.75,102.75,110.0,101.69999694824219,107.8499984741211,73680
2006-03-22,105.05000305175781,105.05000305175781,105.5999984741211,97.6500015258789,102.5,77180
2006-03-23,102.5999984741211,102.5999984741211,105.9000015258789,100.5,105.9000015258789,49500
2006-03-24,104.5999984741211,104.5999984741211,104.80000305175781,102.75,103.1500015258789,33220
2006-03-27,103.3499984741211,103.3499984741211,106.19999694824219,102.3499984741211,105.0,42000
2006-03-28,102.3499984741211,102.3499984741211,105.0,100.30000305175781,103.94999694824219,44960
2006-03-29,101.25,101.25,103.75,100.44999694824219,102.5,33380
2006-03-30,105.0,105.0,105.1500015258789,102.0,102.25,46520
2006-03-31,102.19999694824219,102.19999694824219,105.0,101.25,105.0,51060
2006-04-03,96.30000305175781,96.30000305175781,102.0,95.4000015258789,101.75,99440
2006-04-04,98.25,98.25,98.3499984741211,96.0,96.5,51280
2006-04-05,100.44999694824219,100.44999694824219,103.9000015258789,96.80000305175781,98.69999694824219,149780
2006-04-06,103.6500015258789,103.6500015258789,105.0,99.9000015258789,99.9000015258789,54860
2006-04-07,97.3499984741211,97.3499984741211,103.69999694824219,96.5,103.69999694824219,49040
2006-04-10,95.6500015258789,95.6500015258789,99.75,95.4000015258789,97.9000015258789,52320
2006-04-11,94.0,94.0,97.0,92.75,96.5,61600
2006-04-12,97.55000305175781,97.55000305175781,97.5999984741211,92.75,94.5,30000
2006-04-13,102.19999694824219,102.19999694824219,103.55000305175781,96.69999694824219,96.94999694824219,58740
2006-04-17,103.1500015258789,103.1500015258789,104.69999694824219,100.4000015258789,102.94999694824219,61640
2006-04-18,105.0,105.0,105.1500015258789,103.0,103.75,59260
2006-04-19,102.6500015258789,102.6500015258789,105.1500015258789,97.94999694824219,104.0,99520
2006-04-20,93.75,93.75,103.3499984741211,91.30000305175781,103.0,127820
2006-04-21,92.55000305175781,92.55000305175781,98.1500015258789,91.9000015258789,94.55000305175781,70840
2006-04-24,92.4000015258789,92.4000015258789,93.30000305175781,91.5,92.55000305175781,25420
2006-04-25,93.69999694824219,93.69999694824219,93.69999694824219,90.1500015258789,93.0999984741211,45440
2006-04-26,95.5,95.5,96.0,94.0,94.80000305175781,42460
2006-04-27,97.5999984741211,97.5999984741211,100.5,94.80000305175781,96.19999694824219,49720
2006-04-28,100.0,100.0,100.75,96.05000305175781,96.25,63380
2006-05-01,99.0999984741211,99.0999984741211,100.94999694824219,98.75,100.94999694824219,60080
2006-05-02,98.3499984741211,98.3499984741211,100.0,97.69999694824219,100.0,42640
2006-05-03,96.05000305175781,96.05000305175781,99.6500015258789,95.0999984741211,99.05000305175781,81980
2006-05-04,96.4000015258789,96.4000015258789,96.6500015258789,94.25,96.44999694824219,38140
2006-05-05,99.55000305175781,99.55000305175781,100.0999984741211,96.0999984741211,96.6500015258789,38840
2006-05-08,99.80000305175781,99.80000305175781,100.30000305175781,98.0999984741211,98.75,26220
2006-05-09,99.05000305175781,99.05000305175781,100.25,98.55000305175781,99.75,21440
2006-05-10,94.8499984741211,94.8499984741211,99.80000305175781,93.8499984741211,99.55000305175781,47380
2006-05-11,90.5999984741211,90.5999984741211,95.05000305175781,90.4000015258789,94.55000305175781,48140
2006-05-12,88.5999984741211,88.5999984741211,90.8499984741211,85.5,90.75,53860
2006-05-15,90.05000305175781,90.05000305175781,91.0,86.80000305175781,87.5,47220
2006-05-16,89.30000305175781,89.30000305175781,92.69999694824219,88.75,90.8499984741211,35120
2006-05-17,87.5999984741211,87.5999984741211,88.6500015258789,87.0,88.55000305175781,34560
2006-05-18,86.19999694824219,86.19999694824219,91.05000305175781,86.05000305175781,87.75,42980
2006-05-19,88.6500015258789,88.6500015258789,89.0,86.0,86.5999984741211,46180
2006-05-22,88.55000305175781,88.55000305175781,91.05000305175781,86.75,88.6500015258789,39380
2006-05-23,87.1500015258789,87.1500015258789,90.30000305175781,86.25,89.3499984741211,38620
2006-05-24,85.0,85.0,88.4000015258789,83.80000305175781,88.4000015258789,51660
2006-05-25,87.5999984741211,87.5999984741211,89.44999694824219,85.3499984741211,86.0,61260
2006-05-26,93.44999694824219,93.44999694824219,93.5,88.05000305175781,88.8499984741211,29780
2006-05-30,92.5,92.5,95.0,91.19999694824219,92.25,51520
2006-05-31,95.19999694824219,95.19999694824219,95.6500015258789,91.69999694824219,93.1500015258789,41200
2006-06-01,98.0999984741211,98.0999984741211,99.6500015258789,94.3499984741211,95.69999694824219,64780
2006-06-02,95.25,95.25,99.0999984741211,93.55000305175781,98.69999694824219,63180
2006-06-05,97.0,97.0,100.0,95.0,95.25,60480
2006-06-06,97.3499984741211,97.3499984741211,97.8499984741211,95.19999694824219,97.6500015258789,37520
2006-06-07,99.19999694824219,99.19999694824219,103.05000305175781,95.6500015258789,97.25,89280
2006-06-08,98.25,98.25,100.5,96.55000305175781,98.75,47080
2006-06-09,93.5,93.5,99.5,93.0999984741211,99.5,58460
2006-06-12,88.4000015258789,88.4000015258789,94.5999984741211,88.30000305175781,93.44999694824219,52440
2006-06-13,84.4000015258789,84.4000015258789,90.8499984741211,82.0999984741211,88.25,119780
2006-06-14,83.94999694824219,83.94999694824219,87.1500015258789,82.80000305175781,84.30000305175781,68440
2006-06-15,86.25,86.25,92.44999694824219,83.94999694824219,84.4000015258789,54760
2006-06-16,85.5,85.5,87.19999694824219,84.94999694824219,86.4000015258789,133920
2006-06-19,85.44999694824219,85.44999694824219,86.8499984741211,82.5,86.1500015258789,52960
2006-06-20,86.1500015258789,86.1500015258789,88.19999694824219,85.30000305175781,85.6500015258789,66500
2006-06-21,89.9000015258789,89.9000015258789,90.4000015258789,85.80000305175781,85.80000305175781,56040
2006-06-22,91.5,91.5,91.8499984741211,88.8499984741211,90.0,55580
2006-06-23,96.30000305175781,96.30000305175781,98.55000305175781,90.30000305175781,91.05000305175781,114840
2006-06-26,99.5999984741211,99.5999984741211,101.5999984741211,96.5999984741211,97.25,70860
2006-06-27,100.55000305175781,100.55000305175781,103.5,100.25,101.0,131840
2006-06-28,101.1500015258789,101.1500015258789,101.1500015258789,99.19999694824219,100.30000305175781,61040
2006-06-29,104.9000015258789,104.9000015258789,105.0,100.0,101.19999694824219,86940
2006-06-30,106.55000305175781,106.55000305175781,108.69999694824219,104.0999984741211,105.0,176160
2006-07-03,106.25,106.25,106.75,105.5,106.05000305175781,41140
2006-07-05,105.6500015258789,105.6500015258789,106.5,104.75,106.44999694824219,108140
2006-07-06,105.5999984741211,105.5999984741211,105.75,103.5999984741211,105.75,54020
2006-07-07,106.25,106.25,107.4000015258789,104.75,106.0,70120
2006-07-10,103.4000015258789,103.4000015258789,106.69999694824219,102.6500015258789,106.69999694824219,74820
2006-07-11,99.05000305175781,99.05000305175781,102.5,97.3499984741211,102.44999694824219,97860
2006-07-12,97.55000305175781,97.55000305175781,99.8499984741211,96.94999694824219,98.4000015258789,65120
2006-07-13,95.5999984741211,95.5999984741211,98.8499984741211,94.5,97.1500015258789,50900
2006-07-14,95.4000015258789,95.4000015258789,97.44999694824219,92.5,97.0999984741211,51140
2006-07-17,91.9000015258789,91.9000015258789,98.55000305175781,91.55000305175781,95.44999694824219,102500
2006-07-18,89.0999984741211,89.0999984741211,93.80000305175781,87.5,91.55000305175781,68320
2006-07-19,89.5999984741211,89.5999984741211,92.3499984741211,88.4000015258789,88.4000015258789,82960
2006-07-20,91.9000015258789,91.9000015258789,92.44999694824219,88.69999694824219,90.3499984741211,99560
2006-07-21,89.5999984741211,89.5999984741211,91.69999694824219,89.55000305175781,91.3499984741211,45740
2006-07-24,93.5999984741211,93.5999984741211,94.5999984741211,89.75,89.8499984741211,41820
2006-07-25,92.55000305175781,92.55000305175781,95.5,92.5,93.05000305175781,43840
2006-07-26,95.44999694824219,95.44999694824219,97.5,90.0,92.80000305175781,71900
2006-07-27,92.05000305175781,92.05000305175781,96.3499984741211,90.0,95.5999984741211,42960
2006-07-28,92.69999694824219,92.69999694824219,95.0,90.9000015258789,92.55000305175781,25320
2006-07-31,91.44999694824219,91.44999694824219,92.30000305175781,90.0999984741211,91.55000305175781,25860
2006-08-01,90.44999694824219,90.44999694824219,91.4000015258789,89.5999984741211,90.5999984741211,21680
2006-08-02,91.9000015258789,91.9000015258789,93.5,90.25,91.25,54000
2006-08-03,92.4000015258789,92.4000015258789,92.5,89.55000305175781,90.75,59100
2006-08-04,91.5,91.5,94.1500015258789,89.30000305175781,93.5,56820
2006-08-07,88.4000015258789,88.4000015258789,91.0,87.9000015258789,90.94999694824219,97660
2006-08-08,86.0,86.0,88.8499984741211,85.1500015258789,88.6500015258789,62620
2006-08-09,82.69999694824219,82.69999694824219,87.19999694824219,82.19999694824219,86.9000015258789,52520
2006-08-10,77.8499984741211,77.8499984741211,82.5999984741211,77.5,82.5999984741211,86220
2006-08-11,81.80000305175781,81.80000305175781,82.44999694824219,77.5,78.25,57200
2006-08-14,81.6500015258789,81.6500015258789,84.5,81.30000305175781,82.80000305175781,40100
2006-08-15,83.75,83.75,85.30000305175781,82.0,82.80000305175781,24700
2006-08-16,85.05000305175781,85.05000305175781,86.69999694824219,84.19999694824219,84.55000305175781,36300
2006-08-17,84.9000015258789,84.9000015258789,85.69999694824219,84.30000305175781,85.69999694824219,95920
2006-08-18,84.44999694824219,84.44999694824219,85.4000015258789,84.05000305175781,85.4000015258789,29500
2006-08-21,84.30000305175781,84.30000305175781,85.3499984741211,84.0,84.0,48500
2006-08-22,86.9000015258789,86.9000015258789,87.0999984741211,84.5,85.0,33180
2006-08-23,87.30000305175781,87.30000305175781,87.8499984741211,86.5,86.5,30160
2006-08-24,88.0,88.0,88.6500015258789,87.05000305175781,87.1500015258789,31500
2006-08-25,87.0999984741211,87.0999984741211,89.44999694824219,86.80000305175781,88.0,33860
2006-08-28,88.0,88.0,88.5,86.8499984741211,87.05000305175781,26300
2006-08-29,87.5,87.5,88.75,86.75,88.55000305175781,27300
2006-08-30,88.5,88.5,90.0,86.3499984741211,88.05000305175781,39160
2006-08-31,92.0999984741211,92.0999984741211,93.3499984741211,89.0999984741211,89.0999984741211,80320
2006-09-01,94.6500015258789,94.6500015258789,95.8499984741211,92.19999694824219,92.19999694824219,66460
2006-09-05,96.30000305175781,96.30000305175781,97.3499984741211,92.19999694824219,94.9000015258789,109040
2006-09-06,92.1500015258789,92.1500015258789,96.55000305175781,90.69999694824219,96.0999984741211,77900
2006-09-07,93.80000305175781,93.80000305175781,95.0,89.5999984741211,91.55000305175781,84800
2006-09-08,91.25,91.25,95.0,90.9000015258789,95.0,26000
2006-09-11,90.19999694824219,90.19999694824219,91.75,89.5,90.4000015258789,23660
2006-09-12,90.9000015258789,90.9000015258789,91.69999694824219,89.30000305175781,90.0,55920
2006-09-13,90.0999984741211,90.0999984741211,90.6500015258789,89.6500015258789,90.6500015258789,53280
2006-09-14,91.05000305175781,91.05000305175781,91.30000305175781,89.69999694824219,90.05000305175781,90740
2006-09-15,96.4000015258789,96.4000015258789,97.5,91.5,91.94999694824219,140140
2006-09-18,96.94999694824219,96.94999694824219,98.75,95.4000015258789,97.0999984741211,106300
2006-09-19,95.4000015258789,95.4000015258789,98.0,93.0,98.0,64760
2006-09-20,97.75,97.75,98.75,96.25,96.4000015258789,59140
2006-09-21,95.8499984741211,95.8499984741211,98.0,95.05000305175781,97.69999694824219,45560
2006-09-22,93.44999694824219,93.44999694824219,97.30000305175781,93.25,95.30000305175781,60960
2006-09-25,91.6500015258789,91.6500015258789,94.05000305175781,90.19999694824219,94.05000305175781,44320
2006-09-26,92.75,92.75,93.75,91.55000305175781,91.94999694824219,19520
2006-09-27,92.5,92.5,92.9000015258789,91.25,92.4000015258789,39360
2006-09-28,91.5,91.5,94.05000305175781,91.25,93.0,46460
2006-09-29,95.0,95.0,96.94999694824219,91.8499984741211,91.8499984741211,61260
2006-10-02,92.69999694824219,92.69999694824219,96.5,92.5,94.4000015258789,48220
2006-10-03,95.19999694824219,95.19999694824219,95.4000015258789,92.5,92.75,64120
2006-10-04,100.3499984741211,100.3499984741211,101.25,94.69999694824219,94.69999694824219,156360
2006-10-05,100.9000015258789,100.9000015258789,101.05000305175781,98.25,100.25,59200
2006-10-06,103.25,103.25,103.80000305175781,99.9000015258789,100.3499984741211,70040
2006-10-09,104.19999694824219,104.19999694824219,104.3499984741211,102.5,103.0,27480
2006-10-10,102.4000015258789,102.4000015258789,104.0999984741211,102.25,104.0,25020
2006-10-11,103.19999694824219,103.19999694824219,103.3499984741211,100.75,102.0,32640
2006-10-12,103.69999694824219,103.69999694824219,104.0,101.44999694824219,103.75,31240
2006-10-13,104.4000015258789,104.4000015258789,104.75,101.80000305175781,104.0999984741211,33880
2006-10-16,105.3499984741211,105.3499984741211,107.3499984741211,103.9000015258789,104.6500015258789,66360
2006-10-17,106.0,106.0,107.5,103.8499984741211,104.5999984741211,44460
2006-10-18,106.3499984741211,106.3499984741211,107.5,104.3499984741211,106.30000305175781,33120
2006-10-19,105.94999694824219,105.94999694824219,108.4000015258789,105.75,106.75,100400
2006-10-20,101.5,101.5,107.30000305175781,101.1500015258789,106.6500015258789,73100
2006-10-23,100.75,100.75,102.94999694824219,100.0,101.44999694824219,37700
2006-10-24,98.5,98.5,101.25,97.5,101.25,29460
2006-10-25,97.94999694824219,97.94999694824219,100.3499984741211,97.69999694824219,98.75,22120
2006-10-26,98.3499984741211,98.3499984741211,99.80000305175781,96.5999984741211,98.8499984741211,39140
2006-10-27,98.8499984741211,98.8499984741211,101.0999984741211,96.75,98.44999694824219,23840
2006-10-30,100.80000305175781,100.80000305175781,101.1500015258789,97.6500015258789,98.3499984741211,33200
2006-10-31,101.25,101.25,102.80000305175781,100.5,100.55000305175781,75480
2006-11-01,96.75,96.75,102.6500015258789,94.25,102.19999694824219,66000
2006-11-02,85.9000015258789,85.9000015258789,94.5999984741211,82.1500015258789,94.5999984741211,275180
2006-11-03,85.55000305175781,85.55000305175781,89.3499984741211,84.19999694824219,89.3499984741211,112580
2006-11-06,88.75,88.75,89.44999694824219,85.69999694824219,85.69999694824219,68380
2006-11-07,87.5999984741211,87.5999984741211,88.94999694824219,86.55000305175781,88.44999694824219,80260
2006-11-08,88.0999984741211,88.0999984741211,90.1500015258789,86.05000305175781,86.94999694824219,58780
2006-11-09,87.19999694824219,87.19999694824219,88.5999984741211,86.25,88.44999694824219,62520
2006-11-10,87.0,87.0,87.0999984741211,85.6500015258789,86.80000305175781,59280
2006-11-13,87.4000015258789,87.4000015258789,88.9000015258789,86.1500015258789,87.0999984741211,36420
2006-11-14,87.5,87.5,88.0,86.25,87.4000015258789,58800
2006-11-15,89.5,89.5,90.0,87.1500015258789,87.3499984741211,56800
2006-11-16,89.5,89.5,90.0,88.80000305175781,89.80000305175781,37860
2006-11-17,89.0,89.0,89.44999694824219,88.30000305175781,89.05000305175781,31000
2006-11-20,88.9000015258789,88.9000015258789,89.9000015258789,87.80000305175781,88.75,26200
2006-11-21,87.3499984741211,87.3499984741211,89.3499984741211,87.25,89.0999984741211,29320
2006-11-22,86.9000015258789,86.9000015258789,88.4000015258789,86.55000305175781,87.5999984741211,27860
2006-11-24,87.19999694824219,87.19999694824219,87.55000305175781,86.0,86.25,5460
2006-11-27,86.0,86.0,87.4000015258789,85.9000015258789,87.05000305175781,45980
2006-11-28,79.6500015258789,79.6500015258789,82.55000305175781,78.6500015258789,82.5,258080
2006-11-29,82.8499984741211,82.8499984741211,84.0,79.6500015258789,79.6500015258789,147080
2006-11-30,82.0,82.0,82.94999694824219,81.05000305175781,82.6500015258789,58640
2006-12-01,80.5,80.5,82.75,80.1500015258789,82.5,66180
2006-12-04,80.94999694824219,80.94999694824219,82.0,80.1500015258789,80.44999694824219,127260
2006-12-05,83.19999694824219,83.19999694824219,83.5,80.80000305175781,81.55000305175781,124280
2006-12-06,87.0999984741211,87.0999984741211,89.25,83.3499984741211,83.3499984741211,192540
2006-12-07,87.25,87.25,89.55000305175781,87.0999984741211,88.3499984741211,968320
2006-12-08,87.05000305175781,87.05000305175781,87.69999694824219,84.8499984741211,87.55000305175781,287420
2006-12-11,86.94999694824219,86.94999694824219,87.75,86.3499984741211,86.69999694824219,69660
2006-12-12,86.05000305175781,86.05000305175781,87.55000305175781,85.94999694824219,86.6500015258789,124540
2006-12-13,85.80000305175781,85.80000305175781,87.19999694824219,85.69999694824219,87.19999694824219,79280
2006-12-14,85.05000305175781,85.05000305175781,86.25,83.1500015258789,85.69999694824219,233540
2006-12-15,88.5,88.5,89.5,87.0,87.05000305175781,387640
2006-12-18,88.5999984741211,88.5999984741211,89.75,88.4000015258789,88.5,149180
2006-12-19,86.94999694824219,86.94999694824219,89.0,86.30000305175781,88.94999694824219,128140
2006-12-20,85.75,85.75,87.3499984741211,85.5999984741211,87.05000305175781,62260
2006-12-21,83.5999984741211,83.5999984741211,86.30000305175781,83.4000015258789,85.5,57540
2006-12-22,83.69999694824219,83.69999694824219,84.0999984741211,83.0,83.75,69580
2006-12-26,83.5,83.5,84.5,83.05000305175781,83.69999694824219,39880
2006-12-27,84.94999694824219,84.94999694824219,85.1500015258789,82.5,84.0,60600
2006-12-28,82.44999694824219,82.44999694824219,85.55000305175781,82.19999694824219,84.5,54400
2006-12-29,82.44999694824219,82.44999694824219,83.80000305175781,81.0,82.94999694824219,182820
2007-01-03,80.80000305175781,80.80000305175781,84.05000305175781,80.0999984741211,83.19999694824219,116180
2007-01-04,80.69999694824219,80.69999694824219,83.5,80.30000305175781,82.0,144760
2007-01-05,80.5999984741211,80.5999984741211,81.3499984741211,79.9000015258789,80.19999694824219,97600
2007-01-08,79.94999694824219,79.94999694824219,80.4000015258789,79.5,80.4000015258789,51840
2007-01-09,80.55000305175781,80.55000305175781,81.0,79.5,80.19999694824219,82480
2007-01-10,81.30000305175781,81.30000305175781,81.4000015258789,78.05000305175781,80.25,98840
2007-01-11,80.69999694824219,80.69999694824219,84.0999984741211,79.6500015258789,81.44999694824219,173240
2007-01-12,81.8499984741211,81.8499984741211,82.6500015258789,80.3499984741211,80.5,85920
2007-01-16,83.80000305175781,83.80000305175781,84.9000015258789,81.8499984741211,82.19999694824219,155040
2007-01-17,84.44999694824219,84.44999694824219,85.0999984741211,83.80000305175781,83.9000015258789,103280
2007-01-18,82.30000305175781,82.30000305175781,86.4000015258789,81.6500015258789,85.19999694824219,133960
2007-01-19,82.3499984741211,82.3499984741211,84.94999694824219,81.5999984741211,82.05000305175781,78520
2007-01-22,80.75,80.75,82.44999694824219,80.25,82.44999694824219,93440
2007-01-23,80.44999694824219,80.44999694824219,81.80000305175781,80.25,80.6500015258789,69800
2007-01-24,81.4000015258789,81.4000015258789,81.44999694824219,80.05000305175781,80.4000015258789,52400
2007-01-25,81.30000305175781,81.30000305175781,81.8499984741211,80.19999694824219,81.30000305175781,65220
2007-01-26,81.94999694824219,81.94999694824219,82.25,80.69999694824219,81.25,48780
2007-01-29,83.3499984741211,83.3499984741211,83.75,81.3499984741211,82.4000015258789,64460
2007-01-30,84.0,84.0,84.69999694824219,83.30000305175781,83.69999694824219,81400
2007-01-31,82.80000305175781,82.80000305175781,83.75,82.3499984741211,83.69999694824219,45940
2007-02-01,84.3499984741211,84.3499984741211,84.6500015258789,82.5,82.75,63320
2007-02-02,80.6500015258789,80.6500015258789,84.80000305175781,80.5999984741211,82.8499984741211,86100
2007-02-05,79.5,79.5,81.1500015258789,76.69999694824219,80.6500015258789,185040
2007-02-06,79.25,79.25,79.55000305175781,78.25,79.3499984741211,130360
2007-02-07,83.25,83.25,83.9000015258789,79.25,79.25,165780
2007-02-08,83.75,83.75,84.30000305175781,82.19999694824219,82.9000015258789,147840
2007-02-09,82.94999694824219,82.94999694824219,84.05000305175781,82.30000305175781,83.69999694824219,163200
2007-02-12,82.30000305175781,82.30000305175781,83.19999694824219,81.0,82.75,106260
2007-02-13,83.5999984741211,83.5999984741211,83.80000305175781,82.0999984741211,82.0999984741211,107120
2007-02-14,83.4000015258789,83.4000015258789,85.30000305175781,83.25,83.5,113920
2007-02-15,82.19999694824219,82.19999694824219,83.75,81.69999694824219,83.3499984741211,88040
2007-02-16,83.25,83.25,83.3499984741211,81.5999984741211,82.19999694824219,65080
2007-02-20,84.44999694824219,84.44999694824219,84.5,81.5,82.8499984741211,68800
2007-02-21,86.19999694824219,86.19999694824219,86.44999694824219,84.0,84.25,90880
2007-02-22,85.94999694824219,85.94999694824219,87.5999984741211,83.5999984741211,86.25,74340
2007-02-23,83.6500015258789,83.6500015258789,85.55000305175781,82.8499984741211,85.55000305175781,52520
2007-02-26,82.44999694824219,82.44999694824219,83.80000305175781,82.44999694824219,83.5999984741211,43100
2007-02-27,80.44999694824219,80.44999694824219,82.55000305175781,80.05000305175781,82.55000305175781,186660
2007-02-28,79.55000305175781,79.55000305175781,81.30000305175781,79.30000305175781,80.5,58000
2007-03-01,79.05000305175781,79.05000305175781,80.8499984741211,77.3499984741211,79.25,98720
2007-03-02,79.4000015258789,79.4000015258789,79.5999984741211,77.80000305175781,77.8499984741211,74900
2007-03-05,75.80000305175781,75.80000305175781,79.05000305175781,75.6500015258789,77.30000305175781,69320
2007-03-06,76.19999694824219,76.19999694824219,77.75,75.30000305175781,76.3499984741211,61040
2007-03-07,74.6500015258789,74.6500015258789,76.19999694824219,73.75,75.80000305175781,72380
2007-03-08,77.9000015258789,77.9000015258789,79.8499984741211,77.44999694824219,77.6500015258789,92900
2007-03-09,77.8499984741211,77.8499984741211,79.94999694824219,77.75,79.25,68480
2007-03-12,79.0999984741211,79.0999984741211,79.3499984741211,78.05000305175781,78.55000305175781,40000
2007-03-13,76.5999984741211,76.5999984741211,79.8499984741211,76.30000305175781,78.5,54020
2007-03-14,73.94999694824219,73.94999694824219,77.55000305175781,73.19999694824219,76.4000015258789,86340
2007-03-15,76.19999694824219,76.19999694824219,76.30000305175781,74.05000305175781,74.05000305175781,47460
2007-03-16,73.3499984741211,73.3499984741211,76.4000015258789,73.05000305175781,76.1500015258789,86040
2007-03-19,74.5999984741211,74.5999984741211,75.9000015258789,73.75,73.94999694824219,40600
2007-03-20,76.25,76.25,76.5999984741211,74.5999984741211,74.5999984741211,76740
2007-03-21,75.5,75.5,76.5,74.5999984741211,76.5,42180
2007-03-22,75.0999984741211,75.0999984741211,76.25,74.6500015258789,76.05000305175781,35500
2007-03-23,74.80000305175781,74.80000305175781,75.80000305175781,74.75,75.0,27820
2007-03-26,73.5,73.5,75.1500015258789,73.25,74.6500015258789,29220
2007-03-27,74.30000305175781,74.30000305175781,77.5,73.0999984741211,73.30000305175781,51340
2007-03-28,72.75,72.75,74.75,72.55000305175781,74.05000305175781,56380
2007-03-29,73.5,73.5,73.75,71.8499984741211,73.5,42740
2007-03-30,71.5,71.5,73.9000015258789,71.0999984741211,73.9000015258789,68840
2007-04-02,70.4000015258789,70.4000015258789,71.80000305175781,67.0999984741211,71.4000015258789,145520
2007-04-03,70.80000305175781,70.80000305175781,71.5,70.0999984741211,70.44999694824219,90580
2007-04-04,71.3499984741211,71.3499984741211,71.8499984741211,70.0,70.3499984741211,257800
2007-04-05,70.55000305175781,70.55000305175781,71.44999694824219,70.4000015258789,71.44999694824219,54140
2007-04-09,72.4000015258789,72.4000015258789,72.5,70.3499984741211,70.4000015258789,55920
2007-04-10,73.55000305175781,73.55000305175781,74.5999984741211,72.0,72.1500015258789,67300
2007-04-11,73.69999694824219,73.69999694824219,74.0999984741211,71.94999694824219,73.4000015258789,73020
2007-04-12,75.05000305175781,75.05000305175781,75.3499984741211,72.69999694824219,73.3499984741211,70740
2007-04-13,74.5,74.5,75.1500015258789,73.75,74.8499984741211,35720
2007-04-16,74.44999694824219,74.44999694824219,74.75,73.75,74.6500015258789,27820
2007-04-17,72.69999694824219,72.69999694824219,74.30000305175781,72.3499984741211,74.25,52600
2007-04-18,71.5,71.5,73.0,71.4000015258789,72.0999984741211,48620
2007-04-19,70.80000305175781,70.80000305175781,71.05000305175781,69.25,70.8499984741211,155120
2007-04-20,71.55000305175781,71.55000305175781,72.5999984741211,70.69999694824219,71.9000015258789,55560
2007-04-23,74.69999694824219,74.69999694824219,75.75,71.0999984741211,71.30000305175781,77660
2007-04-24,76.25,76.25,76.30000305175781,72.5,75.0,55700
2007-04-25,77.3499984741211,77.3499984741211,78.25,76.3499984741211,76.3499984741211,130500
2007-04-26,76.9000015258789,76.9000015258789,77.69999694824219,76.55000305175781,77.25,47380
2007-04-27,74.75,74.75,76.75,73.44999694824219,76.75,77100
2007-04-30,72.69999694824219,72.69999694824219,75.25,72.25,74.69999694824219,55940
2007-05-01,71.4000015258789,71.4000015258789,72.94999694824219,70.8499984741211,72.6500015258789,117360
2007-05-02,73.19999694824219,73.19999694824219,73.55000305175781,71.30000305175781,71.30000305175781,70980
2007-05-03,71.75,71.75,72.9000015258789,71.5,72.6500015258789,64480
2007-05-04,71.3499984741211,71.3499984741211,73.0999984741211,70.75,71.75,44340
2007-05-07,70.5,70.5,71.94999694824219,70.1500015258789,71.69999694824219,43300
2007-05-08,69.5,69.5,70.3499984741211,69.1500015258789,70.30000305175781,89200
2007-05-09,69.0999984741211,69.0999984741211,69.80000305175781,68.4000015258789,69.0,42140
2007-05-10,67.05000305175781,67.05000305175781,69.80000305175781,66.05000305175781,69.55000305175781,77620
2007-05-11,66.5999984741211,66.5999984741211,68.69999694824219,66.30000305175781,67.55000305175781,91460
2007-05-14,64.55000305175781,64.55000305175781,68.5999984741211,64.1500015258789,66.3499984741211,83200
2007-05-15,62.099998474121094,62.099998474121094,64.8499984741211,62.0,64.3499984741211,72360
2007-05-16,60.900001525878906,60.900001525878906,63.599998474121094,60.04999923706055,62.150001525878906,160480
2007-05-17,61.349998474121094,61.349998474121094,61.650001525878906,60.54999923706055,60.599998474121094,61420
2007-05-18,61.29999923706055,61.29999923706055,62.20000076293945,60.75,61.5,75580
2007-05-21,63.099998474121094,63.099998474121094,63.29999923706055,60.849998474121094,61.45000076293945,81580
2007-05-22,61.54999923706055,61.54999923706055,63.29999923706055,61.5,63.150001525878906,50580
2007-05-23,61.599998474121094,61.599998474121094,64.1500015258789,61.29999923706055,61.900001525878906,50360
2007-05-24,61.54999923706055,61.54999923706055,62.45000076293945,60.79999923706055,61.54999923706055,71740
2007-05-25,61.099998474121094,61.099998474121094,62.349998474121094,60.5,61.95000076293945,38560
2007-05-29,60.95000076293945,60.95000076293945,61.75,60.099998474121094,61.75,48040
2007-05-30,59.599998474121094,59.599998474121094,60.95000076293945,58.5,60.79999923706055,80760
2007-05-31,56.900001525878906,56.900001525878906,59.95000076293945,56.29999923706055,59.45000076293945,121600
2007-06-01,57.29999923706055,57.29999923706055,58.0,56.70000076293945,57.29999923706055,117220
2007-06-04,55.95000076293945,55.95000076293945,56.95000076293945,53.400001525878906,56.95000076293945,223340
2007-06-05,54.29999923706055,54.29999923706055,56.04999923706055,52.79999923706055,55.79999923706055,270580
2007-06-06,52.349998474121094,52.349998474121094,54.25,50.900001525878906,54.25,251580
2007-06-07,55.650001525878906,55.650001525878906,56.099998474121094,51.5,52.349998474121094,285160
2007-06-08,58.849998474121094,58.849998474121094,59.95000076293945,55.79999923706055,56.29999923706055,332120
2007-06-11,68.0,68.0,69.05000305175781,59.75,60.54999923706055,566180
2007-06-12,67.19999694824219,67.19999694824219,71.25,65.55000305175781,68.8499984741211,551080
2007-06-13,66.05000305175781,66.05000305175781,67.8499984741211,64.25,67.80000305175781,268140
2007-06-14,69.05000305175781,69.05000305175781,69.6500015258789,67.25,68.0,284320
2007-06-15,71.25,71.25,72.44999694824219,69.55000305175781,70.0,299020
2007-06-18,69.30000305175781,69.30000305175781,72.19999694824219,68.5,71.8499984741211,178960
2007-06-19,68.44999694824219,68.44999694824219,69.5999984741211,68.1500015258789,69.1500015258789,163260
2007-06-20,65.0999984741211,65.0999984741211,69.1500015258789,64.4000015258789,68.6500015258789,204300
2007-06-21,64.3499984741211,64.3499984741211,65.4000015258789,64.0999984741211,65.0,99980
2007-06-22,63.0,63.0,64.69999694824219,61.900001525878906,64.3499984741211,410780
2007-06-25,62.54999923706055,62.54999923706055,66.8499984741211,62.25,64.5999984741211,206600
2007-06-26,60.900001525878906,60.900001525878906,64.55000305175781,60.25,63.400001525878906,131480
2007-06-27,64.6500015258789,64.6500015258789,64.6500015258789,60.54999923706055,60.650001525878906,86600
2007-06-28,62.79999923706055,62.79999923706055,65.5,62.75,64.9000015258789,63080
2007-06-29,61.650001525878906,61.650001525878906,64.0,61.5,64.0,76440
2007-07-02,64.4000015258789,64.4000015258789,64.75,60.650001525878906,61.650001525878906,149200
2007-07-03,64.3499984741211,64.3499984741211,65.4000015258789,63.75,65.0,48920
2007-07-05,64.25,64.25,66.05000305175781,63.75,65.19999694824219,59200
2007-07-06,65.44999694824219,65.44999694824219,65.5,64.5,64.94999694824219,70020
2007-07-09,67.8499984741211,67.8499984741211,68.44999694824219,66.05000305175781,66.0999984741211,168460
2007-07-10,66.44999694824219,66.44999694824219,69.3499984741211,65.80000305175781,67.9000015258789,144560
2007-07-11,64.75,64.75,66.8499984741211,64.1500015258789,66.8499984741211,90640
2007-07-12,64.55000305175781,64.55000305175781,65.75,64.05000305175781,65.1500015258789,82340
2007-07-13,63.900001525878906,63.900001525878906,64.8499984741211,63.400001525878906,64.25,55580
2007-07-16,63.400001525878906,63.400001525878906,65.69999694824219,63.25,64.25,74780
2007-07-17,63.75,63.75,65.1500015258789,63.0,63.400001525878906,109700
2007-07-18,61.95000076293945,61.95000076293945,63.849998474121094,61.0,63.25,127420
2007-07-19,60.5,60.5,63.45000076293945,60.29999923706055,61.95000076293945,78660
2007-07-20,59.349998474121094,59.349998474121094,61.150001525878906,59.0,60.45000076293945,112640
2007-07-23,59.900001525878906,59.900001525878906,60.849998474121094,58.45000076293945,60.400001525878906,65920
2007-07-24,59.900001525878906,59.900001525878906,61.29999923706055,59.45000076293945,60.0,82140
2007-07-25,60.400001525878906,60.400001525878906,60.95000076293945,59.400001525878906,60.599998474121094,70700
2007-07-26,59.54999923706055,59.54999923706055,61.599998474121094,58.599998474121094,60.29999923706055,81280
2007-07-27,56.04999923706055,56.04999923706055,60.29999923706055,55.599998474121094,59.25,96640
2007-07-30,54.0,54.0,58.5,53.400001525878906,57.5,171920
2007-07-31,52.79999923706055,52.79999923706055,55.79999923706055,52.5,54.849998474121094,112460
2007-08-01,54.0,54.0,54.349998474121094,51.95000076293945,52.54999923706055,95760
2007-08-02,53.0,53.0,54.5,52.25,54.45000076293945,175940
2007-08-03,44.349998474121094,44.349998474121094,47.599998474121094,42.79999923706055,46.20000076293945,619780
2007-08-06,41.04999923706055,41.04999923706055,43.75,39.25,42.849998474121094,276480
2007-08-07,43.099998474121094,43.099998474121094,43.650001525878906,40.20000076293945,41.25,176960
2007-08-08,48.400001525878906,48.400001525878906,49.70000076293945,44.099998474121094,44.099998474121094,465460
2007-08-09,50.400001525878906,50.400001525878906,61.20000076293945,47.0,48.75,672040
2007-08-10,47.099998474121094,47.099998474121094,50.79999923706055,45.25,50.0,239900
2007-08-13,46.25,46.25,48.900001525878906,44.599998474121094,48.45000076293945,125340
2007-08-14,44.0,44.0,47.0,43.650001525878906,46.0,121320
2007-08-15,46.099998474121094,46.099998474121094,46.20000076293945,40.849998474121094,43.25,125020
2007-08-16,45.849998474121094,45.849998474121094,46.95000076293945,43.650001525878906,45.099998474121094,112080
2007-08-17,47.0,47.0,48.650001525878906,45.400001525878906,47.45000076293945,88820
2007-08-20,46.0,46.0,48.95000076293945,45.0,48.95000076293945,51100
2007-08-21,45.5,45.5,47.29999923706055,45.5,46.0,91600
2007-08-22,45.04999923706055,45.04999923706055,47.099998474121094,43.599998474121094,46.0,100820
2007-08-23,44.349998474121094,44.349998474121094,46.099998474121094,43.75,45.349998474121094,65180
2007-08-24,46.099998474121094,46.099998474121094,46.45000076293945,44.29999923706055,44.29999923706055,53860
2007-08-27,43.79999923706055,43.79999923706055,45.849998474121094,43.75,45.849998474121094,56080
2007-08-28,43.400001525878906,43.400001525878906,44.45000076293945,43.0,43.79999923706055,66740
2007-08-29,43.54999923706055,43.54999923706055,43.849998474121094,43.099998474121094,43.75,50760
2007-08-30,44.900001525878906,44.900001525878906,45.0,43.150001525878906,43.150001525878906,61980
2007-08-31,44.349998474121094,44.349998474121094,45.29999923706055,43.0,45.04999923706055,51840
2007-09-04,45.45000076293945,45.45000076293945,46.25,44.349998474121094,44.349998474121094,107720
2007-09-05,48.5,48.5,49.20000076293945,45.099998474121094,45.349998474121094,83560
2007-09-06,47.349998474121094,47.349998474121094,50.25,47.29999923706055,48.54999923706055,64160
2007-09-07,46.650001525878906,46.650001525878906,48.04999923706055,45.849998474121094,46.70000076293945,37600
2007-09-10,47.150001525878906,47.150001525878906,49.20000076293945,46.04999923706055,46.849998474121094,62380
2007-09-11,48.45000076293945,48.45000076293945,48.70000076293945,47.29999923706055,47.29999923706055,38700
2007-09-12,47.75,47.75,48.400001525878906,47.0,48.349998474121094,64460
2007-09-13,45.900001525878906,45.900001525878906,47.79999923706055,45.75,47.79999923706055,39060
2007-09-14,46.75,46.75,46.900001525878906,45.099998474121094,45.5,29240
2007-09-17,45.45000076293945,45.45000076293945,47.0,44.849998474121094,46.599998474121094,24680
2007-09-18,48.5,48.5,48.650001525878906,44.5,45.5,53860
2007-09-19,47.70000076293945,47.70000076293945,49.150001525878906,47.25,48.70000076293945,33120
2007-09-20,46.849998474121094,46.849998474121094,49.20000076293945,46.75,47.349998474121094,31820
2007-09-21,46.75,46.75,48.04999923706055,46.25,47.29999923706055,57540
2007-09-24,46.849998474121094,46.849998474121094,47.45000076293945,46.25,46.54999923706055,18520
2007-09-25,46.75,46.75,46.95000076293945,44.95000076293945,46.54999923706055,74220
2007-09-26,47.099998474121094,47.099998474121094,47.900001525878906,46.650001525878906,46.95000076293945,36820
2007-09-27,48.29999923706055,48.29999923706055,48.79999923706055,46.79999923706055,47.400001525878906,52680
2007-09-28,48.400001525878906,48.400001525878906,48.650001525878906,46.29999923706055,48.099998474121094,40920
2007-10-01,47.04999923706055,47.04999923706055,48.29999923706055,45.75,48.150001525878906,78720
2007-10-02,50.5,50.5,55.0,46.349998474121094,47.0,225220
2007-10-03,54.25,54.25,57.0,48.75,50.79999923706055,200940
2007-10-04,54.849998474121094,54.849998474121094,56.25,53.70000076293945,55.099998474121094,101340
2007-10-05,55.95000076293945,55.95000076293945,56.900001525878906,55.099998474121094,55.70000076293945,142180
2007-10-08,59.45000076293945,59.45000076293945,60.70000076293945,54.79999923706055,55.70000076293945,121840
2007-10-09,59.599998474121094,59.599998474121094,60.29999923706055,57.849998474121094,59.0,69860
2007-10-10,59.650001525878906,59.650001525878906,59.650001525878906,55.599998474121094,59.599998474121094,79880
2007-10-11,57.150001525878906,57.150001525878906,59.95000076293945,55.70000076293945,59.849998474121094,99000
2007-10-12,54.54999923706055,54.54999923706055,57.150001525878906,53.650001525878906,57.150001525878906,110440
2007-10-15,53.70000076293945,53.70000076293945,55.0,53.099998474121094,54.849998474121094,84620
2007-10-16,52.79999923706055,52.79999923706055,54.54999923706055,52.150001525878906,53.04999923706055,56860
2007-10-17,54.0,54.0,54.150001525878906,51.5,53.349998474121094,58600
2007-10-18,50.0,50.0,53.650001525878906,49.599998474121094,52.45000076293945,172160
2007-10-19,48.5,48.5,50.45000076293945,47.849998474121094,48.5,128020
2007-10-22,49.25,49.25,49.79999923706055,46.75,48.25,83600
2007-10-23,50.25,50.25,50.599998474121094,48.5,49.45000076293945,142440
2007-10-24,49.400001525878906,49.400001525878906,50.25,48.349998474121094,49.75,87540
2007-10-25,48.099998474121094,48.099998474121094,49.79999923706055,47.25,49.400001525878906,129060
2007-10-26,47.5,47.5,49.0,45.79999923706055,48.70000076293945,77420
2007-10-29,45.150001525878906,45.150001525878906,47.599998474121094,45.04999923706055,46.0,86760
2007-10-30,45.25,45.25,45.70000076293945,44.5,45.0,71520
2007-10-31,45.650001525878906,45.650001525878906,46.04999923706055,44.75,45.0,68280
2007-11-01,44.900001525878906,44.900001525878906,45.25,44.25,44.900001525878906,114300
2007-11-02,44.79999923706055,44.79999923706055,45.75,44.5,45.29999923706055,77000
2007-11-05,45.099998474121094,45.099998474121094,45.79999923706055,44.25,44.849998474121094,97800
2007-11-06,46.04999923706055,46.04999923706055,46.650001525878906,44.349998474121094,45.95000076293945,138560
2007-11-07,44.599998474121094,44.599998474121094,46.5,43.0,45.150001525878906,111800
2007-11-08,45.04999923706055,45.04999923706055,48.20000076293945,43.650001525878906,45.0,69800
2007-11-09,43.75,43.75,44.400001525878906,42.849998474121094,43.25,90000
2007-11-12,44.70000076293945,44.70000076293945,45.099998474121094,43.45000076293945,43.54999923706055,59640
2007-11-13,46.70000076293945,46.70000076293945,46.849998474121094,44.75,45.45000076293945,68020
2007-11-14,46.099998474121094,46.099998474121094,47.45000076293945,45.0,47.0,51060
2007-11-15,43.29999923706055,43.29999923706055,45.75,43.0,45.75,65880
2007-11-16,42.599998474121094,42.599998474121094,44.0,42.400001525878906,43.400001525878906,91220
2007-11-19,41.0,41.0,42.70000076293945,39.75,42.5,82240
2007-11-20,39.75,39.75,42.45000076293945,39.400001525878906,41.849998474121094,89480
2007-11-21,37.900001525878906,37.900001525878906,39.79999923706055,37.5,39.25,64740
2007-11-23,41.45000076293945,41.45000076293945,41.54999923706055,37.900001525878906,37.900001525878906,42600
2007-11-26,39.25,39.25,41.75,39.0,41.599998474121094,56700
2007-11-27,41.900001525878906,41.900001525878906,42.04999923706055,39.29999923706055,39.400001525878906,77040
2007-11-28,45.900001525878906,45.900001525878906,46.95000076293945,42.20000076293945,42.20000076293945,105100
2007-11-29,47.25,47.25,48.349998474121094,45.349998474121094,47.20000076293945,82840
2007-11-30,47.0,47.0,49.099998474121094,46.650001525878906,48.04999923706055,262680
2007-12-03,47.0,47.0,47.900001525878906,45.5,47.25,119140
2007-12-04,44.849998474121094,44.849998474121094,46.400001525878906,44.45000076293945,46.400001525878906,87080
2007-12-05,45.0,45.0,46.0,44.25,45.849998474121094,81960
2007-12-06,49.20000076293945,49.20000076293945,49.20000076293945,44.79999923706055,45.0,76020
2007-12-07,48.95000076293945,48.95000076293945,49.45000076293945,48.0,49.45000076293945,43480
2007-12-10,47.70000076293945,47.70000076293945,51.099998474121094,46.849998474121094,48.95000076293945,112000
2007-12-11,45.79999923706055,45.79999923706055,49.0,45.54999923706055,48.04999923706055,68400
2007-12-12,44.54999923706055,44.54999923706055,47.150001525878906,44.20000076293945,47.099998474121094,67360
2007-12-13,46.099998474121094,46.099998474121094,46.400001525878906,44.099998474121094,44.25,62240
2007-12-14,41.79999923706055,41.79999923706055,46.04999923706055,41.0,45.150001525878906,103040
2007-12-17,38.900001525878906,38.900001525878906,42.20000076293945,38.900001525878906,41.599998474121094,73120
2007-12-18,43.0,43.0,43.099998474121094,39.25,39.45000076293945,98520
2007-12-19,42.650001525878906,42.650001525878906,43.29999923706055,41.20000076293945,43.0,48600
2007-12-20,40.900001525878906,40.900001525878906,43.0,40.599998474121094,43.0,87220
2007-12-21,42.29999923706055,42.29999923706055,42.5,41.349998474121094,41.54999923706055,130800
2007-12-24,42.95000076293945,42.95000076293945,43.0,41.04999923706055,42.5,23200
2007-12-26,41.75,41.75,42.95000076293945,41.0,42.400001525878906,66560
2007-12-27,39.29999923706055,39.29999923706055,42.20000076293945,39.20000076293945,41.79999923706055,67700
2007-12-28,40.04999923706055,40.04999923706055,40.45000076293945,39.29999923706055,39.29999923706055,91740
2007-12-31,39.79999923706055,39.79999923706055,40.29999923706055,38.95000076293945,39.75,121980
2008-01-02,39.29999923706055,39.29999923706055,40.70000076293945,38.95000076293945,39.5,99560
2008-01-03,38.150001525878906,38.150001525878906,40.25,38.04999923706055,40.0,96560
2008-01-04,36.400001525878906,36.400001525878906,38.25,36.29999923706055,38.04999923706055,61300
2008-01-07,40.45000076293945,40.45000076293945,43.099998474121094,37.0,37.20000076293945,261540
2008-01-08,40.150001525878906,40.150001525878906,41.5,40.0,40.45000076293945,90120
2008-01-09,38.45000076293945,38.45000076293945,40.54999923706055,37.75,40.0,92360
2008-01-10,39.650001525878906,39.650001525878906,40.95000076293945,38.0,38.099998474121094,90540
2008-01-11,38.150001525878906,38.150001525878906,40.45000076293945,38.0,39.25,61540
2008-01-14,39.75,39.75,40.099998474121094,38.150001525878906,38.650001525878906,51620
2008-01-15,38.54999923706055,38.54999923706055,39.5,37.599998474121094,38.45000076293945,95620
2008-01-16,39.79999923706055,39.79999923706055,40.849998474121094,38.349998474121094,38.349998474121094,87080
2008-01-17,37.400001525878906,37.400001525878906,41.5,37.20000076293945,40.0,151900
2008-01-18,36.5,36.5,37.45000076293945,35.0,37.099998474121094,119520
2008-01-22,36.099998474121094,36.099998474121094,37.400001525878906,33.5,35.0,85380
2008-01-23,36.54999923706055,36.54999923706055,36.54999923706055,31.399999618530273,35.29999923706055,133240
2008-01-24,36.0,36.0,37.5,35.099998474121094,36.849998474121094,72680
2008-01-25,36.349998474121094,36.349998474121094,37.150001525878906,36.0,36.900001525878906,56400
2008-01-28,36.79999923706055,36.79999923706055,37.5,36.20000076293945,36.25,69880
2008-01-29,37.70000076293945,37.70000076293945,39.0,36.25,36.95000076293945,55060
2008-01-30,38.20000076293945,38.20000076293945,38.849998474121094,37.04999923706055,37.25,74460
2008-01-31,39.5,39.5,39.5,36.5,37.5,156780
2008-02-01,39.54999923706055,39.54999923706055,40.0,37.04999923706055,40.0,73420
2008-02-04,39.54999923706055,39.54999923706055,39.95000076293945,37.45000076293945,39.349998474121094,122380
2008-02-05,37.349998474121094,37.349998474121094,39.79999923706055,36.849998474121094,38.650001525878906,89540
2008-02-06,37.20000076293945,37.20000076293945,38.400001525878906,36.650001525878906,38.0,73900
2008-02-07,37.20000076293945,37.20000076293945,38.5,36.5,37.54999923706055,84820
2008-02-08,37.25,37.25,37.650001525878906,36.45000076293945,37.04999923706055,64420
2008-02-11,36.70000076293945,36.70000076293945,38.349998474121094,36.400001525878906,37.349998474121094,60500
2008-02-12,36.5,36.5,37.70000076293945,36.400001525878906,36.75,67220
2008-02-13,37.650001525878906,37.650001525878906,37.70000076293945,36.45000076293945,36.900001525878906,52460
2008-02-14,38.95000076293945,38.95000076293945,39.599998474121094,36.79999923706055,37.79999923706055,86620
2008-02-15,36.25,36.25,38.79999923706055,36.25,38.75,59360
2008-02-19,36.0,36.0,37.5,36.0,37.04999923706055,43620
2008-02-20,36.0,36.0,37.150001525878906,34.75,36.099998474121094,67260
2008-02-21,35.25,35.25,36.5,34.0,35.900001525878906,77260
2008-02-22,33.599998474121094,33.599998474121094,35.599998474121094,32.95000076293945,35.349998474121094,93820
2008-02-25,35.04999923706055,35.04999923706055,35.650001525878906,33.45000076293945,33.70000076293945,80320
2008-02-26,35.5,35.5,36.5,34.20000076293945,35.5,98840
2008-02-27,34.54999923706055,34.54999923706055,35.099998474121094,34.0,34.849998474121094,55140
2008-02-28,35.45000076293945,35.45000076293945,35.650001525878906,34.04999923706055,34.29999923706055,96120
2008-02-29,35.349998474121094,35.349998474121094,35.54999923706055,34.400001525878906,34.70000076293945,122240
2008-03-03,32.849998474121094,32.849998474121094,35.650001525878906,32.70000076293945,35.650001525878906,80460
2008-03-04,34.849998474121094,34.849998474121094,36.0,32.5,33.79999923706055,180580
2008-03-05,32.75,32.75,35.5,31.649999618530273,35.099998474121094,111520
2008-03-06,28.950000762939453,28.950000762939453,32.5,27.25,32.5,287840
2008-03-07,27.600000381469727,27.600000381469727,29.75,26.25,28.600000381469727,363180
2008-03-10,24.950000762939453,24.950000762939453,25.950000762939453,21.25,25.200000762939453,335340
2008-03-11,25.75,25.75,26.75,24.350000381469727,25.649999618530273,175380
2008-03-12,25.149999618530273,25.149999618530273,27.350000381469727,25.100000381469727,25.899999618530273,126940
2008-03-13,25.25,25.25,26.0,24.149999618530273,25.25,79600
2008-03-14,25.350000381469727,25.350000381469727,26.5,23.549999237060547,26.5,116580
2008-03-17,23.950000762939453,23.950000762939453,25.649999618530273,23.049999237060547,24.649999618530273,88800
2008-03-18,25.0,25.0,25.100000381469727,23.25,24.75,95040
2008-03-19,24.700000762939453,24.700000762939453,26.5,24.700000762939453,25.299999237060547,136080
2008-03-20,25.700000762939453,25.700000762939453,30.75,25.0,30.75,204860
2008-03-24,30.399999618530273,30.399999618530273,30.399999618530273,25.0,25.0,147920
2008-03-25,29.799999237060547,29.799999237060547,30.850000381469727,29.450000762939453,30.200000762939453,64580
2008-03-26,30.100000381469727,30.100000381469727,30.700000762939453,28.299999237060547,29.600000381469727,65140
2008-03-27,31.299999237060547,31.299999237060547,31.75,29.25,30.600000381469727,89120
2008-03-28,28.299999237060547,28.299999237060547,32.45000076293945,28.149999618530273,31.299999237060547,80300
2008-03-31,29.850000381469727,29.850000381469727,30.600000381469727,28.149999618530273,29.049999237060547,33080
2008-04-01,31.549999237060547,31.549999237060547,32.20000076293945,29.049999237060547,30.0,87320
2008-04-02,31.5,31.5,31.700000762939453,31.049999237060547,31.399999618530273,121540
2008-04-03,30.25,30.25,31.5,29.75,30.950000762939453,48840
2008-04-04,30.350000381469727,30.350000381469727,31.600000381469727,30.299999237060547,30.399999618530273,18240
2008-04-07,29.649999618530273,29.649999618530273,31.200000762939453,29.100000381469727,31.149999618530273,53360
2008-04-08,29.25,29.25,29.549999237060547,28.399999618530273,29.549999237060547,29620
2008-04-09,11.75,11.75,14.5,10.75,14.5,4356720
2008-04-10,12.649999618530273,12.649999618530273,13.399999618530273,11.199999809265137,12.449999809265137,1304060
2008-04-11,12.5,12.5,13.350000381469727,12.350000381469727,12.899999618530273,471760
2008-04-14,11.300000190734863,11.300000190734863,12.75,11.100000381469727,12.75,463480
2008-04-15,11.050000190734863,11.050000190734863,11.5,9.300000190734863,11.449999809265137,556720
2008-04-16,10.949999809265137,10.949999809265137,11.449999809265137,10.649999618530273,11.149999618530273,149920
2008-04-17,10.699999809265137,10.699999809265137,11.0,10.550000190734863,10.949999809265137,131740
2008-04-18,10.449999809265137,10.449999809265137,11.0,9.800000190734863,10.949999809265137,204440
2008-04-21,10.149999618530273,10.149999618530273,10.5,9.800000190734863,10.300000190734863,211140
2008-04-22,10.5,10.5,10.899999618530273,10.050000190734863,10.300000190734863,166600
2008-04-23,11.100000381469727,11.100000381469727,11.100000381469727,10.300000190734863,10.5,210120
2008-04-24,10.850000381469727,10.850000381469727,11.350000381469727,10.350000381469727,11.25,177980
2008-04-25,10.899999618530273,10.899999618530273,11.149999618530273,10.449999809265137,10.850000381469727,129600
2008-04-28,11.149999618530273,11.149999618530273,11.300000190734863,10.649999618530273,11.300000190734863,221540
2008-04-29,11.149999618530273,11.149999618530273,11.25,10.800000190734863,11.149999618530273,232940
2008-04-30,13.0,13.0,13.25,11.050000190734863,11.25,757680
2008-05-01,13.199999809265137,13.199999809265137,13.649999618530273,12.399999618530273,13.050000190734863,235300
2008-05-02,12.550000190734863,12.550000190734863,13.649999618530273,12.550000190734863,13.649999618530273,134660
2008-05-05,12.75,12.75,13.25,11.399999618530273,13.25,136620
2008-05-06,12.899999618530273,12.899999618530273,13.300000190734863,12.399999618530273,13.25,185240
2008-05-07,11.850000381469727,11.850000381469727,13.25,11.800000190734863,13.25,122040
2008-05-08,12.449999809265137,12.449999809265137,12.649999618530273,11.649999618530273,11.949999809265137,111900
2008-05-09,11.600000381469727,11.600000381469727,12.550000190734863,11.5,12.550000190734863,90080
2008-05-12,12.550000190734863,12.550000190734863,12.600000381469727,11.600000381469727,12.149999618530273,82380
2008-05-13,12.5,12.5,12.75,12.199999809265137,12.5,86880
2008-05-14,13.600000381469727,13.600000381469727,13.75,12.5,12.5,173380
2008-05-15,14.0,14.0,16.200000762939453,13.75,13.850000381469727,359920
2008-05-16,14.649999618530273,14.649999618530273,15.350000381469727,13.899999618530273,14.050000190734863,172080
2008-05-19,15.25,15.25,15.399999618530273,14.399999618530273,15.399999618530273,181320
2008-05-20,14.850000381469727,14.850000381469727,15.25,14.300000190734863,15.149999618530273,103960
2008-05-21,14.75,14.75,15.350000381469727,14.350000381469727,15.350000381469727,135600
2008-05-22,14.899999618530273,14.899999618530273,15.25,14.75,15.0,69700
2008-05-23,14.550000190734863,14.550000190734863,14.899999618530273,14.550000190734863,14.850000381469727,44280
2008-05-27,15.25,15.25,15.25,14.550000190734863,15.0,78860
2008-05-28,15.199999809265137,15.199999809265137,15.449999809265137,14.75,15.449999809265137,72760
2008-05-29,15.25,15.25,15.300000190734863,14.75,15.100000381469727,110160
2008-05-30,15.0,15.0,15.25,14.899999618530273,15.100000381469727,55900
2008-06-02,14.550000190734863,14.550000190734863,15.199999809265137,14.5,14.949999809265137,95060
2008-06-03,14.399999618530273,14.399999618530273,14.800000190734863,14.25,14.649999618530273,107480
2008-06-04,14.449999809265137,14.449999809265137,15.0,14.300000190734863,14.300000190734863,93760
2008-06-05,15.050000190734863,15.050000190734863,15.149999618530273,14.699999809265137,14.699999809265137,95360
2008-06-06,14.75,14.75,15.0,14.350000381469727,15.0,55640
2008-06-09,14.899999618530273,14.899999618530273,15.0,14.600000381469727,14.949999809265137,67420
2008-06-10,13.850000381469727,13.850000381469727,14.699999809265137,13.800000190734863,14.600000381469727,113100
2008-06-11,12.550000190734863,12.550000190734863,14.0,12.5,13.699999809265137,88560
2008-06-12,13.100000381469727,13.100000381469727,13.149999618530273,11.949999809265137,12.699999809265137,99600
2008-06-13,13.649999618530273,13.649999618530273,13.800000190734863,13.050000190734863,13.25,40880
2008-06-16,14.199999809265137,14.199999809265137,14.350000381469727,13.649999618530273,13.649999618530273,52320
2008-06-17,13.850000381469727,13.850000381469727,14.399999618530273,13.800000190734863,14.25,38440
2008-06-18,13.649999618530273,13.649999618530273,14.25,12.949999809265137,13.800000190734863,50980
2008-06-19,14.300000190734863,14.300000190734863,14.300000190734863,13.5,13.550000190734863,36000
2008-06-20,14.449999809265137,14.449999809265137,14.75,14.050000190734863,14.25,99840
2008-06-23,15.399999618530273,15.399999618530273,15.899999618530273,14.199999809265137,14.550000190734863,286500
2008-06-24,15.350000381469727,15.350000381469727,15.600000381469727,14.800000190734863,15.0,135880
2008-06-25,15.449999809265137,15.449999809265137,15.600000381469727,15.149999618530273,15.350000381469727,43660
2008-06-26,15.199999809265137,15.199999809265137,15.5,15.0,15.25,94920
2008-06-27,15.25,15.25,15.600000381469727,15.0,15.050000190734863,200500
2008-06-30,15.0,15.0,15.5,14.899999618530273,15.300000190734863,86840
2008-07-01,14.800000190734863,14.800000190734863,15.149999618530273,13.75,15.0,92600
2008-07-02,14.300000190734863,14.300000190734863,14.75,14.050000190734863,14.75,70040
2008-07-03,13.949999809265137,13.949999809265137,14.899999618530273,13.5,14.199999809265137,49100
2008-07-07,13.199999809265137,13.199999809265137,14.550000190734863,13.199999809265137,14.550000190734863,74160
2008-07-08,14.449999809265137,14.449999809265137,14.699999809265137,13.149999618530273,13.399999618530273,68020
2008-07-09,13.800000190734863,13.800000190734863,14.649999618530273,13.800000190734863,14.5,70020
2008-07-10,13.850000381469727,13.850000381469727,14.050000190734863,13.600000381469727,13.75,58160
2008-07-11,14.199999809265137,14.199999809265137,14.449999809265137,13.25,13.699999809265137,93840
2008-07-14,13.649999618530273,13.649999618530273,14.25,13.600000381469727,14.0,35300
2008-07-15,13.350000381469727,13.350000381469727,13.75,12.850000381469727,13.75,82860
2008-07-16,13.949999809265137,13.949999809265137,13.949999809265137,12.850000381469727,13.399999618530273,77680
2008-07-17,14.0,14.0,14.050000190734863,13.5,13.899999618530273,79960
2008-07-18,14.0,14.0,14.199999809265137,13.600000381469727,14.100000381469727,71820
2008-07-21,14.600000381469727,14.600000381469727,15.050000190734863,13.649999618530273,14.0,139760
2008-07-22,14.649999618530273,14.649999618530273,14.75,14.25,14.449999809265137,100200
2008-07-23,14.649999618530273,14.649999618530273,14.800000190734863,14.449999809265137,14.699999809265137,82280
2008-07-24,14.550000190734863,14.550000190734863,14.800000190734863,14.449999809265137,14.699999809265137,53940
2008-07-25,14.75,14.75,15.399999618530273,14.600000381469727,14.699999809265137,260600
2008-07-28,15.100000381469727,15.100000381469727,15.350000381469727,14.699999809265137,14.699999809265137,168960
2008-07-29,15.75,15.75,15.899999618530273,15.100000381469727,15.199999809265137,481560
2008-07-30,17.399999618530273,17.399999618530273,17.950000762939453,15.699999809265137,15.899999618530273,315940
2008-07-31,18.149999618530273,18.149999618530273,20.149999618530273,17.299999237060547,18.0,225880
2008-08-01,19.600000381469727,19.600000381469727,19.950000762939453,17.75,18.5,139340
2008-08-04,19.850000381469727,19.850000381469727,21.350000381469727,19.649999618530273,20.25,162640
2008-08-05,20.450000762939453,20.450000762939453,20.950000762939453,20.100000381469727,20.850000381469727,100460
2008-08-06,21.149999618530273,21.149999618530273,21.350000381469727,20.399999618530273,21.0,87920
2008-08-07,16.350000381469727,16.350000381469727,21.5,16.149999618530273,21.450000762939453,241900
2008-08-08,18.75,18.75,19.850000381469727,16.5,16.75,191340
2008-08-11,18.950000762939453,18.950000762939453,19.600000381469727,18.5,19.0,88260
2008-08-12,19.049999237060547,19.049999237060547,19.049999237060547,16.450000762939453,17.600000381469727,143140
2008-08-13,19.450000762939453,19.450000762939453,20.0,18.200000762939453,20.0,84700
2008-08-14,19.25,19.25,19.450000762939453,18.75,19.399999618530273,62340
2008-08-15,17.5,17.5,19.600000381469727,17.5,19.600000381469727,114900
2008-08-18,17.649999618530273,17.649999618530273,17.950000762939453,17.350000381469727,17.549999237060547,68240
2008-08-19,16.049999237060547,16.049999237060547,18.200000762939453,15.800000190734863,17.75,89340
2008-08-20,16.25,16.25,17.0,15.350000381469727,16.100000381469727,57220
2008-08-21,15.5,15.5,16.299999237060547,15.050000190734863,16.299999237060547,58300
2008-08-22,16.450000762939453,16.450000762939453,16.600000381469727,15.300000190734863,15.75,45840
2008-08-25,15.699999809265137,15.699999809265137,17.450000762939453,15.699999809265137,16.5,48280
2008-08-26,17.149999618530273,17.149999618530273,17.149999618530273,15.800000190734863,15.949999809265137,60040
2008-08-27,15.699999809265137,15.699999809265137,17.399999618530273,15.399999618530273,17.25,104200
2008-08-28,16.200000762939453,16.200000762939453,16.200000762939453,15.449999809265137,16.049999237060547,56080
2008-08-29,16.25,16.25,16.299999237060547,15.649999618530273,16.200000762939453,58900
2008-09-02,15.399999618530273,15.399999618530273,16.850000381469727,15.25,16.850000381469727,78760
2008-09-03,14.75,14.75,15.649999618530273,14.5,15.350000381469727,80820
2008-09-04,14.25,14.25,15.050000190734863,14.100000381469727,14.649999618530273,66760
2008-09-05,14.899999618530273,14.899999618530273,15.0,14.0,14.25,54180
2008-09-08,15.649999618530273,15.649999618530273,15.800000190734863,14.699999809265137,15.600000381469727,50720
2008-09-09,15.75,15.75,16.149999618530273,15.699999809265137,15.699999809265137,80360
2008-09-10,14.800000190734863,14.800000190734863,16.25,14.649999618530273,16.25,97180
2008-09-11,15.449999809265137,15.449999809265137,15.899999618530273,14.75,14.75,78100
2008-09-12,16.149999618530273,16.149999618530273,16.25,15.25,15.5,52720
2008-09-15,16.899999618530273,16.899999618530273,19.600000381469727,16.0,16.0,166180
2008-09-16,14.600000381469727,14.600000381469727,19.049999237060547,11.949999809265137,19.0,308240
2008-09-17,14.149999618530273,14.149999618530273,14.600000381469727,13.350000381469727,14.399999618530273,131920
2008-09-18,18.899999618530273,18.899999618530273,19.5,14.25,14.5,268780
2008-09-19,21.100000381469727,21.100000381469727,21.299999237060547,17.5,20.350000381469727,545040
2008-09-22,20.399999618530273,20.399999618530273,21.899999618530273,18.299999237060547,20.899999618530273,118120
2008-09-23,23.049999237060547,23.049999237060547,26.25,20.0,20.25,304380
2008-09-24,22.649999618530273,22.649999618530273,24.100000381469727,22.5,23.299999237060547,117240
2008-09-25,21.399999618530273,21.399999618530273,23.399999618530273,21.25,22.5,108260
2008-09-26,19.850000381469727,19.850000381469727,24.399999618530273,19.75,24.049999237060547,174100
2008-09-29,19.25,19.25,19.899999618530273,17.5,19.75,127660
2008-09-30,19.299999237060547,19.299999237060547,20.25,18.799999237060547,19.0,67840
2008-10-01,19.450000762939453,19.450000762939453,19.600000381469727,19.25,19.350000381469727,61120
2008-10-02,17.700000762939453,17.700000762939453,20.0,17.700000762939453,19.5,80460
2008-10-03,18.899999618530273,18.899999618530273,19.100000381469727,17.600000381469727,17.600000381469727,100260
2008-10-06,17.950000762939453,17.950000762939453,18.950000762939453,16.0,18.25,143080
2008-10-07,16.299999237060547,16.299999237060547,18.100000381469727,16.149999618530273,17.899999618530273,98160
2008-10-08,16.299999237060547,16.299999237060547,17.5,15.5,16.049999237060547,69080
2008-10-09,14.600000381469727,14.600000381469727,17.450000762939453,14.550000190734863,17.299999237060547,133060
2008-10-10,14.949999809265137,14.949999809265137,15.0,13.050000190734863,14.199999809265137,136340
2008-10-13,16.649999618530273,16.649999618530273,17.5,15.149999618530273,16.100000381469727,29480
2008-10-14,16.5,16.5,18.049999237060547,15.5,17.200000762939453,84800
2008-10-15,15.399999618530273,15.399999618530273,16.549999237060547,15.25,16.350000381469727,36400
2008-10-16,16.950000762939453,16.950000762939453,17.25,14.600000381469727,15.5,83500
2008-10-17,16.25,16.25,16.850000381469727,15.699999809265137,16.649999618530273,84160
2008-10-20,17.0,17.0,17.200000762939453,16.25,16.700000762939453,49780
2008-10-21,17.0,17.0,17.5,16.450000762939453,16.549999237060547,50280
2008-10-22,18.0,18.0,19.350000381469727,16.799999237060547,17.0,91380
2008-10-23,16.950000762939453,16.950000762939453,18.25,16.25,18.149999618530273,86380
2008-10-24,17.149999618530273,17.149999618530273,17.5,15.899999618530273,16.25,75040
2008-10-27,17.0,17.0,17.5,16.0,17.5,45460
2008-10-28,18.149999618530273,18.149999618530273,18.25,16.799999237060547,17.0,72140
2008-10-29,18.5,18.5,20.149999618530273,17.799999237060547,18.25,132920
2008-10-30,17.850000381469727,17.850000381469727,19.299999237060547,17.0,19.299999237060547,77360
2008-10-31,18.799999237060547,18.799999237060547,18.950000762939453,17.399999618530273,17.700000762939453,84940
2008-11-03,18.600000381469727,18.600000381469727,19.5,18.350000381469727,18.75,39340
2008-11-04,17.549999237060547,17.549999237060547,19.5,17.5,19.5,71220
2008-11-05,16.899999618530273,16.899999618530273,18.25,16.850000381469727,18.0,46000
2008-11-06,16.950000762939453,16.950000762939453,17.649999618530273,16.75,17.350000381469727,44660
2008-11-07,18.399999618530273,18.399999618530273,18.399999618530273,17.0,17.200000762939453,44720
2008-11-10,18.200000762939453,18.200000762939453,19.25,18.049999237060547,18.600000381469727,39160
2008-11-11,17.0,17.0,18.200000762939453,17.0,18.149999618530273,39460
2008-11-12,16.350000381469727,16.350000381469727,17.25,16.299999237060547,17.25,47160
2008-11-13,18.200000762939453,18.200000762939453,18.5,14.449999809265137,16.450000762939453,69000
2008-11-14,16.549999237060547,16.549999237060547,18.0,16.0,18.0,49420
2008-11-17,16.649999618530273,16.649999618530273,17.450000762939453,16.399999618530273,16.399999618530273,38220
2008-11-18,17.700000762939453,17.700000762939453,18.0,16.5,16.75,62960
2008-11-19,16.5,16.5,17.950000762939453,16.25,17.649999618530273,67520
2008-11-20,17.5,17.5,17.5,16.100000381469727,16.399999618530273,90620
2008-11-21,17.399999618530273,17.399999618530273,17.450000762939453,14.399999618530273,17.450000762939453,113320
2008-11-24,17.100000381469727,17.100000381469727,17.200000762939453,16.049999237060547,16.950000762939453,72840
2008-11-25,14.75,14.75,17.25,14.75,17.100000381469727,74640
2008-11-26,16.450000762939453,16.450000762939453,16.5,14.800000190734863,15.149999618530273,49460
2008-11-28,15.75,15.75,16.25,15.300000190734863,16.049999237060547,11700
2008-12-01,14.449999809265137,14.449999809265137,15.25,14.449999809265137,15.149999618530273,97640
2008-12-02,15.149999618530273,15.149999618530273,15.25,14.399999618530273,14.850000381469727,53980
2008-12-03,14.550000190734863,14.550000190734863,15.899999618530273,13.949999809265137,15.25,80780
2008-12-04,14.550000190734863,14.550000190734863,17.049999237060547,14.550000190734863,15.449999809265137,188560
2008-12-05,15.800000190734863,15.800000190734863,15.899999618530273,13.800000190734863,15.25,113500
2008-12-08,16.5,16.5,17.25,15.949999809265137,16.399999618530273,89240
2008-12-09,16.049999237060547,16.049999237060547,16.950000762939453,15.850000381469727,16.299999237060547,88220
2008-12-10,16.25,16.25,16.549999237060547,15.800000190734863,16.299999237060547,26960
2008-12-11,15.5,15.5,16.649999618530273,15.5,16.049999237060547,37160
2008-12-12,15.699999809265137,15.699999809265137,15.75,15.0,15.149999618530273,82860
2008-12-15,15.5,15.5,15.899999618530273,15.050000190734863,15.800000190734863,64000
2008-12-16,18.0,18.0,18.0,15.449999809265137,15.449999809265137,76880
2008-12-17,19.850000381469727,19.850000381469727,20.0,17.100000381469727,17.75,165160
2008-12-18,18.200000762939453,18.200000762939453,21.5,17.450000762939453,19.100000381469727,177920
2008-12-19,17.899999618530273,17.899999618530273,19.700000762939453,17.350000381469727,19.200000762939453,104420
2008-12-22,17.649999618530273,17.649999618530273,18.950000762939453,16.549999237060547,17.950000762939453,60120
2008-12-23,17.75,17.75,17.950000762939453,17.25,17.950000762939453,25260
2008-12-24,17.850000381469727,17.850000381469727,17.950000762939453,17.299999237060547,17.799999237060547,13480
2008-12-26,17.450000762939453,17.450000762939453,18.5,17.350000381469727,18.5,15960
2008-12-29,16.149999618530273,16.149999618530273,17.75,16.0,17.5,51000
2008-12-30,16.600000381469727,16.600000381469727,16.75,15.800000190734863,16.350000381469727,38920
2008-12-31,17.149999618530273,17.149999618530273,17.5,16.149999618530273,16.600000381469727,65180
2009-01-02,17.649999618530273,17.649999618530273,18.0,17.0,17.149999618530273,36800
2009-01-05,19.049999237060547,19.049999237060547,19.5,17.549999237060547,17.549999237060547,53480
2009-01-06,19.25,19.25,19.950000762939453,18.25,19.899999618530273,37260
2009-01-07,17.950000762939453,17.950000762939453,19.200000762939453,17.549999237060547,18.950000762939453,37260
2009-01-08,18.75,18.75,18.899999618530273,17.75,17.950000762939453,27440
2009-01-09,17.850000381469727,17.850000381469727,19.0,17.799999237060547,18.899999618530273,46640
2009-01-12,18.049999237060547,18.049999237060547,18.450000762939453,17.700000762939453,17.850000381469727,24340
2009-01-13,18.799999237060547,18.799999237060547,19.649999618530273,18.100000381469727,18.100000381469727,41240
2009-01-14,18.399999618530273,18.399999618530273,20.450000762939453,18.350000381469727,19.399999618530273,81500
2009-01-15,18.75,18.75,19.100000381469727,18.0,18.049999237060547,46120
2009-01-16,18.100000381469727,18.100000381469727,18.950000762939453,17.75,18.950000762939453,39580
2009-01-20,17.0,17.0,18.399999618530273,17.0,18.399999618530273,46380
2009-01-21,17.850000381469727,17.850000381469727,18.149999618530273,16.850000381469727,17.299999237060547,55400
2009-01-22,16.850000381469727,16.850000381469727,17.399999618530273,16.75,17.399999618530273,24280
2009-01-23,16.75,16.75,17.549999237060547,16.549999237060547,16.75,31600
2009-01-26,17.299999237060547,17.299999237060547,18.5,16.75,18.5,30720
2009-01-27,17.950000762939453,17.950000762939453,18.399999618530273,16.649999618530273,16.799999237060547,31300
2009-01-28,18.100000381469727,18.100000381469727,18.5,17.600000381469727,18.25,30200
2009-01-29,17.649999618530273,17.649999618530273,18.450000762939453,17.649999618530273,18.25,25340
2009-01-30,17.75,17.75,18.399999618530273,17.5,17.799999237060547,45240
2009-02-02,18.450000762939453,18.450000762939453,19.350000381469727,17.399999618530273,17.899999618530273,37280
2009-02-03,18.850000381469727,18.850000381469727,19.25,18.049999237060547,18.5,44140
2009-02-04,18.100000381469727,18.100000381469727,19.25,18.100000381469727,19.25,23220
2009-02-05,19.0,19.0,19.5,18.100000381469727,18.100000381469727,40260
2009-02-06,19.700000762939453,19.700000762939453,19.899999618530273,18.850000381469727,19.049999237060547,55440
2009-02-09,19.700000762939453,19.700000762939453,20.0,19.100000381469727,19.75,53760
2009-02-10,18.450000762939453,18.450000762939453,19.649999618530273,18.399999618530273,19.649999618530273,46900
2009-02-11,17.899999618530273,17.899999618530273,18.899999618530273,17.600000381469727,18.5,51540
2009-02-12,18.149999618530273,18.149999618530273,18.25,17.5,18.0,24480
2009-02-13,17.950000762939453,17.950000762939453,18.350000381469727,17.600000381469727,18.149999618530273,73420
2009-02-17,17.200000762939453,17.200000762939453,17.700000762939453,17.200000762939453,17.549999237060547,28700
2009-02-18,16.799999237060547,16.799999237060547,17.450000762939453,16.799999237060547,17.299999237060547,39320
2009-02-19,16.0,16.0,17.25,16.0,17.0,40200
2009-02-20,14.100000381469727,14.100000381469727,16.0,13.75,16.0,123360
2009-02-23,13.199999809265137,13.199999809265137,15.0,13.149999618530273,14.449999809265137,91520
2009-02-24,14.149999618530273,14.149999618530273,14.25,13.050000190734863,13.5,51680
2009-02-25,12.5,12.5,15.25,12.5,14.600000381469727,62980
2009-02-26,11.5,11.5,14.75,11.25,14.75,88420
2009-02-27,10.800000190734863,10.800000190734863,11.649999618530273,10.550000190734863,11.5,97440
2009-03-02,10.100000381469727,10.100000381469727,10.899999618530273,10.0,10.800000190734863,125800
2009-03-03,10.699999809265137,10.699999809265137,11.25,10.0,10.25,74540
2009-03-04,11.149999618530273,11.149999618530273,11.5,10.300000190734863,10.949999809265137,58980
2009-03-05,10.75,10.75,11.5,10.600000381469727,11.5,57800
2009-03-06,10.850000381469727,10.850000381469727,11.449999809265137,10.550000190734863,10.600000381469727,72500
2009-03-09,11.449999809265137,11.449999809265137,12.399999618530273,10.949999809265137,10.949999809265137,61800
2009-03-10,11.899999618530273,11.899999618530273,12.5,11.550000190734863,11.949999809265137,61880
2009-03-11,12.600000381469727,12.600000381469727,13.100000381469727,11.75,12.300000190734863,73460
2009-03-12,14.800000190734863,14.800000190734863,14.850000381469727,13.0,13.0,159420
2009-03-13,15.300000190734863,15.300000190734863,15.550000190734863,14.5,14.949999809265137,77440
2009-03-16,15.5,15.5,17.899999618530273,15.25,15.5,114640
2009-03-17,17.5,17.5,17.950000762939453,15.5,15.5,74880
2009-03-18,17.049999237060547,17.049999237060547,17.5,16.149999618530273,17.5,59920
2009-03-19,16.950000762939453,16.950000762939453,17.5,16.5,17.399999618530273,65140
2009-03-20,16.399999618530273,16.399999618530273,17.200000762939453,16.0,17.0,73560
2009-03-23,17.25,17.25,17.399999618530273,16.399999618530273,16.5,86280
2009-03-24,16.149999618530273,16.149999618530273,16.799999237060547,16.0,16.700000762939453,45420
2009-03-25,17.149999618530273,17.149999618530273,17.149999618530273,16.100000381469727,16.299999237060547,73480
2009-03-26,17.350000381469727,17.350000381469727,17.350000381469727,16.850000381469727,17.100000381469727,59260
2009-03-27,16.950000762939453,16.950000762939453,17.200000762939453,16.700000762939453,17.100000381469727,39240
2009-03-30,18.100000381469727,18.100000381469727,18.25,16.25,17.0,57420
2009-03-31,17.399999618530273,17.399999618530273,18.5,17.0,18.299999237060547,71060
2009-04-01,17.600000381469727,17.600000381469727,17.850000381469727,16.75,17.149999618530273,46300
2009-04-02,18.399999618530273,18.399999618530273,18.5,17.299999237060547,18.100000381469727,89580
2009-04-03,18.600000381469727,18.600000381469727,18.75,17.75,18.75,42060
2009-04-06,18.25,18.25,18.75,17.799999237060547,18.299999237060547,32380
2009-04-07,18.100000381469727,18.100000381469727,18.549999237060547,17.549999237060547,18.549999237060547,43800
2009-04-08,17.799999237060547,17.799999237060547,18.5,17.299999237060547,18.200000762939453,48620
2009-04-09,19.0,19.0,19.0,18.0,18.700000762939453,53940
2009-04-13,19.0,19.0,19.0,18.200000762939453,18.649999618530273,31480
2009-04-14,18.549999237060547,18.549999237060547,19.0,18.299999237060547,18.649999618530273,25160
2009-04-15,18.75,18.75,18.799999237060547,18.0,18.5,46960
2009-04-16,19.0,19.0,19.0,18.149999618530273,18.899999618530273,56160
2009-04-17,20.0,20.0,20.5,18.850000381469727,19.100000381469727,98480
2009-04-20,18.649999618530273,18.649999618530273,20.0,18.5,20.0,43440
2009-04-21,19.649999618530273,19.649999618530273,19.75,18.5,18.5,36500
2009-04-22,19.399999618530273,19.399999618530273,19.850000381469727,19.149999618530273,19.399999618530273,40460
2009-04-23,18.5,18.5,20.299999237060547,18.450000762939453,20.299999237060547,52280
2009-04-24,19.75,19.75,19.75,18.5,19.0,61580
2009-04-27,19.899999618530273,19.899999618530273,20.75,19.25,19.5,71840
2009-04-28,20.0,20.0,20.5,19.450000762939453,19.549999237060547,40360
2009-04-29,20.149999618530273,20.149999618530273,22.0,19.600000381469727,20.25,145620
2009-04-30,20.450000762939453,20.450000762939453,21.25,20.25,20.299999237060547,127200
2009-05-01,20.049999237060547,20.049999237060547,20.899999618530273,20.0,20.549999237060547,85600
2009-05-04,20.75,20.75,21.25,20.25,20.25,79920
2009-05-05,27.25,27.25,27.5,21.049999237060547,25.0,262060
2009-05-06,25.0,25.0,27.0,24.0,26.950000762939453,136460
2009-05-07,30.700000762939453,30.700000762939453,33.20000076293945,25.100000381469727,25.200000762939453,240860
2009-05-08,31.600000381469727,31.600000381469727,34.70000076293945,31.299999237060547,32.650001525878906,242580
2009-05-11,32.849998474121094,32.849998474121094,37.5,30.950000762939453,32.650001525878906,294520
2009-05-12,32.400001525878906,32.400001525878906,36.25,30.25,34.75,180760
2009-05-13,29.299999237060547,29.299999237060547,32.45000076293945,29.0,32.400001525878906,149940
2009-05-14,29.049999237060547,29.049999237060547,30.25,27.0,30.0,95760
2009-05-15,29.149999618530273,29.149999618530273,29.950000762939453,28.25,29.75,62700
2009-05-18,31.950000762939453,31.950000762939453,36.20000076293945,29.25,29.649999618530273,297060
2009-05-19,32.04999923706055,32.04999923706055,32.70000076293945,31.5,32.5,79000
2009-05-20,31.25,31.25,33.70000076293945,30.5,32.20000076293945,142720
2009-05-21,31.350000381469727,31.350000381469727,34.5,31.25,31.25,93900
2009-05-22,31.299999237060547,31.299999237060547,32.150001525878906,31.25,31.649999618530273,49500
2009-05-26,32.25,32.25,32.25,31.350000381469727,32.0,54000
2009-05-27,32.04999923706055,32.04999923706055,32.099998474121094,31.399999618530273,31.950000762939453,53780
2009-05-28,33.099998474121094,33.099998474121094,33.900001525878906,31.75,32.349998474121094,102380
2009-05-29,32.900001525878906,32.900001525878906,34.0,32.5,33.04999923706055,87560
2009-06-01,33.25,33.25,34.0,32.900001525878906,33.29999923706055,63020
2009-06-02,33.099998474121094,33.099998474121094,33.75,32.95000076293945,33.75,59820
2009-06-03,34.20000076293945,34.20000076293945,35.25,33.099998474121094,34.0,141640
2009-06-04,35.70000076293945,35.70000076293945,38.0,34.04999923706055,34.29999923706055,266880
2009-06-05,35.29999923706055,35.29999923706055,37.150001525878906,35.0,37.099998474121094,124720
2009-06-08,40.400001525878906,40.400001525878906,46.25,35.400001525878906,38.150001525878906,1505140
2009-06-09,40.5,40.5,43.70000076293945,39.25,41.5,471700
2009-06-10,38.79999923706055,38.79999923706055,41.349998474121094,38.0,41.349998474121094,221260
2009-06-11,38.099998474121094,38.099998474121094,39.0,37.5,38.75,125320
2009-06-12,39.45000076293945,39.45000076293945,39.45000076293945,37.54999923706055,38.25,106440
2009-06-15,41.900001525878906,41.900001525878906,42.0,38.79999923706055,39.0,269720
2009-06-16,41.04999923706055,41.04999923706055,42.04999923706055,40.54999923706055,41.599998474121094,117580
2009-06-17,40.5,40.5,41.75,40.150001525878906,41.04999923706055,78680
2009-06-18,41.04999923706055,41.04999923706055,41.29999923706055,40.5,40.5,88800
2009-06-19,42.54999923706055,42.54999923706055,43.849998474121094,41.099998474121094,41.70000076293945,269260
2009-06-22,41.20000076293945,41.20000076293945,42.79999923706055,39.75,41.75,176160
2009-06-23,41.20000076293945,41.20000076293945,41.599998474121094,40.20000076293945,41.599998474121094,59900
2009-06-24,42.150001525878906,42.150001525878906,43.75,41.349998474121094,43.29999923706055,77780
2009-06-25,42.70000076293945,42.70000076293945,42.79999923706055,41.5,42.25,68680
2009-06-26,41.45000076293945,41.45000076293945,42.0,40.54999923706055,41.75,333360
2009-06-29,42.20000076293945,42.20000076293945,42.45000076293945,40.900001525878906,41.150001525878906,74260
2009-06-30,41.54999923706055,41.54999923706055,42.45000076293945,40.75,42.20000076293945,90320
2009-07-01,42.20000076293945,42.20000076293945,42.25,40.75,41.25,102860
2009-07-02,42.04999923706055,42.04999923706055,42.150001525878906,41.0,41.45000076293945,70980
2009-07-06,40.400001525878906,40.400001525878906,42.0,40.099998474121094,42.0,104100
2009-07-07,39.75,39.75,40.900001525878906,39.04999923706055,40.400001525878906,97640
2009-07-08,41.45000076293945,41.45000076293945,41.5,39.0,39.79999923706055,219380
2009-07-09,40.70000076293945,40.70000076293945,41.849998474121094,40.650001525878906,41.54999923706055,50800
2009-07-10,40.29999923706055,40.29999923706055,41.25,40.099998474121094,40.599998474121094,65260
2009-07-13,40.20000076293945,40.20000076293945,40.900001525878906,39.599998474121094,40.349998474121094,68900
2009-07-14,36.75,36.75,39.75,36.54999923706055,39.75,282520
2009-07-15,37.0,37.0,38.099998474121094,35.75,37.5,198580
2009-07-16,34.900001525878906,34.900001525878906,37.0,34.25,36.75,243180
2009-07-17,36.25,36.25,37.0,33.099998474121094,35.04999923706055,250080
2009-07-20,35.70000076293945,35.70000076293945,36.25,33.54999923706055,36.150001525878906,179160
2009-07-21,36.70000076293945,36.70000076293945,36.95000076293945,34.04999923706055,34.79999923706055,115680
2009-07-22,37.29999923706055,37.29999923706055,37.5,36.04999923706055,36.75,96700
2009-07-23,39.0,39.0,39.25,37.25,37.25,105020
2009-07-24,39.25,39.25,39.79999923706055,38.0,38.599998474121094,63900
2009-07-27,39.25,39.25,39.75,37.599998474121094,39.29999923706055,49480
2009-07-28,39.79999923706055,39.79999923706055,39.849998474121094,37.599998474121094,39.099998474121094,65860
2009-07-29,41.0,41.0,41.400001525878906,38.25,39.29999923706055,112520
2009-07-30,41.04999923706055,41.04999923706055,42.04999923706055,40.29999923706055,41.25,65840
2009-07-31,40.150001525878906,40.150001525878906,41.349998474121094,40.04999923706055,40.70000076293945,71240
2009-08-03,41.150001525878906,41.150001525878906,41.5,40.0,40.25,121200
2009-08-04,40.650001525878906,40.650001525878906,41.5,40.099998474121094,41.0,85760
2009-08-05,37.25,37.25,37.70000076293945,36.04999923706055,36.79999923706055,809640
2009-08-06,37.75,37.75,38.349998474121094,36.900001525878906,37.29999923706055,208460
2009-08-07,37.70000076293945,37.70000076293945,39.150001525878906,37.5,38.099998474121094,117060
2009-08-10,37.70000076293945,37.70000076293945,38.400001525878906,37.20000076293945,37.70000076293945,100460
2009-08-11,36.04999923706055,36.04999923706055,38.5,35.900001525878906,37.599998474121094,141240
2009-08-12,34.54999923706055,34.54999923706055,37.0,34.400001525878906,36.150001525878906,265020
2009-08-13,36.150001525878906,36.150001525878906,36.25,34.0,35.45000076293945,287740
2009-08-14,36.849998474121094,36.849998474121094,37.45000076293945,36.0,36.0,126840
2009-08-17,36.75,36.75,37.25,36.04999923706055,36.70000076293945,94340
2009-08-18,36.400001525878906,36.400001525878906,37.099998474121094,36.20000076293945,36.79999923706055,65060
2009-08-19,37.400001525878906,37.400001525878906,37.400001525878906,36.150001525878906,36.25,75480
2009-08-20,37.20000076293945,37.20000076293945,37.45000076293945,36.5,37.29999923706055,47080
2009-08-21,37.95000076293945,37.95000076293945,38.45000076293945,36.849998474121094,37.650001525878906,145440
2009-08-24,39.099998474121094,39.099998474121094,39.099998474121094,37.599998474121094,38.400001525878906,130300
2009-08-25,39.75,39.75,40.20000076293945,38.54999923706055,39.04999923706055,100980
2009-08-26,39.45000076293945,39.45000076293945,40.099998474121094,38.45000076293945,39.5,71280
2009-08-27,39.79999923706055,39.79999923706055,39.79999923706055,38.599998474121094,39.5,64740
2009-08-28,39.650001525878906,39.650001525878906,40.04999923706055,39.099998474121094,39.900001525878906,67760
2009-08-31,38.95000076293945,38.95000076293945,39.75,38.849998474121094,39.650001525878906,152260
2009-09-01,38.0,38.0,39.70000076293945,37.75,38.650001525878906,100300
2009-09-02,38.54999923706055,38.54999923706055,38.54999923706055,36.75,37.70000076293945,58420
2009-09-03,38.849998474121094,38.849998474121094,39.0,37.54999923706055,38.54999923706055,129600
2009-09-04,40.04999923706055,40.04999923706055,40.04999923706055,38.849998474121094,39.20000076293945,108520
2009-09-08,43.650001525878906,43.650001525878906,44.70000076293945,39.5,40.5,403220
2009-09-09,44.70000076293945,44.70000076293945,46.25,43.25,44.5,321760
2009-09-10,44.45000076293945,44.45000076293945,45.599998474121094,44.0,45.599998474121094,109300
2009-09-11,44.150001525878906,44.150001525878906,44.95000076293945,43.650001525878906,44.900001525878906,95860
2009-09-14,45.75,45.75,47.20000076293945,43.45000076293945,44.20000076293945,161560
2009-09-15,47.70000076293945,47.70000076293945,48.0,46.0,46.95000076293945,232500
2009-09-16,48.599998474121094,48.599998474121094,50.0,47.75,48.0,174520
2009-09-17,48.20000076293945,48.20000076293945,49.75,47.79999923706055,49.20000076293945,131400
2009-09-18,51.04999923706055,51.04999923706055,54.150001525878906,48.849998474121094,50.5,675640
2009-09-21,57.349998474121094,57.349998474121094,58.5,51.29999923706055,52.150001525878906,512140
2009-09-22,59.04999923706055,59.04999923706055,61.5,57.150001525878906,59.0,509040
2009-09-23,53.79999923706055,53.79999923706055,60.0,52.75,59.400001525878906,552880
2009-09-24,51.150001525878906,51.150001525878906,54.70000076293945,50.70000076293945,53.5,543160
2009-09-25,49.04999923706055,49.04999923706055,50.79999923706055,45.099998474121094,47.95000076293945,376800
2009-09-28,49.0,49.0,49.54999923706055,48.25,49.04999923706055,165820
2009-09-29,50.25,50.25,55.54999923706055,48.70000076293945,49.25,568360
2009-09-30,49.25,49.25,50.900001525878906,47.349998474121094,49.5,185300
2009-10-01,46.0,46.0,49.70000076293945,45.95000076293945,49.70000076293945,225820
2009-10-02,48.0,48.0,49.70000076293945,44.45000076293945,45.25,434160
2009-10-05,46.04999923706055,46.04999923706055,49.0,46.0,48.75,239220
2009-10-06,31.549999237060547,31.549999237060547,40.150001525878906,30.649999618530273,40.150001525878906,3386240
2009-10-07,30.75,30.75,33.79999923706055,30.149999618530273,31.899999618530273,1266660
2009-10-08,31.399999618530273,31.399999618530273,31.799999237060547,30.75,31.399999618530273,627800
2009-10-09,33.099998474121094,33.099998474121094,33.25,31.5,31.549999237060547,500980
2009-10-12,32.400001525878906,32.400001525878906,34.349998474121094,31.75,34.04999923706055,463220
2009-10-13,31.450000762939453,31.450000762939453,33.20000076293945,30.799999237060547,33.20000076293945,326820
2009-10-14,29.200000762939453,29.200000762939453,32.25,28.0,31.25,920080
2009-10-15,29.399999618530273,29.399999618530273,29.799999237060547,27.899999618530273,28.899999618530273,338400
2009-10-16,27.700000762939453,27.700000762939453,29.200000762939453,27.5,29.149999618530273,300200
2009-10-19,27.5,27.5,28.75,27.399999618530273,27.700000762939453,396180
2009-10-20,25.399999618530273,25.399999618530273,27.450000762939453,25.350000381469727,27.450000762939453,545740
2009-10-21,28.399999618530273,28.399999618530273,29.549999237060547,25.100000381469727,25.5,1060760
2009-10-22,28.450000762939453,28.450000762939453,28.899999618530273,27.299999237060547,28.450000762939453,290840
2009-10-23,27.200000762939453,27.200000762939453,28.950000762939453,26.850000381469727,28.75,324120
2009-10-26,26.649999618530273,26.649999618530273,28.25,26.25,27.350000381469727,253920
2009-10-27,26.850000381469727,26.850000381469727,27.25,26.25,27.0,271960
2009-10-28,26.049999237060547,26.049999237060547,27.75,25.799999237060547,27.5,234180
2009-10-29,26.75,26.75,28.399999618530273,25.75,26.100000381469727,378480
2009-10-30,26.100000381469727,26.100000381469727,27.049999237060547,25.799999237060547,26.75,268560
2009-11-02,26.5,26.5,27.450000762939453,25.75,25.75,254380
2009-11-03,29.100000381469727,29.100000381469727,29.649999618530273,27.5,28.5,578720
2009-11-04,27.399999618530273,27.399999618530273,29.200000762939453,27.350000381469727,29.149999618530273,316380
2009-11-05,28.200000762939453,28.200000762939453,28.75,27.5,27.600000381469727,247180
2009-11-06,28.600000381469727,28.600000381469727,29.5,28.0,28.399999618530273,240620
2009-11-09,31.049999237060547,31.049999237060547,31.399999618530273,28.700000762939453,29.549999237060547,457040
2009-11-10,32.900001525878906,32.900001525878906,33.75,31.049999237060547,31.049999237060547,622880
2009-11-11,33.349998474121094,33.349998474121094,33.75,32.0,33.400001525878906,305680
2009-11-12,32.29999923706055,32.29999923706055,33.45000076293945,32.04999923706055,33.349998474121094,188600
2009-11-13,31.399999618530273,31.399999618530273,33.400001525878906,31.299999237060547,32.900001525878906,252240
2009-11-16,33.400001525878906,33.400001525878906,33.5,31.5,31.75,197580
2009-11-17,34.349998474121094,34.349998474121094,34.599998474121094,33.099998474121094,33.79999923706055,210460
2009-11-18,36.150001525878906,36.150001525878906,36.95000076293945,34.400001525878906,34.45000076293945,451640
2009-11-19,34.70000076293945,34.70000076293945,36.400001525878906,33.79999923706055,36.04999923706055,279620
2009-11-20,34.400001525878906,34.400001525878906,36.20000076293945,34.04999923706055,35.599998474121094,278960
2009-11-23,35.0,35.0,35.400001525878906,34.0,34.5,198760
2009-11-24,34.400001525878906,34.400001525878906,35.75,34.0,34.75,162140
2009-11-25,34.75,34.75,34.849998474121094,34.0,34.599998474121094,94740
2009-11-27,34.54999923706055,34.54999923706055,34.95000076293945,33.0,33.70000076293945,108200
2009-11-30,36.29999923706055,36.29999923706055,37.04999923706055,34.25,34.54999923706055,276180
2009-12-01,36.70000076293945,36.70000076293945,37.70000076293945,36.349998474121094,36.95000076293945,332540
2009-12-02,36.54999923706055,36.54999923706055,37.0,36.349998474121094,36.599998474121094,161680
2009-12-03,36.29999923706055,36.29999923706055,36.849998474121094,36.099998474121094,36.75,143500
2009-12-04,36.29999923706055,36.29999923706055,37.0,35.25,36.95000076293945,215540
2009-12-07,36.25,36.25,36.599998474121094,35.70000076293945,36.54999923706055,107020
2009-12-08,38.25,38.25,39.25,36.150001525878906,36.150001525878906,478920
2009-12-09,38.349998474121094,38.349998474121094,39.400001525878906,37.099998474121094,38.849998474121094,189540
2009-12-10,39.0,39.0,39.25,38.150001525878906,38.349998474121094,145520
2009-12-11,41.0,41.0,41.75,39.0,39.25,323680
2009-12-14,41.75,41.75,43.0,41.099998474121094,41.70000076293945,382720
2009-12-15,42.400001525878906,42.400001525878906,42.79999923706055,41.75,41.75,236400
2009-12-16,43.95000076293945,43.95000076293945,44.099998474121094,42.79999923706055,43.0,321720
2009-12-17,44.0,44.0,45.0,43.0,44.849998474121094,325400
2009-12-18,46.5,46.5,46.650001525878906,43.849998474121094,44.45000076293945,437880
2009-12-21,47.5,47.5,48.25,45.29999923706055,46.75,575960
2009-12-22,44.900001525878906,44.900001525878906,47.45000076293945,35.349998474121094,46.900001525878906,1447920
2009-12-23,45.0,45.0,46.04999923706055,43.04999923706055,44.849998474121094,421660
2009-12-24,44.25,44.25,45.29999923706055,43.25,45.0,143600
2009-12-28,42.599998474121094,42.599998474121094,45.0,41.70000076293945,44.25,297780
2009-12-29,42.54999923706055,42.54999923706055,42.95000076293945,41.400001525878906,42.900001525878906,190660
2009-12-30,43.75,43.75,44.150001525878906,41.04999923706055,42.849998474121094,248460
2009-12-31,43.79999923706055,43.79999923706055,44.849998474121094,42.900001525878906,43.75,246280
2010-01-04,44.95000076293945,44.95000076293945,45.45000076293945,43.79999923706055,44.5,308100
2010-01-05,39.599998474121094,39.599998474121094,45.099998474121094,36.5,45.0,1724040
2010-01-06,41.400001525878906,41.400001525878906,41.650001525878906,39.650001525878906,40.54999923706055,1372900
2010-01-07,41.599998474121094,41.599998474121094,41.70000076293945,40.0,41.5,647800
2010-01-08,40.20000076293945,40.20000076293945,42.0,40.099998474121094,41.599998474121094,623700
2010-01-11,41.04999923706055,41.04999923706055,42.650001525878906,37.400001525878906,38.75,1341900
2010-01-12,41.5,41.5,42.599998474121094,40.75,41.0,662240
2010-01-13,44.5,44.5,44.900001525878906,41.5,42.0,779360
2010-01-14,51.849998474121094,51.849998474121094,52.79999923706055,44.650001525878906,45.0,1387460
2010-01-15,50.04999923706055,50.04999923706055,54.650001525878906,49.29999923706055,50.45000076293945,1225160
2010-01-19,52.95000076293945,52.95000076293945,55.599998474121094,50.150001525878906,50.20000076293945,742100
2010-01-20,53.95000076293945,53.95000076293945,54.45000076293945,51.349998474121094,53.54999923706055,492140
2010-01-21,53.400001525878906,53.400001525878906,55.400001525878906,52.70000076293945,53.54999923706055,472620
2010-01-22,51.349998474121094,51.349998474121094,53.29999923706055,50.150001525878906,52.95000076293945,464060
2010-01-25,49.75,49.75,52.25,49.400001525878906,51.54999923706055,436280
2010-01-26,50.599998474121094,50.599998474121094,52.400001525878906,48.099998474121094,49.849998474121094,425840
2010-01-27,51.900001525878906,51.900001525878906,52.150001525878906,50.0,50.95000076293945,303780
2010-01-28,51.70000076293945,51.70000076293945,52.20000076293945,51.0,52.0,306260
2010-01-29,50.599998474121094,50.599998474121094,52.20000076293945,49.79999923706055,52.0,441900
2010-02-01,50.70000076293945,50.70000076293945,51.29999923706055,49.29999923706055,50.75,405380
2010-02-02,48.0,48.0,49.75,45.599998474121094,49.0,771560
2010-02-03,47.04999923706055,47.04999923706055,47.95000076293945,46.150001525878906,47.5,447820
2010-02-04,44.650001525878906,44.650001525878906,46.900001525878906,43.599998474121094,46.54999923706055,644240
2010-02-05,43.75,43.75,45.04999923706055,41.650001525878906,44.70000076293945,549020
2010-02-08,44.95000076293945,44.95000076293945,45.099998474121094,42.599998474121094,44.20000076293945,417120
2010-02-09,46.0,46.0,46.20000076293945,44.54999923706055,45.29999923706055,463760
2010-02-10,46.75,46.75,46.79999923706055,45.0,45.099998474121094,309380
2010-02-11,47.900001525878906,47.900001525878906,47.900001525878906,46.54999923706055,46.54999923706055,317740
2010-02-12,49.099998474121094,49.099998474121094,49.95000076293945,47.25,47.54999923706055,408220
2010-02-16,49.04999923706055,49.04999923706055,49.900001525878906,48.79999923706055,49.79999923706055,228220
2010-02-17,50.349998474121094,50.349998474121094,50.79999923706055,49.04999923706055,49.04999923706055,342640
2010-02-18,50.5,50.5,50.849998474121094,49.29999923706055,50.5,303020
2010-02-19,50.5,50.5,50.75,49.95000076293945,50.54999923706055,389800
2010-02-22,50.650001525878906,50.650001525878906,51.099998474121094,50.150001525878906,50.5,262920
2010-02-23,49.20000076293945,49.20000076293945,50.70000076293945,48.25,50.25,330500
2010-02-24,49.54999923706055,49.54999923706055,49.95000076293945,49.150001525878906,49.45000076293945,111520
2010-02-25,49.75,49.75,50.0,48.5,49.20000076293945,146720
2010-02-26,49.95000076293945,49.95000076293945,50.20000076293945,49.54999923706055,49.95000076293945,138460
2010-03-01,51.20000076293945,51.20000076293945,51.25,50.20000076293945,50.25,180320
2010-03-02,52.25,52.25,53.0,51.400001525878906,51.599998474121094,218940
2010-03-03,52.29999923706055,52.29999923706055,53.650001525878906,52.04999923706055,52.45000076293945,184700
2010-03-04,51.25,51.25,52.75,50.29999923706055,52.54999923706055,165080
2010-03-05,50.95000076293945,50.95000076293945,51.75,50.5,51.29999923706055,169740
2010-03-08,51.0,51.0,51.75,49.45000076293945,51.45000076293945,194180
2010-03-09,52.04999923706055,52.04999923706055,52.25,50.25,51.0,186280
2010-03-10,52.400001525878906,52.400001525878906,53.150001525878906,51.75,52.650001525878906,178500
2010-03-11,52.5,52.5,52.70000076293945,51.75,52.54999923706055,106140
2010-03-12,52.400001525878906,52.400001525878906,52.95000076293945,51.349998474121094,52.5,148820
2010-03-15,39.45000076293945,39.45000076293945,50.0,32.79999923706055,35.20000076293945,3470720
2010-03-16,37.95000076293945,37.95000076293945,42.95000076293945,36.79999923706055,40.099998474121094,2428740
2010-03-17,37.45000076293945,37.45000076293945,38.400001525878906,36.150001525878906,38.0,927820
2010-03-18,37.5,37.5,38.900001525878906,36.79999923706055,37.599998474121094,612100
2010-03-19,35.79999923706055,35.79999923706055,38.0,35.099998474121094,35.79999923706055,706080
2010-03-22,32.099998474121094,32.099998474121094,35.0,32.04999923706055,35.0,925400
2010-03-23,34.650001525878906,34.650001525878906,35.349998474121094,31.75,32.25,731380
2010-03-24,35.20000076293945,35.20000076293945,36.95000076293945,34.650001525878906,35.25,482880
2010-03-25,35.04999923706055,35.04999923706055,35.95000076293945,35.0,35.5,271920
2010-03-26,34.54999923706055,34.54999923706055,35.650001525878906,34.25,35.29999923706055,238300
2010-03-29,34.099998474121094,34.099998474121094,36.400001525878906,34.0,35.900001525878906,336960
2010-03-30,32.900001525878906,32.900001525878906,34.29999923706055,32.599998474121094,34.29999923706055,300160
2010-03-31,32.79999923706055,32.79999923706055,33.29999923706055,32.5,32.849998474121094,225740
2010-04-01,32.79999923706055,32.79999923706055,33.599998474121094,32.29999923706055,32.29999923706055,221660
2010-04-05,34.0,34.0,34.099998474121094,32.900001525878906,32.95000076293945,227020
2010-04-06,35.150001525878906,35.150001525878906,35.5,34.0,34.0,321920
2010-04-07,34.45000076293945,34.45000076293945,35.70000076293945,34.29999923706055,35.349998474121094,209060
2010-04-08,34.599998474121094,34.599998474121094,35.0,33.75,34.29999923706055,116580
2010-04-09,34.29999923706055,34.29999923706055,34.849998474121094,34.20000076293945,34.75,92180
2010-04-12,34.75,34.75,36.45000076293945,34.20000076293945,34.79999923706055,471560
2010-04-13,34.29999923706055,34.29999923706055,35.5,34.20000076293945,35.150001525878906,210500
2010-04-14,34.25,34.25,34.70000076293945,33.75,34.70000076293945,221100
2010-04-15,33.54999923706055,33.54999923706055,34.45000076293945,33.349998474121094,34.04999923706055,222160
2010-04-16,32.650001525878906,32.650001525878906,34.0,32.5,33.5,277980
2010-04-19,32.400001525878906,32.400001525878906,33.349998474121094,32.099998474121094,32.599998474121094,157140
2010-04-20,32.45000076293945,32.45000076293945,32.95000076293945,30.549999237060547,32.650001525878906,308020
2010-04-21,30.950000762939453,30.950000762939453,32.400001525878906,30.899999618530273,32.29999923706055,231320
2010-04-22,31.299999237060547,31.299999237060547,31.649999618530273,29.5,30.5,259600
2010-04-23,34.95000076293945,34.95000076293945,35.25,30.600000381469727,31.450000762939453,736320
2010-04-26,34.95000076293945,34.95000076293945,36.650001525878906,34.95000076293945,36.5,453360
2010-04-27,32.79999923706055,32.79999923706055,35.400001525878906,32.75,35.0,269260
2010-04-28,34.45000076293945,34.45000076293945,36.599998474121094,32.54999923706055,33.45000076293945,580920
2010-04-29,35.0,35.0,35.400001525878906,34.04999923706055,34.900001525878906,332200
2010-04-30,34.75,34.75,35.95000076293945,33.75,35.0,475960
2010-05-03,36.150001525878906,36.150001525878906,36.400001525878906,34.599998474121094,34.79999923706055,338840
2010-05-04,35.650001525878906,35.650001525878906,36.5,35.20000076293945,35.599998474121094,228720
2010-05-05,34.150001525878906,34.150001525878906,35.25,33.5,34.95000076293945,361560
2010-05-06,32.5,32.5,34.75,29.75,34.0,395660
2010-05-07,31.25,31.25,33.45000076293945,30.549999237060547,33.0,313200
2010-05-10,32.599998474121094,32.599998474121094,33.5,32.20000076293945,33.5,232760
2010-05-11,34.29999923706055,34.29999923706055,34.849998474121094,32.04999923706055,32.5,316920
2010-05-12,34.0,34.0,34.900001525878906,33.75,34.20000076293945,256640
2010-05-13,30.549999237060547,30.549999237060547,34.04999923706055,30.450000762939453,34.04999923706055,927620
2010-05-14,29.149999618530273,29.149999618530273,30.399999618530273,28.700000762939453,30.399999618530273,724540
2010-05-17,28.200000762939453,28.200000762939453,30.100000381469727,27.350000381469727,29.850000381469727,693860
2010-05-18,27.549999237060547,27.549999237060547,29.149999618530273,27.5,28.5,268500
2010-05-19,26.149999618530273,26.149999618530273,27.600000381469727,25.899999618530273,27.600000381469727,349600
2010-05-20,24.700000762939453,24.700000762939453,25.75,24.549999237060547,25.399999618530273,448000
2010-05-21,24.75,24.75,26.200000762939453,24.100000381469727,24.299999237060547,463280
2010-05-24,25.299999237060547,25.299999237060547,26.0,23.799999237060547,24.850000381469727,417860
2010-05-25,26.850000381469727,26.850000381469727,27.0,24.100000381469727,25.049999237060547,346360
2010-05-26,25.799999237060547,25.799999237060547,28.299999237060547,25.549999237060547,27.5,339960
2010-05-27,27.25,27.25,27.25,26.299999237060547,26.75,129940
2010-05-28,27.799999237060547,27.799999237060547,28.350000381469727,26.350000381469727,27.0,256200
2010-06-01,26.850000381469727,26.850000381469727,28.600000381469727,26.649999618530273,27.350000381469727,242800
2010-06-02,28.5,28.5,28.549999237060547,26.850000381469727,27.0,148980
2010-06-03,29.299999237060547,29.299999237060547,29.399999618530273,28.25,28.450000762939453,162960
2010-06-04,27.350000381469727,27.350000381469727,29.399999618530273,27.0,28.5,268140
2010-06-07,27.549999237060547,27.549999237060547,28.450000762939453,27.0,27.649999618530273,225460
2010-06-08,28.200000762939453,28.200000762939453,28.25,27.0,27.149999618530273,204900
2010-06-09,27.950000762939453,27.950000762939453,28.5,27.350000381469727,28.5,170580
2010-06-10,31.25,31.25,31.299999237060547,27.950000762939453,28.25,759320
2010-06-11,32.5,32.5,34.75,30.950000762939453,30.950000762939453,646240
2010-06-14,32.150001525878906,32.150001525878906,33.5,31.850000381469727,32.70000076293945,333240
2010-06-15,30.600000381469727,30.600000381469727,32.95000076293945,30.100000381469727,32.25,409800
2010-06-16,29.600000381469727,29.600000381469727,30.950000762939453,29.350000381469727,30.0,306460
2010-06-17,29.100000381469727,29.100000381469727,29.600000381469727,28.200000762939453,29.600000381469727,207120
2010-06-18,29.399999618530273,29.399999618530273,30.299999237060547,28.899999618530273,29.25,241920
2010-06-21,28.299999237060547,28.299999237060547,31.25,27.899999618530273,31.0,310020
2010-06-22,28.299999237060547,28.299999237060547,29.299999237060547,27.850000381469727,28.399999618530273,178880
2010-06-23,29.75,29.75,31.200000762939453,29.450000762939453,29.75,402400
2010-06-24,32.79999923706055,32.79999923706055,33.45000076293945,29.200000762939453,29.75,350560
2010-06-25,35.54999923706055,35.54999923706055,35.95000076293945,33.45000076293945,34.150001525878906,647100
2010-06-28,34.25,34.25,35.0,32.95000076293945,34.849998474121094,482980
2010-06-29,33.54999923706055,33.54999923706055,33.79999923706055,32.849998474121094,33.70000076293945,361660
2010-06-30,31.950000762939453,31.950000762939453,33.900001525878906,31.700000762939453,33.54999923706055,166520
2010-07-01,31.600000381469727,31.600000381469727,33.04999923706055,29.899999618530273,32.70000076293945,218660
2010-07-02,30.200000762939453,30.200000762939453,32.45000076293945,30.149999618530273,31.899999618530273,192940
2010-07-06,28.799999237060547,28.799999237060547,31.850000381469727,28.350000381469727,30.850000381469727,334020
2010-07-07,30.950000762939453,30.950000762939453,31.299999237060547,28.799999237060547,28.799999237060547,296540
2010-07-08,31.450000762939453,31.450000762939453,31.75,30.350000381469727,31.600000381469727,208240
2010-07-09,32.29999923706055,32.29999923706055,32.349998474121094,31.0,31.549999237060547,150960
2010-07-12,30.799999237060547,30.799999237060547,32.45000076293945,30.549999237060547,32.099998474121094,160980
2010-07-13,32.650001525878906,32.650001525878906,32.75,30.799999237060547,31.299999237060547,273780
2010-07-14,32.75,32.75,34.400001525878906,31.600000381469727,32.400001525878906,360160
2010-07-15,32.25,32.25,33.0,31.700000762939453,32.70000076293945,199560
2010-07-16,30.049999237060547,30.049999237060547,31.850000381469727,29.600000381469727,31.850000381469727,318780
2010-07-19,31.049999237060547,31.049999237060547,31.149999618530273,29.600000381469727,30.049999237060547,199600
2010-07-20,33.400001525878906,33.400001525878906,34.75,32.25,32.95000076293945,737700
2010-07-21,31.950000762939453,31.950000762939453,33.849998474121094,31.450000762939453,33.599998474121094,312060
2010-07-22,31.649999618530273,31.649999618530273,33.349998474121094,30.25,32.5,390860
2010-07-23,32.45000076293945,32.45000076293945,32.75,30.649999618530273,31.549999237060547,231540
2010-07-26,35.5,35.5,36.349998474121094,32.5,33.0,742820
2010-07-27,35.95000076293945,35.95000076293945,36.25,34.95000076293945,36.0,286200
2010-07-28,34.79999923706055,34.79999923706055,36.45000076293945,34.54999923706055,36.25,207540
2010-07-29,34.29999923706055,34.29999923706055,35.75,33.400001525878906,34.900001525878906,221720
2010-07-30,34.54999923706055,34.54999923706055,35.5,33.849998474121094,33.95000076293945,222740
2010-08-02,35.099998474121094,35.099998474121094,36.79999923706055,34.599998474121094,35.099998474121094,386280
2010-08-03,34.29999923706055,34.29999923706055,35.75,34.099998474121094,35.04999923706055,258120
2010-08-04,34.95000076293945,34.95000076293945,35.45000076293945,34.45000076293945,34.75,189500
2010-08-05,34.400001525878906,34.400001525878906,35.349998474121094,34.25,34.75,138300
2010-08-06,34.5,34.5,34.70000076293945,33.5,34.400001525878906,168260
2010-08-09,35.349998474121094,35.349998474121094,35.54999923706055,33.45000076293945,33.5,282920
2010-08-10,35.75,35.75,36.0,34.70000076293945,34.900001525878906,244500
2010-08-11,34.25,34.25,36.0,33.849998474121094,35.5,400400
2010-08-12,33.70000076293945,33.70000076293945,34.75,33.29999923706055,33.900001525878906,149120
2010-08-13,32.650001525878906,32.650001525878906,33.75,32.599998474121094,33.5,187700
2010-08-16,34.099998474121094,34.099998474121094,34.099998474121094,32.5,32.599998474121094,201020
2010-08-17,31.100000381469727,31.100000381469727,32.25,30.5,32.099998474121094,541180
2010-08-18,29.850000381469727,29.850000381469727,33.150001525878906,29.799999237060547,30.850000381469727,684540
2010-08-19,29.649999618530273,29.649999618530273,31.25,28.75,31.049999237060547,1106720
2010-08-20,29.700000762939453,29.700000762939453,30.049999237060547,29.049999237060547,29.600000381469727,355140
2010-08-23,28.850000381469727,28.850000381469727,29.950000762939453,28.75,29.850000381469727,213840
2010-08-24,28.549999237060547,28.549999237060547,28.950000762939453,27.5,28.25,203240
2010-08-25,28.649999618530273,28.649999618530273,29.049999237060547,27.799999237060547,28.299999237060547,218240
2010-08-26,28.600000381469727,28.600000381469727,29.049999237060547,28.299999237060547,28.850000381469727,221680
2010-08-27,29.350000381469727,29.350000381469727,29.75,28.5,29.049999237060547,174360
2010-08-30,28.350000381469727,28.350000381469727,29.600000381469727,28.299999237060547,29.399999618530273,196660
2010-08-31,27.75,27.75,28.850000381469727,27.700000762939453,28.200000762939453,271820
2010-09-01,28.5,28.5,28.700000762939453,27.700000762939453,28.25,203760
2010-09-02,28.75,28.75,29.100000381469727,28.049999237060547,28.549999237060547,119520
2010-09-03,29.049999237060547,29.049999237060547,29.149999618530273,28.399999618530273,28.950000762939453,192660
2010-09-07,28.700000762939453,28.700000762939453,29.0,28.299999237060547,28.850000381469727,140060
2010-09-08,29.299999237060547,29.299999237060547,29.700000762939453,28.649999618530273,28.649999618530273,192020
2010-09-09,29.399999618530273,29.399999618530273,29.700000762939453,29.100000381469727,29.700000762939453,88920
2010-09-10,29.549999237060547,29.549999237060547,29.75,29.0,29.5,95820
2010-09-13,31.450000762939453,31.450000762939453,32.25,29.649999618530273,29.950000762939453,467880
2010-09-14,31.299999237060547,31.299999237060547,32.900001525878906,31.149999618530273,32.25,361780
2010-09-15,30.299999237060547,30.299999237060547,31.649999618530273,30.149999618530273,31.25,276760
2010-09-16,29.649999618530273,29.649999618530273,31.0,29.25,30.299999237060547,187240
2010-09-17,29.950000762939453,29.950000762939453,30.200000762939453,29.0,30.0,289020
2010-09-20,30.149999618530273,30.149999618530273,30.350000381469727,29.899999618530273,30.25,293300
2010-09-21,29.950000762939453,29.950000762939453,30.850000381469727,29.549999237060547,30.200000762939453,301120
2010-09-22,30.049999237060547,30.049999237060547,30.149999618530273,29.799999237060547,30.0,249700
2010-09-23,30.049999237060547,30.049999237060547,30.350000381469727,29.799999237060547,29.899999618530273,345760
2010-09-24,30.299999237060547,30.299999237060547,30.600000381469727,30.149999618530273,30.549999237060547,177280
2010-09-27,30.25,30.25,30.549999237060547,30.149999618530273,30.399999618530273,177540
2010-09-28,30.399999618530273,30.399999618530273,30.450000762939453,29.899999618530273,30.25,203500
2010-09-29,32.900001525878906,32.900001525878906,33.599998474121094,30.350000381469727,30.350000381469727,1390580
2010-09-30,33.79999923706055,33.79999923706055,34.5,32.650001525878906,34.0,565740
2010-10-01,33.04999923706055,33.04999923706055,34.349998474121094,32.75,34.0,287280
2010-10-04,31.399999618530273,31.399999618530273,33.349998474121094,30.75,33.099998474121094,525700
2010-10-05,32.29999923706055,32.29999923706055,32.599998474121094,31.049999237060547,31.799999237060547,229980
2010-10-06,32.900001525878906,32.900001525878906,34.04999923706055,32.099998474121094,32.400001525878906,313260
2010-10-07,33.29999923706055,33.29999923706055,33.599998474121094,32.45000076293945,33.20000076293945,210700
2010-10-08,33.79999923706055,33.79999923706055,34.0,33.20000076293945,33.29999923706055,242120
2010-10-11,33.099998474121094,33.099998474121094,33.75,32.70000076293945,33.70000076293945,161500
2010-10-12,33.400001525878906,33.400001525878906,33.54999923706055,32.599998474121094,32.900001525878906,167620
2010-10-13,33.349998474121094,33.349998474121094,33.900001525878906,33.29999923706055,33.5,199560
2010-10-14,32.5,32.5,33.5,32.04999923706055,33.04999923706055,286300
2010-10-15,33.5,33.5,34.45000076293945,33.150001525878906,34.45000076293945,490740
2010-10-18,33.79999923706055,33.79999923706055,34.349998474121094,33.650001525878906,33.849998474121094,264880
2010-10-19,34.599998474121094,34.599998474121094,36.0,33.79999923706055,33.95000076293945,671500
2010-10-20,32.849998474121094,32.849998474121094,34.150001525878906,32.45000076293945,33.70000076293945,716380
2010-10-21,31.299999237060547,31.299999237060547,33.400001525878906,30.75,33.150001525878906,747360
2010-10-22,32.5,32.5,32.70000076293945,31.399999618530273,31.399999618530273,491820
2010-10-25,32.29999923706055,32.29999923706055,33.0,31.5,32.650001525878906,307080
2010-10-26,32.29999923706055,32.29999923706055,32.75,31.75,32.20000076293945,154960
2010-10-27,32.29999923706055,32.29999923706055,32.5,31.799999237060547,32.25,140420
2010-10-28,32.0,32.0,32.79999923706055,31.950000762939453,32.650001525878906,281040
2010-10-29,31.899999618530273,31.899999618530273,32.75,31.399999618530273,32.599998474121094,281960
2010-11-01,31.25,31.25,32.849998474121094,30.700000762939453,32.849998474121094,460840
2010-11-02,31.299999237060547,31.299999237060547,31.899999618530273,30.299999237060547,31.75,316180
2010-11-03,30.950000762939453,30.950000762939453,31.600000381469727,30.5,31.299999237060547,233720
2010-11-04,27.549999237060547,27.549999237060547,30.950000762939453,25.350000381469727,30.850000381469727,2491400
2010-11-05,27.700000762939453,27.700000762939453,27.799999237060547,26.25,27.399999618530273,594780
2010-11-08,27.25,27.25,28.350000381469727,26.850000381469727,27.75,367620
2010-11-09,27.0,27.0,27.5,26.600000381469727,27.25,263020
2010-11-10,28.149999618530273,28.149999618530273,28.649999618530273,26.75,27.799999237060547,312100
2010-11-11,27.649999618530273,27.649999618530273,28.25,27.549999237060547,28.0,145720
2010-11-12,29.200000762939453,29.200000762939453,29.200000762939453,27.5,27.700000762939453,330400
2010-11-15,30.299999237060547,30.299999237060547,30.850000381469727,29.549999237060547,29.75,434740
2010-11-16,29.950000762939453,29.950000762939453,31.100000381469727,29.600000381469727,31.049999237060547,404680
2010-11-17,30.200000762939453,30.200000762939453,30.5,29.75,30.25,226760
2010-11-18,30.399999618530273,30.399999618530273,30.75,29.799999237060547,30.649999618530273,180220
2010-11-19,30.049999237060547,30.049999237060547,30.75,30.0,30.75,200520
2010-11-22,30.649999618530273,30.649999618530273,30.75,30.049999237060547,30.549999237060547,201320
2010-11-23,31.600000381469727,31.600000381469727,31.700000762939453,30.350000381469727,30.899999618530273,381480
2010-11-24,33.400001525878906,33.400001525878906,33.5,31.649999618530273,31.75,420840
2010-11-26,33.45000076293945,33.45000076293945,33.849998474121094,32.75,33.25,181400
2010-11-29,32.79999923706055,32.79999923706055,33.75,32.70000076293945,33.75,261880
2010-11-30,31.399999618530273,31.399999618530273,32.70000076293945,30.75,32.5,325100
2010-12-01,31.200000762939453,31.200000762939453,32.70000076293945,31.100000381469727,32.20000076293945,258740
2010-12-02,31.299999237060547,31.299999237060547,32.04999923706055,30.899999618530273,32.04999923706055,188720
2010-12-03,31.700000762939453,31.700000762939453,32.25,31.0,31.25,225840
2010-12-06,32.79999923706055,32.79999923706055,33.150001525878906,31.600000381469727,31.899999618530273,234740
2010-12-07,32.150001525878906,32.150001525878906,33.75,31.850000381469727,33.29999923706055,235220
2010-12-08,33.54999923706055,33.54999923706055,33.70000076293945,32.54999923706055,32.70000076293945,266840
2010-12-09,36.04999923706055,36.04999923706055,36.349998474121094,33.849998474121094,33.849998474121094,688800
2010-12-10,37.54999923706055,37.54999923706055,38.599998474121094,36.099998474121094,36.849998474121094,978840
2010-12-13,38.45000076293945,38.45000076293945,39.099998474121094,36.849998474121094,38.150001525878906,913140
2010-12-14,42.29999923706055,42.29999923706055,42.45000076293945,38.79999923706055,39.150001525878906,1151940
2010-12-15,41.0,41.0,46.150001525878906,36.54999923706055,44.25,2929920
2010-12-16,42.04999923706055,42.04999923706055,42.849998474121094,41.0,41.150001525878906,904240
2010-12-17,40.099998474121094,40.099998474121094,42.5,39.349998474121094,42.349998474121094,863120
2010-12-20,41.29999923706055,41.29999923706055,42.099998474121094,38.849998474121094,40.0,817800
2010-12-21,41.650001525878906,41.650001525878906,41.70000076293945,40.5,41.099998474121094,574620
2010-12-22,42.599998474121094,42.599998474121094,43.150001525878906,41.54999923706055,41.650001525878906,582440
2010-12-23,40.599998474121094,40.599998474121094,43.349998474121094,40.20000076293945,43.29999923706055,884980
2010-12-27,39.849998474121094,39.849998474121094,40.75,37.349998474121094,39.95000076293945,902280
2010-12-28,41.150001525878906,41.150001525878906,44.45000076293945,40.099998474121094,43.349998474121094,1935400
2010-12-29,40.04999923706055,40.04999923706055,41.0,39.599998474121094,41.0,563280
2010-12-30,40.650001525878906,40.650001525878906,40.79999923706055,39.79999923706055,39.849998474121094,379500
2010-12-31,40.29999923706055,40.29999923706055,40.599998474121094,40.0,40.400001525878906,379980
2011-01-03,42.45000076293945,42.45000076293945,42.599998474121094,40.25,41.150001525878906,857500
2011-01-04,41.849998474121094,41.849998474121094,42.95000076293945,41.650001525878906,42.20000076293945,431460
2011-01-05,42.150001525878906,42.150001525878906,42.650001525878906,41.349998474121094,42.099998474121094,397840
2011-01-06,41.900001525878906,41.900001525878906,42.349998474121094,41.599998474121094,42.150001525878906,357920
2011-01-07,41.0,41.0,42.25,40.900001525878906,42.20000076293945,407940
2011-01-10,42.0,42.0,42.099998474121094,41.0,41.45000076293945,411420
2011-01-11,43.54999923706055,43.54999923706055,43.75,42.25,42.70000076293945,749040
2011-01-12,45.20000076293945,45.20000076293945,45.45000076293945,43.75,44.150001525878906,1009580
2011-01-13,47.0,47.0,48.900001525878906,45.599998474121094,46.349998474121094,1373400
2011-01-14,48.20000076293945,48.20000076293945,48.900001525878906,47.25,48.349998474121094,1058220
2011-01-18,49.150001525878906,49.150001525878906,50.25,48.5,49.54999923706055,1138560
2011-01-19,45.54999923706055,45.54999923706055,49.54999923706055,30.25,49.54999923706055,2045660
2011-01-20,30.850000381469727,30.850000381469727,31.149999618530273,25.0,25.350000381469727,6893800
2011-01-21,28.799999237060547,28.799999237060547,30.399999618530273,28.100000381469727,29.200000762939453,2527060
2011-01-24,27.149999618530273,27.149999618530273,28.25,26.549999237060547,28.149999618530273,1609340
2011-01-25,27.049999237060547,27.049999237060547,27.600000381469727,26.600000381469727,26.799999237060547,1110600
2011-01-26,26.25,26.25,27.200000762939453,26.25,27.0,605800
2011-01-27,25.649999618530273,25.649999618530273,26.25,25.100000381469727,26.25,755200
2011-01-28,25.25,25.25,26.350000381469727,25.200000762939453,26.25,736660
2011-01-31,23.850000381469727,23.850000381469727,25.399999618530273,23.75,25.399999618530273,887560
2011-02-01,23.700000762939453,23.700000762939453,24.200000762939453,23.0,23.799999237060547,795580
2011-02-02,25.75,25.75,26.25,23.75,23.75,840040
2011-02-03,25.5,25.5,26.0,25.0,25.799999237060547,336900
2011-02-04,25.75,25.75,26.100000381469727,25.049999237060547,25.5,461520
2011-02-07,26.700000762939453,26.700000762939453,27.049999237060547,25.600000381469727,25.75,536340
2011-02-08,26.600000381469727,26.600000381469727,27.100000381469727,26.100000381469727,26.950000762939453,311000
2011-02-09,25.700000762939453,25.700000762939453,26.450000762939453,25.5,26.350000381469727,282520
2011-02-10,25.299999237060547,25.299999237060547,26.200000762939453,25.25,26.200000762939453,437580
2011-02-11,18.950000762939453,18.950000762939453,22.600000381469727,18.799999237060547,22.5,4062780
2011-02-14,17.399999618530273,17.399999618530273,18.850000381469727,17.0,18.600000381469727,1635620
2011-02-15,19.25,19.25,19.75,17.049999237060547,17.399999618530273,1232560
2011-02-16,19.149999618530273,19.149999618530273,19.850000381469727,19.049999237060547,19.850000381469727,475240
2011-02-17,19.350000381469727,19.350000381469727,19.450000762939453,18.200000762939453,19.25,455480
2011-02-18,19.299999237060547,19.299999237060547,19.299999237060547,18.75,19.25,412960
2011-02-22,19.200000762939453,19.200000762939453,19.350000381469727,18.5,18.799999237060547,479580
2011-02-23,18.299999237060547,18.299999237060547,19.25,18.0,19.149999618530273,353200
2011-02-24,18.799999237060547,18.799999237060547,19.200000762939453,18.200000762939453,19.200000762939453,345260
2011-02-25,18.25,18.25,18.950000762939453,18.049999237060547,18.950000762939453,268220
2011-02-28,18.700000762939453,18.700000762939453,19.100000381469727,18.200000762939453,18.350000381469727,272420
2011-03-01,18.450000762939453,18.450000762939453,18.850000381469727,18.299999237060547,18.850000381469727,153480
2011-03-02,19.0,19.0,19.049999237060547,18.350000381469727,18.399999618530273,257440
2011-03-03,19.0,19.0,19.149999618530273,18.549999237060547,19.0,157920
2011-03-04,19.450000762939453,19.450000762939453,20.200000762939453,19.25,19.450000762939453,428700
2011-03-07,18.850000381469727,18.850000381469727,19.75,18.600000381469727,19.600000381469727,177860
2011-03-08,19.25,19.25,19.350000381469727,18.5,18.950000762939453,213080
2011-03-09,19.049999237060547,19.049999237060547,19.299999237060547,19.0,19.25,112120
2011-03-10,19.149999618530273,19.149999618530273,19.350000381469727,18.549999237060547,19.0,206160
2011-03-11,19.549999237060547,19.549999237060547,19.799999237060547,19.25,19.25,183840
2011-03-14,18.600000381469727,18.600000381469727,19.350000381469727,18.399999618530273,19.299999237060547,406340
2011-03-15,18.950000762939453,18.950000762939453,18.950000762939453,17.649999618530273,18.0,246640
2011-03-16,18.350000381469727,18.350000381469727,18.899999618530273,18.149999618530273,18.75,200580
2011-03-17,17.899999618530273,17.899999618530273,18.75,17.850000381469727,18.450000762939453,173200
2011-03-18,17.850000381469727,17.850000381469727,18.0,17.799999237060547,18.0,153940
2011-03-21,17.799999237060547,17.799999237060547,18.049999237060547,17.5,17.850000381469727,203220
2011-03-22,18.200000762939453,18.200000762939453,19.350000381469727,17.899999618530273,17.899999618530273,494200
2011-03-23,17.899999618530273,17.899999618530273,18.350000381469727,17.75,18.299999237060547,166200
2011-03-24,18.200000762939453,18.200000762939453,18.399999618530273,17.850000381469727,17.899999618530273,117800
2011-03-25,18.950000762939453,18.950000762939453,19.100000381469727,18.25,18.25,308880
2011-03-28,18.399999618530273,18.399999618530273,19.100000381469727,18.350000381469727,18.899999618530273,252680
2011-03-29,18.299999237060547,18.299999237060547,18.899999618530273,18.25,18.25,158820
2011-03-30,18.5,18.5,18.799999237060547,18.149999618530273,18.299999237060547,172760
2011-03-31,18.200000762939453,18.200000762939453,18.549999237060547,18.149999618530273,18.350000381469727,114140
2011-04-01,18.799999237060547,18.799999237060547,18.799999237060547,18.149999618530273,18.200000762939453,135560
2011-04-04,18.700000762939453,18.700000762939453,18.850000381469727,18.299999237060547,18.649999618530273,103200
2011-04-05,18.649999618530273,18.649999618530273,18.850000381469727,18.5,18.649999618530273,100580
2011-04-06,18.5,18.5,18.850000381469727,18.450000762939453,18.850000381469727,93540
2011-04-07,18.25,18.25,18.649999618530273,18.100000381469727,18.450000762939453,128020
2011-04-08,18.200000762939453,18.200000762939453,18.549999237060547,18.100000381469727,18.5,94760
2011-04-11,17.950000762939453,17.950000762939453,18.200000762939453,17.799999237060547,18.100000381469727,169020
2011-04-12,18.100000381469727,18.100000381469727,18.200000762939453,17.399999618530273,17.950000762939453,221280
2011-04-13,18.200000762939453,18.200000762939453,18.450000762939453,17.75,18.100000381469727,171960
2011-04-14,18.0,18.0,18.100000381469727,17.649999618530273,18.0,110460
2011-04-15,18.299999237060547,18.299999237060547,18.399999618530273,17.75,18.100000381469727,113940
2011-04-18,18.399999618530273,18.399999618530273,18.450000762939453,17.75,18.450000762939453,119700
2011-04-19,18.399999618530273,18.399999618530273,18.700000762939453,18.049999237060547,18.450000762939453,166440
2011-04-20,18.649999618530273,18.649999618530273,18.700000762939453,18.299999237060547,18.600000381469727,115240
2011-04-21,18.799999237060547,18.799999237060547,18.799999237060547,18.5,18.75,124960
2011-04-25,18.799999237060547,18.799999237060547,18.799999237060547,18.5,18.75,98800
2011-04-26,19.0,19.0,19.350000381469727,18.600000381469727,18.75,240000
2011-04-27,20.5,20.5,21.5,19.049999237060547,19.049999237060547,631880
2011-04-28,22.049999237060547,22.049999237060547,22.5,20.799999237060547,20.950000762939453,740860
2011-04-29,21.799999237060547,21.799999237060547,22.5,20.600000381469727,22.450000762939453,491940
2011-05-02,22.149999618530273,22.149999618530273,22.950000762939453,21.549999237060547,22.299999237060547,422780
2011-05-03,21.399999618530273,21.399999618530273,22.549999237060547,20.899999618530273,22.200000762939453,235180
2011-05-04,21.850000381469727,21.850000381469727,22.299999237060547,20.75,21.5,241640
2011-05-05,21.799999237060547,21.799999237060547,22.100000381469727,21.299999237060547,21.899999618530273,231260
2011-05-06,21.75,21.75,22.350000381469727,21.350000381469727,21.950000762939453,250740
2011-05-09,22.0,22.0,23.75,21.600000381469727,22.600000381469727,1059940
2011-05-10,19.299999237060547,19.299999237060547,19.75,18.75,18.799999237060547,1181240
2011-05-11,19.399999618530273,19.399999618530273,19.700000762939453,19.149999618530273,19.549999237060547,332100
2011-05-12,20.399999618530273,20.399999618530273,20.5,19.149999618530273,19.399999618530273,363260
2011-05-13,19.950000762939453,19.950000762939453,20.799999237060547,19.5,20.299999237060547,276860
2011-05-16,19.5,19.5,20.0,19.450000762939453,19.899999618530273,193840
2011-05-17,19.450000762939453,19.450000762939453,19.700000762939453,19.200000762939453,19.5,171360
2011-05-18,20.049999237060547,20.049999237060547,20.200000762939453,19.25,19.399999618530273,189780
2011-05-19,20.100000381469727,20.100000381469727,20.25,19.75,20.149999618530273,92060
2011-05-20,20.0,20.0,20.299999237060547,19.799999237060547,19.850000381469727,177740
2011-05-23,19.700000762939453,19.700000762939453,20.149999618530273,19.649999618530273,19.799999237060547,125700
2011-05-24,19.700000762939453,19.700000762939453,19.899999618530273,19.350000381469727,19.850000381469727,157280
2011-05-25,20.549999237060547,20.549999237060547,20.549999237060547,19.600000381469727,19.75,164760
2011-05-26,21.149999618530273,21.149999618530273,21.200000762939453,20.149999618530273,20.450000762939453,170760
2011-05-27,20.600000381469727,20.600000381469727,21.25,20.5,21.25,103520
2011-05-31,20.399999618530273,20.399999618530273,20.950000762939453,20.100000381469727,20.649999618530273,117760
2011-06-01,20.0,20.0,20.5,19.850000381469727,20.299999237060547,152520
2011-06-02,20.149999618530273,20.149999618530273,20.5,19.450000762939453,19.950000762939453,146040
2011-06-03,19.799999237060547,19.799999237060547,20.100000381469727,19.600000381469727,19.850000381469727,89400
2011-06-06,19.5,19.5,19.799999237060547,19.450000762939453,19.75,127600
2011-06-07,19.299999237060547,19.299999237060547,19.75,19.299999237060547,19.649999618530273,97480
2011-06-08,19.0,19.0,19.5,18.950000762939453,19.25,199460
2011-06-09,19.049999237060547,19.049999237060547,19.25,18.950000762939453,19.149999618530273,85780
2011-06-10,19.049999237060547,19.049999237060547,19.149999618530273,18.899999618530273,19.0,82880
2011-06-13,19.0,19.0,19.350000381469727,18.75,19.049999237060547,163100
2011-06-14,19.049999237060547,19.049999237060547,19.649999618530273,18.899999618530273,19.0,81740
2011-06-15,18.700000762939453,18.700000762939453,19.100000381469727,18.700000762939453,18.950000762939453,77420
2011-06-16,18.100000381469727,18.100000381469727,19.0,18.0,18.649999618530273,130960
2011-06-17,19.450000762939453,19.450000762939453,19.600000381469727,18.25,18.350000381469727,183540
2011-06-20,20.5,20.5,20.5,19.100000381469727,19.450000762939453,267600
2011-06-21,20.149999618530273,20.149999618530273,20.600000381469727,19.600000381469727,20.600000381469727,136840
2011-06-22,20.299999237060547,20.299999237060547,20.5,19.850000381469727,20.049999237060547,105520
2011-06-23,20.049999237060547,20.049999237060547,20.25,19.75,20.0,89500
2011-06-24,19.950000762939453,19.950000762939453,20.25,19.899999618530273,19.950000762939453,266620
2011-06-27,20.75,20.75,21.5,20.299999237060547,20.600000381469727,322080
2011-06-28,19.75,19.75,20.75,19.200000762939453,20.75,254840
2011-06-29,19.299999237060547,19.299999237060547,19.850000381469727,19.299999237060547,19.799999237060547,108620
2011-06-30,19.0,19.0,19.399999618530273,18.799999237060547,19.350000381469727,146280
2011-07-01,19.200000762939453,19.200000762939453,19.25,18.799999237060547,19.100000381469727,105540
2011-07-05,19.0,19.0,19.399999618530273,18.850000381469727,19.299999237060547,120520
2011-07-06,18.75,18.75,19.0,18.600000381469727,18.899999618530273,80760
2011-07-07,19.5,19.5,19.950000762939453,18.450000762939453,19.0,206340
2011-07-08,19.299999237060547,19.299999237060547,19.75,19.200000762939453,19.5,62200
2011-07-11,18.850000381469727,18.850000381469727,19.5,18.850000381469727,19.5,85560
2011-07-12,18.950000762939453,18.950000762939453,19.100000381469727,18.649999618530273,18.899999618530273,75060
2011-07-13,18.850000381469727,18.850000381469727,19.049999237060547,18.75,19.049999237060547,81400
2011-07-14,18.899999618530273,18.899999618530273,19.200000762939453,18.75,18.799999237060547,130540
2011-07-15,18.299999237060547,18.299999237060547,19.0,18.299999237060547,18.950000762939453,143260
2011-07-18,18.0,18.0,18.5,17.799999237060547,18.299999237060547,127640
2011-07-19,18.350000381469727,18.350000381469727,18.5,17.950000762939453,18.149999618530273,87680
2011-07-20,18.0,18.0,18.549999237060547,17.950000762939453,18.5,89520
2011-07-21,18.0,18.0,18.0,17.850000381469727,18.0,97800
2011-07-22,17.75,17.75,18.049999237060547,17.649999618530273,18.049999237060547,115000
2011-07-25,17.5,17.5,17.75,17.450000762939453,17.649999618530273,96320
2011-07-26,17.200000762939453,17.200000762939453,17.549999237060547,17.149999618530273,17.450000762939453,115400
2011-07-27,16.549999237060547,16.549999237060547,17.350000381469727,16.350000381469727,17.200000762939453,158160
2011-07-28,16.899999618530273,16.899999618530273,17.399999618530273,16.399999618530273,16.649999618530273,113200
2011-07-29,16.600000381469727,16.600000381469727,17.149999618530273,16.549999237060547,16.799999237060547,123560
2011-08-01,16.100000381469727,16.100000381469727,17.25,16.049999237060547,17.0,150340
2011-08-02,15.399999618530273,15.399999618530273,16.549999237060547,15.350000381469727,16.049999237060547,171060
2011-08-03,14.850000381469727,14.850000381469727,15.550000190734863,14.350000381469727,15.449999809265137,315960
2011-08-04,13.550000190734863,13.550000190734863,14.899999618530273,13.350000381469727,14.75,409920
2011-08-05,13.350000381469727,13.350000381469727,14.100000381469727,13.0,13.75,185460
2011-08-08,11.550000190734863,11.550000190734863,13.0,11.0,12.800000190734863,461920
2011-08-09,12.350000381469727,12.350000381469727,12.350000381469727,11.100000381469727,11.699999809265137,248960
2011-08-10,11.25,11.25,12.199999809265137,11.100000381469727,12.149999618530273,244020
2011-08-11,11.850000381469727,11.850000381469727,12.149999618530273,11.25,11.399999618530273,225100
2011-08-12,13.949999809265137,13.949999809265137,15.75,13.5,15.0,1366160
2011-08-15,14.199999809265137,14.199999809265137,14.550000190734863,13.300000190734863,14.550000190734863,311900
2011-08-16,12.949999809265137,12.949999809265137,14.100000381469727,12.949999809265137,13.899999618530273,226840
2011-08-17,12.850000381469727,12.850000381469727,13.350000381469727,12.550000190734863,13.149999618530273,129080
2011-08-18,12.050000190734863,12.050000190734863,12.850000381469727,11.0,12.649999618530273,228720
2011-08-19,12.0,12.0,12.5,11.75,11.800000190734863,151600
2011-08-22,12.199999809265137,12.199999809265137,13.149999618530273,12.0,12.550000190734863,156860
2011-08-23,12.75,12.75,12.75,12.149999618530273,12.5,136340
2011-08-24,13.25,13.25,13.300000190734863,12.449999809265137,12.600000381469727,105300
2011-08-25,12.600000381469727,12.600000381469727,13.350000381469727,12.25,13.25,159720
2011-08-26,12.800000190734863,12.800000190734863,13.0,12.25,12.5,87980
2011-08-29,13.5,13.5,13.600000381469727,12.75,12.800000190734863,136760
2011-08-30,14.300000190734863,14.300000190734863,14.350000381469727,13.100000381469727,13.449999809265137,158740
2011-08-31,15.100000381469727,15.100000381469727,15.199999809265137,14.300000190734863,14.399999618530273,242880
2011-09-01,14.600000381469727,14.600000381469727,15.5,14.5,15.100000381469727,156760
2011-09-02,14.649999618530273,14.649999618530273,14.75,14.0,14.399999618530273,141280
2011-09-06,15.800000190734863,15.800000190734863,15.800000190734863,13.75,14.199999809265137,206320
2011-09-07,16.149999618530273,16.149999618530273,16.5,15.399999618530273,16.100000381469727,226040
2011-09-08,15.25,15.25,16.399999618530273,15.25,16.200000762939453,119840
2011-09-09,14.75,14.75,15.199999809265137,14.25,15.050000190734863,114740
2011-09-12,15.699999809265137,15.699999809265137,15.75,14.350000381469727,14.399999618530273,163880
2011-09-13,16.450000762939453,16.450000762939453,16.549999237060547,15.800000190734863,15.899999618530273,267760
2011-09-14,16.350000381469727,16.350000381469727,16.75,16.049999237060547,16.5,234240
2011-09-15,17.0,17.0,17.25,16.399999618530273,17.0,182120
2011-09-16,17.049999237060547,17.049999237060547,17.649999618530273,16.549999237060547,16.75,168500
2011-09-19,16.700000762939453,16.700000762939453,17.450000762939453,16.350000381469727,16.850000381469727,109200
2011-09-20,16.649999618530273,16.649999618530273,17.5,16.5,17.25,170140
2011-09-21,16.299999237060547,16.299999237060547,17.0,16.25,16.75,154880
2011-09-22,15.899999618530273,15.899999618530273,16.049999237060547,14.600000381469727,16.049999237060547,189900
2011-09-23,18.700000762939453,18.700000762939453,18.899999618530273,15.800000190734863,15.800000190734863,453440
2011-09-26,19.049999237060547,19.049999237060547,19.350000381469727,17.649999618530273,19.25,263340
2011-09-27,18.850000381469727,18.850000381469727,19.75,18.5,19.700000762939453,218400
2011-09-28,18.700000762939453,18.700000762939453,19.700000762939453,17.75,19.100000381469727,224500
2011-09-29,19.049999237060547,19.049999237060547,19.450000762939453,18.0,19.149999618530273,200100
2011-09-30,18.950000762939453,18.950000762939453,19.350000381469727,18.25,18.700000762939453,214360
2011-10-03,17.25,17.25,19.350000381469727,17.25,18.799999237060547,198000
2011-10-04,18.5,18.5,18.950000762939453,16.149999618530273,16.850000381469727,244880
2011-10-05,17.450000762939453,17.450000762939453,18.899999618530273,17.299999237060547,18.5,135140
2011-10-06,17.700000762939453,17.700000762939453,18.5,16.600000381469727,17.450000762939453,112560
2011-10-07,16.75,16.75,18.200000762939453,16.649999618530273,18.0,111880
2011-10-10,17.399999618530273,17.399999618530273,17.399999618530273,16.700000762939453,17.100000381469727,94180
2011-10-11,16.899999618530273,16.899999618530273,17.850000381469727,16.799999237060547,17.25,152220
2011-10-12,17.899999618530273,17.899999618530273,17.899999618530273,16.850000381469727,17.25,152000
2011-10-13,16.950000762939453,16.950000762939453,18.100000381469727,16.649999618530273,17.700000762939453,155620
2011-10-14,16.75,16.75,17.299999237060547,16.5,17.049999237060547,137700
2011-10-17,15.350000381469727,15.350000381469727,17.0,15.300000190734863,16.600000381469727,285900
2011-10-18,15.600000381469727,15.600000381469727,15.699999809265137,15.100000381469727,15.399999618530273,145320
2011-10-19,15.050000190734863,15.050000190734863,15.649999618530273,15.0,15.449999809265137,125360
2011-10-20,15.0,15.0,15.300000190734863,14.699999809265137,15.100000381469727,159180
2011-10-21,15.050000190734863,15.050000190734863,15.449999809265137,14.850000381469727,15.449999809265137,137820
2011-10-24,15.25,15.25,15.449999809265137,14.899999618530273,15.050000190734863,104420
2011-10-25,15.149999618530273,15.149999618530273,15.25,14.850000381469727,15.25,68880
2011-10-26,15.300000190734863,15.300000190734863,16.100000381469727,14.850000381469727,15.25,150820
2011-10-27,16.149999618530273,16.149999618530273,16.25,15.5,15.699999809265137,189640
2011-10-28,15.649999618530273,15.649999618530273,16.450000762939453,15.600000381469727,16.25,141260
2011-10-31,15.600000381469727,15.600000381469727,15.800000190734863,15.350000381469727,15.5,57940
2011-11-01,15.550000190734863,15.550000190734863,15.75,15.399999618530273,15.399999618530273,102000
2011-11-02,15.5,15.5,16.299999237060547,15.399999618530273,16.299999237060547,124000
2011-11-03,15.5,15.5,15.899999618530273,15.399999618530273,15.5,161860
2011-11-04,15.050000190734863,15.050000190734863,15.649999618530273,15.050000190734863,15.5,103640
2011-11-07,15.25,15.25,15.350000381469727,15.050000190734863,15.100000381469727,71300
2011-11-08,15.100000381469727,15.100000381469727,15.5,15.0,15.350000381469727,217560
2011-11-09,14.949999809265137,14.949999809265137,15.25,14.949999809265137,15.100000381469727,134520
2011-11-10,14.850000381469727,14.850000381469727,15.25,14.850000381469727,15.25,89260
2011-11-11,15.25,15.25,15.449999809265137,14.649999618530273,14.949999809265137,102180
2011-11-14,14.899999618530273,14.899999618530273,15.25,14.800000190734863,15.25,104860
2011-11-15,15.25,15.25,15.300000190734863,14.949999809265137,15.199999809265137,185340
2011-11-16,15.350000381469727,15.350000381469727,15.399999618530273,15.100000381469727,15.25,194060
2011-11-17,16.100000381469727,16.100000381469727,16.700000762939453,15.100000381469727,15.350000381469727,229260
2011-11-18,15.199999809265137,15.199999809265137,16.5,15.0,16.350000381469727,205460
2011-11-21,15.75,15.75,16.100000381469727,14.649999618530273,15.050000190734863,133140
2011-11-22,15.0,15.0,16.0,14.800000190734863,15.75,124260
2011-11-23,15.899999618530273,15.899999618530273,16.25,15.0,15.0,304400
2011-11-25,14.75,14.75,15.949999809265137,14.699999809265137,15.949999809265137,89760
2011-11-28,15.399999618530273,15.399999618530273,15.600000381469727,15.050000190734863,15.600000381469727,88000
2011-11-29,15.0,15.0,15.600000381469727,15.0,15.449999809265137,93040
2011-11-30,15.300000190734863,15.300000190734863,15.550000190734863,15.149999618530273,15.399999618530273,156100
2011-12-01,15.449999809265137,15.449999809265137,15.75,15.149999618530273,15.350000381469727,118360
2011-12-02,15.199999809265137,15.199999809265137,15.600000381469727,15.050000190734863,15.600000381469727,105700
2011-12-05,15.050000190734863,15.050000190734863,15.449999809265137,15.050000190734863,15.350000381469727,91140
2011-12-06,14.899999618530273,14.899999618530273,15.300000190734863,14.800000190734863,15.199999809265137,97620
2011-12-07,14.949999809265137,14.949999809265137,15.149999618530273,14.800000190734863,14.899999618530273,94720
2011-12-08,14.75,14.75,15.149999618530273,14.75,15.149999618530273,89120
2011-12-09,14.600000381469727,14.600000381469727,14.949999809265137,14.550000190734863,14.850000381469727,94320
2011-12-12,14.75,14.75,14.800000190734863,14.300000190734863,14.550000190734863,105120
2011-12-13,13.649999618530273,13.649999618530273,14.850000381469727,13.199999809265137,14.850000381469727,181040
2011-12-14,13.699999809265137,13.699999809265137,14.050000190734863,13.699999809265137,13.75,73600
2011-12-15,13.300000190734863,13.300000190734863,13.850000381469727,13.100000381469727,13.850000381469727,94740
2011-12-16,13.350000381469727,13.350000381469727,13.600000381469727,12.800000190734863,13.5,139540
2011-12-19,13.800000190734863,13.800000190734863,14.149999618530273,13.25,13.449999809265137,107200
2011-12-20,14.0,14.0,14.100000381469727,13.449999809265137,13.949999809265137,107760
2011-12-21,13.600000381469727,13.600000381469727,14.050000190734863,13.25,14.050000190734863,84140
2011-12-22,13.75,13.75,14.100000381469727,13.5,13.649999618530273,168660
2011-12-23,13.449999809265137,13.449999809265137,13.949999809265137,13.350000381469727,13.75,89340
2011-12-27,13.149999618530273,13.149999618530273,13.600000381469727,13.050000190734863,13.399999618530273,84940
2011-12-28,12.800000190734863,12.800000190734863,13.300000190734863,12.75,13.149999618530273,138360
2011-12-29,13.0,13.0,13.149999618530273,12.550000190734863,12.850000381469727,149940
2011-12-30,12.5,12.5,13.199999809265137,12.25,12.850000381469727,300380
2012-01-03,12.600000381469727,12.600000381469727,13.0,12.449999809265137,12.600000381469727,157880
2012-01-04,11.800000190734863,11.800000190734863,12.600000381469727,11.75,12.550000190734863,183900
2012-01-05,11.949999809265137,11.949999809265137,12.149999618530273,11.550000190734863,11.75,118040
2012-01-06,12.800000190734863,12.800000190734863,13.25,12.100000381469727,12.100000381469727,300560
2012-01-09,12.800000190734863,12.800000190734863,12.899999618530273,12.25,12.800000190734863,140540
2012-01-10,12.899999618530273,12.899999618530273,13.0,12.600000381469727,13.0,116160
2012-01-11,13.149999618530273,13.149999618530273,13.25,12.649999618530273,12.899999618530273,167960
2012-01-12,13.699999809265137,13.699999809265137,14.100000381469727,13.050000190734863,13.25,404100
2012-01-13,13.699999809265137,13.699999809265137,14.199999809265137,13.399999618530273,13.649999618530273,211540
2012-01-17,13.600000381469727,13.600000381469727,14.0,13.5,14.0,142540
2012-01-18,13.649999618530273,13.649999618530273,13.800000190734863,13.300000190734863,13.75,138460
2012-01-19,14.199999809265137,14.199999809265137,14.25,13.5,13.75,188300
2012-01-20,14.100000381469727,14.100000381469727,15.199999809265137,13.850000381469727,14.600000381469727,346120
2012-01-23,13.949999809265137,13.949999809265137,14.699999809265137,13.699999809265137,14.25,209380
2012-01-24,14.399999618530273,14.399999618530273,14.399999618530273,13.75,13.800000190734863,240200
2012-01-25,15.449999809265137,15.449999809265137,15.449999809265137,14.100000381469727,14.449999809265137,234380
2012-01-26,17.049999237060547,17.049999237060547,17.100000381469727,15.300000190734863,15.399999618530273,460600
2012-01-27,16.399999618530273,16.399999618530273,17.200000762939453,16.299999237060547,16.700000762939453,238060
2012-01-30,15.850000381469727,15.850000381469727,17.399999618530273,15.300000190734863,17.25,287200
2012-01-31,13.5,13.5,16.0,13.399999618530273,15.800000190734863,582080
2012-02-01,13.399999618530273,13.399999618530273,13.75,13.25,13.699999809265137,415860
2012-02-02,12.350000381469727,12.350000381469727,13.75,12.25,13.75,567360
2012-02-03,10.850000381469727,10.850000381469727,11.350000381469727,10.699999809265137,11.0,5410800
2012-02-06,11.699999809265137,11.699999809265137,11.800000190734863,10.899999618530273,10.949999809265137,1309560
2012-02-07,12.149999618530273,12.149999618530273,12.25,11.649999618530273,12.0,766860
2012-02-08,12.0,12.0,12.399999618530273,11.899999618530273,12.399999618530273,583140
2012-02-09,12.050000190734863,12.050000190734863,12.199999809265137,11.75,12.100000381469727,282240
2012-02-10,11.649999618530273,11.649999618530273,11.899999618530273,11.25,11.850000381469727,406160
2012-02-13,11.899999618530273,11.899999618530273,12.25,11.649999618530273,12.199999809265137,406180
2012-02-14,11.699999809265137,11.699999809265137,11.949999809265137,11.649999618530273,11.899999618530273,302280
2012-02-15,11.600000381469727,11.600000381469727,12.0,11.449999809265137,11.800000190734863,316160
2012-02-16,11.75,11.75,11.850000381469727,11.300000190734863,11.5,302700
2012-02-17,11.399999618530273,11.399999618530273,11.800000190734863,11.300000190734863,11.800000190734863,314880
2012-02-21,11.149999618530273,11.149999618530273,11.5,10.949999809265137,11.399999618530273,574320
2012-02-22,10.899999618530273,10.899999618530273,11.300000190734863,10.800000190734863,11.300000190734863,361580
2012-02-23,11.149999618530273,11.149999618530273,11.550000190734863,10.899999618530273,11.25,673840
2012-02-24,11.149999618530273,11.149999618530273,11.399999618530273,11.0,11.199999809265137,656620
2012-02-27,10.949999809265137,10.949999809265137,11.350000381469727,10.899999618530273,11.300000190734863,350320
2012-02-28,11.75,11.75,11.75,11.100000381469727,11.300000190734863,1097200
2012-02-29,11.699999809265137,11.699999809265137,12.25,11.449999809265137,11.949999809265137,1388660
2012-03-01,11.350000381469727,11.350000381469727,12.0,11.350000381469727,11.850000381469727,388680
2012-03-02,11.399999618530273,11.399999618530273,11.800000190734863,11.300000190734863,11.449999809265137,320460
2012-03-05,11.350000381469727,11.350000381469727,11.550000190734863,11.25,11.449999809265137,252080
2012-03-06,10.899999618530273,10.899999618530273,11.350000381469727,10.899999618530273,11.300000190734863,254300
2012-03-07,10.949999809265137,10.949999809265137,11.100000381469727,10.800000190734863,11.0,244060
2012-03-08,11.25,11.25,11.350000381469727,10.949999809265137,11.0,178900
2012-03-09,11.300000190734863,11.300000190734863,11.350000381469727,11.0,11.199999809265137,277920
2012-03-12,10.949999809265137,10.949999809265137,11.399999618530273,10.850000381469727,11.25,223320
2012-03-13,11.050000190734863,11.050000190734863,11.100000381469727,10.899999618530273,11.050000190734863,257940
2012-03-14,10.800000190734863,10.800000190734863,11.149999618530273,10.800000190734863,11.0,262540
2012-03-15,11.199999809265137,11.199999809265137,11.25,10.800000190734863,10.800000190734863,277980
2012-03-16,11.649999618530273,11.649999618530273,11.75,11.100000381469727,11.199999809265137,486420
2012-03-19,11.850000381469727,11.850000381469727,12.0,11.550000190734863,11.649999618530273,277980
2012-03-20,11.949999809265137,11.949999809265137,12.0,11.75,11.850000381469727,336740
2012-03-21,11.75,11.75,12.199999809265137,11.649999618530273,12.0,197080
2012-03-22,11.800000190734863,11.800000190734863,11.899999618530273,11.600000381469727,11.699999809265137,186760
2012-03-23,11.649999618530273,11.649999618530273,11.850000381469727,11.550000190734863,11.850000381469727,143940
2012-03-26,11.899999618530273,11.899999618530273,12.0,11.649999618530273,11.800000190734863,330100
2012-03-27,12.550000190734863,12.550000190734863,12.850000381469727,11.850000381469727,11.899999618530273,735760
2012-03-28,12.199999809265137,12.199999809265137,12.949999809265137,12.0,12.649999618530273,405900
2012-03-29,12.100000381469727,12.100000381469727,12.5,12.0,12.149999618530273,330860
2012-03-30,12.350000381469727,12.350000381469727,12.399999618530273,12.050000190734863,12.25,294040
2012-04-02,12.300000190734863,12.300000190734863,12.350000381469727,11.949999809265137,12.350000381469727,286680
2012-04-03,11.800000190734863,11.800000190734863,12.25,11.75,12.199999809265137,194060
2012-04-04,11.300000190734863,11.300000190734863,11.800000190734863,11.300000190734863,11.75,290000
2012-04-05,11.0,11.0,11.350000381469727,11.0,11.350000381469727,258360
2012-04-09,11.300000190734863,11.300000190734863,11.350000381469727,10.800000190734863,11.050000190734863,192680
2012-04-10,10.850000381469727,10.850000381469727,11.300000190734863,10.800000190734863,11.300000190734863,250460
2012-04-11,10.800000190734863,10.800000190734863,11.149999618530273,10.75,11.149999618530273,213960
2012-04-12,10.899999618530273,10.899999618530273,11.0,10.800000190734863,10.899999618530273,128860
2012-04-13,10.800000190734863,10.800000190734863,10.949999809265137,10.75,10.850000381469727,151640
2012-04-16,10.550000190734863,10.550000190734863,10.949999809265137,10.449999809265137,10.850000381469727,219480
2012-04-17,10.699999809265137,10.699999809265137,10.800000190734863,10.5,10.550000190734863,202800
2012-04-18,10.149999618530273,10.149999618530273,10.75,10.100000381469727,10.75,279160
2012-04-19,10.199999809265137,10.199999809265137,10.300000190734863,9.850000381469727,10.199999809265137,331000
2012-04-20,10.649999618530273,10.649999618530273,10.800000190734863,10.25,10.399999618530273,286460
2012-04-23,10.600000381469727,10.600000381469727,10.699999809265137,10.199999809265137,10.5,151000
2012-04-24,10.850000381469727,10.850000381469727,10.850000381469727,10.5,10.5,179920
2012-04-25,11.199999809265137,11.199999809265137,11.25,10.800000190734863,10.850000381469727,239440
2012-04-26,10.949999809265137,10.949999809265137,11.25,10.800000190734863,11.100000381469727,265920
2012-04-27,11.199999809265137,11.199999809265137,11.25,10.949999809265137,11.050000190734863,331520
2012-04-30,11.199999809265137,11.199999809265137,11.75,11.0,11.5,515520
2012-05-01,11.100000381469727,11.100000381469727,11.199999809265137,11.0,11.199999809265137,219720
2012-05-02,11.100000381469727,11.100000381469727,11.25,11.050000190734863,11.050000190734863,116320
2012-05-03,10.649999618530273,10.649999618530273,11.100000381469727,10.5,11.100000381469727,363300
2012-05-04,10.5,10.5,10.800000190734863,10.399999618530273,10.600000381469727,190340
2012-05-07,10.300000190734863,10.300000190734863,10.75,10.25,10.550000190734863,226880
2012-05-08,10.699999809265137,10.699999809265137,10.800000190734863,10.25,10.25,164480
2012-05-09,10.300000190734863,10.300000190734863,10.649999618530273,10.25,10.600000381469727,241660
2012-05-10,9.75,9.75,10.300000190734863,9.550000190734863,10.25,785500
2012-05-11,9.449999809265137,9.449999809265137,9.949999809265137,9.199999809265137,9.850000381469727,498120
2012-05-14,9.0,9.0,9.449999809265137,9.0,9.399999618530273,277660
2012-05-15,9.050000190734863,9.050000190734863,9.449999809265137,9.0,9.0,264060
2012-05-16,9.149999618530273,9.149999618530273,9.25,8.649999618530273,9.149999618530273,384600
2012-05-17,8.449999809265137,8.449999809265137,9.199999809265137,8.399999618530273,9.199999809265137,290560
2012-05-18,8.0,8.0,8.699999809265137,7.849999904632568,8.649999618530273,614260
2012-05-21,8.5,8.5,8.5,7.900000095367432,8.100000381469727,274220
2012-05-22,8.5,8.5,8.699999809265137,8.5,8.550000190734863,255000
2012-05-23,8.149999618530273,8.149999618530273,8.5,7.900000095367432,8.5,274880
2012-05-24,8.5,8.5,8.5,8.25,8.350000381469727,182280
2012-05-25,8.550000190734863,8.550000190734863,8.699999809265137,8.350000381469727,8.649999618530273,360540
2012-05-29,9.199999809265137,9.199999809265137,9.25,8.5,8.75,547780
2012-05-30,9.149999618530273,9.149999618530273,9.350000381469727,8.850000381469727,9.199999809265137,481860
2012-05-31,9.100000381469727,9.100000381469727,9.199999809265137,8.649999618530273,9.149999618530273,349280
2012-06-01,8.899999618530273,8.899999618530273,9.350000381469727,8.75,9.350000381469727,240760
2012-06-04,8.800000190734863,8.800000190734863,9.100000381469727,8.550000190734863,9.0,132040
2012-06-05,8.699999809265137,8.699999809265137,8.850000381469727,8.649999618530273,8.75,150800
2012-06-06,9.050000190734863,9.050000190734863,9.199999809265137,8.699999809265137,8.800000190734863,232380
2012-06-07,9.0,9.0,9.25,8.850000381469727,9.050000190734863,157900
2012-06-08,8.800000190734863,8.800000190734863,9.149999618530273,8.75,8.949999809265137,135760
2012-06-11,8.300000190734863,8.300000190734863,9.0,8.300000190734863,8.899999618530273,183220
2012-06-12,8.449999809265137,8.449999809265137,8.449999809265137,8.25,8.449999809265137,90280
2012-06-13,8.800000190734863,8.800000190734863,8.949999809265137,8.449999809265137,8.5,252640
2012-06-14,9.149999618530273,9.149999618530273,9.149999618530273,8.800000190734863,8.800000190734863,214460
2012-06-15,9.75,9.75,9.800000190734863,9.100000381469727,9.100000381469727,422180
2012-06-18,9.550000190734863,9.550000190734863,10.050000190734863,9.5,9.699999809265137,348540
2012-06-19,9.25,9.25,9.850000381469727,9.199999809265137,9.850000381469727,321900
2012-06-20,10.0,10.0,10.25,8.949999809265137,9.199999809265137,599220
2012-06-21,10.25,10.25,11.25,10.149999618530273,10.199999809265137,1018640
2012-06-22,10.600000381469727,10.600000381469727,10.649999618530273,10.199999809265137,10.300000190734863,984760
2012-06-25,11.149999618530273,11.149999618530273,11.5,10.75,10.949999809265137,767180
2012-06-26,11.0,11.0,11.300000190734863,10.899999618530273,11.25,287100
2012-06-27,11.850000381469727,11.850000381469727,12.449999809265137,10.850000381469727,10.850000381469727,1184020
2012-06-28,11.5,11.5,12.199999809265137,11.25,11.899999618530273,458780
2012-06-29,11.449999809265137,11.449999809265137,11.899999618530273,11.199999809265137,11.899999618530273,399100
2012-07-02,12.300000190734863,12.300000190734863,12.300000190734863,11.399999618530273,11.5,633660
2012-07-03,12.850000381469727,12.850000381469727,13.0,12.199999809265137,12.25,429540
2012-07-05,13.449999809265137,13.449999809265137,14.100000381469727,13.0,13.300000190734863,1442380
2012-07-06,13.75,13.75,14.199999809265137,13.449999809265137,13.5,912120
2012-07-09,14.399999618530273,14.399999618530273,14.5,13.649999618530273,14.199999809265137,843000
2012-07-10,13.050000190734863,13.050000190734863,14.550000190734863,12.649999618530273,14.5,1089420
2012-07-11,12.100000381469727,12.100000381469727,13.300000190734863,11.75,13.050000190734863,673880
2012-07-12,13.25,13.25,13.449999809265137,11.850000381469727,11.899999618530273,757120
2012-07-13,13.050000190734863,13.050000190734863,13.75,12.800000190734863,13.199999809265137,383660
2012-07-16,13.649999618530273,13.649999618530273,13.850000381469727,13.199999809265137,13.25,403860
2012-07-17,14.0,14.0,14.149999618530273,13.449999809265137,14.0,577040
2012-07-18,13.899999618530273,13.899999618530273,14.050000190734863,13.649999618530273,14.0,302280
2012-07-19,13.399999618530273,13.399999618530273,13.949999809265137,13.050000190734863,13.949999809265137,412560
2012-07-20,13.100000381469727,13.100000381469727,13.300000190734863,13.0,13.149999618530273,239760
2012-07-23,12.899999618530273,12.899999618530273,13.399999618530273,12.5,13.0,338940
2012-07-24,12.449999809265137,12.449999809265137,13.25,12.300000190734863,13.0,321680
2012-07-25,12.75,12.75,12.800000190734863,12.100000381469727,12.5,218120
2012-07-26,13.199999809265137,13.199999809265137,13.25,12.649999618530273,12.850000381469727,313700
2012-07-27,13.199999809265137,13.199999809265137,13.399999618530273,12.850000381469727,13.25,344100
2012-07-30,12.550000190734863,12.550000190734863,13.199999809265137,12.300000190734863,13.149999618530273,372920
2012-07-31,11.899999618530273,11.899999618530273,12.699999809265137,11.75,12.300000190734863,611540
2012-08-01,11.25,11.25,11.899999618530273,11.25,11.899999618530273,372480
2012-08-02,10.550000190734863,10.550000190734863,11.100000381469727,10.100000381469727,10.949999809265137,414400
2012-08-03,10.800000190734863,10.800000190734863,10.899999618530273,10.550000190734863,10.699999809265137,158020
2012-08-06,10.949999809265137,10.949999809265137,11.149999618530273,10.449999809265137,10.75,253780
2012-08-07,10.399999618530273,10.399999618530273,11.399999618530273,10.199999809265137,10.850000381469727,484200
2012-08-08,10.350000381469727,10.350000381469727,10.5,10.100000381469727,10.25,222460
2012-08-09,10.949999809265137,10.949999809265137,11.149999618530273,10.300000190734863,10.350000381469727,268320
2012-08-10,10.75,10.75,11.25,10.75,10.800000190734863,223340
2012-08-13,11.300000190734863,11.300000190734863,11.850000381469727,11.0,11.100000381469727,699800
2012-08-14,11.649999618530273,11.649999618530273,11.75,11.300000190734863,11.350000381469727,365860
2012-08-15,11.600000381469727,11.600000381469727,11.800000190734863,11.300000190734863,11.649999618530273,310920
2012-08-16,11.600000381469727,11.600000381469727,11.75,11.350000381469727,11.600000381469727,217080
2012-08-17,11.75,11.75,11.800000190734863,11.350000381469727,11.649999618530273,201240
2012-08-20,12.350000381469727,12.350000381469727,12.5,11.600000381469727,11.800000190734863,373560
2012-08-21,12.75,12.75,13.0,12.25,12.25,417620
2012-08-22,12.649999618530273,12.649999618530273,12.949999809265137,12.5,12.899999618530273,259060
2012-08-23,12.25,12.25,12.850000381469727,12.25,12.699999809265137,258220
2012-08-24,11.949999809265137,11.949999809265137,12.25,11.850000381469727,12.25,261460
2012-08-27,13.0,13.0,13.0,12.100000381469727,12.449999809265137,564620
2012-08-28,13.899999618530273,13.899999618530273,14.050000190734863,13.0,13.0,855760
2012-08-29,13.899999618530273,13.899999618530273,14.550000190734863,13.800000190734863,14.0,626460
2012-08-30,13.199999809265137,13.199999809265137,13.899999618530273,13.050000190734863,13.899999618530273,463800
2012-08-31,13.5,13.5,13.899999618530273,12.699999809265137,13.25,373820
2012-09-04,12.649999618530273,12.649999618530273,12.800000190734863,12.050000190734863,12.449999809265137,538380
2012-09-05,13.149999618530273,13.149999618530273,13.199999809265137,12.5,12.550000190734863,315300
2012-09-06,13.449999809265137,13.449999809265137,13.5,12.800000190734863,13.399999618530273,397380
2012-09-07,13.199999809265137,13.199999809265137,13.5,13.0,13.449999809265137,256860
2012-09-10,12.199999809265137,12.199999809265137,13.199999809265137,12.100000381469727,13.199999809265137,598120
2012-09-11,12.600000381469727,12.600000381469727,13.0,12.199999809265137,12.399999618530273,253620
2012-09-12,12.649999618530273,12.649999618530273,12.75,12.350000381469727,12.600000381469727,175220
2012-09-13,13.0,13.0,13.399999618530273,12.399999618530273,12.600000381469727,457100
2012-09-14,13.300000190734863,13.300000190734863,13.5,12.949999809265137,13.100000381469727,322800
2012-09-17,13.350000381469727,13.350000381469727,13.5,13.0,13.399999618530273,175800
2012-09-18,13.149999618530273,13.149999618530273,13.399999618530273,13.050000190734863,13.300000190734863,198280
2012-09-19,13.550000190734863,13.550000190734863,13.649999618530273,12.75,13.149999618530273,385320
2012-09-20,14.100000381469727,14.100000381469727,14.25,13.25,13.449999809265137,473800
2012-09-21,14.5,14.5,14.649999618530273,14.149999618530273,14.399999618530273,553900
2012-09-24,14.449999809265137,14.449999809265137,14.5,14.0,14.25,270400
2012-09-25,14.149999618530273,14.149999618530273,15.550000190734863,14.0,14.350000381469727,798140
2012-09-26,14.149999618530273,14.149999618530273,14.600000381469727,14.0,14.050000190734863,339240
2012-09-27,14.449999809265137,14.449999809265137,14.649999618530273,14.050000190734863,14.25,342640
2012-09-28,14.399999618530273,14.399999618530273,14.699999809265137,14.25,14.350000381469727,319620
2012-10-01,13.800000190734863,13.800000190734863,14.550000190734863,13.5,14.300000190734863,349260
2012-10-02,14.149999618530273,14.149999618530273,14.199999809265137,13.399999618530273,13.899999618530273,295900
2012-10-03,13.850000381469727,13.850000381469727,14.199999809265137,13.75,14.149999618530273,218120
2012-10-04,14.0,14.0,14.100000381469727,13.75,14.0,234300
2012-10-05,13.649999618530273,13.649999618530273,14.399999618530273,13.399999618530273,14.0,555480
2012-10-08,13.5,13.5,14.0,13.350000381469727,13.600000381469727,170860
2012-10-09,12.600000381469727,12.600000381469727,13.75,12.5,13.550000190734863,469040
2012-10-10,12.050000190734863,12.050000190734863,13.0,11.300000190734863,12.600000381469727,459980
2012-10-11,12.0,12.0,12.899999618530273,11.899999618530273,12.100000381469727,282800
2012-10-12,11.75,11.75,12.100000381469727,11.649999618530273,12.0,195620
2012-10-15,12.350000381469727,12.350000381469727,12.550000190734863,11.800000190734863,12.0,303860
2012-10-16,12.899999618530273,12.899999618530273,13.0,12.399999618530273,12.399999618530273,258020
2012-10-17,13.0,13.0,13.350000381469727,12.800000190734863,13.0,217800
2012-10-18,9.850000381469727,9.850000381469727,10.050000190734863,9.449999809265137,9.449999809265137,6318460
2012-10-19,9.899999618530273,9.899999618530273,10.100000381469727,9.800000190734863,10.100000381469727,1326560
2012-10-22,9.550000190734863,9.550000190734863,10.0,9.399999618530273,10.0,1030420
2012-10-23,9.25,9.25,9.649999618530273,9.100000381469727,9.649999618530273,610060
2012-10-24,9.449999809265137,9.449999809265137,9.600000381469727,9.149999618530273,9.399999618530273,537220
2012-10-25,9.5,9.5,9.649999618530273,9.350000381469727,9.550000190734863,410160
2012-10-26,9.350000381469727,9.350000381469727,9.550000190734863,9.300000190734863,9.550000190734863,445360
2012-10-31,9.449999809265137,9.449999809265137,9.850000381469727,9.25,9.5,780840
2012-11-01,9.649999618530273,9.649999618530273,9.75,9.449999809265137,9.550000190734863,484300
2012-11-02,9.899999618530273,9.899999618530273,10.149999618530273,9.649999618530273,9.949999809265137,773320
2012-11-05,10.100000381469727,10.100000381469727,10.449999809265137,9.949999809265137,10.25,892100
2012-11-06,10.149999618530273,10.149999618530273,10.300000190734863,10.050000190734863,10.199999809265137,445640
2012-11-07,9.800000190734863,9.800000190734863,10.100000381469727,9.600000381469727,10.050000190734863,391600
2012-11-08,9.649999618530273,9.649999618530273,9.949999809265137,9.550000190734863,9.699999809265137,417680
2012-11-09,9.899999618530273,9.899999618530273,10.0,9.600000381469727,9.600000381469727,512460
2012-11-12,9.899999618530273,9.899999618530273,10.0,9.600000381469727,9.949999809265137,320160
2012-11-13,9.800000190734863,9.800000190734863,10.100000381469727,9.800000190734863,10.050000190734863,426520
2012-11-14,9.550000190734863,9.550000190734863,10.0,9.5,9.949999809265137,286720
2012-11-15,9.449999809265137,9.449999809265137,9.649999618530273,9.399999618530273,9.600000381469727,311860
2012-11-16,9.399999618530273,9.399999618530273,9.600000381469727,9.399999618530273,9.399999618530273,348340
2012-11-19,9.699999809265137,9.699999809265137,9.949999809265137,9.449999809265137,9.449999809265137,275080
2012-11-20,9.699999809265137,9.699999809265137,10.0,9.649999618530273,9.699999809265137,213480
2012-11-21,9.699999809265137,9.699999809265137,9.850000381469727,9.550000190734863,9.75,187660
2012-11-23,9.850000381469727,9.850000381469727,9.850000381469727,9.699999809265137,9.850000381469727,110500
2012-11-26,9.949999809265137,9.949999809265137,10.0,9.75,9.850000381469727,501940
2012-11-27,9.850000381469727,9.850000381469727,10.300000190734863,9.850000381469727,9.899999618530273,609920
2012-11-28,10.5,10.5,10.600000381469727,9.75,9.949999809265137,873360
2012-11-29,10.649999618530273,10.649999618530273,10.699999809265137,10.399999618530273,10.649999618530273,583480
2012-11-30,10.649999618530273,10.649999618530273,10.850000381469727,10.5,10.75,490540
2012-12-03,11.050000190734863,11.050000190734863,11.199999809265137,10.75,10.850000381469727,645200
2012-12-04,10.949999809265137,10.949999809265137,11.25,10.649999618530273,11.25,328700
2012-12-05,10.75,10.75,11.050000190734863,10.649999618530273,11.050000190734863,298060
2012-12-06,10.350000381469727,10.350000381469727,10.899999618530273,10.25,10.699999809265137,382580
2012-12-07,10.600000381469727,10.600000381469727,10.699999809265137,10.199999809265137,10.399999618530273,382140
2012-12-10,10.449999809265137,10.449999809265137,10.600000381469727,10.300000190734863,10.600000381469727,369360
2012-12-11,10.75,10.75,10.850000381469727,10.25,10.550000190734863,294880
2012-12-12,10.899999618530273,10.899999618530273,11.0,10.550000190734863,10.800000190734863,302880
2012-12-13,10.699999809265137,10.699999809265137,11.0,10.699999809265137,10.949999809265137,245560
2012-12-14,10.699999809265137,10.699999809265137,10.949999809265137,10.600000381469727,10.850000381469727,250080
2012-12-17,10.949999809265137,10.949999809265137,10.949999809265137,10.649999618530273,10.800000190734863,179300
2012-12-18,10.800000190734863,10.800000190734863,11.0,10.75,10.949999809265137,250660
2012-12-19,10.600000381469727,10.600000381469727,10.800000190734863,10.5,10.75,405900
2012-12-20,10.850000381469727,10.850000381469727,10.850000381469727,10.5,10.600000381469727,197640
2012-12-21,10.899999618530273,10.899999618530273,10.899999618530273,10.449999809265137,10.850000381469727,540940
2012-12-24,11.0,11.0,11.399999618530273,10.949999809265137,11.25,529480
2012-12-26,11.550000190734863,11.550000190734863,12.0,11.050000190734863,11.149999618530273,1282320
2012-12-27,11.899999618530273,11.899999618530273,12.050000190734863,11.600000381469727,11.649999618530273,1072860
2012-12-28,11.550000190734863,11.550000190734863,11.949999809265137,11.5,11.800000190734863,597380
2012-12-31,11.550000190734863,11.550000190734863,11.699999809265137,11.25,11.550000190734863,670500
2013-01-02,11.949999809265137,11.949999809265137,12.0,11.600000381469727,11.850000381469727,484000
2013-01-03,11.949999809265137,11.949999809265137,12.399999618530273,11.75,11.949999809265137,551560
2013-01-04,12.449999809265137,12.449999809265137,12.75,11.949999809265137,12.0,835960
2013-01-07,12.699999809265137,12.699999809265137,12.850000381469727,12.5,12.600000381469727,640100
2013-01-08,13.0,13.0,13.0,12.199999809265137,12.75,821860
2013-01-09,13.050000190734863,13.050000190734863,13.449999809265137,12.899999618530273,13.25,771440
2013-01-10,12.949999809265137,12.949999809265137,13.25,12.699999809265137,13.149999618530273,550300
2013-01-11,12.949999809265137,12.949999809265137,13.100000381469727,12.699999809265137,13.0,430640
2013-01-14,12.449999809265137,12.449999809265137,13.050000190734863,12.050000190734863,13.0,828300
2013-01-15,13.050000190734863,13.050000190734863,13.100000381469727,12.399999618530273,12.449999809265137,728700
2013-01-16,13.199999809265137,13.199999809265137,13.399999618530273,12.899999618530273,13.0,998740
2013-01-17,13.350000381469727,13.350000381469727,13.600000381469727,13.149999618530273,13.25,967360
2013-01-18,13.199999809265137,13.199999809265137,13.399999618530273,13.0,13.399999618530273,363120
2013-01-22,13.25,13.25,13.25,13.050000190734863,13.199999809265137,303600
2013-01-23,13.050000190734863,13.050000190734863,13.350000381469727,13.0,13.25,360980
2013-01-24,12.899999618530273,12.899999618530273,13.199999809265137,12.75,13.149999618530273,383140
2013-01-25,12.800000190734863,12.800000190734863,13.0,12.600000381469727,13.0,422940
2013-01-28,12.800000190734863,12.800000190734863,13.050000190734863,12.550000190734863,12.899999618530273,469000
2013-01-29,12.850000381469727,12.850000381469727,13.050000190734863,12.75,13.0,431140
2013-01-30,12.449999809265137,12.449999809265137,13.0,12.399999618530273,13.0,1681100
2013-01-31,12.100000381469727,12.100000381469727,12.550000190734863,11.800000190734863,12.5,699080
2013-02-01,12.0,12.0,12.25,11.850000381469727,12.25,376500
2013-02-04,11.699999809265137,11.699999809265137,12.25,11.699999809265137,12.100000381469727,490620
2013-02-05,12.100000381469727,12.100000381469727,12.300000190734863,11.699999809265137,11.850000381469727,386780
2013-02-06,12.050000190734863,12.050000190734863,12.300000190734863,11.949999809265137,12.100000381469727,307600
2013-02-07,11.850000381469727,11.850000381469727,12.25,11.75,12.100000381469727,354360
2013-02-08,13.050000190734863,13.050000190734863,13.149999618530273,11.949999809265137,12.0,1478860
2013-02-11,12.800000190734863,12.800000190734863,13.25,12.550000190734863,13.100000381469727,800840
2013-02-12,12.350000381469727,12.350000381469727,13.050000190734863,12.149999618530273,12.800000190734863,674620
2013-02-13,12.350000381469727,12.350000381469727,12.399999618530273,12.25,12.399999618530273,259460
2013-02-14,12.550000190734863,12.550000190734863,12.600000381469727,12.25,12.25,405180
2013-02-15,12.399999618530273,12.399999618530273,12.75,12.25,12.75,399000
2013-02-19,12.800000190734863,12.800000190734863,12.949999809265137,12.399999618530273,12.5,600280
2013-02-20,12.600000381469727,12.600000381469727,12.850000381469727,12.5,12.850000381469727,345700
2013-02-21,12.350000381469727,12.350000381469727,12.649999618530273,12.300000190734863,12.600000381469727,349540
2013-02-22,12.699999809265137,12.699999809265137,12.699999809265137,12.399999618530273,12.550000190734863,282780
2013-02-25,12.699999809265137,12.699999809265137,13.0,12.649999618530273,12.75,627620
2013-02-26,12.649999618530273,12.649999618530273,12.899999618530273,12.399999618530273,12.800000190734863,421700
2013-02-27,12.899999618530273,12.899999618530273,12.949999809265137,12.550000190734863,12.699999809265137,381040
2013-02-28,12.850000381469727,12.850000381469727,13.0,12.699999809265137,12.850000381469727,832900
2013-03-01,13.100000381469727,13.100000381469727,13.149999618530273,12.800000190734863,12.800000190734863,444760
2013-03-04,13.300000190734863,13.300000190734863,13.350000381469727,12.899999618530273,12.899999618530273,607880
2013-03-05,13.649999618530273,13.649999618530273,13.75,13.25,13.300000190734863,1099980
2013-03-06,13.399999618530273,13.399999618530273,13.800000190734863,13.25,13.75,608940
2013-03-07,14.050000190734863,14.050000190734863,14.149999618530273,13.350000381469727,13.550000190734863,943360
2013-03-08,15.300000190734863,15.300000190734863,15.550000190734863,14.350000381469727,14.5,3078320
2013-03-11,17.049999237060547,17.049999237060547,17.299999237060547,15.699999809265137,15.75,3595880
2013-03-12,17.75,17.75,18.350000381469727,17.5,17.850000381469727,2949740
2013-03-13,17.799999237060547,17.799999237060547,17.899999618530273,16.549999237060547,17.5,1505260
2013-03-14,17.700000762939453,17.700000762939453,18.25,17.100000381469727,17.899999618530273,1120100
2013-03-15,16.899999618530273,16.899999618530273,17.850000381469727,16.75,17.75,1096280
2013-03-18,17.0,17.0,17.450000762939453,15.75,16.649999618530273,1361160
2013-03-19,16.549999237060547,16.549999237060547,17.350000381469727,16.25,17.25,1220540
2013-03-20,16.75,16.75,17.100000381469727,16.399999618530273,16.549999237060547,647640
2013-03-21,16.850000381469727,16.850000381469727,17.100000381469727,16.600000381469727,17.049999237060547,680160
2013-03-22,16.350000381469727,16.350000381469727,17.149999618530273,16.350000381469727,17.149999618530273,521640
2013-03-25,16.799999237060547,16.799999237060547,17.149999618530273,16.399999618530273,16.75,711140
2013-03-26,16.649999618530273,16.649999618530273,17.100000381469727,16.350000381469727,17.100000381469727,555640
2013-03-27,16.850000381469727,16.850000381469727,17.149999618530273,16.600000381469727,17.149999618530273,611740
2013-03-28,16.950000762939453,16.950000762939453,17.049999237060547,16.649999618530273,16.950000762939453,778540
2013-04-01,17.700000762939453,17.700000762939453,17.950000762939453,16.950000762939453,17.0,1170480
2013-04-02,18.950000762939453,18.950000762939453,19.299999237060547,17.899999618530273,17.899999618530273,1857160
2013-04-03,18.799999237060547,18.799999237060547,19.75,18.549999237060547,19.25,1925460
2013-04-04,18.649999618530273,18.649999618530273,19.299999237060547,18.100000381469727,19.299999237060547,1033660
2013-04-05,18.799999237060547,18.799999237060547,19.149999618530273,18.0,18.25,1119560
2013-04-08,18.850000381469727,18.850000381469727,19.049999237060547,18.5,18.850000381469727,677980
2013-04-09,20.299999237060547,20.299999237060547,20.399999618530273,18.700000762939453,18.950000762939453,1140540
2013-04-10,22.0,22.0,22.450000762939453,20.799999237060547,21.299999237060547,2133140
2013-04-11,21.450000762939453,21.450000762939453,22.5,21.100000381469727,22.5,1174100
2013-04-12,19.649999618530273,19.649999618530273,20.399999618530273,18.950000762939453,19.899999618530273,1903100
2013-04-15,19.850000381469727,19.850000381469727,21.75,19.350000381469727,19.450000762939453,1185580
2013-04-16,20.450000762939453,20.450000762939453,21.25,20.299999237060547,20.799999237060547,814220
2013-04-17,19.950000762939453,19.950000762939453,20.450000762939453,19.799999237060547,20.450000762939453,826080
2013-04-18,19.0,19.0,20.350000381469727,18.600000381469727,19.950000762939453,1054080
2013-04-19,20.049999237060547,20.049999237060547,20.200000762939453,18.950000762939453,19.0,726580
2013-04-22,19.950000762939453,19.950000762939453,20.350000381469727,19.299999237060547,20.100000381469727,540300
2013-04-23,19.5,19.5,20.200000762939453,19.450000762939453,19.75,677060
2013-04-24,19.299999237060547,19.299999237060547,19.600000381469727,18.799999237060547,19.5,623200
2013-04-25,19.200000762939453,19.200000762939453,19.700000762939453,18.899999618530273,19.549999237060547,641280
2013-04-26,20.0,20.0,20.399999618530273,19.0,19.399999618530273,726080
2013-04-29,19.600000381469727,19.600000381469727,20.450000762939453,19.549999237060547,20.0,452020
2013-04-30,19.75,19.75,19.850000381469727,19.100000381469727,19.600000381469727,479060
2013-05-01,19.350000381469727,19.350000381469727,19.950000762939453,19.25,19.700000762939453,1104940
2013-05-02,20.100000381469727,20.100000381469727,20.799999237060547,19.350000381469727,19.350000381469727,1594980
2013-05-03,19.649999618530273,19.649999618530273,20.600000381469727,19.549999237060547,20.299999237060547,905120
2013-05-06,19.700000762939453,19.700000762939453,20.049999237060547,19.399999618530273,20.049999237060547,638080
2013-05-07,20.100000381469727,20.100000381469727,20.25,19.799999237060547,20.0,635040
2013-05-08,19.950000762939453,19.950000762939453,20.399999618530273,19.600000381469727,20.100000381469727,670720
2013-05-09,19.899999618530273,19.899999618530273,20.25,19.600000381469727,20.25,557720
2013-05-10,22.149999618530273,22.149999618530273,22.200000762939453,20.399999618530273,20.5,2118400
2013-05-13,23.0,23.0,23.700000762939453,22.549999237060547,22.649999618530273,1910100
2013-05-14,23.649999618530273,23.649999618530273,23.649999618530273,22.5,23.5,1101200
2013-05-15,25.649999618530273,25.649999618530273,25.850000381469727,23.899999618530273,24.0,2243800
2013-05-16,25.799999237060547,25.799999237060547,26.25,24.549999237060547,26.25,1657440
2013-05-17,25.950000762939453,25.950000762939453,27.25,25.600000381469727,25.899999618530273,2041700
2013-05-20,26.549999237060547,26.549999237060547,27.149999618530273,25.950000762939453,26.350000381469727,1261560
2013-05-21,26.799999237060547,26.799999237060547,27.0,26.399999618530273,27.0,1654920
2013-05-22,31.149999618530273,31.149999618530273,32.70000076293945,27.549999237060547,27.700000762939453,4657520
2013-05-23,34.25,34.25,34.95000076293945,31.149999618530273,32.5,3993380
2013-05-24,32.75,32.75,33.900001525878906,31.299999237060547,33.900001525878906,2758080
2013-05-28,33.650001525878906,33.650001525878906,33.95000076293945,31.799999237060547,31.799999237060547,1729720
2013-05-29,32.400001525878906,32.400001525878906,33.75,32.150001525878906,33.45000076293945,1269360
2013-05-30,32.900001525878906,32.900001525878906,33.70000076293945,32.45000076293945,33.349998474121094,971020
2013-05-31,33.29999923706055,33.29999923706055,34.150001525878906,32.650001525878906,33.45000076293945,1129160
2013-06-03,38.150001525878906,38.150001525878906,38.349998474121094,34.150001525878906,35.0,3814940
2013-06-04,38.400001525878906,38.400001525878906,39.349998474121094,35.849998474121094,38.849998474121094,2959780
2013-06-05,37.150001525878906,37.150001525878906,39.25,36.25,38.0,2137840
2013-06-06,38.25,38.25,38.45000076293945,36.75,37.95000076293945,1488780
2013-06-07,37.29999923706055,37.29999923706055,38.29999923706055,36.5,37.29999923706055,1326760
2013-06-10,37.5,37.5,38.0,35.849998474121094,37.25,1771700
2013-06-11,38.25,38.25,40.29999923706055,36.79999923706055,37.20000076293945,2727840
2013-06-12,38.20000076293945,38.20000076293945,39.900001525878906,38.0,39.0,1351900
2013-06-13,37.349998474121094,37.349998474121094,38.5,37.0,38.349998474121094,1092160
2013-06-14,38.54999923706055,38.54999923706055,38.900001525878906,37.099998474121094,37.45000076293945,1277080
2013-06-17,37.70000076293945,37.70000076293945,40.0,37.29999923706055,39.900001525878906,1966860
2013-06-18,33.04999923706055,33.04999923706055,38.099998474121094,28.5,37.900001525878906,7611840
2013-06-19,35.099998474121094,35.099998474121094,36.25,33.25,33.900001525878906,2221220
2013-06-20,33.5,33.5,34.900001525878906,32.849998474121094,34.400001525878906,1738600
2013-06-21,33.599998474121094,33.599998474121094,34.400001525878906,31.299999237060547,34.150001525878906,2939940
2013-06-24,32.29999923706055,32.29999923706055,33.5,31.75,33.25,1272320
2013-06-25,31.25,31.25,33.5,29.649999618530273,33.349998474121094,1770980
2013-06-26,32.20000076293945,32.20000076293945,32.400001525878906,31.25,31.600000381469727,1505260
2013-06-27,33.20000076293945,33.20000076293945,33.400001525878906,32.54999923706055,32.75,1254260
2013-06-28,32.54999923706055,32.54999923706055,33.29999923706055,32.150001525878906,33.29999923706055,1258860
2013-07-01,33.95000076293945,33.95000076293945,34.0,31.649999618530273,32.79999923706055,1394780
2013-07-02,36.150001525878906,36.150001525878906,36.400001525878906,33.599998474121094,34.25,2036860
2013-07-03,34.349998474121094,34.349998474121094,36.45000076293945,34.150001525878906,36.25,1255900
2013-07-05,34.900001525878906,34.900001525878906,35.5,34.29999923706055,35.20000076293945,986220
2013-07-08,34.849998474121094,34.849998474121094,35.45000076293945,34.150001525878906,35.099998474121094,1000780
2013-07-09,34.150001525878906,34.150001525878906,35.0,33.900001525878906,35.0,986480
2013-07-10,33.79999923706055,33.79999923706055,34.20000076293945,32.54999923706055,34.20000076293945,1229400
2013-07-11,34.650001525878906,34.650001525878906,35.20000076293945,34.0,34.0,926180
2013-07-12,34.79999923706055,34.79999923706055,35.25,33.95000076293945,34.54999923706055,753320
2013-07-15,37.04999923706055,37.04999923706055,37.400001525878906,34.79999923706055,35.150001525878906,1493840
2013-07-16,36.75,36.75,37.900001525878906,36.29999923706055,37.25,1246900
2013-07-17,36.599998474121094,36.599998474121094,36.900001525878906,35.849998474121094,36.900001525878906,618880
2013-07-18,35.650001525878906,35.650001525878906,36.849998474121094,35.400001525878906,36.45000076293945,916020
2013-07-19,36.25,36.25,36.5,35.25,35.5,723900
2013-07-22,35.75,35.75,36.25,35.099998474121094,35.900001525878906,976700
2013-07-23,35.099998474121094,35.099998474121094,36.20000076293945,34.900001525878906,36.0,903060
2013-07-24,35.79999923706055,35.79999923706055,36.099998474121094,34.75,35.099998474121094,962400
2013-07-25,36.04999923706055,36.04999923706055,36.150001525878906,34.75,35.79999923706055,787400
2013-07-26,37.29999923706055,37.29999923706055,37.70000076293945,35.79999923706055,36.04999923706055,1224180
2013-07-29,36.349998474121094,36.349998474121094,37.75,36.099998474121094,37.349998474121094,1009220
2013-07-30,37.0,37.0,37.400001525878906,36.04999923706055,36.349998474121094,1155560
2013-07-31,38.54999923706055,38.54999923706055,38.599998474121094,36.95000076293945,37.0,1355600
2013-08-01,40.150001525878906,40.150001525878906,41.25,38.5,39.20000076293945,2264860
2013-08-02,41.45000076293945,41.45000076293945,41.650001525878906,39.349998474121094,40.45000076293945,1703060
2013-08-05,39.75,39.75,41.45000076293945,39.54999923706055,41.45000076293945,1926740
2013-08-06,36.75,36.75,40.150001525878906,34.20000076293945,39.95000076293945,1976780
2013-08-07,38.349998474121094,38.349998474121094,38.650001525878906,36.5,36.75,1102040
2013-08-08,37.400001525878906,37.400001525878906,39.400001525878906,37.25,39.29999923706055,968440
2013-08-09,37.349998474121094,37.349998474121094,38.54999923706055,36.75,37.650001525878906,995700
2013-08-12,35.5,35.5,37.900001525878906,35.0,37.54999923706055,3090380
2013-08-13,34.29999923706055,34.29999923706055,35.75,33.650001525878906,35.5,1629100
2013-08-14,37.95000076293945,37.95000076293945,43.5,37.099998474121094,43.099998474121094,9648220
2013-08-15,33.20000076293945,33.20000076293945,35.900001525878906,32.0,35.29999923706055,3894860
2013-08-16,28.850000381469727,28.850000381469727,33.900001525878906,28.600000381469727,33.75,5006780
2013-08-19,31.850000381469727,31.850000381469727,32.349998474121094,29.700000762939453,30.600000381469727,3146800
2013-08-20,30.299999237060547,30.299999237060547,32.54999923706055,29.850000381469727,32.25,2112840
2013-08-21,30.0,30.0,30.850000381469727,29.399999618530273,30.75,1559720
2013-08-22,29.450000762939453,29.450000762939453,30.399999618530273,29.350000381469727,30.100000381469727,1111120
2013-08-23,27.600000381469727,27.600000381469727,29.350000381469727,26.850000381469727,29.350000381469727,3092640
2013-08-26,28.899999618530273,28.899999618530273,29.649999618530273,26.850000381469727,26.899999618530273,2374180
2013-08-27,29.600000381469727,29.600000381469727,31.0,29.0,30.75,2586680
2013-08-28,28.950000762939453,28.950000762939453,29.600000381469727,28.600000381469727,29.5,1104760
2013-08-29,29.350000381469727,29.350000381469727,29.799999237060547,27.75,28.299999237060547,816600
2013-08-30,28.950000762939453,28.950000762939453,29.5,28.600000381469727,29.5,536040
2013-09-03,29.5,29.5,29.549999237060547,28.649999618530273,29.049999237060547,706120
2013-09-04,30.25,30.25,30.25,28.899999618530273,29.600000381469727,818680
2013-09-05,31.5,31.5,31.549999237060547,29.850000381469727,30.100000381469727,947400
2013-09-06,29.299999237060547,29.299999237060547,30.200000762939453,27.600000381469727,30.0,1963320
2013-09-09,29.899999618530273,29.899999618530273,30.0,28.950000762939453,29.450000762939453,866880
2013-09-10,30.25,30.25,30.450000762939453,29.350000381469727,29.950000762939453,977780
2013-09-11,29.399999618530273,29.399999618530273,30.149999618530273,29.25,30.049999237060547,726280
2013-09-12,29.299999237060547,29.299999237060547,29.700000762939453,28.850000381469727,29.200000762939453,732560
2013-09-13,29.399999618530273,29.399999618530273,29.649999618530273,28.799999237060547,29.350000381469727,421740
2013-09-16,29.5,29.5,30.100000381469727,29.299999237060547,29.600000381469727,630600
2013-09-17,29.350000381469727,29.350000381469727,29.5,28.75,29.350000381469727,1237280
2013-09-18,29.5,29.5,29.75,28.899999618530273,29.25,1073440
2013-09-19,29.75,29.75,30.0,29.5,29.75,668440
2013-09-20,29.649999618530273,29.649999618530273,29.850000381469727,29.25,29.75,1533900
2013-09-23,29.549999237060547,29.549999237060547,29.899999618530273,29.399999618530273,29.5,658060
2013-09-24,30.649999618530273,30.649999618530273,30.950000762939453,29.399999618530273,29.649999618530273,1278660
2013-09-25,29.700000762939453,29.700000762939453,31.049999237060547,29.549999237060547,30.75,997680
2013-09-26,30.25,30.25,30.450000762939453,29.600000381469727,29.700000762939453,460120
2013-09-27,29.200000762939453,29.200000762939453,30.350000381469727,29.200000762939453,30.049999237060547,705780
2013-09-30,28.5,28.5,29.100000381469727,28.350000381469727,28.799999237060547,802140
2013-10-01,28.350000381469727,28.350000381469727,29.200000762939453,28.200000762939453,28.700000762939453,664000
2013-10-02,28.75,28.75,28.899999618530273,27.799999237060547,28.350000381469727,467080
2013-10-03,28.049999237060547,28.049999237060547,28.899999618530273,27.75,28.799999237060547,693300
2013-10-04,26.899999618530273,26.899999618530273,28.350000381469727,26.850000381469727,28.200000762939453,996880
2013-10-07,25.299999237060547,25.299999237060547,26.799999237060547,24.600000381469727,26.799999237060547,1764860
2013-10-08,23.399999618530273,23.399999618530273,25.299999237060547,23.25,25.200000762939453,1848320
2013-10-09,23.700000762939453,23.700000762939453,23.899999618530273,21.850000381469727,23.450000762939453,1694660
2013-10-10,26.100000381469727,26.100000381469727,26.100000381469727,23.899999618530273,24.049999237060547,1659000
2013-10-11,25.549999237060547,25.549999237060547,25.950000762939453,25.049999237060547,25.799999237060547,963840
2013-10-14,26.450000762939453,26.450000762939453,28.200000762939453,25.149999618530273,26.149999618530273,2207180
2013-10-15,25.700000762939453,25.700000762939453,27.100000381469727,25.299999237060547,27.049999237060547,1063380
2013-10-16,26.850000381469727,26.850000381469727,27.0,25.75,25.899999618530273,795180
2013-10-17,26.549999237060547,26.549999237060547,27.100000381469727,26.25,26.799999237060547,723860
2013-10-18,26.399999618530273,26.399999618530273,27.450000762939453,25.5,27.450000762939453,1016640
2013-10-21,25.649999618530273,25.649999618530273,26.5,25.100000381469727,26.450000762939453,733100
2013-10-22,25.799999237060547,25.799999237060547,25.950000762939453,24.950000762939453,25.600000381469727,541300
2013-10-23,25.700000762939453,25.700000762939453,25.850000381469727,25.299999237060547,25.75,393440
2013-10-24,27.299999237060547,27.299999237060547,27.350000381469727,25.549999237060547,25.600000381469727,982900
2013-10-25,26.649999618530273,26.649999618530273,28.0,26.5,27.350000381469727,740120
2013-10-28,26.200000762939453,26.200000762939453,27.100000381469727,25.600000381469727,26.75,786240
2013-10-29,26.149999618530273,26.149999618530273,26.350000381469727,25.649999618530273,26.200000762939453,560380
2013-10-30,24.600000381469727,24.600000381469727,26.899999618530273,24.450000762939453,26.75,1386820
2013-10-31,24.549999237060547,24.549999237060547,25.549999237060547,23.850000381469727,24.850000381469727,1188820
2013-11-01,23.799999237060547,23.799999237060547,24.549999237060547,23.549999237060547,24.399999618530273,918160
2013-11-04,22.649999618530273,22.649999618530273,24.450000762939453,22.600000381469727,23.899999618530273,1463740
2013-11-05,25.5,25.5,25.5,21.049999237060547,22.899999618530273,2098020
2013-11-06,23.350000381469727,23.350000381469727,26.049999237060547,23.149999618530273,25.850000381469727,1202720
2013-11-07,23.399999618530273,23.399999618530273,24.0,22.649999618530273,23.600000381469727,723400
2013-11-08,25.649999618530273,25.649999618530273,25.700000762939453,23.450000762939453,23.450000762939453,1429120
2013-11-11,25.049999237060547,25.049999237060547,26.0,24.350000381469727,25.75,877880
2013-11-12,24.850000381469727,24.850000381469727,25.399999618530273,24.450000762939453,25.049999237060547,535800
2013-11-13,25.950000762939453,25.950000762939453,26.399999618530273,24.649999618530273,24.799999237060547,1002380
2013-11-14,25.450000762939453,25.450000762939453,26.149999618530273,25.200000762939453,26.0,733680
2013-11-15,25.25,25.25,25.799999237060547,24.899999618530273,25.549999237060547,709040
2013-11-18,24.399999618530273,24.399999618530273,25.350000381469727,24.100000381469727,25.25,665960
2013-11-19,24.899999618530273,24.899999618530273,24.899999618530273,24.0,24.299999237060547,724300
2013-11-20,24.399999618530273,24.399999618530273,25.0,24.299999237060547,24.899999618530273,502340
2013-11-21,24.950000762939453,24.950000762939453,25.049999237060547,24.399999618530273,24.399999618530273,462560
2013-11-22,25.049999237060547,25.049999237060547,25.200000762939453,24.75,25.0,542220
2013-11-25,24.950000762939453,24.950000762939453,25.200000762939453,24.75,25.049999237060547,466380
2013-11-26,25.100000381469727,25.100000381469727,25.200000762939453,24.899999618530273,24.950000762939453,496920
2013-11-27,24.950000762939453,24.950000762939453,25.200000762939453,24.75,25.200000762939453,542280
2013-11-29,24.950000762939453,24.950000762939453,25.149999618530273,24.899999618530273,25.0,569440
2013-12-02,25.25,25.25,25.25,24.799999237060547,25.0,847100
2013-12-03,25.049999237060547,25.049999237060547,25.350000381469727,24.799999237060547,25.299999237060547,844000
2013-12-04,24.950000762939453,24.950000762939453,25.200000762939453,24.399999618530273,25.049999237060547,718320
2013-12-05,24.850000381469727,24.850000381469727,25.299999237060547,24.799999237060547,25.0,536040
2013-12-06,25.600000381469727,25.600000381469727,25.899999618530273,24.75,24.899999618530273,984100
2013-12-09,26.799999237060547,26.799999237060547,26.850000381469727,25.600000381469727,25.600000381469727,1632000
2013-12-10,24.700000762939453,24.700000762939453,27.149999618530273,24.600000381469727,26.950000762939453,1581620
2013-12-11,24.049999237060547,24.049999237060547,25.600000381469727,23.950000762939453,25.0,1115500
2013-12-12,24.799999237060547,24.799999237060547,25.049999237060547,22.899999618530273,24.25,1128300
2013-12-13,24.899999618530273,24.899999618530273,25.149999618530273,24.299999237060547,24.950000762939453,789360
2013-12-16,24.799999237060547,24.799999237060547,25.299999237060547,24.600000381469727,25.0,714040
2013-12-17,24.700000762939453,24.700000762939453,25.149999618530273,24.549999237060547,24.850000381469727,565420
2013-12-18,24.799999237060547,24.799999237060547,25.0,24.25,24.799999237060547,698780
2013-12-19,24.649999618530273,24.649999618530273,25.0,24.5,24.700000762939453,646120
2013-12-20,25.049999237060547,25.049999237060547,25.25,24.700000762939453,24.850000381469727,1514780
2013-12-23,25.700000762939453,25.700000762939453,25.850000381469727,25.049999237060547,25.25,1260640
2013-12-24,26.25,26.25,26.649999618530273,25.75,25.850000381469727,789620
2013-12-26,26.5,26.5,26.75,26.25,26.25,694400
2013-12-27,26.0,26.0,26.700000762939453,25.75,26.600000381469727,740500
2013-12-30,26.649999618530273,26.649999618530273,26.700000762939453,25.5,25.950000762939453,706760
2013-12-31,26.0,26.0,26.700000762939453,25.950000762939453,26.649999618530273,630120
2014-01-02,26.549999237060547,26.549999237060547,26.600000381469727,25.5,26.0,755140
2014-01-03,27.0,27.0,27.950000762939453,26.25,26.649999618530273,1650260
2014-01-06,28.0,28.0,28.950000762939453,27.149999618530273,28.100000381469727,2443340
2014-01-07,27.399999618530273,27.399999618530273,28.299999237060547,26.899999618530273,28.200000762939453,1921340
2014-01-08,29.899999618530273,29.899999618530273,29.950000762939453,26.950000762939453,27.5,1765520
2014-01-09,35.400001525878906,35.400001525878906,36.04999923706055,30.100000381469727,30.25,4974120
2014-01-10,29.600000381469727,29.600000381469727,33.45000076293945,29.5,33.45000076293945,4706660
2014-01-13,28.75,28.75,30.899999618530273,28.5,28.899999618530273,2243240
2014-01-14,29.700000762939453,29.700000762939453,29.799999237060547,28.399999618530273,29.299999237060547,1271200
2014-01-15,30.049999237060547,30.049999237060547,30.75,29.0,30.0,1735300
2014-01-16,30.100000381469727,30.100000381469727,30.25,29.5,30.0,1313580
2014-01-17,28.950000762939453,28.950000762939453,30.649999618530273,28.799999237060547,30.200000762939453,1913640
2014-01-21,27.799999237060547,27.799999237060547,29.350000381469727,27.25,29.149999618530273,1623060
2014-01-22,27.950000762939453,27.950000762939453,28.450000762939453,27.600000381469727,27.700000762939453,887360
2014-01-23,28.5,28.5,29.25,27.799999237060547,28.200000762939453,1383220
2014-01-24,27.75,27.75,28.649999618530273,27.399999618530273,28.399999618530273,1473820
2014-01-27,26.149999618530273,26.149999618530273,28.149999618530273,25.75,27.75,1896640
2014-01-28,27.200000762939453,27.200000762939453,27.850000381469727,26.0,26.100000381469727,1250320
2014-01-29,26.75,26.75,28.0,26.399999618530273,26.950000762939453,1078460
2014-01-30,27.0,27.0,27.649999618530273,27.0,27.149999618530273,775640
2014-01-31,27.100000381469727,27.100000381469727,27.799999237060547,26.600000381469727,26.75,846340
2014-02-03,25.799999237060547,25.799999237060547,27.399999618530273,25.549999237060547,27.25,1635640
2014-02-04,25.799999237060547,25.799999237060547,26.649999618530273,25.600000381469727,25.799999237060547,1181060
2014-02-05,25.549999237060547,25.549999237060547,26.200000762939453,24.299999237060547,25.5,1880040
2014-02-06,25.549999237060547,25.549999237060547,26.450000762939453,25.399999618530273,25.600000381469727,1110860
2014-02-07,26.950000762939453,26.950000762939453,27.200000762939453,25.700000762939453,25.75,1088620
2014-02-10,28.450000762939453,28.450000762939453,29.25,26.950000762939453,27.0,1682200
2014-02-11,28.450000762939453,28.450000762939453,29.399999618530273,28.200000762939453,28.600000381469727,997660
2014-02-12,28.149999618530273,28.149999618530273,29.350000381469727,27.899999618530273,28.5,952660
2014-02-13,28.399999618530273,28.399999618530273,28.850000381469727,27.549999237060547,28.049999237060547,588000
2014-02-14,27.899999618530273,27.899999618530273,28.899999618530273,27.899999618530273,28.850000381469727,753880
2014-02-18,28.200000762939453,28.200000762939453,29.0,27.600000381469727,27.850000381469727,1449720
2014-02-19,29.549999237060547,29.549999237060547,30.899999618530273,28.5,28.950000762939453,2352760
2014-02-20,29.799999237060547,29.799999237060547,30.450000762939453,29.049999237060547,29.899999618530273,1632860
2014-02-21,30.100000381469727,30.100000381469727,30.649999618530273,29.799999237060547,29.799999237060547,1235440
2014-02-24,32.0,32.0,32.5,30.299999237060547,30.399999618530273,2064180
2014-02-25,32.70000076293945,32.70000076293945,33.29999923706055,31.950000762939453,32.5,2028460
2014-02-26,32.400001525878906,32.400001525878906,33.099998474121094,31.649999618530273,33.04999923706055,1101560
2014-02-27,31.950000762939453,31.950000762939453,32.29999923706055,31.0,32.25,1114160
2014-02-28,30.950000762939453,30.950000762939453,31.700000762939453,29.700000762939453,31.299999237060547,1666700
2014-03-03,30.649999618530273,30.649999618530273,30.850000381469727,29.700000762939453,30.5,1759080
2014-03-04,30.399999618530273,30.399999618530273,30.950000762939453,29.799999237060547,30.450000762939453,1643120
2014-03-05,29.450000762939453,29.450000762939453,30.700000762939453,29.399999618530273,30.600000381469727,1576200
2014-03-06,28.549999237060547,28.549999237060547,30.200000762939453,28.399999618530273,29.700000762939453,1619720
2014-03-07,28.549999237060547,28.549999237060547,29.0,27.899999618530273,28.850000381469727,993780
2014-03-10,28.549999237060547,28.549999237060547,29.25,28.0,28.450000762939453,1129800
2014-03-11,28.25,28.25,29.100000381469727,27.75,28.899999618530273,1465720
2014-03-12,28.450000762939453,28.450000762939453,28.600000381469727,27.899999618530273,28.25,817580
2014-03-13,28.25,28.25,28.700000762939453,27.75,28.549999237060547,766220
2014-03-14,28.149999618530273,28.149999618530273,28.399999618530273,27.649999618530273,28.0,895840
2014-03-17,27.899999618530273,27.899999618530273,28.450000762939453,27.649999618530273,28.25,1015920
2014-03-18,28.25,28.25,28.350000381469727,27.899999618530273,27.950000762939453,1190100
2014-03-19,28.450000762939453,28.450000762939453,31.0,28.149999618530273,28.299999237060547,3860620
2014-03-20,29.450000762939453,29.450000762939453,30.049999237060547,28.899999618530273,29.200000762939453,1506760
2014-03-21,29.350000381469727,29.350000381469727,29.850000381469727,28.799999237060547,29.75,1691580
2014-03-24,29.549999237060547,29.549999237060547,30.25,29.049999237060547,29.5,2549420
2014-03-25,29.0,29.0,30.049999237060547,28.75,29.75,1752360
2014-03-26,26.899999618530273,26.899999618530273,29.25,26.450000762939453,29.100000381469727,2275640
2014-03-27,26.0,26.0,27.200000762939453,24.350000381469727,27.0,2044020
2014-03-28,24.149999618530273,24.149999618530273,28.75,23.75,28.200000762939453,5203280
2014-03-31,20.100000381469727,20.100000381469727,23.0,19.0,22.200000762939453,6073560
2014-04-01,20.100000381469727,20.100000381469727,20.100000381469727,20.100000381469727,20.100000381469727,0
2014-04-02,34.95000076293945,34.95000076293945,40.400001525878906,34.150001525878906,38.75,19508800
2014-04-03,34.650001525878906,34.650001525878906,36.04999923706055,33.29999923706055,35.95000076293945,5292900
2014-04-04,34.349998474121094,34.349998474121094,35.04999923706055,33.5,35.0,2617200
2014-04-07,31.600000381469727,31.600000381469727,32.20000076293945,29.850000381469727,30.600000381469727,5340100
2014-04-08,32.70000076293945,32.70000076293945,32.900001525878906,31.5,32.5,2011980
2014-04-09,35.0,35.0,35.5,32.54999923706055,32.75,3584100
2014-04-10,34.25,34.25,35.849998474121094,33.25,35.5,2906700
2014-04-11,32.04999923706055,32.04999923706055,34.20000076293945,31.549999237060547,34.20000076293945,2739380
2014-04-14,31.450000762939453,31.450000762939453,32.900001525878906,30.75,32.54999923706055,1824060
2014-04-15,31.399999618530273,31.399999618530273,31.75,29.600000381469727,31.700000762939453,1917100
2014-04-16,31.950000762939453,31.950000762939453,32.0,30.600000381469727,31.5,1088440
2014-04-17,31.25,31.25,32.29999923706055,31.100000381469727,31.700000762939453,884180
2014-04-21,31.649999618530273,31.649999618530273,31.899999618530273,31.149999618530273,31.25,761120
2014-04-22,32.25,32.25,33.0,31.450000762939453,31.700000762939453,958000
2014-04-23,31.799999237060547,31.799999237060547,32.5,31.450000762939453,32.5,752160
2014-04-24,31.899999618530273,31.899999618530273,32.400001525878906,31.149999618530273,32.150001525878906,1000640
2014-04-25,31.149999618530273,31.149999618530273,31.700000762939453,30.75,31.649999618530273,920800
2014-04-28,31.049999237060547,31.049999237060547,31.700000762939453,30.200000762939453,31.5,1044340
2014-04-29,32.04999923706055,32.04999923706055,32.20000076293945,30.850000381469727,31.299999237060547,1331560
2014-04-30,32.75,32.75,32.79999923706055,31.350000381469727,31.950000762939453,986840
2014-05-01,32.20000076293945,32.20000076293945,32.79999923706055,31.899999618530273,32.70000076293945,1004080
2014-05-02,31.75,31.75,32.349998474121094,31.5,32.349998474121094,758760
2014-05-05,32.04999923706055,32.04999923706055,32.20000076293945,31.100000381469727,31.600000381469727,723920
2014-05-06,31.299999237060547,31.299999237060547,32.29999923706055,31.149999618530273,31.850000381469727,815960
2014-05-07,31.0,31.0,31.5,30.600000381469727,31.450000762939453,749940
2014-05-08,30.799999237060547,30.799999237060547,31.75,30.5,30.899999618530273,1009360
2014-05-09,31.100000381469727,31.100000381469727,31.200000762939453,30.299999237060547,30.649999618530273,798940
2014-05-12,31.649999618530273,31.649999618530273,31.950000762939453,31.149999618530273,31.25,1124540
2014-05-13,32.900001525878906,32.900001525878906,33.349998474121094,31.75,31.950000762939453,1618980
2014-05-14,35.04999923706055,35.04999923706055,36.20000076293945,32.900001525878906,33.29999923706055,3335720
2014-05-15,34.650001525878906,34.650001525878906,35.70000076293945,34.25,35.5,1386160
2014-05-16,35.099998474121094,35.099998474121094,35.400001525878906,34.400001525878906,34.75,1209340
2014-05-19,36.95000076293945,36.95000076293945,37.900001525878906,34.900001525878906,35.099998474121094,2581980
2014-05-20,37.849998474121094,37.849998474121094,38.599998474121094,36.650001525878906,37.25,2163120
2014-05-21,39.04999923706055,39.04999923706055,39.25,38.0,38.400001525878906,1992060
2014-05-22,38.79999923706055,38.79999923706055,40.400001525878906,38.400001525878906,39.150001525878906,2527320
2014-05-23,38.849998474121094,38.849998474121094,39.45000076293945,37.54999923706055,39.25,1710260
2014-05-27,40.0,40.0,40.25,39.20000076293945,39.5,1587040
2014-05-28,40.849998474121094,40.849998474121094,41.0,38.849998474121094,40.099998474121094,2223100
2014-05-29,42.75,42.75,43.0,40.5,40.900001525878906,2100840
2014-05-30,44.5,44.5,47.29999923706055,42.54999923706055,43.5,4312860
2014-06-02,45.150001525878906,45.150001525878906,46.04999923706055,44.70000076293945,45.25,1809540
2014-06-03,47.54999923706055,47.54999923706055,47.79999923706055,45.04999923706055,45.5,2698840
2014-06-04,52.70000076293945,52.70000076293945,52.75,48.5,48.54999923706055,6001560
2014-06-05,50.20000076293945,50.20000076293945,55.54999923706055,48.25,54.5,6648620
2014-06-06,51.400001525878906,51.400001525878906,52.099998474121094,49.25,50.25,1893060
2014-06-09,53.5,53.5,54.5,52.0,53.20000076293945,2062340
2014-06-10,52.650001525878906,52.650001525878906,54.20000076293945,51.70000076293945,53.70000076293945,1706280
2014-06-11,51.75,51.75,52.70000076293945,50.5,51.650001525878906,1610140
2014-06-12,48.900001525878906,48.900001525878906,52.25,48.5,51.900001525878906,2987500
2014-06-13,52.599998474121094,52.599998474121094,52.650001525878906,49.75,50.0,2916880
2014-06-16,53.25,53.25,54.0,52.25,52.45000076293945,1729720
2014-06-17,53.0,53.0,53.75,52.54999923706055,53.400001525878906,1315440
2014-06-18,52.70000076293945,52.70000076293945,53.150001525878906,51.599998474121094,52.95000076293945,1197340
2014-06-19,52.599998474121094,52.599998474121094,53.25,51.900001525878906,52.900001525878906,1192680
2014-06-20,51.75,51.75,52.5,50.849998474121094,52.04999923706055,2134280
2014-06-23,53.650001525878906,53.650001525878906,53.95000076293945,51.25,51.849998474121094,1778100
2014-06-24,53.0,53.0,54.75,52.75,54.099998474121094,1982360
2014-06-25,52.95000076293945,52.95000076293945,53.400001525878906,51.79999923706055,53.0,1206120
2014-06-26,52.900001525878906,52.900001525878906,53.79999923706055,52.04999923706055,53.0,1018700
2014-06-27,50.0,50.0,55.54999923706055,41.0,52.650001525878906,7940460
2014-06-30,54.79999923706055,54.79999923706055,57.400001525878906,53.599998474121094,56.25,9741660
2014-07-01,51.599998474121094,51.599998474121094,54.04999923706055,51.04999923706055,54.0,4212440
2014-07-02,49.400001525878906,49.400001525878906,50.5,48.54999923706055,50.349998474121094,3387560
2014-07-03,50.0,50.0,50.099998474121094,49.25,50.0,1169260
2014-07-07,49.54999923706055,49.54999923706055,51.29999923706055,49.04999923706055,50.29999923706055,1915200
2014-07-08,48.45000076293945,48.45000076293945,49.400001525878906,47.5,49.400001525878906,1376440
2014-07-09,49.70000076293945,49.70000076293945,49.79999923706055,47.5,48.70000076293945,1063920
2014-07-10,49.45000076293945,49.45000076293945,49.900001525878906,47.79999923706055,48.650001525878906,1026820
2014-07-11,50.349998474121094,50.349998474121094,50.5,49.04999923706055,49.650001525878906,1011020
2014-07-14,49.849998474121094,49.849998474121094,50.900001525878906,48.5,50.54999923706055,873880
2014-07-15,49.349998474121094,49.349998474121094,50.349998474121094,48.599998474121094,49.75,1241240
2014-07-16,48.400001525878906,48.400001525878906,49.70000076293945,48.25,49.45000076293945,1044340
2014-07-17,46.45000076293945,46.45000076293945,48.5,45.849998474121094,48.099998474121094,1585640
2014-07-18,49.0,49.0,49.849998474121094,46.25,46.29999923706055,1792820
2014-07-21,48.150001525878906,48.150001525878906,49.0,47.54999923706055,48.79999923706055,903120
2014-07-22,48.849998474121094,48.849998474121094,50.5,48.25,48.29999923706055,1272080
2014-07-23,47.79999923706055,47.79999923706055,49.20000076293945,47.75,48.95000076293945,1131160
2014-07-24,45.0,45.0,47.849998474121094,43.54999923706055,47.5,2821020
2014-07-25,43.900001525878906,43.900001525878906,44.849998474121094,41.79999923706055,44.349998474121094,3528440
2014-07-28,43.20000076293945,43.20000076293945,43.79999923706055,41.75,43.75,1517080
2014-07-29,43.29999923706055,43.29999923706055,44.0,43.099998474121094,43.150001525878906,1032680
2014-07-30,43.29999923706055,43.29999923706055,44.599998474121094,42.75,43.54999923706055,860440
2014-07-31,41.79999923706055,41.79999923706055,43.04999923706055,41.75,42.650001525878906,1092700
2014-08-01,40.349998474121094,40.349998474121094,42.099998474121094,40.099998474121094,41.75,1746520
2014-08-04,41.54999923706055,41.54999923706055,41.849998474121094,40.25,40.45000076293945,984120
2014-08-05,40.75,40.75,42.099998474121094,40.45000076293945,41.349998474121094,1087360
2014-08-06,40.79999923706055,40.79999923706055,41.5,40.599998474121094,41.5,1086900
2014-08-07,40.650001525878906,40.650001525878906,41.29999923706055,40.349998474121094,41.150001525878906,874640
2014-08-08,40.650001525878906,40.650001525878906,41.099998474121094,40.04999923706055,40.5,1853080
2014-08-11,42.650001525878906,42.650001525878906,50.400001525878906,41.54999923706055,49.349998474121094,12516920
2014-08-12,37.400001525878906,37.400001525878906,41.45000076293945,36.099998474121094,41.45000076293945,8871400
2014-08-13,37.349998474121094,37.349998474121094,38.349998474121094,37.150001525878906,37.54999923706055,2299300
2014-08-14,35.25,35.25,36.599998474121094,35.0,36.5,3014620
2014-08-15,34.29999923706055,34.29999923706055,35.54999923706055,33.29999923706055,35.349998474121094,3295860
2014-08-18,36.150001525878906,36.150001525878906,36.900001525878906,34.5,34.54999923706055,2581460
2014-08-19,36.25,36.25,37.70000076293945,35.79999923706055,36.849998474121094,1745500
2014-08-20,35.95000076293945,35.95000076293945,36.25,35.650001525878906,35.95000076293945,707940
2014-08-21,35.45000076293945,35.45000076293945,36.400001525878906,35.349998474121094,35.900001525878906,710060
2014-08-22,35.599998474121094,35.599998474121094,35.650001525878906,34.79999923706055,35.400001525878906,839460
2014-08-25,36.400001525878906,36.400001525878906,37.0,35.599998474121094,35.650001525878906,1084240
2014-08-26,36.70000076293945,36.70000076293945,37.0,35.95000076293945,36.650001525878906,827360
2014-08-27,37.349998474121094,37.349998474121094,38.20000076293945,37.150001525878906,38.20000076293945,1972360
2014-08-28,36.599998474121094,36.599998474121094,37.5,36.54999923706055,36.599998474121094,805160
2014-08-29,36.849998474121094,36.849998474121094,36.95000076293945,36.04999923706055,36.70000076293945,731880
2014-09-02,36.099998474121094,36.099998474121094,37.0,35.75,37.0,1028900
2014-09-03,35.20000076293945,35.20000076293945,36.349998474121094,35.0,36.099998474121094,1139420
2014-09-04,35.54999923706055,35.54999923706055,36.29999923706055,35.04999923706055,35.099998474121094,1078500
2014-09-05,35.900001525878906,35.900001525878906,35.95000076293945,35.099998474121094,35.650001525878906,630340
2014-09-08,35.75,35.75,36.25,35.349998474121094,35.75,601080
2014-09-09,35.20000076293945,35.20000076293945,35.900001525878906,35.0,35.75,1148520
2014-09-10,34.25,34.25,35.400001525878906,33.75,35.099998474121094,1409460
2014-09-11,34.04999923706055,34.04999923706055,34.400001525878906,33.650001525878906,33.79999923706055,936980
2014-09-12,33.400001525878906,33.400001525878906,34.20000076293945,33.04999923706055,33.849998474121094,1007160
2014-09-15,31.899999618530273,31.899999618530273,33.599998474121094,31.649999618530273,33.400001525878906,1377380
2014-09-16,30.950000762939453,30.950000762939453,31.549999237060547,30.450000762939453,31.450000762939453,1425760
2014-09-17,31.149999618530273,31.149999618530273,32.150001525878906,31.049999237060547,31.100000381469727,1119700
2014-09-18,31.149999618530273,31.149999618530273,31.549999237060547,30.600000381469727,31.399999618530273,667880
2014-09-19,31.0,31.0,31.700000762939453,30.200000762939453,31.200000762939453,2091360
2014-09-22,30.0,30.0,31.0,29.649999618530273,30.950000762939453,1139600
2014-09-23,30.100000381469727,30.100000381469727,30.450000762939453,29.75,29.899999618530273,925360
2014-09-24,30.399999618530273,30.399999618530273,30.549999237060547,30.049999237060547,30.100000381469727,672800
2014-09-25,30.850000381469727,30.850000381469727,31.850000381469727,30.350000381469727,31.0,1695500
2014-09-26,30.5,30.5,31.0,30.049999237060547,30.850000381469727,850580
2014-09-29,30.399999618530273,30.399999618530273,30.700000762939453,30.0,30.25,540740
2014-09-30,29.549999237060547,29.549999237060547,30.600000381469727,29.549999237060547,30.450000762939453,788520
2014-10-01,28.649999618530273,28.649999618530273,29.549999237060547,27.549999237060547,29.5,1689780
2014-10-02,27.799999237060547,27.799999237060547,28.850000381469727,26.600000381469727,28.649999618530273,1503920
2014-10-03,27.600000381469727,27.600000381469727,27.899999618530273,26.5,27.75,911960
2014-10-06,27.200000762939453,27.200000762939453,27.700000762939453,26.649999618530273,27.600000381469727,887540
2014-10-07,25.75,25.75,27.200000762939453,25.75,27.0,1402320
2014-10-08,25.950000762939453,25.950000762939453,25.950000762939453,25.049999237060547,25.549999237060547,1420560
2014-10-09,24.850000381469727,24.850000381469727,25.799999237060547,24.75,25.700000762939453,1025880
2014-10-10,23.399999618530273,23.399999618530273,24.700000762939453,23.100000381469727,24.5,1565200
2014-10-13,23.049999237060547,23.049999237060547,24.0,22.25,23.350000381469727,1298440
2014-10-14,24.850000381469727,24.850000381469727,25.0,22.75,23.549999237060547,1683800
2014-10-15,28.049999237060547,28.049999237060547,28.600000381469727,24.899999618530273,25.0,3320840
2014-10-16,27.75,27.75,28.350000381469727,26.799999237060547,27.799999237060547,1332900
2014-10-17,28.450000762939453,28.450000762939453,29.25,28.049999237060547,28.75,1401640
2014-10-20,26.799999237060547,26.799999237060547,28.950000762939453,26.049999237060547,28.100000381469727,1341720
2014-10-21,27.649999618530273,27.649999618530273,27.649999618530273,26.899999618530273,27.049999237060547,701800
2014-10-22,26.950000762939453,26.950000762939453,27.850000381469727,26.649999618530273,27.649999618530273,724200
2014-10-23,28.25,28.25,28.25,26.649999618530273,27.25,855960
2014-10-24,28.649999618530273,28.649999618530273,28.700000762939453,27.600000381469727,28.0,547020
2014-10-27,28.899999618530273,28.899999618530273,28.950000762939453,28.049999237060547,28.700000762939453,581580
2014-10-28,30.950000762939453,30.950000762939453,31.100000381469727,28.0,28.299999237060547,1478500
2014-10-29,30.350000381469727,30.350000381469727,31.0,29.25,30.950000762939453,1022860
2014-10-30,30.399999618530273,30.399999618530273,30.75,29.75,30.200000762939453,1136500
2014-10-31,30.049999237060547,30.049999237060547,31.200000762939453,29.75,30.899999618530273,1109620
2014-11-03,29.600000381469727,29.600000381469727,30.100000381469727,28.549999237060547,29.0,1053360
2014-11-04,29.600000381469727,29.600000381469727,31.049999237060547,28.5,29.049999237060547,1412700
2014-11-05,28.350000381469727,28.350000381469727,30.600000381469727,28.299999237060547,29.850000381469727,1138940
2014-11-06,28.549999237060547,28.549999237060547,28.75,24.899999618530273,28.5,1360880
2014-11-07,28.899999618530273,28.899999618530273,28.950000762939453,28.0,28.649999618530273,520220
2014-11-10,29.399999618530273,29.399999618530273,29.5,28.5,28.799999237060547,799940
2014-11-11,30.200000762939453,30.200000762939453,30.75,29.200000762939453,29.299999237060547,883560
2014-11-12,30.399999618530273,30.399999618530273,30.850000381469727,29.5,30.0,688160
2014-11-13,30.899999618530273,30.899999618530273,31.799999237060547,30.399999618530273,30.700000762939453,1059540
2014-11-14,30.799999237060547,30.799999237060547,31.299999237060547,30.399999618530273,31.0,613300
2014-11-17,31.299999237060547,31.299999237060547,31.5,30.399999618530273,30.799999237060547,622440
2014-11-18,33.0,33.0,33.25,31.200000762939453,31.350000381469727,1127720
2014-11-19,31.700000762939453,31.700000762939453,33.25,31.549999237060547,33.25,946460
2014-11-20,30.75,30.75,32.349998474121094,30.600000381469727,31.299999237060547,857180
2014-11-21,30.899999618530273,30.899999618530273,31.600000381469727,30.299999237060547,31.0,871720
2014-11-24,30.799999237060547,30.799999237060547,31.100000381469727,30.5,30.700000762939453,663020
2014-11-25,31.0,31.0,31.100000381469727,30.549999237060547,30.700000762939453,420420
2014-11-26,31.299999237060547,31.299999237060547,31.450000762939453,30.75,31.0,432080
2014-11-28,30.75,30.75,31.450000762939453,28.0,31.200000762939453,581620
2014-12-01,28.950000762939453,28.950000762939453,30.600000381469727,28.799999237060547,30.5,917660
2014-12-02,28.549999237060547,28.549999237060547,29.399999618530273,27.600000381469727,29.049999237060547,774060
2014-12-03,28.5,28.5,28.950000762939453,28.0,28.25,487880
2014-12-04,27.049999237060547,27.049999237060547,28.399999618530273,27.0,28.299999237060547,1328720
2014-12-05,27.600000381469727,27.600000381469727,27.700000762939453,26.600000381469727,27.0,825280
2014-12-08,27.450000762939453,27.450000762939453,28.200000762939453,27.100000381469727,27.700000762939453,683100
2014-12-09,27.350000381469727,27.350000381469727,27.5,25.25,27.0,963060
2014-12-10,26.549999237060547,26.549999237060547,27.399999618530273,26.399999618530273,27.350000381469727,524160
2014-12-11,26.25,26.25,27.25,26.200000762939453,26.399999618530273,498820
2014-12-12,25.549999237060547,25.549999237060547,26.200000762939453,25.25,25.799999237060547,642740
2014-12-15,25.649999618530273,25.649999618530273,25.950000762939453,24.799999237060547,25.700000762939453,981200
2014-12-16,25.5,25.5,25.899999618530273,25.049999237060547,25.649999618530273,744200
2014-12-17,25.950000762939453,25.950000762939453,26.0,25.299999237060547,25.5,1104480
2014-12-18,27.049999237060547,27.049999237060547,27.25,25.950000762939453,26.200000762939453,846400
2014-12-19,26.799999237060547,26.799999237060547,27.25,26.350000381469727,27.200000762939453,1612920
2014-12-22,26.899999618530273,26.899999618530273,27.5,26.25,27.399999618530273,645960
2014-12-23,27.5,27.5,28.049999237060547,27.0,27.0,876240
2014-12-24,28.399999618530273,28.399999618530273,28.549999237060547,27.5,27.600000381469727,362720
2014-12-26,28.350000381469727,28.350000381469727,28.75,28.0,28.5,375440
2014-12-29,27.899999618530273,27.899999618530273,28.700000762939453,27.299999237060547,28.200000762939453,804120
2014-12-30,26.75,26.75,27.899999618530273,26.700000762939453,27.75,659480
2014-12-31,26.100000381469727,26.100000381469727,27.0,25.700000762939453,26.649999618530273,1139000
2015-01-02,28.200000762939453,28.200000762939453,28.75,26.149999618530273,26.299999237060547,1145320
2015-01-05,28.549999237060547,28.549999237060547,30.0,28.350000381469727,28.899999618530273,1209860
2015-01-06,27.850000381469727,27.850000381469727,29.75,27.299999237060547,28.850000381469727,1206880
2015-01-07,28.25,28.25,28.5,27.600000381469727,28.100000381469727,485280
2015-01-08,28.899999618530273,28.899999618530273,29.700000762939453,28.450000762939453,29.5,888040
2015-01-09,28.799999237060547,28.799999237060547,29.149999618530273,28.350000381469727,29.0,635840
2015-01-12,27.450000762939453,27.450000762939453,29.0,27.200000762939453,28.899999618530273,979740
2015-01-13,27.450000762939453,27.450000762939453,28.200000762939453,26.899999618530273,27.899999618530273,908880
2015-01-14,27.600000381469727,27.600000381469727,27.600000381469727,26.5,27.049999237060547,727200
2015-01-15,26.450000762939453,26.450000762939453,27.600000381469727,26.25,27.549999237060547,721220
2015-01-16,26.950000762939453,26.950000762939453,27.049999237060547,26.049999237060547,26.25,821680
2015-01-20,26.950000762939453,26.950000762939453,27.25,26.299999237060547,27.049999237060547,531320
2015-01-21,26.700000762939453,26.700000762939453,27.25,26.5,26.799999237060547,489520
2015-01-22,27.850000381469727,27.850000381469727,28.0,26.399999618530273,27.0,793800
2015-01-23,28.75,28.75,29.0,27.549999237060547,27.950000762939453,853360
2015-01-26,30.299999237060547,30.299999237060547,30.5,28.649999618530273,29.0,1189920
2015-01-27,31.799999237060547,31.799999237060547,31.899999618530273,30.0,30.200000762939453,1184500
2015-01-28,31.149999618530273,31.149999618530273,33.400001525878906,30.950000762939453,32.599998474121094,1427880
2015-01-29,31.399999618530273,31.399999618530273,31.799999237060547,29.799999237060547,31.799999237060547,1281080
2015-01-30,31.75,31.75,32.70000076293945,31.0,31.350000381469727,1153000
2015-02-02,32.150001525878906,32.150001525878906,32.400001525878906,31.100000381469727,31.799999237060547,1228080
2015-02-03,32.5,32.5,32.95000076293945,32.150001525878906,32.650001525878906,1392060
2015-02-04,34.04999923706055,34.04999923706055,34.25,31.700000762939453,32.5,1554420
2015-02-05,35.5,35.5,36.45000076293945,34.5,34.849998474121094,3315480
2015-02-06,34.849998474121094,34.849998474121094,36.099998474121094,34.099998474121094,35.95000076293945,1457500
2015-02-09,37.54999923706055,37.54999923706055,38.150001525878906,35.0,35.0,2504700
2015-02-10,37.900001525878906,37.900001525878906,39.400001525878906,37.54999923706055,38.54999923706055,2343260
2015-02-11,35.0,35.0,37.900001525878906,34.54999923706055,37.849998474121094,1740820
2015-02-12,34.900001525878906,34.900001525878906,35.95000076293945,34.04999923706055,35.79999923706055,1498000
2015-02-13,35.0,35.0,35.5,32.849998474121094,34.20000076293945,1487120
2015-02-17,35.5,35.5,36.0,34.599998474121094,35.20000076293945,942140
2015-02-18,36.099998474121094,36.099998474121094,36.400001525878906,34.79999923706055,35.349998474121094,1386620
2015-02-19,35.599998474121094,35.599998474121094,36.599998474121094,35.599998474121094,36.349998474121094,658940
2015-02-20,34.5,34.5,35.349998474121094,34.29999923706055,35.349998474121094,1169900
2015-02-23,33.599998474121094,33.599998474121094,34.45000076293945,32.900001525878906,34.45000076293945,1029040
2015-02-24,33.599998474121094,33.599998474121094,33.599998474121094,32.04999923706055,33.54999923706055,1182220
2015-02-25,34.54999923706055,34.54999923706055,35.0,33.25,33.599998474121094,1195180
2015-02-26,34.099998474121094,34.099998474121094,34.70000076293945,33.75,34.70000076293945,733560
2015-02-27,32.599998474121094,32.599998474121094,33.849998474121094,32.5,33.75,1289900
2015-03-02,33.20000076293945,33.20000076293945,33.75,32.25,32.5,1218400
2015-03-03,30.799999237060547,30.799999237060547,31.75,28.700000762939453,30.600000381469727,4501480
2015-03-04,29.700000762939453,29.700000762939453,30.450000762939453,29.649999618530273,30.149999618530273,913020
2015-03-05,28.649999618530273,28.649999618530273,29.700000762939453,28.049999237060547,29.649999618530273,1461720
2015-03-06,27.350000381469727,27.350000381469727,28.5,27.049999237060547,28.450000762939453,1965000
2015-03-09,26.700000762939453,26.700000762939453,27.799999237060547,26.350000381469727,27.799999237060547,871980
2015-03-10,27.350000381469727,27.350000381469727,27.649999618530273,25.649999618530273,26.5,973700
2015-03-11,28.0,28.0,28.200000762939453,27.399999618530273,27.549999237060547,867100
2015-03-12,28.100000381469727,28.100000381469727,28.25,27.850000381469727,27.899999618530273,502120
2015-03-13,27.549999237060547,27.549999237060547,28.350000381469727,26.899999618530273,28.100000381469727,668160
2015-03-16,27.549999237060547,27.549999237060547,28.100000381469727,27.149999618530273,27.549999237060547,578300
2015-03-17,27.25,27.25,27.649999618530273,26.950000762939453,27.25,472960
2015-03-18,27.350000381469727,27.350000381469727,27.549999237060547,26.549999237060547,27.0,583780
2015-03-19,27.700000762939453,27.700000762939453,27.799999237060547,27.0,27.100000381469727,389020
2015-03-20,26.299999237060547,26.299999237060547,27.200000762939453,26.100000381469727,26.850000381469727,1740360
2015-03-23,26.100000381469727,26.100000381469727,26.450000762939453,25.75,26.0,674300
2015-03-24,26.25,26.25,26.649999618530273,25.799999237060547,26.0,482720
2015-03-25,25.5,25.5,26.600000381469727,25.299999237060547,26.25,944420
2015-03-26,25.549999237060547,25.549999237060547,26.049999237060547,25.149999618530273,25.600000381469727,549380
2015-03-27,26.200000762939453,26.200000762939453,26.5,25.75,25.850000381469727,655000
2015-03-30,26.649999618530273,26.649999618530273,26.899999618530273,26.049999237060547,26.5,571280
2015-03-31,26.0,26.0,26.649999618530273,25.899999618530273,26.549999237060547,453780
2015-04-01,26.100000381469727,26.100000381469727,26.149999618530273,25.399999618530273,25.950000762939453,569940
2015-04-02,26.700000762939453,26.700000762939453,26.75,25.799999237060547,26.0,560260
2015-04-06,25.5,25.5,26.700000762939453,25.450000762939453,26.399999618530273,882320
2015-04-07,25.600000381469727,25.600000381469727,25.950000762939453,25.450000762939453,25.649999618530273,921240
2015-04-08,26.049999237060547,26.049999237060547,26.049999237060547,25.399999618530273,25.549999237060547,896840
2015-04-09,26.25,26.25,26.5,25.700000762939453,26.149999618530273,895440
2015-04-10,26.25,26.25,26.450000762939453,25.799999237060547,25.899999618530273,395140
2015-04-13,25.950000762939453,25.950000762939453,26.450000762939453,25.899999618530273,26.149999618530273,426320
2015-04-14,26.049999237060547,26.049999237060547,26.5,25.899999618530273,25.899999618530273,436940
2015-04-15,26.399999618530273,26.399999618530273,26.600000381469727,25.799999237060547,26.100000381469727,549960
2015-04-16,25.899999618530273,25.899999618530273,26.5,25.850000381469727,26.25,664920
2015-04-17,25.200000762939453,25.200000762939453,25.950000762939453,25.049999237060547,25.75,1107400
2015-04-20,24.649999618530273,24.649999618530273,25.450000762939453,24.5,25.25,1074500
2015-04-21,24.950000762939453,24.950000762939453,25.0,24.399999618530273,24.700000762939453,701020
2015-04-22,24.5,24.5,25.149999618530273,24.450000762939453,25.0,591880
2015-04-23,24.799999237060547,24.799999237060547,24.850000381469727,24.399999618530273,24.600000381469727,622300
2015-04-24,24.0,24.0,24.850000381469727,23.799999237060547,24.850000381469727,1230220
2015-04-27,22.950000762939453,22.950000762939453,24.299999237060547,22.75,24.100000381469727,1395440
2015-04-28,23.25,23.25,23.649999618530273,22.5,23.149999618530273,1096740
2015-04-29,22.899999618530273,22.899999618530273,23.850000381469727,22.850000381469727,23.200000762939453,607380
2015-04-30,21.450000762939453,21.450000762939453,23.149999618530273,21.149999618530273,22.899999618530273,1837200
2015-05-01,20.899999618530273,20.899999618530273,21.899999618530273,20.700000762939453,21.450000762939453,1094100
2015-05-04,21.850000381469727,21.850000381469727,22.75,20.899999618530273,20.950000762939453,1349040
2015-05-05,20.850000381469727,20.850000381469727,22.0,20.799999237060547,21.899999618530273,1101580
2015-05-06,20.799999237060547,20.799999237060547,21.25,20.649999618530273,21.049999237060547,1185600
2015-05-07,20.100000381469727,20.100000381469727,21.0,20.0,20.899999618530273,1216400
2015-05-08,19.049999237060547,19.049999237060547,20.049999237060547,17.600000381469727,19.850000381469727,3936840
2015-05-11,18.149999618530273,18.149999618530273,18.5,17.549999237060547,18.25,2041120
2015-05-12,18.25,18.25,18.75,17.299999237060547,17.799999237060547,1649720
2015-05-13,18.149999618530273,18.149999618530273,18.5,18.100000381469727,18.25,637040
2015-05-14,18.149999618530273,18.149999618530273,18.450000762939453,18.0,18.149999618530273,704240
2015-05-15,20.0,20.0,20.649999618530273,18.200000762939453,18.399999618530273,2260600
2015-05-18,22.0,22.0,22.200000762939453,20.399999618530273,20.799999237060547,2812940
2015-05-19,24.0,24.0,24.25,22.600000381469727,22.75,4015220
2015-05-20,23.5,23.5,24.700000762939453,22.649999618530273,24.649999618530273,2315660
2015-05-21,23.149999618530273,23.149999618530273,23.799999237060547,22.149999618530273,23.5,1333620
2015-05-22,22.600000381469727,22.600000381469727,23.200000762939453,22.299999237060547,22.75,733580
2015-05-26,24.100000381469727,24.100000381469727,24.549999237060547,22.5,22.600000381469727,1734900
2015-05-27,26.350000381469727,26.350000381469727,26.5,24.200000762939453,24.450000762939453,2732400
2015-05-28,26.0,26.0,26.350000381469727,25.25,26.0,1676440
2015-05-29,25.899999618530273,25.899999618530273,26.049999237060547,24.700000762939453,25.850000381469727,1655040
2015-06-01,25.799999237060547,25.799999237060547,26.950000762939453,25.600000381469727,26.549999237060547,1393440
2015-06-02,26.049999237060547,26.049999237060547,26.450000762939453,25.5,25.799999237060547,900240
2015-06-03,27.700000762939453,27.700000762939453,27.75,26.100000381469727,26.25,1747220
2015-06-04,28.950000762939453,28.950000762939453,29.950000762939453,27.25,27.649999618530273,2582200
2015-06-05,30.600000381469727,30.600000381469727,31.350000381469727,28.850000381469727,29.0,2909860
2015-06-08,36.150001525878906,36.150001525878906,36.5,31.700000762939453,31.850000381469727,7047680
2015-06-09,33.5,33.5,36.599998474121094,32.25,36.400001525878906,5112260
2015-06-10,30.549999237060547,30.549999237060547,35.0,29.799999237060547,33.75,4484880
2015-06-11,28.549999237060547,28.549999237060547,29.450000762939453,27.899999618530273,28.950000762939453,3065560
2015-06-12,29.350000381469727,29.350000381469727,29.75,28.299999237060547,29.0,1324200
2015-06-15,30.5,30.5,31.200000762939453,29.350000381469727,29.649999618530273,2119600
2015-06-16,29.649999618530273,29.649999618530273,30.700000762939453,29.600000381469727,30.399999618530273,1088980
2015-06-17,29.399999618530273,29.399999618530273,29.950000762939453,28.299999237060547,29.700000762939453,1662980
2015-06-18,29.799999237060547,29.799999237060547,29.899999618530273,28.799999237060547,29.100000381469727,884080
2015-06-19,29.850000381469727,29.850000381469727,30.149999618530273,28.950000762939453,29.799999237060547,1383720
2015-06-22,29.799999237060547,29.799999237060547,29.950000762939453,28.549999237060547,29.799999237060547,1236800
2015-06-23,29.700000762939453,29.700000762939453,30.350000381469727,29.25,29.450000762939453,941640
2015-06-24,29.25,29.25,29.700000762939453,29.0,29.450000762939453,716460
2015-06-25,29.5,29.5,29.850000381469727,29.25,29.5,735140
2015-06-26,29.100000381469727,29.100000381469727,29.450000762939453,28.5,29.399999618530273,1086380
2015-06-29,28.200000762939453,28.200000762939453,28.950000762939453,28.049999237060547,28.649999618530273,870940
2015-06-30,28.450000762939453,28.450000762939453,28.899999618530273,28.0,28.25,1141540
2015-07-01,27.899999618530273,27.899999618530273,28.899999618530273,27.850000381469727,28.5,830940
2015-07-02,26.600000381469727,26.600000381469727,27.899999618530273,26.25,27.75,1464100
2015-07-06,26.25,26.25,27.25,25.600000381469727,26.399999618530273,816420
2015-07-07,26.25,26.25,26.5,25.0,26.149999618530273,1305880
2015-07-08,25.549999237060547,25.549999237060547,26.100000381469727,25.25,26.049999237060547,537120
2015-07-09,25.649999618530273,25.649999618530273,25.950000762939453,25.149999618530273,25.799999237060547,560020
2015-07-10,26.899999618530273,26.899999618530273,27.200000762939453,25.549999237060547,25.950000762939453,751380
2015-07-13,27.850000381469727,27.850000381469727,28.450000762939453,27.049999237060547,27.149999618530273,1226760
2015-07-14,27.850000381469727,27.850000381469727,28.149999618530273,27.600000381469727,28.049999237060547,564620
2015-07-15,27.450000762939453,27.450000762939453,28.100000381469727,27.299999237060547,28.0,774640
2015-07-16,28.799999237060547,28.799999237060547,29.0,27.649999618530273,27.899999618530273,1055060
2015-07-17,28.299999237060547,28.299999237060547,28.950000762939453,27.950000762939453,28.799999237060547,821100
2015-07-20,26.450000762939453,26.450000762939453,28.0,25.75,28.0,1858320
2015-07-21,26.649999618530273,26.649999618530273,26.899999618530273,26.049999237060547,26.5,793760
2015-07-22,27.299999237060547,27.299999237060547,27.350000381469727,26.200000762939453,26.549999237060547,546460
2015-07-23,27.100000381469727,27.100000381469727,27.950000762939453,26.899999618530273,27.450000762939453,625900
2015-07-24,24.899999618530273,24.899999618530273,26.850000381469727,24.75,26.75,1437000
2015-07-27,23.850000381469727,23.850000381469727,25.149999618530273,23.149999618530273,25.149999618530273,1367300
2015-07-28,24.100000381469727,24.100000381469727,24.899999618530273,23.850000381469727,24.049999237060547,872340
2015-07-29,22.200000762939453,22.200000762939453,24.149999618530273,21.799999237060547,24.100000381469727,2709720
2015-07-30,22.299999237060547,22.299999237060547,22.649999618530273,19.75,20.5,1782480
2015-07-31,21.450000762939453,21.450000762939453,22.350000381469727,21.25,21.700000762939453,821740
2015-08-03,20.799999237060547,20.799999237060547,21.5,20.600000381469727,21.5,786140
2015-08-04,20.75,20.75,21.350000381469727,20.600000381469727,21.100000381469727,658220
2015-08-05,20.950000762939453,20.950000762939453,21.350000381469727,20.5,20.899999618530273,638020
2015-08-06,20.350000381469727,20.350000381469727,21.350000381469727,20.0,21.350000381469727,1060000
2015-08-07,19.899999618530273,19.899999618530273,20.350000381469727,19.5,20.200000762939453,1329200
2015-08-10,20.200000762939453,20.200000762939453,22.350000381469727,19.799999237060547,21.350000381469727,2280600
2015-08-11,20.799999237060547,20.799999237060547,21.25,19.950000762939453,20.399999618530273,1554680
2015-08-12,21.549999237060547,21.549999237060547,21.950000762939453,20.75,21.0,1292500
2015-08-13,20.700000762939453,20.700000762939453,22.299999237060547,20.5,21.600000381469727,928780
2015-08-14,20.450000762939453,20.450000762939453,20.950000762939453,20.100000381469727,20.5,718980
2015-08-17,20.75,20.75,20.75,20.100000381469727,20.600000381469727,687220
2015-08-18,20.299999237060547,20.299999237060547,20.75,20.149999618530273,20.75,680220
2015-08-19,19.950000762939453,19.950000762939453,20.600000381469727,19.549999237060547,20.149999618530273,850720
2015-08-20,18.950000762939453,18.950000762939453,20.0,18.950000762939453,19.899999618530273,1237700
2015-08-21,18.950000762939453,18.950000762939453,19.149999618530273,17.850000381469727,18.549999237060547,1610500
2015-08-24,17.950000762939453,17.950000762939453,17.950000762939453,16.850000381469727,17.549999237060547,1132540
2015-08-25,16.549999237060547,16.549999237060547,19.100000381469727,16.450000762939453,19.0,1457880
2015-08-26,18.25,18.25,18.350000381469727,16.25,16.899999618530273,1256340
2015-08-27,19.549999237060547,19.549999237060547,19.75,18.25,18.649999618530273,1231540
2015-08-28,19.600000381469727,19.600000381469727,19.600000381469727,18.850000381469727,19.299999237060547,738500
2015-08-31,18.950000762939453,18.950000762939453,19.700000762939453,18.850000381469727,19.700000762939453,714200
2015-09-01,18.549999237060547,18.549999237060547,19.100000381469727,18.0,18.600000381469727,967020
2015-09-02,19.25,19.25,19.649999618530273,18.100000381469727,18.649999618530273,555680
2015-09-03,18.450000762939453,18.450000762939453,19.450000762939453,18.450000762939453,19.25,607020
2015-09-04,19.450000762939453,19.450000762939453,19.450000762939453,18.549999237060547,18.600000381469727,688120
2015-09-08,20.350000381469727,20.350000381469727,20.350000381469727,18.950000762939453,19.200000762939453,854960
2015-09-09,18.299999237060547,18.299999237060547,19.450000762939453,18.25,18.600000381469727,1551840
2015-09-10,18.75,18.75,18.75,17.75,18.100000381469727,634680
2015-09-11,18.5,18.5,18.649999618530273,17.850000381469727,18.5,669020
2015-09-14,17.850000381469727,17.850000381469727,18.450000762939453,17.75,18.450000762939453,529520
2015-09-15,18.0,18.0,18.399999618530273,17.799999237060547,18.0,407520
2015-09-16,18.200000762939453,18.200000762939453,18.399999618530273,17.75,18.100000381469727,1081480
2015-09-17,18.0,18.0,18.350000381469727,17.799999237060547,18.25,853420
2015-09-18,17.299999237060547,17.299999237060547,18.450000762939453,17.0,17.850000381469727,1961720
2015-09-21,16.799999237060547,16.799999237060547,17.75,16.549999237060547,17.299999237060547,974000
2015-09-22,16.200000762939453,16.200000762939453,16.899999618530273,16.100000381469727,16.649999618530273,978600
2015-09-23,16.450000762939453,16.450000762939453,16.700000762939453,16.0,16.149999618530273,904100
2015-09-24,17.299999237060547,17.299999237060547,17.399999618530273,16.100000381469727,16.399999618530273,764080
2015-09-25,16.200000762939453,16.200000762939453,17.600000381469727,16.049999237060547,17.5,733880
2015-09-28,15.449999809265137,15.449999809265137,16.200000762939453,15.0,16.200000762939453,1050760
2015-09-29,15.600000381469727,15.600000381469727,16.600000381469727,15.149999618530273,15.5,779340
2015-09-30,16.049999237060547,16.049999237060547,16.5,15.25,16.0,900520
2015-10-01,15.399999618530273,15.399999618530273,15.949999809265137,15.0,15.949999809265137,918520
2015-10-02,16.399999618530273,16.399999618530273,16.399999618530273,14.899999618530273,15.050000190734863,943460
2015-10-05,15.949999809265137,15.949999809265137,16.850000381469727,15.899999618530273,16.5,899520
2015-10-06,15.350000381469727,15.350000381469727,16.149999618530273,15.350000381469727,16.0,1066680
2015-10-07,15.350000381469727,15.350000381469727,15.800000190734863,15.199999809265137,15.5,643800
2015-10-08,15.050000190734863,15.050000190734863,15.5,15.0,15.199999809265137,1190740
2015-10-09,15.25,15.25,15.600000381469727,15.100000381469727,15.149999618530273,714700
2015-10-12,15.199999809265137,15.199999809265137,15.399999618530273,15.050000190734863,15.25,424980
2015-10-13,14.699999809265137,14.699999809265137,15.550000190734863,14.649999618530273,15.300000190734863,592220
2015-10-14,14.649999618530273,14.649999618530273,15.199999809265137,14.399999618530273,14.800000190734863,855700
2015-10-15,15.25,15.25,15.350000381469727,14.5,14.649999618530273,1141340
2015-10-16,15.5,15.5,15.75,14.899999618530273,15.300000190734863,986180
2015-10-19,16.850000381469727,16.850000381469727,17.100000381469727,15.300000190734863,15.5,1159720
2015-10-20,16.799999237060547,16.799999237060547,18.100000381469727,16.799999237060547,17.0,1214620
2015-10-21,16.649999618530273,16.649999618530273,17.549999237060547,16.100000381469727,17.049999237060547,856320
2015-10-22,17.299999237060547,17.299999237060547,17.899999618530273,16.5,16.649999618530273,1200780
2015-10-23,18.100000381469727,18.100000381469727,18.899999618530273,18.0,18.399999618530273,1751500
2015-10-26,17.75,17.75,18.649999618530273,17.5,18.5,1022320
2015-10-27,17.950000762939453,17.950000762939453,18.049999237060547,17.299999237060547,17.549999237060547,908980
2015-10-28,18.899999618530273,18.899999618530273,18.950000762939453,17.75,18.0,1358420
2015-10-29,17.299999237060547,17.299999237060547,18.850000381469727,15.399999618530273,18.25,2258480
2015-10-30,16.549999237060547,16.549999237060547,16.850000381469727,16.0,16.850000381469727,756020
2015-11-02,15.949999809265137,15.949999809265137,16.049999237060547,14.899999618530273,16.0,1528640
2015-11-03,16.149999618530273,16.149999618530273,16.5,15.649999618530273,15.800000190734863,1015100
2015-11-04,14.949999809265137,14.949999809265137,15.449999809265137,14.75,15.25,1617600
2015-11-05,13.949999809265137,13.949999809265137,14.949999809265137,13.199999809265137,14.75,1901080
2015-11-06,14.350000381469727,14.350000381469727,14.649999618530273,13.899999618530273,14.600000381469727,1169300
2015-11-09,13.149999618530273,13.149999618530273,14.199999809265137,11.899999618530273,14.050000190734863,2036880
2015-11-10,11.5,11.5,12.100000381469727,11.0,11.75,2298660
2015-11-11,11.100000381469727,11.100000381469727,11.350000381469727,8.800000190734863,11.350000381469727,4917200
2015-11-12,13.199999809265137,13.199999809265137,15.100000381469727,11.25,11.800000190734863,8340160
2015-11-13,12.199999809265137,12.199999809265137,13.0,11.75,13.0,2484940
2015-11-16,11.300000190734863,11.300000190734863,12.050000190734863,11.050000190734863,11.449999809265137,1198160
2015-11-17,11.300000190734863,11.300000190734863,11.800000190734863,10.899999618530273,11.149999618530273,1013320
2015-11-18,11.649999618530273,11.649999618530273,12.100000381469727,11.300000190734863,11.300000190734863,1428740
2015-11-19,12.050000190734863,12.050000190734863,12.100000381469727,11.199999809265137,11.699999809265137,1768380
2015-11-20,12.350000381469727,12.350000381469727,12.649999618530273,11.5,12.0,1211740
2015-11-23,11.25,11.25,12.25,11.100000381469727,12.25,1148940
2015-11-24,11.0,11.0,11.149999618530273,10.850000381469727,11.0,566800
2015-11-25,10.949999809265137,10.949999809265137,11.0,10.699999809265137,10.949999809265137,561880
2015-11-27,10.399999618530273,10.399999618530273,10.899999618530273,10.350000381469727,10.800000190734863,453020
2015-11-30,10.0,10.0,10.550000190734863,10.0,10.350000381469727,1160540
2015-12-01,10.649999618530273,10.649999618530273,10.800000190734863,9.949999809265137,10.0,1778280
2015-12-02,10.850000381469727,10.850000381469727,11.199999809265137,10.600000381469727,10.600000381469727,658960
2015-12-03,10.149999618530273,10.149999618530273,10.800000190734863,10.0,10.75,674380
2015-12-04,9.649999618530273,9.649999618530273,10.300000190734863,9.25,10.300000190734863,1389320
2015-12-07,9.149999618530273,9.149999618530273,9.5,9.050000190734863,9.5,863960
2015-12-08,8.350000381469727,8.350000381469727,9.100000381469727,8.199999809265137,9.0,1081000
2015-12-09,7.75,7.75,8.050000190734863,7.5,8.0,1528500
2015-12-10,8.5,8.5,8.600000381469727,7.449999809265137,7.650000095367432,1767040
2015-12-11,7.650000095367432,7.650000095367432,8.350000381469727,7.650000095367432,8.100000381469727,803720
2015-12-14,7.050000190734863,7.050000190734863,7.449999809265137,6.900000095367432,7.449999809265137,1463040
2015-12-15,7.25,7.25,7.300000190734863,6.900000095367432,7.0,834060
2015-12-16,7.650000095367432,7.650000095367432,7.75,6.900000095367432,7.25,986480
2015-12-17,7.75,7.75,8.25,7.349999904632568,7.550000190734863,1043940
2015-12-18,7.400000095367432,7.400000095367432,8.0,7.400000095367432,7.75,3025380
2015-12-21,7.75,7.75,7.900000095367432,7.300000190734863,7.5,787080
2015-12-22,7.5,7.5,7.849999904632568,7.449999809265137,7.550000190734863,683480
2015-12-23,7.699999809265137,7.699999809265137,7.900000095367432,7.449999809265137,7.5,660820
2015-12-24,7.650000095367432,7.650000095367432,7.900000095367432,7.550000190734863,7.900000095367432,432300
2015-12-28,7.400000095367432,7.400000095367432,7.599999904632568,7.300000190734863,7.5,695780
2015-12-29,7.599999904632568,7.599999904632568,7.599999904632568,7.349999904632568,7.349999904632568,593360
2015-12-30,7.449999809265137,7.449999809265137,7.599999904632568,7.349999904632568,7.400000095367432,637980
2015-12-31,7.25,7.25,7.550000190734863,7.199999809265137,7.400000095367432,1055360
2016-01-04,7.25,7.25,7.349999904632568,7.050000190734863,7.150000095367432,704020
2016-01-05,3.75,3.75,5.800000190734863,3.5,5.25,9693280
2016-01-06,3.6500000953674316,3.6500000953674316,4.150000095367432,3.200000047683716,3.450000047683716,4710240
2016-01-07,3.450000047683716,3.450000047683716,3.799999952316284,3.25,3.6500000953674316,1854500
2016-01-08,3.299999952316284,3.299999952316284,3.75,3.299999952316284,3.5,1333060
2016-01-11,3.3499999046325684,3.3499999046325684,3.450000047683716,3.299999952316284,3.3499999046325684,2052700
2016-01-12,3.8499999046325684,3.8499999046325684,3.9000000953674316,3.3499999046325684,3.4000000953674316,1705020
2016-01-13,4.099999904632568,4.099999904632568,4.949999809265137,3.9000000953674316,4.0,2648060
2016-01-14,4.550000190734863,4.550000190734863,4.550000190734863,4.25,4.5,1595560
2016-01-15,4.650000095367432,4.650000095367432,4.699999809265137,4.349999904632568,4.550000190734863,1591360
2016-01-19,3.9000000953674316,3.9000000953674316,4.75,3.9000000953674316,4.550000190734863,966540
2016-01-20,3.950000047683716,3.950000047683716,4.050000190734863,3.450000047683716,3.6500000953674316,914100
2016-01-21,3.700000047683716,3.700000047683716,4.5,3.6500000953674316,4.349999904632568,1272620
2016-01-22,4.150000095367432,4.150000095367432,4.25,3.950000047683716,4.050000190734863,777660
2016-01-25,3.75,3.75,4.300000190734863,3.75,4.0,1121740
2016-01-26,4.599999904632568,4.599999904632568,4.900000095367432,3.799999952316284,3.8499999046325684,2275120
2016-01-27,5.25,5.25,5.900000095367432,4.800000190734863,4.800000190734863,3666860
2016-01-28,4.5,4.5,5.449999809265137,4.5,5.300000190734863,1243240
2016-01-29,5.0,5.0,5.0,4.550000190734863,4.650000095367432,730580
2016-02-01,5.5,5.5,5.5,4.75,5.0,1289920
2016-02-02,5.0,5.0,5.5,5.0,5.449999809265137,867180
2016-02-03,4.949999809265137,4.949999809265137,5.349999904632568,4.550000190734863,5.349999904632568,857480
2016-02-04,4.900000095367432,4.900000095367432,4.949999809265137,4.300000190734863,4.5,1081080
2016-02-05,4.849999904632568,4.849999904632568,5.099999904632568,4.699999809265137,4.849999904632568,564860
2016-02-08,4.349999904632568,4.349999904632568,4.800000190734863,4.349999904632568,4.800000190734863,802480
2016-02-09,4.849999904632568,4.849999904632568,5.0,4.25,4.400000095367432,954360
2016-02-10,4.650000095367432,4.650000095367432,5.199999809265137,4.5,4.75,803660
2016-02-11,4.599999904632568,4.599999904632568,5.199999809265137,4.550000190734863,4.650000095367432,724580
2016-02-12,4.900000095367432,4.900000095367432,5.050000190734863,4.599999904632568,5.0,550340
2016-02-16,4.949999809265137,4.949999809265137,5.050000190734863,4.650000095367432,5.0,844700
2016-02-17,5.0,5.0,5.050000190734863,4.699999809265137,5.0,723160
2016-02-18,4.599999904632568,4.599999904632568,5.0,4.599999904632568,5.0,701080
2016-02-19,4.900000095367432,4.900000095367432,4.949999809265137,4.5,4.599999904632568,569880
2016-02-22,5.0,5.0,5.050000190734863,4.75,4.75,1026380
2016-02-23,4.699999809265137,4.699999809265137,5.099999904632568,4.699999809265137,4.800000190734863,996860
2016-02-24,5.0,5.0,5.150000095367432,4.699999809265137,4.800000190734863,1318060
2016-02-25,5.400000095367432,5.400000095367432,5.550000190734863,5.099999904632568,5.099999904632568,1431880
2016-02-26,5.150000095367432,5.150000095367432,5.349999904632568,5.0,5.050000190734863,944440
2016-02-29,5.150000095367432,5.150000095367432,6.199999809265137,5.0,5.0,866140
2016-03-01,5.0,5.0,5.349999904632568,4.900000095367432,5.150000095367432,1960720
2016-03-02,5.400000095367432,5.400000095367432,5.400000095367432,5.0,5.150000095367432,779160
2016-03-03,5.5,5.5,5.599999904632568,5.349999904632568,5.449999809265137,795460
2016-03-04,5.849999904632568,5.849999904632568,5.900000095367432,5.349999904632568,5.550000190734863,1146420
2016-03-07,6.599999904632568,6.599999904632568,6.900000095367432,5.900000095367432,5.900000095367432,1486880
2016-03-08,5.800000190734863,5.800000190734863,6.849999904632568,5.800000190734863,6.75,1001840
2016-03-09,5.949999809265137,5.949999809265137,6.349999904632568,5.849999904632568,6.050000190734863,987160
2016-03-10,6.099999904632568,6.099999904632568,6.349999904632568,5.949999809265137,6.050000190734863,632580
2016-03-11,6.650000095367432,6.650000095367432,6.650000095367432,6.25,6.400000095367432,1087220
2016-03-14,6.949999809265137,6.949999809265137,7.900000095367432,6.650000095367432,6.800000190734863,1962940
2016-03-15,7.050000190734863,7.050000190734863,7.300000190734863,5.5,5.949999809265137,1335540
2016-03-16,7.699999809265137,7.699999809265137,7.75,6.800000190734863,6.849999904632568,1187580
2016-03-17,9.050000190734863,9.050000190734863,9.449999809265137,7.900000095367432,7.949999809265137,2888380
2016-03-18,10.0,10.0,10.899999618530273,9.0,9.75,6558840
2016-03-21,10.550000190734863,10.550000190734863,11.0,10.0,10.699999809265137,2904420
2016-03-22,10.699999809265137,10.699999809265137,10.850000381469727,10.050000190734863,10.350000381469727,1654980
2016-03-23,10.800000190734863,10.800000190734863,11.199999809265137,10.600000381469727,10.899999618530273,1501020
2016-03-24,10.550000190734863,10.550000190734863,10.850000381469727,10.149999618530273,10.800000190734863,1741700
2016-03-28,8.149999618530273,8.149999618530273,10.600000381469727,7.949999809265137,10.550000190734863,2552580
2016-03-29,8.649999618530273,8.649999618530273,9.5,7.949999809265137,7.949999809265137,1986080
2016-03-30,8.399999618530273,8.399999618530273,8.75,8.0,8.449999809265137,1098620
2016-03-31,8.050000190734863,8.050000190734863,8.600000381469727,8.0,8.600000381469727,922680
2016-04-01,7.949999809265137,7.949999809265137,8.350000381469727,7.550000190734863,7.949999809265137,761080
2016-04-04,8.449999809265137,8.449999809265137,8.550000190734863,7.650000095367432,7.650000095367432,944000
2016-04-05,7.849999904632568,7.849999904632568,8.5,7.75,8.5,848520
2016-04-06,7.349999904632568,7.349999904632568,8.0,6.599999904632568,7.849999904632568,1579360
2016-04-07,6.849999904632568,6.849999904632568,7.349999904632568,6.800000190734863,7.300000190734863,678480
2016-04-08,6.099999904632568,6.099999904632568,6.949999809265137,5.599999904632568,6.75,1507180
2016-04-11,7.599999904632568,7.599999904632568,7.800000190734863,6.349999904632568,6.349999904632568,2147360
2016-04-12,9.25,9.25,9.449999809265137,8.0,8.0,2619820
2016-04-13,8.649999618530273,8.649999618530273,10.149999618530273,8.100000381469727,10.100000381469727,2543840
2016-04-14,8.449999809265137,8.449999809265137,9.0,8.399999618530273,8.75,716120
2016-04-15,8.199999809265137,8.199999809265137,8.399999618530273,7.949999809265137,8.25,681180
2016-04-18,8.5,8.5,8.75,7.800000190734863,8.100000381469727,918520
2016-04-19,8.050000190734863,8.050000190734863,8.75,8.0,8.5,901500
2016-04-20,7.75,7.75,8.149999618530273,7.599999904632568,8.050000190734863,852440
2016-04-21,7.900000095367432,7.900000095367432,7.900000095367432,7.599999904632568,7.75,362200
2016-04-22,8.050000190734863,8.050000190734863,8.050000190734863,7.550000190734863,7.800000190734863,351300
2016-04-25,7.849999904632568,7.849999904632568,8.5,7.849999904632568,8.199999809265137,539060
2016-04-26,8.100000381469727,8.100000381469727,8.199999809265137,7.5,8.149999618530273,704100
2016-04-27,7.650000095367432,7.650000095367432,7.75,7.25,7.400000095367432,683240
2016-04-28,7.199999809265137,7.199999809265137,7.400000095367432,6.75,7.300000190734863,810340
2016-04-29,6.75,6.75,7.050000190734863,6.650000095367432,6.900000095367432,582840
2016-05-02,7.25,7.25,7.400000095367432,6.800000190734863,6.949999809265137,568980
2016-05-03,7.400000095367432,7.400000095367432,7.5,6.900000095367432,7.150000095367432,448140
2016-05-04,7.050000190734863,7.050000190734863,7.25,6.849999904632568,7.150000095367432,431160
2016-05-05,6.75,6.75,7.099999904632568,6.650000095367432,7.099999904632568,447440
2016-05-06,6.650000095367432,6.650000095367432,7.0,6.550000190734863,6.800000190734863,392520
2016-05-09,6.599999904632568,6.599999904632568,6.800000190734863,6.400000095367432,6.75,758280
2016-05-10,4.75,4.75,5.400000095367432,4.699999809265137,5.349999904632568,6293900
2016-05-11,4.5,4.5,4.849999904632568,4.5,4.849999904632568,1542760
2016-05-12,4.599999904632568,4.599999904632568,4.650000095367432,4.25,4.650000095367432,933540
2016-05-13,4.699999809265137,4.699999809265137,4.699999809265137,4.449999809265137,4.599999904632568,880060
2016-05-16,4.699999809265137,4.699999809265137,4.699999809265137,4.550000190734863,4.550000190734863,895320
2016-05-17,4.599999904632568,4.599999904632568,4.699999809265137,4.550000190734863,4.699999809265137,1687960
2016-05-18,4.599999904632568,4.599999904632568,4.699999809265137,4.550000190734863,4.650000095367432,1467300
2016-05-19,4.550000190734863,4.550000190734863,4.650000095367432,4.550000190734863,4.599999904632568,652700
2016-05-20,4.550000190734863,4.550000190734863,4.699999809265137,4.550000190734863,4.650000095367432,1469300
2016-05-23,4.650000095367432,4.650000095367432,4.699999809265137,4.550000190734863,4.650000095367432,1027180
2016-05-24,4.849999904632568,4.849999904632568,4.849999904632568,4.650000095367432,4.75,1127620
2016-05-25,5.099999904632568,5.099999904632568,5.150000095367432,4.800000190734863,4.900000095367432,1679000
2016-05-26,4.949999809265137,4.949999809265137,5.199999809265137,4.949999809265137,5.099999904632568,863640
2016-05-27,4.849999904632568,4.849999904632568,5.050000190734863,4.800000190734863,4.949999809265137,641480
2016-05-31,4.75,4.75,4.949999809265137,4.75,4.900000095367432,1106840
2016-06-01,4.949999809265137,4.949999809265137,5.0,4.75,4.75,791540
2016-06-02,5.199999809265137,5.199999809265137,5.199999809265137,4.949999809265137,5.0,1038900
2016-06-03,5.150000095367432,5.150000095367432,5.25,5.0,5.25,679600
2016-06-06,5.150000095367432,5.150000095367432,5.150000095367432,5.0,5.150000095367432,515300
2016-06-07,5.099999904632568,5.099999904632568,5.150000095367432,5.0,5.150000095367432,981000
2016-06-08,5.150000095367432,5.150000095367432,5.199999809265137,5.050000190734863,5.150000095367432,584180
2016-06-09,5.150000095367432,5.150000095367432,5.199999809265137,5.050000190734863,5.150000095367432,1137980
2016-06-10,5.050000190734863,5.050000190734863,5.349999904632568,5.050000190734863,5.25,902800
2016-06-13,5.150000095367432,5.150000095367432,5.25,4.849999904632568,5.25,1473560
2016-06-14,5.099999904632568,5.099999904632568,5.25,5.0,5.199999809265137,989680
2016-06-15,5.150000095367432,5.150000095367432,5.150000095367432,4.900000095367432,5.0,423320
2016-06-16,5.099999904632568,5.099999904632568,5.099999904632568,5.0,5.050000190734863,561120
2016-06-17,5.050000190734863,5.050000190734863,5.150000095367432,5.0,5.050000190734863,986780
2016-06-20,5.199999809265137,5.199999809265137,5.199999809265137,5.0,5.0,437500
2016-06-21,5.349999904632568,5.349999904632568,5.349999904632568,5.099999904632568,5.099999904632568,570080
2016-06-22,5.900000095367432,5.900000095367432,6.349999904632568,5.25,5.349999904632568,2462940
2016-06-23,6.199999809265137,6.199999809265137,6.199999809265137,5.900000095367432,6.0,1410040
2016-06-24,6.25,6.25,6.5,5.5,5.5,2967940
2016-06-27,5.849999904632568,5.849999904632568,6.349999904632568,5.800000190734863,6.300000190734863,722840
2016-06-28,5.900000095367432,5.900000095367432,6.050000190734863,5.599999904632568,6.0,661760
2016-06-29,5.900000095367432,5.900000095367432,5.949999809265137,5.599999904632568,5.800000190734863,555960
2016-06-30,5.800000190734863,5.800000190734863,5.800000190734863,5.599999904632568,5.650000095367432,387140
2016-07-01,5.900000095367432,5.900000095367432,6.050000190734863,5.699999809265137,5.75,504740
2016-07-05,5.599999904632568,5.599999904632568,5.849999904632568,5.599999904632568,5.849999904632568,341720
2016-07-06,5.599999904632568,5.599999904632568,5.650000095367432,5.25,5.5,742140
2016-07-07,5.699999809265137,5.699999809265137,5.849999904632568,5.400000095367432,5.550000190734863,331700
2016-07-08,5.849999904632568,5.849999904632568,5.849999904632568,5.599999904632568,5.699999809265137,457280
2016-07-11,5.699999809265137,5.699999809265137,5.849999904632568,5.650000095367432,5.75,421280
2016-07-12,5.650000095367432,5.650000095367432,5.800000190734863,5.599999904632568,5.650000095367432,468400
2016-07-13,5.349999904632568,5.349999904632568,5.650000095367432,5.25,5.599999904632568,725000
2016-07-14,5.150000095367432,5.150000095367432,5.349999904632568,5.150000095367432,5.349999904632568,614380
2016-07-15,5.050000190734863,5.050000190734863,5.199999809265137,4.949999809265137,5.150000095367432,669180
2016-07-18,4.949999809265137,4.949999809265137,5.050000190734863,4.900000095367432,5.050000190734863,445280
2016-07-19,4.900000095367432,4.900000095367432,5.050000190734863,4.849999904632568,5.0,397160
2016-07-20,4.949999809265137,4.949999809265137,5.050000190734863,4.849999904632568,4.900000095367432,429280
2016-07-21,4.949999809265137,4.949999809265137,5.050000190734863,4.900000095367432,5.0,332220
2016-07-22,5.0,5.0,5.0,4.900000095367432,4.900000095367432,245660
2016-07-25,4.900000095367432,4.900000095367432,5.099999904632568,4.849999904632568,5.0,370600
2016-07-26,4.949999809265137,4.949999809265137,5.050000190734863,4.900000095367432,4.900000095367432,351580
2016-07-27,5.0,5.0,5.099999904632568,4.900000095367432,4.949999809265137,285940
2016-07-28,4.849999904632568,4.849999904632568,5.050000190734863,4.800000190734863,5.0,332260
2016-07-29,4.949999809265137,4.949999809265137,5.0,4.75,4.849999904632568,400460
2016-08-01,5.099999904632568,5.099999904632568,5.099999904632568,4.949999809265137,4.949999809265137,400380
2016-08-02,4.949999809265137,4.949999809265137,5.099999904632568,4.949999809265137,5.050000190734863,357060
2016-08-03,5.050000190734863,5.050000190734863,5.050000190734863,4.900000095367432,4.949999809265137,325960
2016-08-04,5.0,5.0,5.050000190734863,4.949999809265137,5.0,229280
2016-08-05,4.900000095367432,4.900000095367432,5.050000190734863,4.849999904632568,4.949999809265137,447300
2016-08-08,5.0,5.0,5.0,4.900000095367432,4.900000095367432,382620
2016-08-09,4.599999904632568,4.599999904632568,4.900000095367432,4.5,4.900000095367432,943600
2016-08-10,4.699999809265137,4.699999809265137,4.849999904632568,4.599999904632568,4.599999904632568,277080
2016-08-11,4.849999904632568,4.849999904632568,4.900000095367432,4.650000095367432,4.650000095367432,319400
2016-08-12,5.0,5.0,5.0,4.800000190734863,4.800000190734863,314800
2016-08-15,5.0,5.0,5.0,4.800000190734863,4.949999809265137,595080
2016-08-16,5.0,5.0,5.050000190734863,4.900000095367432,5.0,529140
2016-08-17,4.900000095367432,4.900000095367432,5.0,4.800000190734863,5.0,292420
2016-08-18,4.949999809265137,4.949999809265137,4.949999809265137,4.900000095367432,4.900000095367432,340520
2016-08-19,4.900000095367432,4.900000095367432,4.949999809265137,4.800000190734863,4.900000095367432,346040
2016-08-22,4.75,4.75,4.849999904632568,4.650000095367432,4.800000190734863,488600
2016-08-23,4.599999904632568,4.599999904632568,4.800000190734863,4.599999904632568,4.75,350060
2016-08-24,4.349999904632568,4.349999904632568,4.75,4.25,4.650000095367432,1313220
2016-08-25,4.199999809265137,4.199999809265137,4.5,4.150000095367432,4.400000095367432,946540
2016-08-26,3.950000047683716,3.950000047683716,4.25,3.8499999046325684,4.199999809265137,1228700
2016-08-29,3.75,3.75,4.0,3.5999999046325684,4.0,985480
2016-08-30,3.5,3.5,3.700000047683716,3.4000000953674316,3.6500000953674316,2140460
2016-08-31,4.0,4.0,4.349999904632568,3.450000047683716,3.5,2712900
2016-09-01,3.700000047683716,3.700000047683716,4.099999904632568,3.5999999046325684,4.0,1159200
2016-09-02,3.700000047683716,3.700000047683716,4.099999904632568,3.5999999046325684,3.75,1052780
2016-09-06,3.6500000953674316,3.6500000953674316,3.8499999046325684,3.6500000953674316,3.799999952316284,635460
2016-09-07,3.549999952316284,3.549999952316284,3.700000047683716,3.549999952316284,3.6500000953674316,923320
2016-09-08,3.5999999046325684,3.5999999046325684,3.75,3.549999952316284,3.549999952316284,549320
2016-09-09,3.450000047683716,3.450000047683716,3.6500000953674316,3.450000047683716,3.6500000953674316,693140
2016-09-12,3.5999999046325684,3.5999999046325684,3.6500000953674316,3.450000047683716,3.5,559500
2016-09-13,3.450000047683716,3.450000047683716,3.549999952316284,3.450000047683716,3.5,546040
2016-09-14,3.5,3.5,3.549999952316284,3.450000047683716,3.450000047683716,527340
2016-09-15,3.549999952316284,3.549999952316284,3.6500000953674316,3.3499999046325684,3.4000000953674316,667980
2016-09-16,3.5,3.5,3.549999952316284,3.3499999046325684,3.549999952316284,854700
2016-09-19,3.5,3.5,3.5999999046325684,3.4000000953674316,3.450000047683716,633560
2016-09-20,3.5,3.5,3.5999999046325684,3.4000000953674316,3.450000047683716,382420
2016-09-21,3.450000047683716,3.450000047683716,3.549999952316284,3.4000000953674316,3.4000000953674316,480920
2016-09-22,3.4000000953674316,3.4000000953674316,3.5,3.3499999046325684,3.450000047683716,767480
2016-09-23,3.049999952316284,3.049999952316284,3.4000000953674316,3.049999952316284,3.3499999046325684,1501340
2016-09-26,2.8499999046325684,2.8499999046325684,3.049999952316284,2.8499999046325684,3.0,1008060
2016-09-27,3.0999999046325684,3.0999999046325684,3.0999999046325684,2.75,2.799999952316284,1409100
2016-09-28,3.049999952316284,3.049999952316284,3.200000047683716,2.9000000953674316,3.0999999046325684,790020
2016-09-29,3.0,3.0,3.0999999046325684,2.950000047683716,3.0,503760
2016-09-30,3.0999999046325684,3.0999999046325684,3.1500000953674316,2.8499999046325684,2.950000047683716,788160
2016-10-03,3.1500000953674316,3.1500000953674316,3.200000047683716,3.0,3.0,487840
2016-10-04,3.0999999046325684,3.0999999046325684,3.25,3.049999952316284,3.200000047683716,440920
2016-10-05,3.1500000953674316,3.1500000953674316,3.25,3.049999952316284,3.049999952316284,430160
2016-10-06,3.1500000953674316,3.1500000953674316,3.200000047683716,3.049999952316284,3.0999999046325684,392600
2016-10-07,3.1500000953674316,3.1500000953674316,3.200000047683716,3.0,3.0999999046325684,391100
2016-10-10,3.200000047683716,3.200000047683716,3.25,3.1500000953674316,3.1500000953674316,282480
2016-10-11,3.0,3.0,3.25,3.0,3.0999999046325684,426900
2016-10-12,2.950000047683716,2.950000047683716,3.049999952316284,2.9000000953674316,2.950000047683716,739280
2016-10-13,2.799999952316284,2.799999952316284,2.950000047683716,2.700000047683716,2.9000000953674316,497640
2016-10-14,2.5,2.5,2.75,2.5,2.6500000953674316,733660
2016-10-17,2.3499999046325684,2.3499999046325684,2.5999999046325684,2.299999952316284,2.5,909760
2016-10-18,2.299999952316284,2.299999952316284,2.3499999046325684,2.200000047683716,2.25,790940
2016-10-19,2.3499999046325684,2.3499999046325684,2.4000000953674316,2.299999952316284,2.4000000953674316,470340
2016-10-20,3.049999952316284,3.049999952316284,3.0999999046325684,2.3499999046325684,2.450000047683716,1811320
2016-10-21,2.950000047683716,2.950000047683716,3.450000047683716,2.799999952316284,3.0,1781940
2016-10-24,2.75,2.75,2.950000047683716,2.6500000953674316,2.799999952316284,616740
2016-10-25,2.6500000953674316,2.6500000953674316,2.75,2.549999952316284,2.700000047683716,340640
2016-10-26,2.549999952316284,2.549999952316284,2.75,2.5,2.549999952316284,355360
2016-10-27,2.450000047683716,2.450000047683716,2.549999952316284,2.4000000953674316,2.5,283440
2016-10-28,2.25,2.25,2.4000000953674316,2.1500000953674316,2.4000000953674316,907540
2016-10-31,2.0999999046325684,2.0999999046325684,2.3499999046325684,2.0999999046325684,2.299999952316284,572920
2016-11-01,2.200000047683716,2.200000047683716,2.3499999046325684,2.049999952316284,2.0999999046325684,709060
2016-11-02,2.1500000953674316,2.1500000953674316,2.299999952316284,2.0999999046325684,2.200000047683716,421660
2016-11-03,2.0999999046325684,2.0999999046325684,2.200000047683716,2.049999952316284,2.1500000953674316,419320
2016-11-04,2.1500000953674316,2.1500000953674316,2.299999952316284,2.049999952316284,2.049999952316284,296220
2016-11-07,2.200000047683716,2.200000047683716,2.25,2.0999999046325684,2.25,312840
2016-11-08,2.1500000953674316,2.1500000953674316,2.299999952316284,2.049999952316284,2.200000047683716,391320
2016-11-09,2.3499999046325684,2.3499999046325684,2.700000047683716,2.200000047683716,2.5,2627360
2016-11-10,3.0999999046325684,3.0999999046325684,3.3499999046325684,2.75,2.8499999046325684,5360240
2016-11-11,3.299999952316284,3.299999952316284,3.4000000953674316,2.799999952316284,3.0999999046325684,1734940
2016-11-14,3.25,3.25,3.299999952316284,3.0,3.25,1036900
2016-11-15,3.1500000953674316,3.1500000953674316,3.200000047683716,3.0,3.049999952316284,595880
2016-11-16,3.1500000953674316,3.1500000953674316,3.1500000953674316,3.0,3.0999999046325684,325940
2016-11-17,3.1500000953674316,3.1500000953674316,3.25,3.049999952316284,3.049999952316284,506260
2016-11-18,3.0999999046325684,3.0999999046325684,3.200000047683716,3.049999952316284,3.200000047683716,356020
2016-11-21,3.049999952316284,3.049999952316284,3.0999999046325684,2.8499999046325684,3.0999999046325684,565180
2016-11-22,2.9000000953674316,2.9000000953674316,3.049999952316284,2.8499999046325684,2.950000047683716,456800
2016-11-23,2.75,2.75,2.9000000953674316,2.700000047683716,2.9000000953674316,535540
2016-11-25,2.75,2.75,3.0,2.75,2.75,256480
2016-11-28,2.6500000953674316,2.6500000953674316,2.75,2.549999952316284,2.75,816700
2016-11-29,2.450000047683716,2.450000047683716,2.700000047683716,2.450000047683716,2.549999952316284,677560
2016-11-30,2.3499999046325684,2.3499999046325684,2.549999952316284,2.3499999046325684,2.450000047683716,610240
2016-12-01,2.4000000953674316,2.4000000953674316,2.450000047683716,2.299999952316284,2.3499999046325684,523180
2016-12-02,2.75,2.75,3.049999952316284,2.4000000953674316,2.5,1811060
2016-12-05,2.9000000953674316,2.9000000953674316,2.950000047683716,2.5999999046325684,2.799999952316284,649060
2016-12-06,3.200000047683716,3.200000047683716,3.299999952316284,2.799999952316284,2.9000000953674316,1306580
2016-12-07,3.0999999046325684,3.0999999046325684,3.3499999046325684,3.049999952316284,3.25,901640
2016-12-08,3.25,3.25,3.299999952316284,2.950000047683716,3.0999999046325684,650720
2016-12-09,3.25,3.25,3.3499999046325684,3.1500000953674316,3.25,766380
2016-12-12,3.049999952316284,3.049999952316284,3.25,2.9000000953674316,3.25,920020
2016-12-13,3.0999999046325684,3.0999999046325684,3.1500000953674316,2.950000047683716,3.0,479320
2016-12-14,3.0,3.0,3.049999952316284,2.9000000953674316,2.9000000953674316,484280
2016-12-15,3.0,3.0,3.1500000953674316,2.9000000953674316,2.950000047683716,441940
2016-12-16,3.049999952316284,3.049999952316284,3.0999999046325684,2.950000047683716,3.049999952316284,5427480
2016-12-19,3.950000047683716,3.950000047683716,4.25,3.0,3.0999999046325684,3656300
2016-12-20,3.950000047683716,3.950000047683716,4.349999904632568,3.75,4.0,3956580
2016-12-21,3.5999999046325684,3.5999999046325684,3.950000047683716,3.549999952316284,3.8499999046325684,1480100
2016-12-22,3.5,3.5,3.75,3.3499999046325684,3.549999952316284,1204060
2016-12-23,3.5,3.5,3.5999999046325684,3.299999952316284,3.450000047683716,810140
2016-12-27,3.4000000953674316,3.4000000953674316,3.5999999046325684,3.4000000953674316,3.4000000953674316,923720
2016-12-28,3.450000047683716,3.450000047683716,3.700000047683716,3.3499999046325684,3.4000000953674316,1166880
2016-12-29,3.4000000953674316,3.4000000953674316,3.75,3.3499999046325684,3.450000047683716,1158320
2016-12-30,3.200000047683716,3.200000047683716,3.5,3.1500000953674316,3.299999952316284,1777000
2017-01-03,3.1500000953674316,3.1500000953674316,3.4000000953674316,3.0,3.3499999046325684,1182040
2017-01-04,3.4000000953674316,3.4000000953674316,3.4000000953674316,3.0999999046325684,3.0999999046325684,1037120
2017-01-05,3.299999952316284,3.299999952316284,3.4000000953674316,3.25,3.299999952316284,605360
2017-01-06,3.3499999046325684,3.3499999046325684,3.549999952316284,3.25,3.3499999046325684,736680
2017-01-09,3.1500000953674316,3.1500000953674316,3.3499999046325684,3.1500000953674316,3.3499999046325684,1175580
2017-01-10,3.200000047683716,3.200000047683716,3.25,3.0999999046325684,3.1500000953674316,621520
2017-01-11,3.1500000953674316,3.1500000953674316,3.200000047683716,3.0999999046325684,3.0999999046325684,644340
2017-01-12,3.25,3.25,3.299999952316284,3.0999999046325684,3.0999999046325684,836580
2017-01-13,3.450000047683716,3.450000047683716,3.5999999046325684,3.299999952316284,3.3499999046325684,1490860
2017-01-17,3.4000000953674316,3.4000000953674316,3.5,3.25,3.299999952316284,926820
2017-01-18,3.3499999046325684,3.3499999046325684,3.450000047683716,3.299999952316284,3.3499999046325684,496680
2017-01-19,3.25,3.25,3.3499999046325684,3.1500000953674316,3.25,597460
2017-01-20,3.200000047683716,3.200000047683716,3.3499999046325684,3.1500000953674316,3.200000047683716,551120
2017-01-23,3.450000047683716,3.450000047683716,3.5,3.1500000953674316,3.200000047683716,1045820
2017-01-24,3.3499999046325684,3.3499999046325684,3.4000000953674316,3.25,3.4000000953674316,506680
2017-01-25,3.4000000953674316,3.4000000953674316,3.450000047683716,3.25,3.3499999046325684,432320
2017-01-26,3.4000000953674316,3.4000000953674316,3.4000000953674316,3.299999952316284,3.4000000953674316,426740
2017-01-27,3.3499999046325684,3.3499999046325684,3.450000047683716,3.200000047683716,3.4000000953674316,913360
2017-01-30,3.200000047683716,3.200000047683716,3.299999952316284,3.200000047683716,3.299999952316284,610960
2017-01-31,3.5,3.5,3.5,3.200000047683716,3.3499999046325684,1057500
2017-02-01,3.549999952316284,3.549999952316284,3.5999999046325684,3.3499999046325684,3.5999999046325684,1060260
2017-02-02,2.950000047683716,2.950000047683716,3.299999952316284,2.799999952316284,3.200000047683716,2968900
2017-02-03,2.8499999046325684,2.8499999046325684,3.049999952316284,2.75,2.950000047683716,1229060
2017-02-06,2.700000047683716,2.700000047683716,2.8499999046325684,2.700000047683716,2.75,849980
2017-02-07,2.549999952316284,2.549999952316284,2.700000047683716,2.5,2.5999999046325684,1150760
2017-02-08,2.549999952316284,2.549999952316284,2.700000047683716,2.5,2.700000047683716,636520
2017-02-09,2.5999999046325684,2.5999999046325684,2.6500000953674316,2.5,2.549999952316284,511520
2017-02-10,2.5999999046325684,2.5999999046325684,2.6500000953674316,2.5,2.5999999046325684,480960
2017-02-13,2.799999952316284,2.799999952316284,2.8499999046325684,2.6500000953674316,2.6500000953674316,674480
2017-02-14,2.700000047683716,2.700000047683716,2.799999952316284,2.5999999046325684,2.799999952316284,579140
2017-02-15,2.6500000953674316,2.6500000953674316,2.700000047683716,2.6500000953674316,2.700000047683716,376560
2017-02-16,2.700000047683716,2.700000047683716,2.75,2.5999999046325684,2.6500000953674316,403960
2017-02-17,2.6500000953674316,2.6500000953674316,2.75,2.5999999046325684,2.75,508040
2017-02-21,2.549999952316284,2.549999952316284,2.700000047683716,2.5,2.5999999046325684,543480
2017-02-22,2.450000047683716,2.450000047683716,2.5999999046325684,2.4000000953674316,2.5,860560
2017-02-23,2.5,2.5,2.549999952316284,2.299999952316284,2.450000047683716,1849600
2017-02-24,2.549999952316284,2.549999952316284,2.5999999046325684,2.450000047683716,2.5,316040
2017-02-27,2.5999999046325684,2.5999999046325684,2.700000047683716,2.549999952316284,2.5999999046325684,384360
2017-02-28,2.6500000953674316,2.6500000953674316,2.6500000953674316,2.549999952316284,2.549999952316284,571820
2017-03-01,2.6500000953674316,2.6500000953674316,2.75,2.5999999046325684,2.6500000953674316,499640
2017-03-02,2.450000047683716,2.450000047683716,2.700000047683716,2.4000000953674316,2.5999999046325684,688920
2017-03-03,2.130000114440918,2.130000114440918,2.380000114440918,1.840000033378601,2.380000114440918,3493500
2017-03-06,1.8899999856948853,1.8899999856948853,2.059999942779541,1.7400000095367432,2.0199999809265137,4681300
2017-03-07,1.9700000286102295,1.9700000286102295,2.049999952316284,1.850000023841858,1.899999976158142,2368500
2017-03-08,1.940000057220459,1.940000057220459,2.049999952316284,1.8899999856948853,1.9700000286102295,1415700
2017-03-09,1.940000057220459,1.940000057220459,1.9700000286102295,1.899999976158142,1.909999966621399,1001700
2017-03-10,1.9500000476837158,1.9500000476837158,2.0,1.899999976158142,1.9900000095367432,738600
2017-03-13,1.9500000476837158,1.9500000476837158,1.9600000381469727,1.899999976158142,1.940000057220459,645100
2017-03-14,2.0199999809265137,2.0199999809265137,2.1500000953674316,1.9299999475479126,2.009999990463257,2222100
2017-03-15,2.0199999809265137,2.0199999809265137,2.0399999618530273,1.9600000381469727,1.9900000095367432,864300
2017-03-16,2.069999933242798,2.069999933242798,2.069999933242798,1.9700000286102295,2.0,1046400
2017-03-17,2.2200000286102295,2.2200000286102295,2.3499999046325684,1.9299999475479126,2.069999933242798,4580000
2017-03-20,2.200000047683716,2.200000047683716,2.25,2.119999885559082,2.25,1157800
2017-03-21,2.069999933242798,2.069999933242798,2.2300000190734863,1.9800000190734863,2.200000047683716,1769000
2017-03-22,2.0199999809265137,2.0199999809265137,2.0399999618530273,1.9500000476837158,2.0399999618530273,1245500
2017-03-23,1.9500000476837158,1.9500000476837158,2.049999952316284,1.8899999856948853,2.009999990463257,1160700
2017-03-24,1.8899999856948853,1.8899999856948853,1.9700000286102295,1.8700000047683716,1.9700000286102295,1024100
2017-03-27,1.8200000524520874,1.8200000524520874,1.8700000047683716,1.7999999523162842,1.840000033378601,896200
2017-03-28,1.6299999952316284,1.6299999952316284,1.809999942779541,1.6200000047683716,1.7999999523162842,2118100
2017-03-29,1.559999942779541,1.559999942779541,1.6100000143051147,1.5399999618530273,1.6100000143051147,1701700
2017-03-30,1.4900000095367432,1.4900000095367432,1.5399999618530273,1.440000057220459,1.5199999809265137,1725800
2017-03-31,1.4800000190734863,1.4800000190734863,1.6399999856948853,1.4500000476837158,1.4600000381469727,3133800
2017-04-03,1.3799999952316284,1.3799999952316284,1.5,1.2899999618530273,1.4900000095367432,3201000
2017-04-04,1.399999976158142,1.399999976158142,1.4199999570846558,1.350000023841858,1.3700000047683716,1601900
2017-04-05,1.2999999523162842,1.2999999523162842,1.4199999570846558,1.2899999618530273,1.399999976158142,1534000
2017-04-06,1.2599999904632568,1.2599999904632568,1.3300000429153442,1.159999966621399,1.2999999523162842,1996300
2017-04-07,1.3300000429153442,1.3300000429153442,1.559999942779541,1.2999999523162842,1.559999942779541,7711600
2017-04-10,1.2599999904632568,1.2599999904632568,1.3799999952316284,1.2100000381469727,1.3700000047683716,2053000
2017-04-11,1.3799999952316284,1.3799999952316284,1.3899999856948853,1.2400000095367432,1.2899999618530273,2269400
2017-04-12,1.309999942779541,1.309999942779541,1.399999976158142,1.2999999523162842,1.3700000047683716,1287500
2017-04-13,1.3300000429153442,1.3300000429153442,1.350000023841858,1.2899999618530273,1.340000033378601,1230200
2017-04-17,1.2599999904632568,1.2599999904632568,1.340000033378601,1.2200000286102295,1.340000033378601,1679400
2017-04-18,1.2200000286102295,1.2200000286102295,1.2699999809265137,1.2100000381469727,1.2599999904632568,810400
2017-04-19,1.1200000047683716,1.1200000047683716,1.25,1.0700000524520874,1.2400000095367432,3135800
2017-04-20,1.0700000524520874,1.0700000524520874,1.149999976158142,1.0499999523162842,1.1200000047683716,2195300
2017-04-21,0.9300000071525574,0.9300000071525574,1.090000033378601,0.8899999856948853,1.0800000429153442,6215400
2017-04-24,0.8999999761581421,0.8999999761581421,0.9599999785423279,0.8500000238418579,0.8999999761581421,3071200
2017-04-25,0.8999999761581421,0.8999999761581421,0.9599999785423279,0.8999999761581421,0.9300000071525574,1837900
2017-04-26,0.8299999833106995,0.8299999833106995,0.9100000262260437,0.8199999928474426,0.9100000262260437,2364900
2017-04-27,0.8799999952316284,0.8799999952316284,0.9200000166893005,0.800000011920929,0.8500000238418579,1774600
2017-04-28,0.8700000047683716,0.8700000047683716,0.9100000262260437,0.8500000238418579,0.8700000047683716,1087900
2017-05-01,0.8500000238418579,0.8500000238418579,0.8899999856948853,0.8199999928474426,0.8600000143051147,797100
2017-05-02,0.800000011920929,0.800000011920929,0.8399999737739563,0.7799999713897705,0.8299999833106995,1455500
2017-05-03,0.7099999785423279,0.7099999785423279,0.8199999928474426,0.6700000166893005,0.800000011920929,2349900
2017-05-04,0.7200000286102295,0.7200000286102295,0.7799999713897705,0.6899999976158142,0.7699999809265137,2051600
2017-05-05,0.800000011920929,0.800000011920929,0.8199999928474426,0.6899999976158142,0.7200000286102295,2932600
2017-05-08,1.0099999904632568,1.0099999904632568,1.1799999475479126,0.800000011920929,0.8299999833106995,11391900
2017-05-09,1.1200000047683716,1.1200000047683716,1.2000000476837158,1.0299999713897705,1.0499999523162842,9231500
2017-05-10,1.600000023841858,1.600000023841858,1.8799999952316284,1.159999966621399,1.25,32460200
2017-05-11,1.2699999809265137,1.2699999809265137,1.4800000190734863,1.1399999856948853,1.3200000524520874,11872900
2017-05-12,1.1200000047683716,1.1200000047683716,1.25,1.0099999904632568,1.25,5591200
2017-05-15,1.059999942779541,1.059999942779541,1.1299999952316284,1.0299999713897705,1.100000023841858,2982300
2017-05-16,1.2200000286102295,1.2200000286102295,1.340000033378601,1.0099999904632568,1.059999942779541,8386700
2017-05-17,1.100000023841858,1.100000023841858,1.2400000095367432,1.100000023841858,1.1799999475479126,4026800
2017-05-18,1.100000023841858,1.100000023841858,1.190000057220459,1.059999942779541,1.1399999856948853,3215900
2017-05-19,1.1299999952316284,1.1299999952316284,1.190000057220459,1.100000023841858,1.1100000143051147,2078900
2017-05-22,1.3700000047683716,1.3700000047683716,1.4199999570846558,1.1399999856948853,1.149999976158142,8736000
2017-05-23,1.2999999523162842,1.2999999523162842,1.3700000047683716,1.25,1.350000023841858,3454900
2017-05-24,1.2799999713897705,1.2799999713897705,1.3300000429153442,1.2599999904632568,1.2899999618530273,1924700
2017-05-25,1.4199999570846558,1.4199999570846558,1.4800000190734863,1.309999942779541,1.340000033378601,6002000
2017-05-26,1.5199999809265137,1.5199999809265137,1.6799999475479126,1.2999999523162842,1.4199999570846558,6830900
2017-05-30,1.649999976158142,1.649999976158142,1.7300000190734863,1.5099999904632568,1.5700000524520874,7519300
2017-05-31,1.5199999809265137,1.5199999809265137,1.7100000381469727,1.5099999904632568,1.7100000381469727,4614700
2017-06-01,1.6200000047683716,1.6200000047683716,1.809999942779541,1.600000023841858,1.7999999523162842,5917600
2017-06-02,1.5499999523162842,1.5499999523162842,1.590000033378601,1.4500000476837158,1.5800000429153442,2976400
2017-06-05,1.5800000429153442,1.5800000429153442,1.6299999952316284,1.5199999809265137,1.6299999952316284,2042700
2017-06-06,1.5700000524520874,1.5700000524520874,1.5800000429153442,1.5199999809265137,1.5700000524520874,1729700
2017-06-07,1.5800000429153442,1.5800000429153442,1.590000033378601,1.5,1.559999942779541,2070600
2017-06-08,1.590000033378601,1.590000033378601,1.6200000047683716,1.5,1.559999942779541,1892000
2017-06-09,1.559999942779541,1.559999942779541,1.590000033378601,1.5299999713897705,1.590000033378601,1212600
2017-06-12,1.5099999904632568,1.5099999904632568,1.5499999523162842,1.399999976158142,1.5299999713897705,1913300
2017-06-13,1.4299999475479126,1.4299999475479126,1.5299999713897705,1.399999976158142,1.5299999713897705,1825600
2017-06-14,1.3600000143051147,1.3600000143051147,1.4700000286102295,1.350000023841858,1.399999976158142,2780200
2017-06-15,1.4800000190734863,1.4800000190734863,1.4900000095367432,1.309999942779541,1.309999942779541,1930100
2017-06-16,1.5499999523162842,1.5499999523162842,1.5800000429153442,1.4500000476837158,1.559999942779541,2518600
2017-06-19,1.5399999618530273,1.5399999618530273,1.5700000524520874,1.5,1.5299999713897705,1416400
2017-06-20,1.5299999713897705,1.5299999713897705,1.559999942779541,1.4800000190734863,1.5499999523162842,1301100
2017-06-21,1.4900000095367432,1.4900000095367432,1.559999942779541,1.4500000476837158,1.5399999618530273,1857900
2017-06-22,1.5299999713897705,1.5299999713897705,1.5499999523162842,1.440000057220459,1.5099999904632568,1425800
2017-06-23,1.5099999904632568,1.5099999904632568,1.75,1.5,1.5399999618530273,10721600
2017-06-26,1.5099999904632568,1.5099999904632568,1.590000033378601,1.5,1.5099999904632568,1830800
2017-06-27,1.559999942779541,1.559999942779541,1.600000023841858,1.5,1.5,1409600
2017-06-28,1.5499999523162842,1.5499999523162842,1.5700000524520874,1.5,1.5499999523162842,1425800
2017-06-29,1.4500000476837158,1.4500000476837158,1.559999942779541,1.3899999856948853,1.5299999713897705,2755200
2017-06-30,1.409999966621399,1.409999966621399,1.4900000095367432,1.409999966621399,1.4299999475479126,856600
2017-07-03,1.3300000429153442,1.3300000429153442,1.440000057220459,1.309999942779541,1.399999976158142,1745700
2017-07-05,1.2400000095367432,1.2400000095367432,1.3300000429153442,1.2100000381469727,1.309999942779541,2290400
2017-07-06,1.2200000286102295,1.2200000286102295,1.2400000095367432,1.159999966621399,1.2000000476837158,1709900
2017-07-07,1.1699999570846558,1.1699999570846558,1.2100000381469727,1.100000023841858,1.2000000476837158,1633300
2017-07-10,1.1799999475479126,1.1799999475479126,1.2400000095367432,1.1799999475479126,1.190000057220459,1039400
2017-07-11,1.159999966621399,1.159999966621399,1.2000000476837158,1.1399999856948853,1.2000000476837158,1188700
2017-07-12,1.1699999570846558,1.1699999570846558,1.190000057220459,1.1399999856948853,1.149999976158142,917800
2017-07-13,1.3200000524520874,1.3200000524520874,1.3899999856948853,1.149999976158142,1.149999976158142,2891100
2017-07-14,1.2799999713897705,1.2799999713897705,1.4299999475479126,1.2699999809265137,1.3700000047683716,3497100
2017-07-17,1.350000023841858,1.350000023841858,1.350000023841858,1.2699999809265137,1.2899999618530273,1582400
2017-07-18,1.4500000476837158,1.4500000476837158,1.4800000190734863,1.3200000524520874,1.3200000524520874,3034900
2017-07-19,1.3799999952316284,1.3799999952316284,1.440000057220459,1.3700000047683716,1.440000057220459,1591000
2017-07-20,1.3600000143051147,1.3600000143051147,1.399999976158142,1.3300000429153442,1.350000023841858,1014800
2017-07-21,1.2999999523162842,1.2999999523162842,1.3600000143051147,1.2699999809265137,1.350000023841858,1443300
2017-07-24,1.25,1.25,1.2999999523162842,1.2200000286102295,1.2999999523162842,1714700
2017-07-25,1.2599999904632568,1.2599999904632568,1.2899999618530273,1.2300000190734863,1.2599999904632568,1810800
2017-07-26,1.3200000524520874,1.3200000524520874,1.350000023841858,1.2599999904632568,1.2599999904632568,1082400
2017-07-27,1.2799999713897705,1.2799999713897705,1.3200000524520874,1.2300000190734863,1.2999999523162842,942700
2017-07-28,1.3200000524520874,1.3200000524520874,1.3200000524520874,1.2799999713897705,1.2899999618530273,1127700
2017-07-31,1.2999999523162842,1.2999999523162842,1.3200000524520874,1.25,1.2999999523162842,1034500
2017-08-01,1.2699999809265137,1.2699999809265137,1.3300000429153442,1.2599999904632568,1.3300000429153442,836400
2017-08-02,1.190000057220459,1.190000057220459,1.2699999809265137,1.1699999570846558,1.25,2028700
2017-08-03,1.1799999475479126,1.1799999475479126,1.2000000476837158,1.1200000047683716,1.159999966621399,1806500
2017-08-04,1.2200000286102295,1.2200000286102295,1.25,1.1699999570846558,1.2000000476837158,1371900
2017-08-07,1.1699999570846558,1.1699999570846558,1.2200000286102295,1.149999976158142,1.2000000476837158,2126000
2017-08-08,1.149999976158142,1.149999976158142,1.2200000286102295,1.090000033378601,1.1100000143051147,2033600
2017-08-09,1.149999976158142,1.149999976158142,1.190000057220459,1.090000033378601,1.1100000143051147,1358400
2017-08-10,1.159999966621399,1.159999966621399,1.190000057220459,1.1299999952316284,1.149999976158142,808300
2017-08-11,1.190000057220459,1.190000057220459,1.2699999809265137,1.1799999475479126,1.2599999904632568,1671200
2017-08-14,1.2599999904632568,1.2599999904632568,1.309999942779541,1.1799999475479126,1.2300000190734863,1931000
2017-08-15,1.2699999809265137,1.2699999809265137,1.2799999713897705,1.2200000286102295,1.2699999809265137,702700
2017-08-16,1.4299999475479126,1.4299999475479126,1.4600000381469727,1.2599999904632568,1.2699999809265137,3560600
2017-08-17,1.399999976158142,1.399999976158142,1.5199999809265137,1.3700000047683716,1.4600000381469727,3672300
2017-08-18,1.4600000381469727,1.4600000381469727,1.5299999713897705,1.3799999952316284,1.409999966621399,2357100
2017-08-21,1.409999966621399,1.409999966621399,1.4500000476837158,1.399999976158142,1.4500000476837158,968600
2017-08-22,1.4199999570846558,1.4199999570846558,1.440000057220459,1.3899999856948853,1.4199999570846558,542700
2017-08-23,1.4299999475479126,1.4299999475479126,1.4299999475479126,1.399999976158142,1.409999966621399,530400
2017-08-24,1.4700000286102295,1.4700000286102295,1.5199999809265137,1.399999976158142,1.4199999570846558,1627400
2017-08-25,1.5499999523162842,1.5499999523162842,1.659999966621399,1.5,1.5,4371500
2017-08-28,1.659999966621399,1.659999966621399,1.7000000476837158,1.5299999713897705,1.5499999523162842,3555300
2017-08-29,1.649999976158142,1.649999976158142,1.7100000381469727,1.6299999952316284,1.649999976158142,1958400
2017-08-30,1.8899999856948853,1.8899999856948853,2.0,1.649999976158142,1.649999976158142,8748500
2017-08-31,2.069999933242798,2.069999933242798,2.2899999618530273,1.9299999475479126,1.9700000286102295,14876100
2017-09-01,1.8700000047683716,1.8700000047683716,2.240000009536743,1.850000023841858,2.2200000286102295,7809400
2017-09-05,2.0399999618530273,2.0399999618530273,2.0899999141693115,1.8600000143051147,1.9199999570846558,3830600
2017-09-06,1.9700000286102295,1.9700000286102295,2.1700000762939453,1.9299999475479126,2.069999933242798,3530100
2017-09-07,1.9800000190734863,1.9800000190734863,2.0799999237060547,1.9500000476837158,2.0299999713897705,3136200
2017-09-08,1.9800000190734863,1.9800000190734863,2.0299999713897705,1.8799999952316284,1.9600000381469727,2731600
2017-09-11,2.0399999618530273,2.0399999618530273,2.1500000953674316,1.8600000143051147,1.9500000476837158,3967500
2017-09-12,2.2300000190734863,2.2300000190734863,2.25,2.0399999618530273,2.069999933242798,4382400
2017-09-13,2.2200000286102295,2.2200000286102295,2.3499999046325684,2.1600000858306885,2.25,5160800
2017-09-14,2.25,2.25,2.299999952316284,2.200000047683716,2.259999990463257,2572600
2017-09-15,2.2899999618530273,2.2899999618530273,2.2899999618530273,2.1600000858306885,2.25,3182200
2017-09-18,2.2799999713897705,2.2799999713897705,2.299999952316284,2.200000047683716,2.2899999618530273,2044500
2017-09-19,2.0199999809265137,2.0199999809265137,2.25,2.0,2.240000009536743,4128100
2017-09-20,1.9800000190734863,1.9800000190734863,2.069999933242798,1.9199999570846558,2.0399999618530273,2552500
2017-09-21,1.940000057220459,1.940000057220459,2.0,1.8899999856948853,1.9900000095367432,2021000
2017-09-22,1.9800000190734863,1.9800000190734863,2.069999933242798,1.9299999475479126,1.9500000476837158,2148900
2017-09-25,1.9500000476837158,1.9500000476837158,2.009999990463257,1.909999966621399,2.009999990463257,1808900
2017-09-26,1.8799999952316284,1.8799999952316284,1.9900000095367432,1.840000033378601,1.9600000381469727,2499500
2017-09-27,1.850000023841858,1.850000023841858,1.909999966621399,1.7999999523162842,1.850000023841858,1963500
2017-09-28,2.2200000286102295,2.2200000286102295,2.240000009536743,1.809999942779541,1.8600000143051147,6049700
2017-09-29,2.1700000762939453,2.1700000762939453,2.25,2.0899999141693115,2.25,3345800
2017-10-02,2.3399999141693115,2.3399999141693115,2.4600000381469727,2.009999990463257,2.3399999141693115,9296900
2017-10-03,2.819999933242798,2.819999933242798,2.990000009536743,2.309999942779541,2.359999895095825,12880900
2017-10-04,3.5399999618530273,3.5399999618530273,3.5899999141693115,3.009999990463257,3.0299999713897705,18970900
2017-10-05,4.960000038146973,4.960000038146973,6.510000228881836,3.619999885559082,3.690000057220459,75826800
2017-10-06,5.03000020980835,5.03000020980835,5.75,4.380000114440918,5.170000076293945,36140200
2017-10-09,5.329999923706055,5.329999923706055,5.480000019073486,4.849999904632568,5.449999809265137,13217500
2017-10-10,6.710000038146973,6.710000038146973,6.960000038146973,5.71999979019165,5.889999866485596,48234700
2017-10-11,5.46999979019165,5.46999979019165,6.269999980926514,4.989999771118164,6.230000019073486,33602700
2017-10-12,5.46999979019165,5.46999979019165,5.869999885559082,4.849999904632568,5.03000020980835,20830000
2017-10-13,5.28000020980835,5.28000020980835,5.590000152587891,5.210000038146973,5.320000171661377,6418300
2017-10-16,5.420000076293945,5.420000076293945,5.71999979019165,5.380000114440918,5.5,10125000
2017-10-17,4.75,4.75,5.420000076293945,4.710000038146973,5.369999885559082,12768100
2017-10-18,4.130000114440918,4.130000114440918,4.760000228881836,4.079999923706055,4.75,12835200
2017-10-19,3.9600000381469727,3.9600000381469727,4.159999847412109,3.7300000190734863,3.9000000953674316,11113300
2017-10-20,4.110000133514404,4.110000133514404,4.449999809265137,3.869999885559082,3.930000066757202,11426100
2017-10-23,3.700000047683716,3.700000047683716,4.25,3.700000047683716,4.210000038146973,9517700
2017-10-24,3.609999895095825,3.609999895095825,3.8399999141693115,3.3399999141693115,3.6500000953674316,13300400
2017-10-25,3.4100000858306885,3.4100000858306885,3.75,3.380000114440918,3.640000104904175,6632900
2017-10-26,3.5199999809265137,3.5199999809265137,3.680000066757202,3.25,3.380000114440918,7120900
2017-10-27,3.369999885559082,3.369999885559082,3.619999885559082,3.369999885559082,3.509999990463257,4577600
2017-10-30,3.430000066757202,3.430000066757202,3.549999952316284,3.369999885559082,3.369999885559082,4264700
2017-10-31,3.2899999618530273,3.2899999618530273,3.5,3.2799999713897705,3.4600000381469727,2811700
2017-11-01,3.009999990463257,3.009999990463257,3.359999895095825,3.0,3.2799999713897705,5968700
2017-11-02,3.2300000190734863,3.2300000190734863,3.3499999046325684,2.7799999713897705,2.940000057220459,7467700
2017-11-03,3.259999990463257,3.259999990463257,3.490000009536743,3.1500000953674316,3.25,5331600
2017-11-06,3.2300000190734863,3.2300000190734863,3.4000000953674316,3.1600000858306885,3.1600000858306885,2895300
2017-11-07,3.25,3.25,3.309999942779541,3.1600000858306885,3.2100000381469727,3272100
2017-11-08,3.0,3.0,3.1500000953674316,2.7699999809265137,2.9100000858306885,5674700
2017-11-09,3.259999990463257,3.259999990463257,3.299999952316284,2.890000104904175,2.9000000953674316,3108800
2017-11-10,3.240000009536743,3.240000009536743,3.680000066757202,3.2100000381469727,3.240000009536743,6259600
2017-11-13,3.2100000381469727,3.2100000381469727,3.2799999713897705,3.0999999046325684,3.259999990463257,2575300
2017-11-14,3.109999895095825,3.109999895095825,3.200000047683716,2.9800000190734863,3.180000066757202,2738900
2017-11-15,3.240000009536743,3.240000009536743,3.309999942779541,2.990000009536743,3.0,3128900
2017-11-16,3.200000047683716,3.200000047683716,3.380000114440918,3.0999999046325684,3.259999990463257,3355700
2017-11-17,3.259999990463257,3.259999990463257,3.299999952316284,3.1700000762939453,3.2200000286102295,2442800
2017-11-20,3.1700000762939453,3.1700000762939453,3.2699999809265137,3.069999933242798,3.2300000190734863,2669500
2017-11-21,3.0999999046325684,3.0999999046325684,3.180000066757202,3.049999952316284,3.0999999046325684,2360300
2017-11-22,3.0299999713897705,3.0299999713897705,3.0899999141693115,2.950000047683716,3.069999933242798,3750100
2017-11-24,3.0,3.0,3.0399999618530273,2.9200000762939453,3.0399999618530273,1186800
2017-11-27,2.880000114440918,2.880000114440918,2.9800000190734863,2.819999933242798,2.9200000762939453,3427300
2017-11-28,3.1600000858306885,3.1600000858306885,3.190000057220459,2.8499999046325684,2.859999895095825,5452000
2017-11-29,3.2200000286102295,3.2200000286102295,3.2899999618530273,3.069999933242798,3.240000009536743,4042600
2017-11-30,3.109999895095825,3.109999895095825,3.2699999809265137,3.069999933242798,3.25,2548300
2017-12-01,3.130000114440918,3.130000114440918,3.1600000858306885,2.990000009536743,3.0899999141693115,2310100
2017-12-04,3.009999990463257,3.009999990463257,3.2200000286102295,2.990000009536743,3.1500000953674316,2687300
2017-12-05,3.009999990463257,3.009999990463257,3.069999933242798,2.950000047683716,2.990000009536743,1518300
2017-12-06,3.0199999809265137,3.0199999809265137,3.0299999713897705,2.9600000381469727,3.0,1388200
2017-12-07,3.0899999141693115,3.0899999141693115,3.130000114440918,2.930000066757202,3.0,1912100
2017-12-08,3.1700000762939453,3.1700000762939453,3.2200000286102295,3.049999952316284,3.0999999046325684,2096600
2017-12-11,3.0399999618530273,3.0399999618530273,3.25,3.0299999713897705,3.1700000762939453,2022800
2017-12-12,3.0399999618530273,3.0399999618530273,3.2200000286102295,3.0,3.0399999618530273,2726100
2017-12-13,3.0199999809265137,3.0199999809265137,3.069999933242798,2.990000009536743,3.0399999618530273,2355700
2017-12-14,2.9700000286102295,2.9700000286102295,3.069999933242798,2.9200000762939453,3.0,2406900
2017-12-15,2.809999942779541,2.809999942779541,2.9800000190734863,2.740000009536743,2.9800000190734863,6224500
2017-12-18,2.759999990463257,2.759999990463257,2.799999952316284,2.5,2.759999990463257,4446900
2017-12-19,2.559999942779541,2.559999942779541,2.740000009536743,2.5199999809265137,2.630000114440918,2620800
2017-12-20,2.2799999713897705,2.2799999713897705,2.5299999713897705,2.259999990463257,2.5299999713897705,5137000
2017-12-21,2.5199999809265137,2.5199999809265137,2.5799999237060547,2.190000057220459,2.3299999237060547,4801800
2017-12-22,2.4100000858306885,2.4100000858306885,2.75,2.4100000858306885,2.680000066757202,4829200
2017-12-26,2.3399999141693115,2.3399999141693115,2.4700000286102295,2.299999952316284,2.3499999046325684,1808600
2017-12-27,2.4000000953674316,2.4000000953674316,2.440000057220459,2.319999933242798,2.4100000858306885,2226400
2017-12-28,2.450000047683716,2.450000047683716,2.5,2.359999895095825,2.369999885559082,2189000
2017-12-29,2.319999933242798,2.319999933242798,2.4700000286102295,2.319999933242798,2.440000057220459,2447600
2018-01-02,2.6600000858306885,2.6600000858306885,2.740000009536743,2.309999942779541,2.3399999141693115,5055800
2018-01-03,2.619999885559082,2.619999885559082,2.680000066757202,2.569999933242798,2.680000066757202,1850900
2018-01-04,2.509999990463257,2.509999990463257,2.6500000953674316,2.4600000381469727,2.630000114440918,2257900
2018-01-05,2.4700000286102295,2.4700000286102295,2.509999990463257,2.4100000858306885,2.509999990463257,1298400
2018-01-08,2.4700000286102295,2.4700000286102295,2.549999952316284,2.380000114440918,2.450000047683716,1396100
2018-01-09,2.549999952316284,2.549999952316284,2.5999999046325684,2.440000057220459,2.440000057220459,1606600
2018-01-10,2.5799999237060547,2.5799999237060547,2.630000114440918,2.4800000190734863,2.509999990463257,1570300
2018-01-11,2.509999990463257,2.509999990463257,2.609999895095825,2.490000009536743,2.5799999237060547,1680700
2018-01-12,2.4100000858306885,2.4100000858306885,2.5299999713897705,2.4000000953674316,2.5,1665700
2018-01-16,2.4700000286102295,2.4700000286102295,2.509999990463257,2.4200000762939453,2.450000047683716,1137500
2018-01-17,2.509999990463257,2.509999990463257,2.559999942779541,2.440000057220459,2.4600000381469727,1768100
2018-01-18,2.490000009536743,2.490000009536743,2.559999942779541,2.4800000190734863,2.549999952316284,1451200
2018-01-19,2.490000009536743,2.490000009536743,2.609999895095825,2.450000047683716,2.4700000286102295,2060700
2018-01-22,2.4600000381469727,2.4600000381469727,2.5199999809265137,2.450000047683716,2.5,2073000
2018-01-23,2.5,2.5,2.549999952316284,2.4600000381469727,2.4600000381469727,2414900
2018-01-24,2.690000057220459,2.690000057220459,2.7300000190734863,2.5,2.5,3766500
2018-01-25,3.799999952316284,3.799999952316284,4.050000190734863,2.759999990463257,2.7699999809265137,38692800
2018-01-26,2.7899999618530273,2.7899999618530273,3.5999999046325684,2.759999990463257,3.569999933242798,19449100
2018-01-29,2.8499999046325684,2.8499999046325684,3.25,2.809999942779541,2.869999885559082,12839100
2018-01-30,2.609999895095825,2.609999895095825,2.950000047683716,2.5999999046325684,2.9200000762939453,5076300
2018-01-31,2.7200000286102295,2.7200000286102295,2.819999933242798,2.4800000190734863,2.6600000858306885,7952200
2018-02-01,2.609999895095825,2.609999895095825,2.7200000286102295,2.5899999141693115,2.7100000381469727,1633200
2018-02-02,2.5199999809265137,2.5199999809265137,2.619999885559082,2.5,2.5899999141693115,2546600
2018-02-05,2.5199999809265137,2.5199999809265137,2.6700000762939453,2.450000047683716,2.490000009536743,3067800
2018-02-06,2.569999933242798,2.569999933242798,2.630000114440918,2.4600000381469727,2.4700000286102295,2176800
2018-02-07,2.5799999237060547,2.5799999237060547,2.7100000381469727,2.5299999713897705,2.569999933242798,2564600
2018-02-08,2.559999942779541,2.559999942779541,2.640000104904175,2.5399999618530273,2.5799999237060547,1569600
2018-02-09,2.609999895095825,2.609999895095825,2.6500000953674316,2.440000057220459,2.5999999046325684,2617800
2018-02-12,2.7300000190734863,2.7300000190734863,2.990000009536743,2.5899999141693115,2.640000104904175,6580700
2018-02-13,3.0199999809265137,3.0199999809265137,3.0899999141693115,2.6700000762939453,2.7100000381469727,7672500
2018-02-14,3.2100000381469727,3.2100000381469727,3.4100000858306885,2.9700000286102295,3.0299999713897705,8483900
2018-02-15,2.930000066757202,2.930000066757202,3.3299999237060547,2.8499999046325684,3.3299999237060547,5863100
2018-02-16,2.990000009536743,2.990000009536743,3.2200000286102295,2.869999885559082,2.9200000762939453,3341000
2018-02-20,2.8399999141693115,2.8399999141693115,3.0899999141693115,2.8299999237060547,2.950000047683716,2098600
2018-02-21,2.759999990463257,2.759999990463257,2.869999885559082,2.75,2.8499999046325684,1414000
2018-02-22,2.9800000190734863,2.9800000190734863,3.009999990463257,2.740000009536743,2.7699999809265137,3984400
2018-02-23,3.0399999618530273,3.0399999618530273,3.140000104904175,2.9800000190734863,3.059999942779541,3305900
2018-02-26,3.2699999809265137,3.2699999809265137,3.3299999237060547,3.0199999809265137,3.0999999046325684,5553800
2018-02-27,3.1600000858306885,3.1600000858306885,3.369999885559082,3.059999942779541,3.3399999141693115,3276800
2018-02-28,2.930000066757202,2.930000066757202,3.1500000953674316,2.859999895095825,2.950000047683716,4486300
2018-03-01,2.8399999141693115,2.8399999141693115,2.9200000762939453,2.680000066757202,2.8399999141693115,3467900
2018-03-02,2.8299999237060547,2.8299999237060547,2.9000000953674316,2.759999990463257,2.799999952316284,1563100
2018-03-05,2.8399999141693115,2.8399999141693115,2.990000009536743,2.7899999618530273,2.8299999237060547,3729200
2018-03-06,2.809999942779541,2.809999942779541,2.9000000953674316,2.759999990463257,2.869999885559082,2192800
2018-03-07,2.7699999809265137,2.7699999809265137,2.8299999237060547,2.7300000190734863,2.809999942779541,1789500
2018-03-08,2.7699999809265137,2.7699999809265137,2.8299999237060547,2.75,2.7799999713897705,1694800
2018-03-09,2.7200000286102295,2.7200000286102295,2.799999952316284,2.609999895095825,2.7699999809265137,2366900
2018-03-12,2.609999895095825,2.609999895095825,2.799999952316284,2.5299999713897705,2.7699999809265137,3211800
2018-03-13,2.680000066757202,2.680000066757202,2.7100000381469727,2.609999895095825,2.700000047683716,2218500
2018-03-14,2.6500000953674316,2.6500000953674316,2.7100000381469727,2.5799999237060547,2.7100000381469727,1356700
2018-03-15,2.619999885559082,2.619999885559082,2.6600000858306885,2.5999999046325684,2.640000104904175,864500
2018-03-16,2.5999999046325684,2.5999999046325684,2.619999885559082,2.569999933242798,2.5999999046325684,1096700
2018-03-19,2.5999999046325684,2.5999999046325684,2.619999885559082,2.5199999809265137,2.5999999046325684,1223800
2018-03-20,2.5399999618530273,2.5399999618530273,2.619999885559082,2.5299999713897705,2.569999933242798,1023300
2018-03-21,2.640000104904175,2.640000104904175,2.6500000953674316,2.5299999713897705,2.5399999618530273,1653700
2018-03-22,2.569999933242798,2.569999933242798,2.6500000953674316,2.559999942779541,2.619999885559082,1163700
2018-03-23,2.509999990463257,2.509999990463257,2.5999999046325684,2.5,2.559999942779541,1372800
2018-03-26,2.5399999618530273,2.5399999618530273,2.569999933242798,2.490000009536743,2.5399999618530273,1300500
2018-03-27,2.5,2.5,2.5799999237060547,2.4700000286102295,2.5299999713897705,1865200
2018-03-28,2.3399999141693115,2.3399999141693115,2.5199999809265137,2.25,2.5,2221700
2018-03-29,2.2799999713897705,2.2799999713897705,2.3299999237060547,2.180000066757202,2.2899999618530273,1889100
2018-04-02,2.1700000762939453,2.1700000762939453,2.3299999237060547,2.1500000953674316,2.3299999237060547,1695900
2018-04-03,2.190000057220459,2.190000057220459,2.2200000286102295,2.0799999237060547,2.1500000953674316,1220300
2018-04-04,2.190000057220459,2.190000057220459,2.2200000286102295,2.0999999046325684,2.140000104904175,1166400
2018-04-05,2.380000114440918,2.380000114440918,2.450000047683716,2.190000057220459,2.200000047683716,2049400
2018-04-06,1.7899999618530273,1.7899999618530273,2.0,1.75,2.0,10908600
2018-04-09,1.690000057220459,1.690000057220459,1.8200000524520874,1.6699999570846558,1.7999999523162842,3211000
2018-04-10,1.659999966621399,1.659999966621399,1.75,1.600000023841858,1.7000000476837158,2601900
2018-04-11,1.590000033378601,1.590000033378601,1.690000057220459,1.590000033378601,1.649999976158142,2406400
2018-04-12,1.6799999475479126,1.6799999475479126,1.7000000476837158,1.590000033378601,1.590000033378601,2683900
2018-04-13,1.6399999856948853,1.6399999856948853,1.7300000190734863,1.590000033378601,1.7200000286102295,2248600
2018-04-16,1.649999976158142,1.649999976158142,1.6799999475479126,1.6100000143051147,1.659999966621399,1320600
2018-04-17,1.6799999475479126,1.6799999475479126,1.6799999475479126,1.649999976158142,1.6699999570846558,1433900
2018-04-18,1.6699999570846558,1.6699999570846558,1.7000000476837158,1.659999966621399,1.690000057220459,2227400
2018-04-19,1.7899999618530273,1.7899999618530273,1.8200000524520874,1.659999966621399,1.659999966621399,8225500
2018-04-20,1.7000000476837158,1.7000000476837158,1.7999999523162842,1.6699999570846558,1.7899999618530273,3672100
2018-04-23,1.7100000381469727,1.7100000381469727,1.75,1.6699999570846558,1.6699999570846558,1520100
2018-04-24,1.7300000190734863,1.7300000190734863,1.7400000095367432,1.690000057220459,1.7000000476837158,1933300
2018-04-25,1.7999999523162842,1.7999999523162842,1.8700000047683716,1.7599999904632568,1.850000023841858,4611600
2018-04-26,1.7200000286102295,1.7200000286102295,1.8300000429153442,1.7100000381469727,1.7799999713897705,2089200
2018-04-27,1.7000000476837158,1.7000000476837158,1.7599999904632568,1.690000057220459,1.7200000286102295,2008600
2018-04-30,1.7000000476837158,1.7000000476837158,1.7799999713897705,1.649999976158142,1.7300000190734863,1697600
2018-05-01,1.7300000190734863,1.7300000190734863,1.7300000190734863,1.649999976158142,1.6799999475479126,1129300
2018-05-02,1.7000000476837158,1.7000000476837158,1.7300000190734863,1.6799999475479126,1.7000000476837158,1111900
2018-05-03,1.7400000095367432,1.7400000095367432,1.7400000095367432,1.6799999475479126,1.690000057220459,1032800
2018-05-04,1.7699999809265137,1.7699999809265137,1.7799999713897705,1.7000000476837158,1.75,1623800
2018-05-07,1.7599999904632568,1.7599999904632568,1.7799999713897705,1.7400000095367432,1.7799999713897705,1077600
2018-05-08,1.7300000190734863,1.7300000190734863,1.7699999809265137,1.7100000381469727,1.7599999904632568,1117700
2018-05-09,1.7899999618530273,1.7899999618530273,1.809999942779541,1.7300000190734863,1.7899999618530273,2494000
2018-05-10,1.7699999809265137,1.7699999809265137,1.7899999618530273,1.6100000143051147,1.7000000476837158,2071600
2018-05-11,1.850000023841858,1.850000023841858,1.8600000143051147,1.7400000095367432,1.7599999904632568,2666800
2018-05-14,1.8799999952316284,1.8799999952316284,1.9199999570846558,1.8300000429153442,1.850000023841858,2258400
2018-05-15,1.8799999952316284,1.8799999952316284,1.909999966621399,1.809999942779541,1.8799999952316284,1743100
2018-05-16,1.909999966621399,1.909999966621399,1.9299999475479126,1.8600000143051147,1.9199999570846558,1955000
2018-05-17,1.9900000095367432,1.9900000095367432,2.009999990463257,1.899999976158142,1.9199999570846558,2980900
2018-05-18,2.0,2.0,2.0299999713897705,1.9199999570846558,1.9900000095367432,2520700
2018-05-21,1.909999966621399,1.909999966621399,2.0199999809265137,1.8700000047683716,2.0199999809265137,2154000
2018-05-22,1.9500000476837158,1.9500000476837158,1.9800000190734863,1.8799999952316284,1.9199999570846558,1242300
2018-05-23,1.940000057220459,1.940000057220459,2.0199999809265137,1.899999976158142,1.9299999475479126,1457200
2018-05-24,1.940000057220459,1.940000057220459,1.9700000286102295,1.9299999475479126,1.940000057220459,885500
2018-05-25,1.9299999475479126,1.9299999475479126,1.9800000190734863,1.8899999856948853,1.909999966621399,1338600
2018-05-29,1.9600000381469727,1.9600000381469727,1.9800000190734863,1.899999976158142,1.909999966621399,1235100
2018-05-30,1.9900000095367432,1.9900000095367432,2.009999990463257,1.9500000476837158,1.9700000286102295,2107900
2018-05-31,2.0,2.0,2.009999990463257,1.9600000381469727,2.0,1650200
2018-06-01,1.9700000286102295,1.9700000286102295,1.9900000095367432,1.940000057220459,1.9900000095367432,2165700
2018-06-04,1.9500000476837158,1.9500000476837158,1.9800000190734863,1.9299999475479126,1.9800000190734863,1470700
2018-06-05,1.940000057220459,1.940000057220459,1.9900000095367432,1.9199999570846558,1.9500000476837158,1545800
2018-06-06,2.0,2.0,2.0,1.9299999475479126,1.940000057220459,1591600
2018-06-07,2.0399999618530273,2.0399999618530273,2.0799999237060547,1.9800000190734863,2.0299999713897705,4186800
2018-06-08,1.9600000381469727,1.9600000381469727,2.049999952316284,1.940000057220459,2.0399999618530273,2296500
2018-06-11,1.899999976158142,1.899999976158142,2.0,1.8799999952316284,1.9800000190734863,2843900
2018-06-12,1.840000033378601,1.840000033378601,1.909999966621399,1.7999999523162842,1.899999976158142,2028200
2018-06-13,1.9299999475479126,1.9299999475479126,1.940000057220459,1.8300000429153442,1.8600000143051147,2180800
2018-06-14,1.8899999856948853,1.8899999856948853,1.9500000476837158,1.8700000047683716,1.9500000476837158,1741500
2018-06-15,1.899999976158142,1.899999976158142,1.9199999570846558,1.8600000143051147,1.899999976158142,2168400
2018-06-18,1.940000057220459,1.940000057220459,1.9500000476837158,1.8600000143051147,1.909999966621399,1911300
2018-06-19,1.9700000286102295,1.9700000286102295,1.9700000286102295,1.8899999856948853,1.9199999570846558,1340400
2018-06-20,1.9199999570846558,1.9199999570846558,2.0,1.909999966621399,1.9800000190734863,1889100
2018-06-21,1.9600000381469727,1.9600000381469727,1.9900000095367432,1.8600000143051147,1.9199999570846558,1873900
2018-06-22,2.009999990463257,2.009999990463257,2.0299999713897705,1.8700000047683716,1.940000057220459,20914200
2018-06-25,2.0199999809265137,2.0199999809265137,2.0299999713897705,1.909999966621399,1.9500000476837158,2666000
2018-06-26,1.9600000381469727,1.9600000381469727,2.049999952316284,1.940000057220459,2.049999952316284,1861500
2018-06-27,1.9199999570846558,1.9199999570846558,2.0,1.8899999856948853,1.9600000381469727,2721400
2018-06-28,1.8799999952316284,1.8799999952316284,1.9199999570846558,1.8600000143051147,1.909999966621399,1501000
2018-06-29,1.899999976158142,1.899999976158142,1.9199999570846558,1.809999942779541,1.909999966621399,1435400
2018-07-02,1.899999976158142,1.899999976158142,1.9199999570846558,1.850000023841858,1.899999976158142,995800
2018-07-03,1.8799999952316284,1.8799999952316284,1.899999976158142,1.850000023841858,1.899999976158142,483600
2018-07-05,1.8899999856948853,1.8899999856948853,1.909999966621399,1.8600000143051147,1.8899999856948853,791800
2018-07-06,1.7999999523162842,1.7999999523162842,1.899999976158142,1.7799999713897705,1.899999976158142,2905200
2018-07-09,1.7400000095367432,1.7400000095367432,1.8200000524520874,1.7200000286102295,1.7999999523162842,1773800
2018-07-10,1.7000000476837158,1.7000000476837158,1.75,1.6799999475479126,1.7300000190734863,1666700
2018-07-11,1.7000000476837158,1.7000000476837158,1.7300000190734863,1.690000057220459,1.7000000476837158,550600
2018-07-12,1.7799999713897705,1.7799999713897705,1.7899999618530273,1.7000000476837158,1.7000000476837158,780600
2018-07-13,1.7000000476837158,1.7000000476837158,1.75,1.659999966621399,1.7300000190734863,1323800
2018-07-16,1.6399999856948853,1.6399999856948853,1.7100000381469727,1.6100000143051147,1.7000000476837158,2489500
2018-07-17,1.5800000429153442,1.5800000429153442,1.649999976158142,1.5700000524520874,1.649999976158142,1715300
2018-07-18,1.6100000143051147,1.6100000143051147,1.6399999856948853,1.5299999713897705,1.600000023841858,1577600
2018-07-19,1.590000033378601,1.590000033378601,1.6399999856948853,1.5700000524520874,1.5800000429153442,1015800
2018-07-20,1.590000033378601,1.590000033378601,1.6399999856948853,1.5700000524520874,1.600000023841858,794600
2018-07-23,1.600000023841858,1.600000023841858,1.6200000047683716,1.559999942779541,1.5800000429153442,720200
2018-07-24,1.5800000429153442,1.5800000429153442,1.6299999952316284,1.5499999523162842,1.6200000047683716,917900
2018-07-25,1.590000033378601,1.590000033378601,1.6200000047683716,1.559999942779541,1.5800000429153442,570300
2018-07-26,1.5800000429153442,1.5800000429153442,1.600000023841858,1.5700000524520874,1.5800000429153442,534700
2018-07-27,1.5399999618530273,1.5399999618530273,1.649999976158142,1.5199999809265137,1.5800000429153442,2131600
2018-07-30,1.4700000286102295,1.4700000286102295,1.5800000429153442,1.4600000381469727,1.5700000524520874,1546700
2018-07-31,1.5399999618530273,1.5399999618530273,1.5700000524520874,1.4700000286102295,1.5,1386400
2018-08-01,1.5700000524520874,1.5700000524520874,1.6100000143051147,1.5,1.5399999618530273,965500
2018-08-02,1.5,1.5,1.559999942779541,1.4800000190734863,1.5,1401400
2018-08-03,1.149999976158142,1.149999976158142,1.5399999618530273,0.9900000095367432,1.5,11334700
2018-08-06,1.0099999904632568,1.0099999904632568,1.1100000143051147,0.9800000190734863,1.0499999523162842,5774300
2018-08-07,1.1100000143051147,1.1100000143051147,1.1100000143051147,1.0,1.0099999904632568,3134500
2018-08-08,1.25,1.25,1.3200000524520874,1.090000033378601,1.1200000047683716,5481900
2018-08-09,1.2400000095367432,1.2400000095367432,1.2899999618530273,1.149999976158142,1.2799999713897705,2473300
2018-08-10,1.1799999475479126,1.1799999475479126,1.2400000095367432,1.1299999952316284,1.2100000381469727,1733900
2018-08-13,1.159999966621399,1.159999966621399,1.1699999570846558,1.0499999523162842,1.1399999856948853,2270600
2018-08-14,1.1299999952316284,1.1299999952316284,1.159999966621399,1.100000023841858,1.159999966621399,1018300
2018-08-15,1.1100000143051147,1.1100000143051147,1.159999966621399,1.0800000429153442,1.1100000143051147,1632400
2018-08-16,1.1299999952316284,1.1299999952316284,1.149999976158142,1.1100000143051147,1.1299999952316284,320200
2018-08-17,1.0700000524520874,1.0700000524520874,1.149999976158142,1.059999942779541,1.1200000047683716,1091400
2018-08-20,1.1100000143051147,1.1100000143051147,1.149999976158142,1.0700000524520874,1.1100000143051147,1267200
2018-08-21,1.1100000143051147,1.1100000143051147,1.1399999856948853,1.090000033378601,1.1200000047683716,1195700
2018-08-22,1.100000023841858,1.100000023841858,1.1399999856948853,1.090000033378601,1.1299999952316284,801900
2018-08-23,1.1100000143051147,1.1100000143051147,1.1399999856948853,1.090000033378601,1.1100000143051147,1043300
2018-08-24,1.1200000047683716,1.1200000047683716,1.1299999952316284,1.090000033378601,1.1299999952316284,783300
2018-08-27,1.1200000047683716,1.1200000047683716,1.1399999856948853,1.100000023841858,1.1200000047683716,1133200
2018-08-28,1.1100000143051147,1.1100000143051147,1.1299999952316284,1.090000033378601,1.1299999952316284,859100
2018-08-29,1.1100000143051147,1.1100000143051147,1.1200000047683716,1.090000033378601,1.100000023841858,887100
2018-08-30,1.1100000143051147,1.1100000143051147,1.1200000047683716,1.090000033378601,1.100000023841858,701100
2018-08-31,1.100000023841858,1.100000023841858,1.1200000047683716,1.090000033378601,1.100000023841858,838300
2018-09-04,2.0799999237060547,2.0799999237060547,2.1700000762939453,1.5099999904632568,1.649999976158142,51912900
2018-09-05,2.190000057220459,2.190000057220459,3.0399999618530273,2.180000066757202,2.450000047683716,81489100
2018-09-06,2.0399999618530273,2.0399999618530273,2.359999895095825,1.9700000286102295,2.3299999237060547,18722800
2018-09-07,1.7799999713897705,1.7799999713897705,2.049999952316284,1.7000000476837158,2.0399999618530273,13086500
2018-09-10,1.9700000286102295,1.9700000286102295,2.0799999237060547,1.8200000524520874,1.8200000524520874,11093000
2018-09-11,1.7999999523162842,1.7999999523162842,1.9600000381469727,1.7699999809265137,1.9500000476837158,4798000
2018-09-12,1.75,1.75,1.809999942779541,1.7000000476837158,1.809999942779541,2722100
2018-09-13,1.6799999475479126,1.6799999475479126,1.8899999856948853,1.659999966621399,1.8300000429153442,5343200
2018-09-14,1.649999976158142,1.649999976158142,1.6799999475479126,1.5700000524520874,1.659999966621399,4355500
2018-09-17,1.7100000381469727,1.7100000381469727,1.7599999904632568,1.649999976158142,1.7000000476837158,3615900
2018-09-18,1.7300000190734863,1.7300000190734863,1.7799999713897705,1.659999966621399,1.7000000476837158,2442500
2018-09-19,1.7200000286102295,1.7200000286102295,1.7799999713897705,1.7000000476837158,1.7200000286102295,2968200
2018-09-20,1.6799999475479126,1.6799999475479126,1.7699999809265137,1.6699999570846558,1.75,2350100
2018-09-21,1.7400000095367432,1.7400000095367432,1.75,1.649999976158142,1.6799999475479126,4029700
2018-09-24,1.9199999570846558,1.9199999570846558,1.940000057220459,1.6799999475479126,1.7200000286102295,5599900
2018-09-25,1.840000033378601,1.840000033378601,1.9800000190734863,1.809999942779541,1.9500000476837158,3365900
2018-09-26,1.8700000047683716,1.8700000047683716,1.899999976158142,1.8300000429153442,1.840000033378601,1728400
2018-09-27,1.8700000047683716,1.8700000047683716,1.9299999475479126,1.840000033378601,1.8799999952316284,1745700
2018-09-28,1.8300000429153442,1.8300000429153442,1.8600000143051147,1.7899999618530273,1.840000033378601,1787500
2018-10-01,1.7699999809265137,1.7699999809265137,1.840000033378601,1.7200000286102295,1.840000033378601,2296000
2018-10-02,1.6799999475479126,1.6799999475479126,1.7599999904632568,1.649999976158142,1.75,2760500
2018-10-03,1.7999999523162842,1.7999999523162842,1.840000033378601,1.7300000190734863,1.75,2953800
2018-10-04,1.7699999809265137,1.7699999809265137,1.850000023841858,1.7699999809265137,1.7699999809265137,2186000
2018-10-05,1.7300000190734863,1.7300000190734863,1.8200000524520874,1.690000057220459,1.7799999713897705,1861600
2018-10-08,1.7100000381469727,1.7100000381469727,1.7799999713897705,1.690000057220459,1.7200000286102295,1300600
2018-10-09,1.7400000095367432,1.7400000095367432,1.7799999713897705,1.7000000476837158,1.7000000476837158,1209300
2018-10-10,1.6699999570846558,1.6699999570846558,1.75,1.659999966621399,1.75,1858500
2018-10-11,1.5199999809265137,1.5199999809265137,1.6699999570846558,1.5099999904632568,1.6699999570846558,5741800
2018-10-12,1.600000023841858,1.600000023841858,1.6100000143051147,1.5099999904632568,1.5800000429153442,2088700
2018-10-15,1.649999976158142,1.649999976158142,1.6799999475479126,1.5700000524520874,1.6799999475479126,1814300
2018-10-16,1.9199999570846558,1.9199999570846558,1.9700000286102295,1.659999966621399,1.7000000476837158,8053500
2018-10-17,1.9299999475479126,1.9299999475479126,1.9600000381469727,1.8200000524520874,1.909999966621399,2641400
2018-10-18,2.049999952316284,2.049999952316284,2.190000057220459,1.899999976158142,1.9299999475479126,7890500
2018-10-19,1.9900000095367432,1.9900000095367432,2.109999895095825,1.940000057220459,2.0399999618530273,3303500
2018-10-22,1.8700000047683716,1.8700000047683716,2.0,1.809999942779541,1.9900000095367432,2778700
2018-10-23,1.840000033378601,1.840000033378601,1.8700000047683716,1.7300000190734863,1.840000033378601,1961900
2018-10-24,1.7699999809265137,1.7699999809265137,1.8899999856948853,1.7400000095367432,1.8200000524520874,2016100
2018-10-25,1.8200000524520874,1.8200000524520874,1.8300000429153442,1.7400000095367432,1.7699999809265137,2030200
2018-10-26,1.75,1.75,1.809999942779541,1.7000000476837158,1.7799999713897705,1748400
2018-10-29,1.75,1.75,1.8300000429153442,1.7000000476837158,1.7599999904632568,1661700
2018-10-30,1.7799999713897705,1.7799999713897705,1.8200000524520874,1.7100000381469727,1.7899999618530273,1625200
2018-10-31,1.8300000429153442,1.8300000429153442,1.850000023841858,1.7599999904632568,1.7899999618530273,2014200
2018-11-01,1.9199999570846558,1.9199999570846558,1.9700000286102295,1.75,1.899999976158142,3454000
2018-11-02,1.8300000429153442,1.8300000429153442,1.9299999475479126,1.7699999809265137,1.899999976158142,2696700
2018-11-05,1.850000023841858,1.850000023841858,1.8799999952316284,1.7799999713897705,1.840000033378601,1534600
2018-11-06,1.809999942779541,1.809999942779541,1.8799999952316284,1.7899999618530273,1.8700000047683716,1686700
2018-11-07,1.8200000524520874,1.8200000524520874,1.840000033378601,1.7400000095367432,1.7899999618530273,1756000
2018-11-08,1.809999942779541,1.809999942779541,1.8300000429153442,1.7799999713897705,1.7999999523162842,1485900
2018-11-09,1.8300000429153442,1.8300000429153442,1.840000033378601,1.7699999809265137,1.7999999523162842,1415200
2018-11-12,1.840000033378601,1.840000033378601,1.8700000047683716,1.75,1.8300000429153442,2126600
2018-11-13,1.8200000524520874,1.8200000524520874,1.8899999856948853,1.7999999523162842,1.850000023841858,1363900
2018-11-14,1.7799999713897705,1.7799999713897705,1.840000033378601,1.75,1.809999942779541,2683400
2018-11-15,1.7999999523162842,1.7999999523162842,1.8200000524520874,1.75,1.75,1287400
2018-11-16,1.7999999523162842,1.7999999523162842,1.809999942779541,1.75,1.7799999713897705,1531500
2018-11-19,1.7300000190734863,1.7300000190734863,1.7999999523162842,1.7100000381469727,1.7899999618530273,1823900
2018-11-20,1.690000057220459,1.690000057220459,1.7300000190734863,1.649999976158142,1.690000057220459,1631200
2018-11-21,1.7599999904632568,1.7599999904632568,1.7799999713897705,1.6799999475479126,1.7200000286102295,1145200
2018-11-23,1.7599999904632568,1.7599999904632568,1.7999999523162842,1.7400000095367432,1.7699999809265137,360900
2018-11-26,1.7799999713897705,1.7799999713897705,1.7899999618530273,1.7300000190734863,1.7300000190734863,1093800
2018-11-27,1.7699999809265137,1.7699999809265137,1.7999999523162842,1.75,1.75,923600
2018-11-28,1.7699999809265137,1.7699999809265137,1.809999942779541,1.7200000286102295,1.7799999713897705,1526200
2018-11-29,1.7699999809265137,1.7699999809265137,1.7899999618530273,1.7400000095367432,1.7699999809265137,923500
2018-11-30,1.7799999713897705,1.7799999713897705,1.7999999523162842,1.75,1.7699999809265137,1339800
2018-12-03,1.7899999618530273,1.7899999618530273,1.7999999523162842,1.7599999904632568,1.7999999523162842,1054800
2018-12-04,1.7300000190734863,1.7300000190734863,1.7899999618530273,1.7200000286102295,1.7699999809265137,1415700
2018-12-06,1.75,1.75,1.7599999904632568,1.6699999570846558,1.7200000286102295,1429800
2018-12-07,1.75,1.75,1.840000033378601,1.7100000381469727,1.7400000095367432,2506000
2018-12-10,1.7200000286102295,1.7200000286102295,1.7899999618530273,1.6799999475479126,1.7300000190734863,1945500
2018-12-11,1.7400000095367432,1.7400000095367432,1.7699999809265137,1.690000057220459,1.7200000286102295,1638500
2018-12-12,1.7799999713897705,1.7799999713897705,1.7999999523162842,1.7400000095367432,1.7400000095367432,1546200
2018-12-13,1.7100000381469727,1.7100000381469727,1.840000033378601,1.7000000476837158,1.7799999713897705,2071900
2018-12-14,1.6799999475479126,1.6799999475479126,1.75,1.659999966621399,1.7100000381469727,1318600
2018-12-17,1.7000000476837158,1.7000000476837158,1.7300000190734863,1.6100000143051147,1.7000000476837158,2003500
2018-12-18,1.659999966621399,1.659999966621399,1.7300000190734863,1.6200000047683716,1.7000000476837158,1288800
2018-12-19,1.690000057220459,1.690000057220459,1.7799999713897705,1.659999966621399,1.659999966621399,1977200
2018-12-20,1.1399999856948853,1.1399999856948853,1.309999942779541,1.0199999809265137,1.2799999713897705,13421900
2018-12-21,1.090000033378601,1.090000033378601,1.159999966621399,1.0700000524520874,1.159999966621399,3334300
2018-12-24,1.090000033378601,1.090000033378601,1.149999976158142,1.0,1.090000033378601,2249600
2018-12-26,1.0499999523162842,1.0499999523162842,1.1299999952316284,1.0,1.0499999523162842,3486700
2018-12-27,1.0199999809265137,1.0199999809265137,1.0700000524520874,0.9399999976158142,1.0499999523162842,4580100
2018-12-28,1.149999976158142,1.149999976158142,1.159999966621399,1.0199999809265137,1.0299999713897705,5423700
2018-12-31,1.059999942779541,1.059999942779541,1.159999966621399,1.0099999904632568,1.1399999856948853,3797900
2019-01-02,1.1799999475479126,1.1799999475479126,1.190000057220459,1.059999942779541,1.0700000524520874,2802000
2019-01-03,1.1399999856948853,1.1399999856948853,1.1799999475479126,1.100000023841858,1.1699999570846558,2455800
2019-01-04,1.1799999475479126,1.1799999475479126,1.25,1.1299999952316284,1.1399999856948853,3647100
2019-01-07,1.2000000476837158,1.2000000476837158,1.2200000286102295,1.149999976158142,1.2000000476837158,2561400
2019-01-08,1.2000000476837158,1.2000000476837158,1.2200000286102295,1.159999966621399,1.2000000476837158,2185700
2019-01-09,1.2200000286102295,1.2200000286102295,1.2400000095367432,1.190000057220459,1.2200000286102295,2183300
2019-01-10,1.2599999904632568,1.2599999904632568,1.2899999618530273,1.2000000476837158,1.2200000286102295,2267400
2019-01-11,1.2999999523162842,1.2999999523162842,1.3200000524520874,1.2300000190734863,1.25,2080200
2019-01-14,1.3600000143051147,1.3600000143051147,1.409999966621399,1.2899999618530273,1.3899999856948853,3729000
2019-01-15,1.3799999952316284,1.3799999952316284,1.4299999475479126,1.3600000143051147,1.4299999475479126,1742800
2019-01-16,1.3300000429153442,1.3300000429153442,1.399999976158142,1.309999942779541,1.399999976158142,1641400
2019-01-17,1.3899999856948853,1.3899999856948853,1.409999966621399,1.3200000524520874,1.3600000143051147,1800600
2019-01-18,1.409999966621399,1.409999966621399,1.409999966621399,1.309999942779541,1.3600000143051147,1973300
2019-01-22,1.399999976158142,1.399999976158142,1.4199999570846558,1.3300000429153442,1.399999976158142,2280100
2019-01-23,1.2699999809265137,1.2699999809265137,1.399999976158142,1.25,1.399999976158142,1990600
2019-01-24,1.2799999713897705,1.2799999713897705,1.3200000524520874,1.2599999904632568,1.2999999523162842,1019100
2019-01-25,1.2899999618530273,1.2899999618530273,1.2999999523162842,1.2000000476837158,1.2799999713897705,3287100
2019-01-28,1.2599999904632568,1.2599999904632568,1.2999999523162842,1.2200000286102295,1.2799999713897705,1910000
2019-01-29,1.190000057220459,1.190000057220459,1.2699999809265137,1.1699999570846558,1.2699999809265137,3241100
2019-01-30,1.2300000190734863,1.2300000190734863,1.25,1.149999976158142,1.190000057220459,1894300
2019-01-31,1.2599999904632568,1.2599999904632568,1.2999999523162842,1.2300000190734863,1.2400000095367432,1764500
2019-02-01,1.340000033378601,1.340000033378601,1.340000033378601,1.25,1.2599999904632568,1639400
2019-02-04,1.2699999809265137,1.2699999809265137,1.3700000047683716,1.2599999904632568,1.340000033378601,1791400
2019-02-05,1.309999942779541,1.309999942779541,1.3300000429153442,1.2699999809265137,1.2999999523162842,1060200
2019-02-06,1.350000023841858,1.350000023841858,1.3700000047683716,1.2699999809265137,1.3200000524520874,1076000
2019-02-07,1.2999999523162842,1.2999999523162842,1.350000023841858,1.2699999809265137,1.350000023841858,995100
2019-02-08,1.2999999523162842,1.2999999523162842,1.340000033378601,1.2699999809265137,1.309999942779541,1028600
2019-02-11,1.3300000429153442,1.3300000429153442,1.340000033378601,1.2799999713897705,1.2999999523162842,1147600
2019-02-12,1.4500000476837158,1.4500000476837158,1.4500000476837158,1.3300000429153442,1.340000033378601,4286400
2019-02-13,1.440000057220459,1.440000057220459,1.4600000381469727,1.350000023841858,1.399999976158142,2358100
2019-02-14,1.3899999856948853,1.3899999856948853,1.4700000286102295,1.3899999856948853,1.4199999570846558,2446400
2019-02-15,1.4500000476837158,1.4500000476837158,1.4500000476837158,1.3899999856948853,1.409999966621399,1670300
2019-02-19,1.4900000095367432,1.4900000095367432,1.5199999809265137,1.409999966621399,1.4299999475479126,2715100
2019-02-20,1.4700000286102295,1.4700000286102295,1.5299999713897705,1.4600000381469727,1.5,1571100
2019-02-21,1.4500000476837158,1.4500000476837158,1.5199999809265137,1.4199999570846558,1.4900000095367432,2318300
2019-02-22,1.559999942779541,1.559999942779541,1.559999942779541,1.4600000381469727,1.5199999809265137,3550700
2019-02-25,1.5099999904632568,1.5099999904632568,1.600000023841858,1.5,1.5800000429153442,2579700
2019-02-26,1.7599999904632568,1.7599999904632568,1.7999999523162842,1.5099999904632568,1.5700000524520874,9865200
2019-02-27,1.8700000047683716,1.8700000047683716,1.940000057220459,1.75,1.7899999618530273,8254300
2019-02-28,1.7899999618530273,1.7899999618530273,1.909999966621399,1.7300000190734863,1.8700000047683716,4702000
2019-03-01,1.7699999809265137,1.7699999809265137,1.8700000047683716,1.7100000381469727,1.8200000524520874,4084500
2019-03-04,1.7200000286102295,1.7200000286102295,1.8200000524520874,1.590000033378601,1.8200000524520874,4299800
2019-03-05,1.809999942779541,1.809999942779541,1.8200000524520874,1.649999976158142,1.7300000190734863,2275900
2019-03-06,1.75,1.75,1.8200000524520874,1.690000057220459,1.809999942779541,2982300
2019-03-07,1.850000023841858,1.850000023841858,1.8700000047683716,1.7200000286102295,1.7599999904632568,3877300
2019-03-08,1.8300000429153442,1.8300000429153442,1.8700000047683716,1.7899999618530273,1.850000023841858,3459700
2019-03-11,1.9299999475479126,1.9299999475479126,1.940000057220459,1.75,1.8200000524520874,4031700
2019-03-12,2.0899999141693115,2.0899999141693115,2.1500000953674316,1.899999976158142,1.9500000476837158,6602500
2019-03-13,2.109999895095825,2.109999895095825,2.2899999618530273,2.0199999809265137,2.109999895095825,8746800
2019-03-14,2.240000009536743,2.240000009536743,2.2699999809265137,2.0899999141693115,2.1600000858306885,5486000
2019-03-15,2.200000047683716,2.200000047683716,2.299999952316284,2.119999885559082,2.25,8433200
2019-03-18,2.1500000953674316,2.1500000953674316,2.259999990463257,2.069999933242798,2.1500000953674316,3760000
2019-03-19,2.25,2.25,2.259999990463257,2.109999895095825,2.140000104904175,4328900
2019-03-20,2.2100000381469727,2.2100000381469727,2.3399999141693115,2.1700000762939453,2.25,3545600
2019-03-21,2.200000047683716,2.200000047683716,2.2699999809265137,2.140000104904175,2.2200000286102295,2312600
2019-03-22,2.130000114440918,2.130000114440918,2.2300000190734863,2.069999933242798,2.190000057220459,3835700
2019-03-25,1.9800000190734863,1.9800000190734863,2.1700000762939453,1.9299999475479126,2.130000114440918,5853000
2019-03-26,2.0,2.0,2.069999933242798,1.9600000381469727,1.9800000190734863,2240600
2019-03-27,1.940000057220459,1.940000057220459,2.009999990463257,1.899999976158142,2.0,2796100
2019-03-28,1.9299999475479126,1.9299999475479126,1.9900000095367432,1.9199999570846558,1.9500000476837158,1918300
2019-03-29,1.9700000286102295,1.9700000286102295,1.9900000095367432,1.9199999570846558,1.940000057220459,2027900
2019-04-01,1.7999999523162842,1.7999999523162842,2.009999990463257,1.7699999809265137,2.0,6192300
2019-04-02,1.7300000190734863,1.7300000190734863,1.840000033378601,1.7300000190734863,1.7999999523162842,3259000
2019-04-03,1.75,1.75,1.7899999618530273,1.690000057220459,1.7300000190734863,2028500
2019-04-04,1.75,1.75,1.7899999618530273,1.7300000190734863,1.75,1792600
2019-04-05,1.7899999618530273,1.7899999618530273,1.7999999523162842,1.75,1.7699999809265137,1264500
2019-04-08,1.7999999523162842,1.7999999523162842,1.8200000524520874,1.7599999904632568,1.809999942779541,1339300
2019-04-09,1.840000033378601,1.840000033378601,1.8899999856948853,1.7999999523162842,1.7999999523162842,2148300
2019-04-10,1.8799999952316284,1.8799999952316284,1.899999976158142,1.840000033378601,1.850000023841858,1313000
2019-04-11,1.8200000524520874,1.8200000524520874,1.9199999570846558,1.7899999618530273,1.8799999952316284,1602600
2019-04-12,1.6699999570846558,1.6699999570846558,1.7999999523162842,1.649999976158142,1.7799999713897705,3133700
2019-04-15,1.6200000047683716,1.6200000047683716,1.75,1.5800000429153442,1.6799999475479126,2532400
2019-04-16,1.6200000047683716,1.6200000047683716,1.6699999570846558,1.5800000429153442,1.6200000047683716,1621300
2019-04-17,1.5399999618530273,1.5399999618530273,1.649999976158142,1.5099999904632568,1.6399999856948853,2370200
2019-04-18,1.5299999713897705,1.5299999713897705,1.5700000524520874,1.4600000381469727,1.5299999713897705,1981000
2019-04-22,1.590000033378601,1.590000033378601,1.6200000047683716,1.5099999904632568,1.5399999618530273,1844100
2019-04-23,1.600000023841858,1.600000023841858,1.6200000047683716,1.5299999713897705,1.600000023841858,1715600
2019-04-24,1.5299999713897705,1.5299999713897705,1.6200000047683716,1.5299999713897705,1.6100000143051147,1320600
2019-04-25,1.600000023841858,1.600000023841858,1.6100000143051147,1.5299999713897705,1.5399999618530273,1324400
2019-04-26,1.5700000524520874,1.5700000524520874,1.6299999952316284,1.559999942779541,1.6299999952316284,1170200
2019-04-29,1.5399999618530273,1.5399999618530273,1.6399999856948853,1.5199999809265137,1.6100000143051147,1684800
2019-04-30,1.5399999618530273,1.5399999618530273,1.5499999523162842,1.4700000286102295,1.5499999523162842,1656200
2019-05-01,1.4700000286102295,1.4700000286102295,1.5499999523162842,1.4500000476837158,1.5299999713897705,1476500
2019-05-02,1.4299999475479126,1.4299999475479126,1.4600000381469727,1.399999976158142,1.4500000476837158,1569300
2019-05-03,1.5299999713897705,1.5299999713897705,1.5499999523162842,1.4299999475479126,1.4299999475479126,1527000
2019-05-06,1.5499999523162842,1.5499999523162842,1.590000033378601,1.4900000095367432,1.5099999904632568,1858400
2019-05-07,1.4500000476837158,1.4500000476837158,1.5399999618530273,1.4199999570846558,1.5399999618530273,2171400
2019-05-08,1.3600000143051147,1.3600000143051147,1.4700000286102295,1.2999999523162842,1.4500000476837158,3676400
2019-05-09,1.340000033378601,1.340000033378601,1.3600000143051147,1.309999942779541,1.3300000429153442,1210400
2019-05-10,1.25,1.25,1.3600000143051147,1.2000000476837158,1.3300000429153442,4208900
2019-05-13,1.2300000190734863,1.2300000190734863,1.25,1.190000057220459,1.2000000476837158,1358800
2019-05-14,1.3200000524520874,1.3200000524520874,1.3799999952316284,1.2300000190734863,1.2999999523162842,3671400
2019-05-15,1.3200000524520874,1.3200000524520874,1.3799999952316284,1.309999942779541,1.3300000429153442,1975500
2019-05-16,1.2699999809265137,1.2699999809265137,1.350000023841858,1.25,1.3300000429153442,1948400
2019-05-17,1.2699999809265137,1.2699999809265137,1.3600000143051147,1.2599999904632568,1.309999942779541,2709300
2019-05-20,1.2699999809265137,1.2699999809265137,1.350000023841858,1.25,1.2699999809265137,2063300
2019-05-21,1.2999999523162842,1.2999999523162842,1.2999999523162842,1.2599999904632568,1.2799999713897705,1799800
2019-05-22,1.2599999904632568,1.2599999904632568,1.3200000524520874,1.25,1.3200000524520874,1416300
2019-05-23,1.2200000286102295,1.2200000286102295,1.2699999809265137,1.2000000476837158,1.25,1953700
2019-05-24,1.1699999570846558,1.1699999570846558,1.2599999904632568,1.149999976158142,1.2200000286102295,2187200
2019-05-28,1.1399999856948853,1.1399999856948853,1.190000057220459,1.1100000143051147,1.1799999475479126,2377400
2019-05-29,1.2000000476837158,1.2000000476837158,1.25,1.1200000047683716,1.149999976158142,3501900
2019-05-30,1.149999976158142,1.149999976158142,1.2300000190734863,1.1399999856948853,1.2000000476837158,1680800
2019-05-31,1.159999966621399,1.159999966621399,1.190000057220459,1.1200000047683716,1.149999976158142,1544100
2019-06-03,1.2300000190734863,1.2300000190734863,1.2699999809265137,1.1799999475479126,1.2200000286102295,2849200
2019-06-04,1.2000000476837158,1.2000000476837158,1.2599999904632568,1.2000000476837158,1.2400000095367432,1784500
2019-06-05,1.159999966621399,1.159999966621399,1.2200000286102295,1.159999966621399,1.2000000476837158,1389500
2019-06-06,1.159999966621399,1.159999966621399,1.190000057220459,1.1399999856948853,1.1799999475479126,1411100
2019-06-07,1.190000057220459,1.190000057220459,1.2000000476837158,1.1299999952316284,1.159999966621399,1679000
2019-06-10,1.2200000286102295,1.2200000286102295,1.340000033378601,1.1699999570846558,1.2999999523162842,5687100
2019-06-11,1.1799999475479126,1.1799999475479126,1.2400000095367432,1.149999976158142,1.2200000286102295,2437600
2019-06-12,1.159999966621399,1.159999966621399,1.2000000476837158,1.159999966621399,1.2000000476837158,1717900
2019-06-13,1.1699999570846558,1.1699999570846558,1.190000057220459,1.149999976158142,1.1699999570846558,1514700
2019-06-14,1.149999976158142,1.149999976158142,1.1799999475479126,1.1399999856948853,1.1699999570846558,1863000
2019-06-17,1.2300000190734863,1.2300000190734863,1.2400000095367432,1.149999976158142,1.1699999570846558,2786100
2019-06-18,1.2200000286102295,1.2200000286102295,1.2699999809265137,1.2000000476837158,1.25,1607000
2019-06-19,1.190000057220459,1.190000057220459,1.2100000381469727,1.159999966621399,1.2000000476837158,2023500
2019-06-20,1.159999966621399,1.159999966621399,1.2200000286102295,1.159999966621399,1.190000057220459,2191400
2019-06-21,1.149999976158142,1.149999976158142,1.190000057220459,1.1200000047683716,1.149999976158142,2623200
2019-06-24,1.100000023841858,1.100000023841858,1.159999966621399,1.100000023841858,1.159999966621399,2144200
2019-06-25,1.1200000047683716,1.1200000047683716,1.159999966621399,1.100000023841858,1.1200000047683716,1458000
2019-06-26,1.090000033378601,1.090000033378601,1.1299999952316284,1.0700000524520874,1.1100000143051147,3125200
2019-06-27,1.1200000047683716,1.1200000047683716,1.1399999856948853,1.0700000524520874,1.090000033378601,1609800
2019-06-28,1.149999976158142,1.149999976158142,1.1699999570846558,1.100000023841858,1.1299999952316284,4416500
2019-07-01,1.1200000047683716,1.1200000047683716,1.1799999475479126,1.1200000047683716,1.1699999570846558,1567300
2019-07-02,1.149999976158142,1.149999976158142,1.159999966621399,1.1200000047683716,1.1399999856948853,1257000
2019-07-03,1.1799999475479126,1.1799999475479126,1.190000057220459,1.1299999952316284,1.149999976158142,860900
2019-07-05,1.149999976158142,1.149999976158142,1.1699999570846558,1.1200000047683716,1.159999966621399,1478000
2019-07-08,1.1399999856948853,1.1399999856948853,1.190000057220459,1.1299999952316284,1.1699999570846558,1728300
2019-07-09,1.159999966621399,1.159999966621399,1.1699999570846558,1.1299999952316284,1.1299999952316284,918400
2019-07-10,1.1399999856948853,1.1399999856948853,1.1799999475479126,1.1299999952316284,1.1799999475479126,1388100
2019-07-11,1.0800000429153442,1.0800000429153442,1.1399999856948853,1.0800000429153442,1.1399999856948853,3067100
2019-07-12,1.090000033378601,1.090000033378601,1.1299999952316284,1.0800000429153442,1.090000033378601,1791100
2019-07-15,1.090000033378601,1.090000033378601,1.1100000143051147,1.0800000429153442,1.100000023841858,1337800
2019-07-16,1.090000033378601,1.090000033378601,1.1399999856948853,1.0800000429153442,1.100000023841858,2307900
2019-07-17,1.0399999618530273,1.0399999618530273,1.100000023841858,1.0299999713897705,1.100000023841858,4348200
2019-07-18,1.0700000524520874,1.0700000524520874,1.0800000429153442,1.0399999618530273,1.0700000524520874,1281000
2019-07-19,1.0700000524520874,1.0700000524520874,1.0800000429153442,1.0399999618530273,1.0499999523162842,1285400
2019-07-22,1.0499999523162842,1.0499999523162842,1.0700000524520874,1.0299999713897705,1.059999942779541,1564700
2019-07-23,1.0399999618530273,1.0399999618530273,1.059999942779541,1.0299999713897705,1.0499999523162842,1644200
2019-07-24,1.1299999952316284,1.1299999952316284,1.1299999952316284,1.0299999713897705,1.0299999713897705,1660400
2019-07-25,1.0700000524520874,1.0700000524520874,1.149999976158142,1.0299999713897705,1.1299999952316284,2087700
2019-07-26,1.100000023841858,1.100000023841858,1.1299999952316284,1.0499999523162842,1.0700000524520874,1596000
2019-07-29,1.100000023841858,1.100000023841858,1.1299999952316284,1.0800000429153442,1.100000023841858,1263400
2019-07-30,1.1200000047683716,1.1200000047683716,1.1299999952316284,1.090000033378601,1.100000023841858,1665500
2019-07-31,1.1200000047683716,1.1200000047683716,1.2000000476837158,1.1100000143051147,1.1299999952316284,2999000
2019-08-01,1.1699999570846558,1.1699999570846558,1.2000000476837158,1.1299999952316284,1.149999976158142,2089700
2019-08-02,1.1799999475479126,1.1799999475479126,1.2000000476837158,1.1100000143051147,1.1699999570846558,1546300
2019-08-05,1.1200000047683716,1.1200000047683716,1.149999976158142,1.090000033378601,1.1399999856948853,2232000
2019-08-06,1.0800000429153442,1.0800000429153442,1.1399999856948853,1.059999942779541,1.1399999856948853,1322000
2019-08-07,1.1200000047683716,1.1200000047683716,1.1399999856948853,1.0399999618530273,1.0800000429153442,1475700
2019-08-08,1.0700000524520874,1.0700000524520874,1.190000057220459,1.0700000524520874,1.190000057220459,3999700
2019-08-09,1.0800000429153442,1.0800000429153442,1.1200000047683716,1.0700000524520874,1.100000023841858,2387200
2019-08-12,1.1299999952316284,1.1299999952316284,1.149999976158142,1.0700000524520874,1.090000033378601,2566200
2019-08-13,1.1100000143051147,1.1100000143051147,1.149999976158142,1.090000033378601,1.1299999952316284,2019000
2019-08-14,1.059999942779541,1.059999942779541,1.1100000143051147,1.0499999523162842,1.1100000143051147,2744000
2019-08-15,1.0399999618530273,1.0399999618530273,1.0700000524520874,1.0199999809265137,1.0700000524520874,3115500
2019-08-16,1.090000033378601,1.090000033378601,1.090000033378601,1.0299999713897705,1.0399999618530273,2378200
2019-08-19,1.1699999570846558,1.1699999570846558,1.1799999475479126,1.0800000429153442,1.100000023841858,3893300
2019-08-20,1.149999976158142,1.149999976158142,1.1799999475479126,1.1100000143051147,1.149999976158142,1448000
2019-08-21,1.1200000047683716,1.1200000047683716,1.190000057220459,1.0800000429153442,1.159999966621399,3163800
2019-08-22,1.1100000143051147,1.1100000143051147,1.1399999856948853,1.100000023841858,1.1200000047683716,1811400
2019-08-23,1.0499999523162842,1.0499999523162842,1.1299999952316284,1.0499999523162842,1.090000033378601,3106900
2019-08-26,1.0800000429153442,1.0800000429153442,1.090000033378601,1.0399999618530273,1.090000033378601,1511400
2019-08-27,1.059999942779541,1.059999942779541,1.090000033378601,1.0399999618530273,1.0800000429153442,2013500
2019-08-28,1.0700000524520874,1.0700000524520874,1.0800000429153442,1.0399999618530273,1.0499999523162842,830600
2019-08-29,1.0700000524520874,1.0700000524520874,1.1100000143051147,1.059999942779541,1.0800000429153442,1677000
2019-08-30,1.100000023841858,1.100000023841858,1.100000023841858,1.059999942779541,1.0800000429153442,1566700
2019-09-03,1.1299999952316284,1.1299999952316284,1.149999976158142,1.0800000429153442,1.1100000143051147,2352400
2019-09-04,1.1799999475479126,1.1799999475479126,1.2400000095367432,1.100000023841858,1.159999966621399,4649000
2019-09-05,1.1799999475479126,1.1799999475479126,1.2000000476837158,1.1399999856948853,1.2000000476837158,1607500
2019-09-06,1.2300000190734863,1.2300000190734863,1.2699999809265137,1.159999966621399,1.1799999475479126,3883300
2019-09-09,1.2000000476837158,1.2000000476837158,1.2699999809265137,1.1699999570846558,1.25,2294000
2019-09-10,1.2799999713897705,1.2799999713897705,1.2999999523162842,1.1699999570846558,1.2000000476837158,2964200
2019-09-11,1.440000057220459,1.440000057220459,1.4500000476837158,1.3200000524520874,1.340000033378601,5839300
2019-09-12,1.4299999475479126,1.4299999475479126,1.5700000524520874,1.409999966621399,1.4600000381469727,4734200
2019-09-13,1.3700000047683716,1.3700000047683716,1.4500000476837158,1.309999942779541,1.440000057220459,3724300
2019-09-16,1.399999976158142,1.399999976158142,1.4500000476837158,1.340000033378601,1.350000023841858,2101000
2019-09-17,1.3799999952316284,1.3799999952316284,1.4199999570846558,1.350000023841858,1.3899999856948853,1514900
2019-09-18,1.340000033378601,1.340000033378601,1.399999976158142,1.309999942779541,1.399999976158142,2366200
2019-09-19,1.3200000524520874,1.3200000524520874,1.3700000047683716,1.2999999523162842,1.350000023841858,1387900
2019-09-20,1.3200000524520874,1.3200000524520874,1.340000033378601,1.2599999904632568,1.3200000524520874,3486500
2019-09-23,1.3700000047683716,1.3700000047683716,1.3700000047683716,1.2899999618530273,1.309999942779541,1479800
2019-09-24,1.3300000429153442,1.3300000429153442,1.3700000047683716,1.2799999713897705,1.3600000143051147,1990600
2019-09-25,1.350000023841858,1.350000023841858,1.350000023841858,1.2999999523162842,1.309999942779541,1054300
2019-09-26,1.2999999523162842,1.2999999523162842,1.3700000047683716,1.2899999618530273,1.340000033378601,1782600
2019-09-27,1.25,1.25,1.309999942779541,1.2000000476837158,1.2999999523162842,2457000
2019-09-30,1.25,1.25,1.2799999713897705,1.2300000190734863,1.2400000095367432,1660100
2019-10-01,1.2599999904632568,1.2599999904632568,1.309999942779541,1.2200000286102295,1.2599999904632568,1745100
2019-10-02,1.2400000095367432,1.2400000095367432,1.2699999809265137,1.2100000381469727,1.2699999809265137,1257800
2019-10-03,1.2400000095367432,1.2400000095367432,1.2599999904632568,1.2000000476837158,1.2300000190734863,2136400
2019-10-04,1.2999999523162842,1.2999999523162842,1.4299999475479126,1.25,1.2699999809265137,6144600
2019-10-07,1.340000033378601,1.340000033378601,1.3899999856948853,1.2799999713897705,1.340000033378601,2087700
2019-10-08,1.309999942779541,1.309999942779541,1.350000023841858,1.2699999809265137,1.3200000524520874,2062000
2019-10-09,1.2999999523162842,1.2999999523162842,1.3300000429153442,1.2599999904632568,1.3200000524520874,1183900
2019-10-10,1.2699999809265137,1.2699999809265137,1.3200000524520874,1.25,1.2999999523162842,1309400
2019-10-11,1.2799999713897705,1.2799999713897705,1.3200000524520874,1.25,1.2999999523162842,1450400
2019-10-14,1.2899999618530273,1.2899999618530273,1.2999999523162842,1.25,1.25,725300
2019-10-15,1.2699999809265137,1.2699999809265137,1.309999942779541,1.2699999809265137,1.2999999523162842,872700
2019-10-16,1.2699999809265137,1.2699999809265137,1.309999942779541,1.2599999904632568,1.2699999809265137,745500
2019-10-17,1.2799999713897705,1.2799999713897705,1.2999999523162842,1.2599999904632568,1.2699999809265137,901900
2019-10-18,1.2799999713897705,1.2799999713897705,1.309999942779541,1.2599999904632568,1.2999999523162842,1431400
2019-10-21,1.2999999523162842,1.2999999523162842,1.2999999523162842,1.2699999809265137,1.2999999523162842,688100
2019-10-22,1.2999999523162842,1.2999999523162842,1.350000023841858,1.2799999713897705,1.2999999523162842,1833900
2019-10-23,1.2999999523162842,1.2999999523162842,1.3200000524520874,1.2799999713897705,1.2799999713897705,616000
2019-10-24,1.2599999904632568,1.2599999904632568,1.3200000524520874,1.25,1.3200000524520874,1350000
2019-10-25,1.2599999904632568,1.2599999904632568,1.2999999523162842,1.2400000095367432,1.2899999618530273,1414800
2019-10-28,1.2999999523162842,1.2999999523162842,1.3200000524520874,1.25,1.2699999809265137,1221300
2019-10-29,1.350000023841858,1.350000023841858,1.350000023841858,1.2799999713897705,1.2799999713897705,1410500
2019-10-30,1.3200000524520874,1.3200000524520874,1.3899999856948853,1.309999942779541,1.3600000143051147,1193600
2019-10-31,1.309999942779541,1.309999942779541,1.350000023841858,1.2699999809265137,1.340000033378601,1416200
2019-11-01,1.3899999856948853,1.3899999856948853,1.409999966621399,1.309999942779541,1.309999942779541,1851600
2019-11-04,1.409999966621399,1.409999966621399,1.4700000286102295,1.3899999856948853,1.399999976158142,2024700
2019-11-05,1.4900000095367432,1.4900000095367432,1.5,1.3899999856948853,1.409999966621399,2561300
2019-11-06,1.3200000524520874,1.3200000524520874,1.4800000190734863,1.309999942779541,1.4800000190734863,3581800
2019-11-07,1.2599999904632568,1.2599999904632568,1.350000023841858,1.2599999904632568,1.350000023841858,1833000
2019-11-08,1.2599999904632568,1.2599999904632568,1.2799999713897705,1.149999976158142,1.2599999904632568,2691900
2019-11-11,1.2400000095367432,1.2400000095367432,1.2899999618530273,1.2000000476837158,1.2599999904632568,1879700
2019-11-12,1.2200000286102295,1.2200000286102295,1.25,1.2000000476837158,1.2000000476837158,2162500
2019-11-13,1.1699999570846558,1.1699999570846558,1.2200000286102295,1.1699999570846558,1.2100000381469727,1806600
2019-11-14,1.1799999475479126,1.1799999475479126,1.2000000476837158,1.1399999856948853,1.190000057220459,2695800
2019-11-15,1.2000000476837158,1.2000000476837158,1.2100000381469727,1.149999976158142,1.1699999570846558,1533200
2019-11-18,1.2000000476837158,1.2000000476837158,1.2400000095367432,1.149999976158142,1.2100000381469727,2043900
2019-11-19,1.1799999475479126,1.1799999475479126,1.2200000286102295,1.1699999570846558,1.2100000381469727,1210000
2019-11-20,1.2100000381469727,1.2100000381469727,1.2400000095367432,1.1699999570846558,1.1699999570846558,2361700
2019-11-21,1.1799999475479126,1.1799999475479126,1.2300000190734863,1.1699999570846558,1.2000000476837158,1490100
2019-11-22,1.1699999570846558,1.1699999570846558,1.2200000286102295,1.159999966621399,1.190000057220459,2315500
2019-11-25,1.159999966621399,1.159999966621399,1.2000000476837158,1.159999966621399,1.190000057220459,1549200
2019-11-26,1.1399999856948853,1.1399999856948853,1.1699999570846558,1.1200000047683716,1.1699999570846558,3132400
2019-11-27,1.1799999475479126,1.1799999475479126,1.190000057220459,1.1299999952316284,1.1299999952316284,2358000
2019-11-29,1.2300000190734863,1.2300000190734863,1.2999999523162842,1.1699999570846558,1.1699999570846558,2132100
2019-12-02,1.25,1.25,1.2599999904632568,1.2000000476837158,1.2400000095367432,1481800
2019-12-03,1.2300000190734863,1.2300000190734863,1.2999999523162842,1.2100000381469727,1.2400000095367432,2416100
2019-12-04,1.2400000095367432,1.2400000095367432,1.2400000095367432,1.2000000476837158,1.2400000095367432,1966800
2019-12-05,1.190000057220459,1.190000057220459,1.2599999904632568,1.1799999475479126,1.2400000095367432,2475500
2019-12-06,1.2100000381469727,1.2100000381469727,1.2200000286102295,1.1399999856948853,1.2000000476837158,3096000
2019-12-09,1.2200000286102295,1.2200000286102295,1.2300000190734863,1.190000057220459,1.2100000381469727,1399100
2019-12-10,1.2899999618530273,1.2899999618530273,1.2899999618530273,1.2100000381469727,1.2300000190734863,1675400
2019-12-11,1.350000023841858,1.350000023841858,1.350000023841858,1.25,1.25,3393200
2019-12-12,1.399999976158142,1.399999976158142,1.4800000190734863,1.340000033378601,1.350000023841858,4846100
2019-12-13,1.350000023841858,1.350000023841858,1.4199999570846558,1.3300000429153442,1.3899999856948853,2187100
2019-12-16,1.340000033378601,1.340000033378601,1.3899999856948853,1.3200000524520874,1.350000023841858,1485000
2019-12-17,1.340000033378601,1.340000033378601,1.350000023841858,1.2899999618530273,1.350000023841858,1204300
2019-12-18,1.340000033378601,1.340000033378601,1.3799999952316284,1.2999999523162842,1.3200000524520874,1243800
2019-12-19,1.3799999952316284,1.3799999952316284,1.399999976158142,1.340000033378601,1.350000023841858,2186000
2019-12-20,1.3799999952316284,1.3799999952316284,1.4199999570846558,1.3600000143051147,1.3799999952316284,2870400
2019-12-23,1.309999942779541,1.309999942779541,1.3700000047683716,1.2799999713897705,1.340000033378601,3648300
2019-12-24,1.340000033378601,1.340000033378601,1.340000033378601,1.2799999713897705,1.3200000524520874,1785600
2019-12-26,1.3300000429153442,1.3300000429153442,1.3700000047683716,1.2999999523162842,1.3200000524520874,3197500
2019-12-27,1.3700000047683716,1.3700000047683716,1.4199999570846558,1.3300000429153442,1.340000033378601,3253800
2019-12-30,1.309999942779541,1.309999942779541,1.409999966621399,1.2999999523162842,1.409999966621399,2523900
2019-12-31,1.2899999618530273,1.2899999618530273,1.3200000524520874,1.2799999713897705,1.2999999523162842,2277000
2020-01-02,1.2999999523162842,1.2999999523162842,1.3300000429153442,1.25,1.3300000429153442,1990500
2020-01-03,1.2699999809265137,1.2699999809265137,1.309999942779541,1.25,1.309999942779541,1642800
2020-01-06,1.3300000429153442,1.3300000429153442,1.3600000143051147,1.25,1.25,2208000
2020-01-07,1.3899999856948853,1.3899999856948853,1.3899999856948853,1.3300000429153442,1.340000033378601,2178700
2020-01-08,1.3899999856948853,1.3899999856948853,1.3899999856948853,1.350000023841858,1.3899999856948853,1500500
2020-01-09,1.4299999475479126,1.4299999475479126,1.5,1.399999976158142,1.399999976158142,4247000
2020-01-10,1.5099999904632568,1.5099999904632568,1.5399999618530273,1.4299999475479126,1.440000057220459,4135700
2020-01-13,1.6200000047683716,1.6200000047683716,1.649999976158142,1.5099999904632568,1.559999942779541,6359300
2020-01-14,1.5399999618530273,1.5399999618530273,1.6799999475479126,1.5,1.659999966621399,5449900
2020-01-15,1.5199999809265137,1.5199999809265137,1.5700000524520874,1.4700000286102295,1.5499999523162842,3357600
2020-01-16,1.5700000524520874,1.5700000524520874,1.5700000524520874,1.5,1.5199999809265137,2335500
2020-01-17,1.5099999904632568,1.5099999904632568,1.5700000524520874,1.5,1.5499999523162842,2222400
2020-01-21,1.7100000381469727,1.7100000381469727,1.7899999618530273,1.5099999904632568,1.5499999523162842,9457100
2020-01-22,1.690000057220459,1.690000057220459,1.8700000047683716,1.6299999952316284,1.7300000190734863,7300700
2020-01-23,1.7000000476837158,1.7000000476837158,1.7699999809265137,1.600000023841858,1.690000057220459,4056100
2020-01-24,1.7599999904632568,1.7599999904632568,1.809999942779541,1.690000057220459,1.7200000286102295,4819400
2020-01-27,1.6200000047683716,1.6200000047683716,1.8799999952316284,1.6200000047683716,1.7599999904632568,6394900
2020-01-28,1.559999942779541,1.559999942779541,1.659999966621399,1.5099999904632568,1.649999976158142,4419400
2020-01-29,1.5700000524520874,1.5700000524520874,1.600000023841858,1.5199999809265137,1.5700000524520874,1584800
2020-01-30,1.5199999809265137,1.5199999809265137,1.5700000524520874,1.5,1.5499999523162842,2143600
2020-01-31,1.4700000286102295,1.4700000286102295,1.5299999713897705,1.4199999570846558,1.5099999904632568,2767500
2020-02-03,1.5,1.5,1.5299999713897705,1.440000057220459,1.4700000286102295,1903500
2020-02-04,1.5,1.5,1.559999942779541,1.4600000381469727,1.5299999713897705,1782700
2020-02-05,1.5199999809265137,1.5199999809265137,1.5399999618530273,1.4700000286102295,1.5,1821700
2020-02-06,1.5299999713897705,1.5299999713897705,1.559999942779541,1.5,1.5399999618530273,1306200
2020-02-07,1.4500000476837158,1.4500000476837158,1.5199999809265137,1.440000057220459,1.5099999904632568,2123800
2020-02-10,1.4299999475479126,1.4299999475479126,1.5,1.4299999475479126,1.5,2244800
2020-02-11,1.4600000381469727,1.4600000381469727,1.4800000190734863,1.3899999856948853,1.4600000381469727,1861800
2020-02-12,1.4600000381469727,1.4600000381469727,1.5,1.440000057220459,1.4600000381469727,1240000
2020-02-13,1.4700000286102295,1.4700000286102295,1.5,1.4299999475479126,1.4500000476837158,1380700
2020-02-14,1.4600000381469727,1.4600000381469727,1.5499999523162842,1.4500000476837158,1.4900000095367432,2337700
2020-02-18,1.4700000286102295,1.4700000286102295,1.4800000190734863,1.4500000476837158,1.4800000190734863,1159300
2020-02-19,1.4299999475479126,1.4299999475479126,1.5,1.4199999570846558,1.4800000190734863,2092300
2020-02-20,1.5099999904632568,1.5099999904632568,1.5099999904632568,1.4299999475479126,1.440000057220459,2356100
2020-02-21,1.559999942779541,1.559999942779541,1.690000057220459,1.5099999904632568,1.5299999713897705,4925900
2020-02-24,1.5199999809265137,1.5199999809265137,1.649999976158142,1.4600000381469727,1.5499999523162842,4692600
2020-02-25,1.350000023841858,1.350000023841858,1.5499999523162842,1.2999999523162842,1.5199999809265137,6147300
2020-02-26,1.399999976158142,1.399999976158142,1.4500000476837158,1.3300000429153442,1.350000023841858,2690600
2020-02-27,1.309999942779541,1.309999942779541,1.3899999856948853,1.2999999523162842,1.3700000047683716,4016600
2020-02-28,1.2699999809265137,1.2699999809265137,1.3300000429153442,1.2200000286102295,1.2699999809265137,4584300
2020-03-02,1.2899999618530273,1.2899999618530273,1.2999999523162842,1.2200000286102295,1.2899999618530273,2621600
2020-03-03,1.2599999904632568,1.2599999904632568,1.3200000524520874,1.2300000190734863,1.2999999523162842,2632900
2020-03-04,1.25,1.25,1.2999999523162842,1.2200000286102295,1.2999999523162842,2148100
2020-03-05,1.2699999809265137,1.2699999809265137,1.2699999809265137,1.2300000190734863,1.2599999904632568,1959400
2020-03-06,1.340000033378601,1.340000033378601,1.350000023841858,1.2400000095367432,1.25,3443700
2020-03-09,1.2400000095367432,1.2400000095367432,1.2699999809265137,1.2100000381469727,1.25,3624500
2020-03-10,1.1799999475479126,1.1799999475479126,1.25,1.1299999952316284,1.2400000095367432,3491900
2020-03-11,1.100000023841858,1.100000023841858,1.190000057220459,1.0399999618530273,1.1699999570846558,3842400
2020-03-12,0.9399999976158142,0.9399999976158142,1.0499999523162842,0.8999999761581421,0.9300000071525574,5672600
2020-03-13,0.949999988079071,0.949999988079071,1.0,0.8399999737739563,0.9700000286102295,3873500
2020-03-16,0.8399999737739563,0.8399999737739563,0.9300000071525574,0.800000011920929,0.800000011920929,3199000
2020-03-17,1.0499999523162842,1.0499999523162842,1.1399999856948853,0.9100000262260437,1.1399999856948853,4811400
2020-03-18,0.9900000095367432,0.9900000095367432,1.0499999523162842,0.9399999976158142,1.0499999523162842,2385900
2020-03-19,1.090000033378601,1.090000033378601,1.090000033378601,0.9399999976158142,0.949999988079071,2288200
2020-03-20,1.0099999904632568,1.0099999904632568,1.1100000143051147,1.0,1.059999942779541,3150200
2020-03-23,0.9800000190734863,0.9800000190734863,1.0299999713897705,0.949999988079071,1.0,2140000
2020-03-24,1.0700000524520874,1.0700000524520874,1.0700000524520874,0.9800000190734863,1.0099999904632568,2377700
2020-03-25,1.0700000524520874,1.0700000524520874,1.090000033378601,1.0,1.0700000524520874,1580000
2020-03-26,1.100000023841858,1.100000023841858,1.100000023841858,1.0399999618530273,1.059999942779541,1792800
2020-03-27,1.059999942779541,1.059999942779541,1.100000023841858,1.0399999618530273,1.090000033378601,1252500
2020-03-30,1.0800000429153442,1.0800000429153442,1.0800000429153442,1.0199999809265137,1.059999942779541,1373400
2020-03-31,1.0299999713897705,1.0299999713897705,1.0800000429153442,1.0099999904632568,1.0800000429153442,2344100
2020-04-01,0.9599999785423279,0.9599999785423279,1.0,0.9200000166893005,1.0,2180600
2020-04-02,0.9399999976158142,0.9399999976158142,0.9800000190734863,0.9300000071525574,0.9599999785423279,2006700
2020-04-03,0.9399999976158142,0.9399999976158142,0.949999988079071,0.9100000262260437,0.9399999976158142,1330700
2020-04-06,0.9900000095367432,0.9900000095367432,0.9900000095367432,0.949999988079071,0.949999988079071,2589600
2020-04-07,0.9900000095367432,0.9900000095367432,1.0399999618530273,0.9800000190734863,1.0,1961600
2020-04-08,1.0299999713897705,1.0299999713897705,1.0299999713897705,0.9900000095367432,0.9900000095367432,1371400
2020-04-09,1.0399999618530273,1.0399999618530273,1.0499999523162842,1.0099999904632568,1.0399999618530273,1393600
2020-04-13,1.159999966621399,1.159999966621399,1.1699999570846558,1.0199999809265137,1.0399999618530273,3022000
2020-04-14,1.2599999904632568,1.2599999904632568,1.2899999618530273,1.2000000476837158,1.2000000476837158,3706700
2020-04-15,1.2599999904632568,1.2599999904632568,1.2799999713897705,1.1699999570846558,1.2599999904632568,2049400
2020-04-16,1.2200000286102295,1.2200000286102295,1.3200000524520874,1.1799999475479126,1.2599999904632568,1556500
2020-04-17,1.2799999713897705,1.2799999713897705,1.2899999618530273,1.190000057220459,1.190000057220459,1608000
2020-04-20,1.2300000190734863,1.2300000190734863,1.2999999523162842,1.2100000381469727,1.2599999904632568,1575800
2020-04-21,1.2300000190734863,1.2300000190734863,1.2599999904632568,1.2000000476837158,1.2100000381469727,1086500
2020-04-22,1.2699999809265137,1.2699999809265137,1.2999999523162842,1.2000000476837158,1.2000000476837158,1421500
2020-04-23,1.25,1.25,1.2999999523162842,1.2400000095367432,1.2799999713897705,1423300
2020-04-24,1.2899999618530273,1.2899999618530273,1.2899999618530273,1.25,1.25,1130900
2020-04-27,1.3799999952316284,1.3799999952316284,1.3899999856948853,1.25,1.2999999523162842,2554600
2020-04-28,1.340000033378601,1.340000033378601,1.4299999475479126,1.2899999618530273,1.3899999856948853,1810400
2020-04-29,1.3899999856948853,1.3899999856948853,1.409999966621399,1.340000033378601,1.3600000143051147,2208500
2020-04-30,1.2999999523162842,1.2999999523162842,1.399999976158142,1.2999999523162842,1.350000023841858,1971600
2020-05-01,1.25,1.25,1.409999966621399,1.2100000381469727,1.409999966621399,3681600
2020-05-04,1.309999942779541,1.309999942779541,1.3200000524520874,1.2200000286102295,1.25,1209900
2020-05-05,1.340000033378601,1.340000033378601,1.3799999952316284,1.2999999523162842,1.309999942779541,1795800
2020-05-06,1.3200000524520874,1.3200000524520874,1.3700000047683716,1.2899999618530273,1.350000023841858,2037600
2020-05-07,1.309999942779541,1.309999942779541,1.3799999952316284,1.2999999523162842,1.340000033378601,1480000
2020-05-08,1.309999942779541,1.309999942779541,1.350000023841858,1.309999942779541,1.350000023841858,1445800
2020-05-11,1.3300000429153442,1.3300000429153442,1.350000023841858,1.2799999713897705,1.309999942779541,2590500
2020-05-12,1.2799999713897705,1.2799999713897705,1.350000023841858,1.2699999809265137,1.3200000524520874,2503500
2020-05-13,1.190000057220459,1.190000057220459,1.2999999523162842,1.1699999570846558,1.2899999618530273,2505400
2020-05-14,1.2000000476837158,1.2000000476837158,1.2300000190734863,1.1399999856948853,1.190000057220459,2140300
2020-05-15,1.2200000286102295,1.2200000286102295,1.2400000095367432,1.190000057220459,1.2100000381469727,1319500
2020-05-18,1.2699999809265137,1.2699999809265137,1.2999999523162842,1.2400000095367432,1.2899999618530273,2173500
2020-05-19,1.25,1.25,1.2899999618530273,1.2300000190734863,1.2699999809265137,1447500
2020-05-20,1.3300000429153442,1.3300000429153442,1.3300000429153442,1.2400000095367432,1.2799999713897705,1636100
2020-05-21,1.340000033378601,1.340000033378601,1.3799999952316284,1.2999999523162842,1.3300000429153442,2582600
2020-05-22,1.5,1.5,1.5399999618530273,1.3300000429153442,1.3600000143051147,5817000
2020-05-26,1.4900000095367432,1.4900000095367432,1.5499999523162842,1.4700000286102295,1.5399999618530273,3552900
2020-05-27,1.5199999809265137,1.5199999809265137,1.5499999523162842,1.440000057220459,1.5099999904632568,2508100
2020-05-28,1.4900000095367432,1.4900000095367432,1.590000033378601,1.4900000095367432,1.5,2364900
2020-05-29,1.5099999904632568,1.5099999904632568,1.5499999523162842,1.4800000190734863,1.5,1821300
2020-06-01,1.440000057220459,1.440000057220459,1.5399999618530273,1.4199999570846558,1.4900000095367432,2079100
2020-06-02,1.440000057220459,1.440000057220459,1.4700000286102295,1.3899999856948853,1.4600000381469727,2194000
2020-06-03,1.3799999952316284,1.3799999952316284,1.4500000476837158,1.3700000047683716,1.4299999475479126,2065400
2020-06-04,1.4199999570846558,1.4199999570846558,1.4199999570846558,1.3600000143051147,1.3600000143051147,1908000
2020-06-05,1.399999976158142,1.399999976158142,1.4500000476837158,1.3799999952316284,1.440000057220459,2305500
2020-06-08,1.440000057220459,1.440000057220459,1.4800000190734863,1.3799999952316284,1.399999976158142,2933500
2020-06-09,1.440000057220459,1.440000057220459,1.4700000286102295,1.4199999570846558,1.440000057220459,1495800
2020-06-10,1.4700000286102295,1.4700000286102295,1.5,1.4199999570846558,1.440000057220459,1794800
2020-06-11,1.409999966621399,1.409999966621399,1.5299999713897705,1.409999966621399,1.4500000476837158,2595100
2020-06-12,1.4199999570846558,1.4199999570846558,1.4900000095367432,1.3799999952316284,1.4500000476837158,1864400
2020-06-15,1.659999966621399,1.659999966621399,1.690000057220459,1.399999976158142,1.4199999570846558,6190700
2020-06-16,1.6799999475479126,1.6799999475479126,1.7300000190734863,1.5700000524520874,1.7000000476837158,4145500
2020-06-17,1.8600000143051147,1.8600000143051147,2.0,1.7100000381469727,1.7300000190734863,15918300
2020-06-18,1.8300000429153442,1.8300000429153442,1.9900000095367432,1.7899999618530273,1.8700000047683716,6975800
2020-06-19,1.9299999475479126,1.9299999475479126,1.9500000476837158,1.840000033378601,1.850000023841858,5829200
2020-06-22,2.2100000381469727,2.2100000381469727,2.2300000190734863,1.8799999952316284,1.9199999570846558,11151200
2020-06-23,2.130000114440918,2.130000114440918,2.4800000190734863,2.069999933242798,2.2799999713897705,13794500
2020-06-24,1.8600000143051147,1.8600000143051147,2.109999895095825,1.7300000190734863,2.0999999046325684,10619300
2020-06-25,1.8200000524520874,1.8200000524520874,1.8899999856948853,1.7200000286102295,1.7899999618530273,7897900
2020-06-26,1.7300000190734863,1.7300000190734863,1.8700000047683716,1.6799999475479126,1.850000023841858,9189600
2020-06-29,1.809999942779541,1.809999942779541,1.8799999952316284,1.7000000476837158,1.7599999904632568,4193400
2020-06-30,1.75,1.75,1.809999942779541,1.7100000381469727,1.7799999713897705,3539800
2020-07-01,1.690000057220459,1.690000057220459,1.7799999713897705,1.649999976158142,1.7699999809265137,3875100
2020-07-02,1.7899999618530273,1.7899999618530273,1.8300000429153442,1.6799999475479126,1.7300000190734863,3957600
2020-07-06,1.7400000095367432,1.7400000095367432,1.8300000429153442,1.7200000286102295,1.8200000524520874,2979400
2020-07-07,1.809999942779541,1.809999942779541,1.840000033378601,1.75,1.7599999904632568,1985900
2020-07-08,1.8200000524520874,1.8200000524520874,1.8600000143051147,1.7899999618530273,1.8200000524520874,2880200
2020-07-09,1.7999999523162842,1.7999999523162842,1.8600000143051147,1.75,1.840000033378601,2340800
2020-07-10,1.7799999713897705,1.7799999713897705,1.840000033378601,1.7699999809265137,1.7999999523162842,2298900
2020-07-13,1.649999976158142,1.649999976158142,1.809999942779541,1.6200000047683716,1.7999999523162842,3828500
2020-07-14,1.5700000524520874,1.5700000524520874,1.649999976158142,1.5499999523162842,1.6200000047683716,3338100
2020-07-15,1.6699999570846558,1.6699999570846558,1.7000000476837158,1.5800000429153442,1.600000023841858,3026600
2020-07-16,1.6799999475479126,1.6799999475479126,1.7200000286102295,1.600000023841858,1.6799999475479126,2383000
2020-07-17,1.7200000286102295,1.7200000286102295,1.75,1.659999966621399,1.6799999475479126,1582500
2020-07-20,1.690000057220459,1.690000057220459,1.75,1.6699999570846558,1.7200000286102295,1565000
2020-07-21,1.6799999475479126,1.6799999475479126,1.7100000381469727,1.6399999856948853,1.7100000381469727,2230100
2020-07-22,1.649999976158142,1.649999976158142,1.7000000476837158,1.6299999952316284,1.690000057220459,1478400
2020-07-23,1.649999976158142,1.649999976158142,1.7300000190734863,1.6299999952316284,1.6399999856948853,2322900
2020-07-24,1.6100000143051147,1.6100000143051147,1.659999966621399,1.600000023841858,1.659999966621399,1509500
2020-07-27,1.6399999856948853,1.6399999856948853,1.690000057220459,1.600000023841858,1.6100000143051147,1540700
2020-07-28,1.6100000143051147,1.6100000143051147,1.6799999475479126,1.600000023841858,1.6299999952316284,1543800
2020-07-29,1.600000023841858,1.600000023841858,1.6399999856948853,1.5700000524520874,1.6200000047683716,1666300
2020-07-30,1.6399999856948853,1.6399999856948853,1.6399999856948853,1.5800000429153442,1.5800000429153442,1389600
2020-07-31,1.559999942779541,1.559999942779541,1.659999966621399,1.559999942779541,1.649999976158142,2007800
2020-08-03,1.6299999952316284,1.6299999952316284,1.6299999952316284,1.5499999523162842,1.559999942779541,1531500
2020-08-04,1.659999966621399,1.659999966621399,1.659999966621399,1.600000023841858,1.6399999856948853,1227000
2020-08-05,1.8600000143051147,1.8600000143051147,1.8700000047683716,1.659999966621399,1.7000000476837158,5703100
2020-08-06,1.659999966621399,1.659999966621399,1.7200000286102295,1.600000023841858,1.6399999856948853,3751100
2020-08-07,1.590000033378601,1.590000033378601,1.6399999856948853,1.5199999809265137,1.6399999856948853,3950400
2020-08-10,1.590000033378601,1.590000033378601,1.6100000143051147,1.5399999618530273,1.5800000429153442,1877800
2020-08-11,1.600000023841858,1.600000023841858,1.649999976158142,1.5700000524520874,1.590000033378601,1935300
2020-08-12,1.6299999952316284,1.6299999952316284,1.6399999856948853,1.590000033378601,1.600000023841858,1937200
2020-08-13,1.6399999856948853,1.6399999856948853,1.649999976158142,1.600000023841858,1.600000023841858,1438000
2020-08-14,1.6100000143051147,1.6100000143051147,1.6399999856948853,1.590000033378601,1.6200000047683716,1741500
2020-08-17,1.7599999904632568,1.7599999904632568,1.7899999618530273,1.600000023841858,1.6100000143051147,3961700
2020-08-18,1.7300000190734863,1.7300000190734863,1.7799999713897705,1.7000000476837158,1.7599999904632568,1506900
2020-08-19,1.8799999952316284,1.8799999952316284,2.119999885559082,1.7200000286102295,1.7300000190734863,10071500
2020-08-20,1.8300000429153442,1.8300000429153442,1.8899999856948853,1.7899999618530273,1.8799999952316284,2095600
2020-08-21,1.7400000095367432,1.7400000095367432,1.8300000429153442,1.7200000286102295,1.8300000429153442,2063000
2020-08-24,1.690000057220459,1.690000057220459,1.7599999904632568,1.649999976158142,1.7400000095367432,1811600
2020-08-25,1.8300000429153442,1.8300000429153442,1.850000023841858,1.6799999475479126,1.7100000381469727,2245500
2020-08-26,1.7200000286102295,1.7200000286102295,1.8200000524520874,1.6399999856948853,1.809999942779541,1940300
2020-08-27,1.7000000476837158,1.7000000476837158,1.7300000190734863,1.6699999570846558,1.7000000476837158,1263800
2020-08-28,1.7100000381469727,1.7100000381469727,1.7400000095367432,1.6799999475479126,1.7100000381469727,907500
2020-08-31,1.7400000095367432,1.7400000095367432,1.75,1.6799999475479126,1.7300000190734863,1737000
2020-09-01,1.690000057220459,1.690000057220459,1.75,1.6799999475479126,1.7400000095367432,1462600
2020-09-02,1.659999966621399,1.659999966621399,1.690000057220459,1.600000023841858,1.6799999475479126,2549600
2020-09-03,1.649999976158142,1.649999976158142,1.7000000476837158,1.6100000143051147,1.6399999856948853,1694100
2020-09-04,1.6399999856948853,1.6399999856948853,1.690000057220459,1.559999942779541,1.6699999570846558,1996800
2020-09-08,1.6299999952316284,1.6299999952316284,1.7200000286102295,1.590000033378601,1.6299999952316284,1676200
2020-09-09,1.649999976158142,1.649999976158142,1.6799999475479126,1.6299999952316284,1.659999966621399,939100
2020-09-10,1.659999966621399,1.659999966621399,1.7200000286102295,1.6299999952316284,1.649999976158142,1451000
2020-09-11,1.6200000047683716,1.6200000047683716,1.6799999475479126,1.6200000047683716,1.6699999570846558,1345400
2020-09-14,1.7300000190734863,1.7300000190734863,1.7699999809265137,1.6699999570846558,1.690000057220459,2445200
2020-09-15,1.7699999809265137,1.7699999809265137,1.840000033378601,1.7400000095367432,1.7799999713897705,2123500
2020-09-16,1.909999966621399,1.909999966621399,1.9500000476837158,1.7699999809265137,1.7999999523162842,3784400
2020-09-17,1.9299999475479126,1.9299999475479126,2.1500000953674316,1.850000023841858,1.909999966621399,5097800
2020-09-18,2.0799999237060547,2.0799999237060547,2.0799999237060547,1.9199999570846558,1.9299999475479126,4857600
2020-09-21,2.0,2.0,2.130000114440918,1.9700000286102295,2.059999942779541,2925700
2020-09-22,1.9299999475479126,1.9299999475479126,2.049999952316284,1.9199999570846558,2.0299999713897705,1816000
2020-09-23,1.8700000047683716,1.8700000047683716,2.0,1.8600000143051147,1.9600000381469727,2514200
2020-09-24,1.8300000429153442,1.8300000429153442,1.909999966621399,1.7999999523162842,1.850000023841858,1409000
2020-09-25,1.850000023841858,1.850000023841858,1.8899999856948853,1.809999942779541,1.8600000143051147,1105800
2020-09-28,1.9299999475479126,1.9299999475479126,1.940000057220459,1.8600000143051147,1.8700000047683716,2067900
2020-09-29,1.909999966621399,1.909999966621399,1.9800000190734863,1.899999976158142,1.909999966621399,1500100
2020-09-30,1.8799999952316284,1.8799999952316284,1.9500000476837158,1.8799999952316284,1.9500000476837158,1153900
2020-10-01,1.8700000047683716,1.8700000047683716,1.909999966621399,1.8200000524520874,1.899999976158142,1536400
2020-10-02,1.809999942779541,1.809999942779541,1.8799999952316284,1.7999999523162842,1.809999942779541,2392300
2020-10-05,1.809999942779541,1.809999942779541,1.8799999952316284,1.7799999713897705,1.840000033378601,1585400
2020-10-06,1.7899999618530273,1.7899999618530273,1.8700000047683716,1.7799999713897705,1.850000023841858,1519400
2020-10-07,1.8899999856948853,1.8899999856948853,1.8899999856948853,1.809999942779541,1.8200000524520874,1363700
2020-10-08,1.909999966621399,1.909999966621399,1.940000057220459,1.8899999856948853,1.940000057220459,1441300
2020-10-09,1.8899999856948853,1.8899999856948853,1.9600000381469727,1.8799999952316284,1.9199999570846558,1246700
2020-10-12,1.940000057220459,1.940000057220459,1.9800000190734863,1.840000033378601,1.8799999952316284,2244600
2020-10-13,1.940000057220459,1.940000057220459,2.0299999713897705,1.8899999856948853,1.8899999856948853,1992800
2020-10-14,1.9199999570846558,1.9199999570846558,2.009999990463257,1.909999966621399,2.0,1381100
2020-10-15,1.9299999475479126,1.9299999475479126,1.940000057220459,1.8700000047683716,1.9199999570846558,1064100
2020-10-16,2.0,2.0,2.0899999141693115,1.909999966621399,1.909999966621399,4454600
2020-10-19,2.0,2.0,2.059999942779541,1.9900000095367432,2.0,2360100
2020-10-20,2.009999990463257,2.009999990463257,2.0399999618530273,1.9700000286102295,2.0299999713897705,2253000
2020-10-21,2.0199999809265137,2.0199999809265137,2.0399999618530273,1.9700000286102295,2.0199999809265137,2120000
2020-10-22,2.0999999046325684,2.0999999046325684,2.140000104904175,1.9900000095367432,2.009999990463257,3412000
2020-10-23,2.049999952316284,2.049999952316284,2.140000104904175,1.9800000190734863,2.140000104904175,1678800
2020-10-26,2.0799999237060547,2.0799999237060547,2.109999895095825,1.9900000095367432,2.0,2154300
2020-10-27,2.0,2.0,2.0799999237060547,1.9900000095367432,2.0799999237060547,1471900
2020-10-28,2.009999990463257,2.009999990463257,2.0299999713897705,1.940000057220459,1.9700000286102295,2218900
2020-10-29,2.049999952316284,2.049999952316284,2.059999942779541,1.9900000095367432,2.0299999713897705,1509600
2020-10-30,2.009999990463257,2.009999990463257,2.0399999618530273,1.9800000190734863,2.0399999618530273,1726000
2020-11-02,2.0,2.0,2.059999942779541,1.9500000476837158,2.0199999809265137,1995100
2020-11-03,2.049999952316284,2.049999952316284,2.069999933242798,2.0,2.0,2191300
2020-11-04,2.069999933242798,2.069999933242798,2.2200000286102295,2.069999933242798,2.0799999237060547,5468800
2020-11-05,2.2300000190734863,2.2300000190734863,2.2699999809265137,1.9700000286102295,1.9800000190734863,5155200
2020-11-06,2.2799999713897705,2.2799999713897705,2.359999895095825,2.180000066757202,2.190000057220459,4642200
2020-11-09,2.440000057220459,2.440000057220459,2.5,2.319999933242798,2.369999885559082,5593600
2020-11-10,2.490000009536743,2.490000009536743,2.5199999809265137,2.380000114440918,2.4800000190734863,3470600
2020-11-11,2.799999952316284,2.799999952316284,2.819999933242798,2.450000047683716,2.5,5125100
2020-11-12,2.759999990463257,2.759999990463257,3.200000047683716,2.700000047683716,2.7899999618530273,10287500
2020-11-13,2.680000066757202,2.680000066757202,2.819999933242798,2.609999895095825,2.759999990463257,2889100
2020-11-16,2.8299999237060547,2.8299999237060547,2.859999895095825,2.6700000762939453,2.690000057220459,3542700
2020-11-17,2.8299999237060547,2.8299999237060547,2.9100000858306885,2.7799999713897705,2.869999885559082,3282800
2020-11-18,2.7799999713897705,2.7799999713897705,2.9100000858306885,2.7799999713897705,2.869999885559082,2580900
2020-11-19,2.759999990463257,2.759999990463257,2.8299999237060547,2.7100000381469727,2.809999942779541,1891100
2020-11-20,2.9000000953674316,2.9000000953674316,2.9800000190734863,2.75,2.7899999618530273,5385700
2020-11-23,3.059999942779541,3.059999942779541,3.0999999046325684,2.9000000953674316,3.0,4586500
2020-11-24,3.059999942779541,3.059999942779541,3.119999885559082,3.0199999809265137,3.0999999046325684,2731600
2020-11-25,2.950000047683716,2.950000047683716,3.0899999141693115,2.9200000762939453,3.059999942779541,3687100
2020-11-27,3.0799999237060547,3.0799999237060547,3.200000047683716,2.950000047683716,2.950000047683716,2896700
2020-11-30,2.9800000190734863,2.9800000190734863,3.1600000858306885,2.9600000381469727,3.130000114440918,2891000
2020-12-01,2.990000009536743,2.990000009536743,3.0799999237060547,2.9700000286102295,3.049999952316284,3505300
2020-12-02,2.880000114440918,2.880000114440918,3.0,2.859999895095825,2.990000009536743,2744200
2020-12-03,2.8499999046325684,2.8499999046325684,2.940000057220459,2.8299999237060547,2.869999885559082,2950200
2020-12-04,2.950000047683716,2.950000047683716,3.0199999809265137,2.8499999046325684,2.8499999046325684,2448700
2020-12-07,2.740000009536743,2.740000009536743,3.049999952316284,2.680000066757202,3.009999990463257,5087600
2020-12-08,2.9000000953674316,2.9000000953674316,2.9200000762939453,2.759999990463257,2.799999952316284,2441600
2020-12-09,2.819999933242798,2.819999933242798,2.940000057220459,2.7699999809265137,2.9000000953674316,2915900
2020-12-10,2.9000000953674316,2.9000000953674316,2.930000066757202,2.7899999618530273,2.8499999046325684,2472100
2020-12-11,2.9800000190734863,2.9800000190734863,3.0999999046325684,2.880000114440918,3.0299999713897705,2731800
2020-12-14,3.3399999141693115,3.3399999141693115,3.359999895095825,3.009999990463257,3.0299999713897705,6047800
2020-12-15,3.2799999713897705,3.2799999713897705,3.4000000953674316,3.1500000953674316,3.390000104904175,3256000
2020-12-16,3.990000009536743,3.990000009536743,4.050000190734863,3.299999952316284,3.299999952316284,14361300
2020-12-17,4.039999961853027,4.039999961853027,4.110000133514404,3.7300000190734863,3.940000057220459,8044900
2020-12-18,3.9600000381469727,3.9600000381469727,4.210000038146973,3.950000047683716,4.199999809265137,16487600
2020-12-21,3.7200000286102295,3.7200000286102295,4.039999961853027,3.6600000858306885,3.819999933242798,5696800
2020-12-22,3.2799999713897705,3.2799999713897705,3.7300000190734863,3.259999990463257,3.7200000286102295,8157800
2020-12-23,3.3299999237060547,3.3299999237060547,3.3499999046325684,3.1700000762939453,3.299999952316284,3844100
2020-12-24,3.4200000762939453,3.4200000762939453,3.5799999237060547,3.359999895095825,3.390000104904175,2594400
2020-12-28,3.609999895095825,3.609999895095825,3.630000114440918,3.2799999713897705,3.5,7280500
2020-12-29,3.2899999618530273,3.2899999618530273,3.6600000858306885,3.2799999713897705,3.619999885559082,4084500
2020-12-30,3.359999895095825,3.359999895095825,3.450000047683716,3.2300000190734863,3.299999952316284,2933600
2020-12-31,3.130000114440918,3.130000114440918,3.359999895095825,3.0799999237060547,3.3499999046325684,3876700
2021-01-04,3.2200000286102295,3.2200000286102295,3.2899999618530273,3.0299999713897705,3.1500000953674316,4600700
2021-01-05,3.200000047683716,3.200000047683716,3.259999990463257,3.119999885559082,3.1700000762939453,2727100
2021-01-06,3.3399999141693115,3.3399999141693115,3.440000057220459,3.190000057220459,3.2100000381469727,4017100
2021-01-07,3.5999999046325684,3.5999999046325684,3.630000114440918,3.319999933242798,3.319999933242798,3951900
2021-01-08,3.4000000953674316,3.4000000953674316,3.5999999046325684,3.3499999046325684,3.5999999046325684,3338100
2021-01-11,3.3299999237060547,3.3299999237060547,3.4600000381469727,3.299999952316284,3.4000000953674316,1895400
2021-01-12,3.309999942779541,3.309999942779541,3.3499999046325684,3.240000009536743,3.309999942779541,2088400
2021-01-13,3.1600000858306885,3.1600000858306885,3.309999942779541,3.1600000858306885,3.309999942779541,3235500
2021-01-14,3.380000114440918,3.380000114440918,3.4200000762939453,3.180000066757202,3.200000047683716,3359800
2021-01-15,3.140000104904175,3.140000104904175,3.380000114440918,3.130000114440918,3.309999942779541,3703600
2021-01-19,3.2100000381469727,3.2100000381469727,3.2799999713897705,3.119999885559082,3.180000066757202,3454600
2021-01-20,3.2100000381469727,3.2100000381469727,3.309999942779541,3.180000066757202,3.240000009536743,2652500
2021-01-21,3.4100000858306885,3.4100000858306885,3.4600000381469727,3.180000066757202,3.259999990463257,3880600
2021-01-22,3.5399999618530273,3.5399999618530273,3.5799999237060547,3.3299999237060547,3.450000047683716,3225100
2021-01-25,3.75,3.75,3.75,3.390000104904175,3.549999952316284,4414700
2021-01-26,3.6700000762939453,3.6700000762939453,3.8399999141693115,3.630000114440918,3.740000009536743,2998200
2021-01-27,3.559999942779541,3.559999942779541,3.7200000286102295,3.4700000286102295,3.559999942779541,3438900
2021-01-28,3.700000047683716,3.700000047683716,3.890000104904175,3.559999942779541,3.5999999046325684,3581400
2021-01-29,3.5199999809265137,3.5199999809265137,3.8299999237060547,3.5199999809265137,3.690000057220459,3977400
2021-02-01,3.6500000953674316,3.6500000953674316,3.6700000762939453,3.4700000286102295,3.630000114440918,2543900
2021-02-02,3.8399999141693115,3.8399999141693115,3.8399999141693115,3.6700000762939453,3.7200000286102295,2531500
2021-02-03,5.119999885559082,5.119999885559082,5.309999942779541,3.9000000953674316,4.0,22698500
2021-02-04,5.050000190734863,5.050000190734863,6.130000114440918,4.760000228881836,6.019999980926514,21502300
2021-02-05,4.699999809265137,4.699999809265137,4.989999771118164,4.309999942779541,4.929999828338623,8931400
2021-02-08,5.059999942779541,5.059999942779541,5.21999979019165,4.900000095367432,5.03000020980835,6944800
2021-02-09,5.78000020980835,5.78000020980835,5.96999979019165,5.010000228881836,5.090000152587891,8686600
2021-02-10,5.53000020980835,5.53000020980835,5.96999979019165,5.389999866485596,5.699999809265137,7512200
2021-02-11,5.429999828338623,5.429999828338623,5.579999923706055,5.119999885559082,5.550000190734863,5213600
2021-02-12,5.409999847412109,5.409999847412109,5.5,5.260000228881836,5.460000038146973,2804900
2021-02-16,5.480000019073486,5.480000019073486,5.510000228881836,5.190000057220459,5.460000038146973,3565800
2021-02-17,5.510000228881836,5.510000228881836,5.690000057220459,5.119999885559082,5.440000057220459,4253500
2021-02-18,5.309999942779541,5.309999942779541,5.5,5.190000057220459,5.360000133514404,3018200
2021-02-19,6.139999866485596,6.139999866485596,6.190000057220459,5.340000152587891,5.369999885559082,8532300
2021-02-22,5.619999885559082,5.619999885559082,6.090000152587891,5.599999904632568,5.949999809265137,5358600
2021-02-23,5.28000020980835,5.28000020980835,5.53000020980835,5.150000095367432,5.400000095367432,5166200
2021-02-24,5.980000019073486,5.980000019073486,6.25,5.46999979019165,5.5,6669100
2021-02-25,5.610000133514404,5.610000133514404,6.179999828338623,5.590000152587891,6.010000228881836,5282000
2021-02-26,5.710000038146973,5.710000038146973,5.96999979019165,5.360000133514404,5.519999980926514,4719600
2021-03-01,4.010000228881836,4.010000228881836,5.300000190734863,3.9100000858306885,5.25,29156400
2021-03-02,3.7799999713897705,3.7799999713897705,3.990000009536743,3.6700000762939453,3.950000047683716,23275100
2021-03-03,3.619999885559082,3.619999885559082,3.8499999046325684,3.609999895095825,3.799999952316284,10450900
2021-03-04,3.380000114440918,3.380000114440918,3.6700000762939453,3.2699999809265137,3.609999895095825,8086100
2021-03-05,3.6700000762939453,3.6700000762939453,3.680000066757202,3.140000104904175,3.490000009536743,8920900
2021-03-08,3.630000114440918,3.630000114440918,3.7899999618530273,3.5399999618530273,3.6600000858306885,5679400
2021-03-09,3.799999952316284,3.799999952316284,3.880000114440918,3.6700000762939453,3.6700000762939453,6759100
2021-03-10,3.8499999046325684,3.8499999046325684,3.9200000762939453,3.809999942779541,3.859999895095825,3972400
2021-03-11,3.950000047683716,3.950000047683716,3.9800000190734863,3.8499999046325684,3.950000047683716,5686200
2021-03-12,3.950000047683716,3.950000047683716,4.0,3.819999933242798,3.9000000953674316,2664700
2021-03-15,4.0,4.0,4.070000171661377,3.940000057220459,4.0,4758100
2021-03-16,3.869999885559082,3.869999885559082,4.070000171661377,3.700000047683716,4.050000190734863,4779200
2021-03-17,3.9000000953674316,3.9000000953674316,3.9600000381469727,3.7200000286102295,3.799999952316284,3148200
2021-03-18,3.630000114440918,3.630000114440918,3.930000066757202,3.619999885559082,3.930000066757202,3729700
2021-03-19,3.7200000286102295,3.7200000286102295,3.7300000190734863,3.509999990463257,3.680000066757202,14313200
2021-03-22,3.6700000762939453,3.6700000762939453,3.799999952316284,3.6700000762939453,3.759999990463257,2235300
2021-03-23,3.3399999141693115,3.3399999141693115,3.640000104904175,3.3299999237060547,3.630000114440918,4834100
2021-03-24,3.2100000381469727,3.2100000381469727,3.450000047683716,3.200000047683716,3.4000000953674316,5062000
2021-03-25,3.740000009536743,3.740000009536743,3.75,3.119999885559082,3.180000066757202,6486000
2021-03-26,3.5899999141693115,3.5899999141693115,3.7300000190734863,3.4700000286102295,3.690000057220459,3789700
2021-03-29,3.640000104904175,3.640000104904175,3.8299999237060547,3.569999933242798,3.619999885559082,4063000
2021-03-30,3.6500000953674316,3.6500000953674316,3.7799999713897705,3.5799999237060547,3.6600000858306885,2607300
2021-03-31,3.9200000762939453,3.9200000762939453,3.940000057220459,3.6600000858306885,3.6700000762939453,6545700
2021-04-01,4.159999847412109,4.159999847412109,4.329999923706055,3.930000066757202,3.950000047683716,9504300
2021-04-05,4.179999828338623,4.179999828338623,4.260000228881836,4.039999961853027,4.230000019073486,4779000
2021-04-06,4.159999847412109,4.159999847412109,4.460000038146973,4.130000114440918,4.139999866485596,4407000
2021-04-07,4.079999923706055,4.079999923706055,4.260000228881836,4.050000190734863,4.190000057220459,2643100
2021-04-08,4.320000171661377,4.320000171661377,4.320000171661377,4.019999980926514,4.099999904632568,2916900
2021-04-09,4.239999771118164,4.239999771118164,4.340000152587891,4.159999847412109,4.300000190734863,2861500
2021-04-12,4.179999828338623,4.179999828338623,4.369999885559082,4.139999866485596,4.210000038146973,3115000
2021-04-13,4.210000038146973,4.210000038146973,4.309999942779541,4.090000152587891,4.21999979019165,2158800
2021-04-14,4.559999942779541,4.559999942779541,4.559999942779541,4.190000057220459,4.210000038146973,5224200
2021-04-15,4.300000190734863,4.300000190734863,4.659999847412109,4.260000228881836,4.650000095367432,5212400
2021-04-16,4.179999828338623,4.179999828338623,4.309999942779541,4.119999885559082,4.309999942779541,2781500
2021-04-19,4.159999847412109,4.159999847412109,4.239999771118164,4.050000190734863,4.170000076293945,2462300
2021-04-20,4.230000019073486,4.230000019073486,4.300000190734863,4.130000114440918,4.139999866485596,3267600
2021-04-21,4.619999885559082,4.619999885559082,4.630000114440918,4.190000057220459,4.260000228881836,4801600
2021-04-22,4.809999942779541,4.809999942779541,4.849999904632568,4.400000095367432,4.579999923706055,7494900
2021-04-23,4.679999828338623,4.679999828338623,4.800000190734863,4.590000152587891,4.800000190734863,3678100
2021-04-26,4.829999923706055,4.829999923706055,4.840000152587891,4.630000114440918,4.699999809265137,3332600
2021-04-27,4.820000171661377,4.820000171661377,4.980000019073486,4.739999771118164,4.860000133514404,3018300
2021-04-28,4.800000190734863,4.800000190734863,4.900000095367432,4.75,4.840000152587891,2565700
2021-04-29,4.820000171661377,4.820000171661377,4.900000095367432,4.699999809265137,4.829999923706055,2756500
2021-04-30,4.570000171661377,4.570000171661377,4.869999885559082,4.539999961853027,4.760000228881836,3185300
2021-05-03,4.420000076293945,4.420000076293945,4.690000057220459,4.400000095367432,4.619999885559082,2297200
2021-05-04,4.320000171661377,4.320000171661377,4.369999885559082,4.199999809265137,4.360000133514404,2803300
2021-05-05,4.159999847412109,4.159999847412109,4.389999866485596,4.119999885559082,4.369999885559082,2423900
2021-05-06,4.079999923706055,4.079999923706055,4.150000095367432,3.950000047683716,4.150000095367432,3609200
2021-05-07,4.289999961853027,4.289999961853027,4.420000076293945,4.03000020980835,4.070000171661377,3121300
2021-05-10,4.070000171661377,4.070000171661377,4.25,4.010000228881836,4.25,2920400
2021-05-11,4.400000095367432,4.400000095367432,4.480000019073486,3.75,3.880000114440918,4618200
2021-05-12,4.019999980926514,4.019999980926514,4.349999904632568,4.019999980926514,4.21999979019165,3623100
2021-05-13,4.03000020980835,4.03000020980835,4.21999979019165,3.9100000858306885,3.9700000286102295,3395600
2021-05-14,4.309999942779541,4.309999942779541,4.389999866485596,4.079999923706055,4.130000114440918,3818200
2021-05-17,4.230000019073486,4.230000019073486,4.28000020980835,4.139999866485596,4.239999771118164,2025900
2021-05-18,4.260000228881836,4.260000228881836,4.389999866485596,4.21999979019165,4.269999980926514,2358700
2021-05-19,4.230000019073486,4.230000019073486,4.28000020980835,4.139999866485596,4.170000076293945,2219700
2021-05-20,4.309999942779541,4.309999942779541,4.349999904632568,4.179999828338623,4.25,2044500
2021-05-21,4.239999771118164,4.239999771118164,4.389999866485596,4.230000019073486,4.320000171661377,2091700
2021-05-24,4.239999771118164,4.239999771118164,4.380000114440918,4.159999847412109,4.230000019073486,1917400
2021-05-25,4.099999904632568,4.099999904632568,4.380000114440918,4.099999904632568,4.260000228881836,2327900
2021-05-26,4.159999847412109,4.159999847412109,4.210000038146973,4.070000171661377,4.170000076293945,6194700
2021-05-27,4.420000076293945,4.420000076293945,4.420000076293945,4.179999828338623,4.190000057220459,5817900
2021-05-28,4.420000076293945,4.420000076293945,4.550000190734863,4.369999885559082,4.400000095367432,4788800
2021-06-01,4.039999961853027,4.039999961853027,4.480000019073486,4.019999980926514,4.480000019073486,7410400
2021-06-02,3.7100000381469727,3.7100000381469727,4.050000190734863,3.630000114440918,4.039999961853027,9212900
2021-06-03,3.799999952316284,3.799999952316284,3.8399999141693115,3.7100000381469727,3.75,2686800
2021-06-04,3.609999895095825,3.609999895095825,3.799999952316284,3.559999942779541,3.799999952316284,3658000
2021-06-07,3.930000066757202,3.930000066757202,3.990000009536743,3.5999999046325684,3.609999895095825,5523600
2021-06-08,3.869999885559082,3.869999885559082,3.940000057220459,3.759999990463257,3.9100000858306885,2236300
2021-06-09,4.079999923706055,4.079999923706055,4.150000095367432,3.9000000953674316,3.9000000953674316,3114500
2021-06-10,4.03000020980835,4.03000020980835,4.150000095367432,3.990000009536743,4.119999885559082,2183900
2021-06-11,4.050000190734863,4.050000190734863,4.090000152587891,3.9800000190734863,4.03000020980835,1721700
2021-06-14,4.130000114440918,4.130000114440918,4.199999809265137,4.059999942779541,4.070000171661377,3081100
2021-06-15,4.099999904632568,4.099999904632568,4.179999828338623,4.079999923706055,4.130000114440918,2440300
2021-06-16,4.329999923706055,4.329999923706055,4.579999923706055,4.199999809265137,4.230000019073486,7820200
2021-06-17,4.440000057220459,4.440000057220459,4.539999961853027,4.300000190734863,4.349999904632568,2541900
2021-06-18,4.260000228881836,4.260000228881836,4.460000038146973,4.230000019073486,4.389999866485596,4530600
2021-06-21,4.519999980926514,4.519999980926514,4.53000020980835,4.300000190734863,4.300000190734863,3186000
2021-06-22,4.460000038146973,4.460000038146973,4.519999980926514,4.380000114440918,4.489999771118164,1678300
2021-06-23,4.519999980926514,4.519999980926514,4.579999923706055,4.440000057220459,4.440000057220459,1953000
2021-06-24,4.710000038146973,4.710000038146973,4.71999979019165,4.489999771118164,4.590000152587891,2418500
2021-06-25,4.739999771118164,4.739999771118164,4.829999923706055,4.46999979019165,4.75,17319700
2021-06-28,5.289999961853027,5.289999961853027,5.389999866485596,4.940000057220459,5.0,10280600
2021-06-29,5.230000019073486,5.230000019073486,5.340000152587891,5.119999885559082,5.230000019073486,4262300
2021-06-30,5.449999809265137,5.449999809265137,5.53000020980835,5.099999904632568,5.179999828338623,4663700
2021-07-01,5.480000019073486,5.480000019073486,5.5,5.239999771118164,5.449999809265137,2778700
2021-07-02,5.400000095367432,5.400000095367432,5.5,5.260000228881836,5.46999979019165,2204900
2021-07-06,5.21999979019165,5.21999979019165,5.420000076293945,5.21999979019165,5.400000095367432,1610400
2021-07-07,4.989999771118164,4.989999771118164,5.230000019073486,4.909999847412109,5.170000076293945,3188100
2021-07-08,4.889999866485596,4.889999866485596,4.940000057220459,4.710000038146973,4.760000228881836,2705600
2021-07-09,4.829999923706055,4.829999923706055,4.980000019073486,4.800000190734863,4.96999979019165,1457500
2021-07-12,4.679999828338623,4.679999828338623,4.889999866485596,4.670000076293945,4.829999923706055,2255400
2021-07-13,4.570000171661377,4.570000171661377,4.730000019073486,4.559999942779541,4.650000095367432,2151300
2021-07-14,4.480000019073486,4.480000019073486,4.670000076293945,4.440000057220459,4.550000190734863,2324600
2021-07-15,4.460000038146973,4.460000038146973,4.570000171661377,4.389999866485596,4.510000228881836,1586200
2021-07-16,4.420000076293945,4.420000076293945,4.590000152587891,4.389999866485596,4.510000228881836,1591800
2021-07-19,4.360000133514404,4.360000133514404,4.400000095367432,4.170000076293945,4.349999904632568,3162800
2021-07-20,4.659999847412109,4.659999847412109,4.679999828338623,4.320000171661377,4.400000095367432,3109100
2021-07-21,4.619999885559082,4.619999885559082,4.739999771118164,4.590000152587891,4.699999809265137,1816200
2021-07-22,4.480000019073486,4.480000019073486,4.639999866485596,4.449999809265137,4.619999885559082,1790700
2021-07-23,4.369999885559082,4.369999885559082,4.570000171661377,4.360000133514404,4.519999980926514,1419100
2021-07-26,4.380000114440918,4.380000114440918,4.480000019073486,4.340000152587891,4.389999866485596,1481900
2021-07-27,4.25,4.25,4.409999847412109,4.199999809265137,4.300000190734863,1711700
2021-07-28,4.420000076293945,4.420000076293945,4.429999828338623,4.269999980926514,4.28000020980835,3712700
2021-07-29,4.210000038146973,4.210000038146973,4.449999809265137,4.210000038146973,4.440000057220459,1849200
2021-07-30,4.099999904632568,4.099999904632568,4.25,4.090000152587891,4.21999979019165,1861400
2021-08-02,4.03000020980835,4.03000020980835,4.179999828338623,4.010000228881836,4.159999847412109,2142500
2021-08-03,3.990000009536743,3.990000009536743,4.079999923706055,3.940000057220459,4.079999923706055,2403300
2021-08-04,4.03000020980835,4.03000020980835,4.309999942779541,3.990000009536743,3.990000009536743,3807700
2021-08-05,4.199999809265137,4.199999809265137,4.199999809265137,3.9800000190734863,4.03000020980835,2018900
2021-08-06,4.039999961853027,4.039999961853027,4.210000038146973,3.990000009536743,4.190000057220459,2368900
2021-08-09,3.9800000190734863,3.9800000190734863,4.050000190734863,3.950000047683716,4.010000228881836,1747100
2021-08-10,3.890000104904175,3.890000104904175,3.990000009536743,3.869999885559082,3.9600000381469727,1802500
2021-08-11,3.990000009536743,3.990000009536743,4.03000020980835,3.8299999237060547,3.9000000953674316,2513500
2021-08-12,4.090000152587891,4.090000152587891,4.119999885559082,3.7799999713897705,3.9800000190734863,2997600
2021-08-13,4.019999980926514,4.019999980926514,4.289999961853027,4.010000228881836,4.059999942779541,2917100
2021-08-16,4.099999904632568,4.099999904632568,4.170000076293945,3.930000066757202,4.019999980926514,3214100
2021-08-17,4.150000095367432,4.150000095367432,4.309999942779541,4.019999980926514,4.110000133514404,2636700
2021-08-18,4.079999923706055,4.079999923706055,4.230000019073486,4.059999942779541,4.150000095367432,2177900
2021-08-19,3.9700000286102295,3.9700000286102295,4.139999866485596,3.9700000286102295,4.010000228881836,2258300
2021-08-20,4.21999979019165,4.21999979019165,4.21999979019165,3.9700000286102295,4.0,2060900
2021-08-23,4.480000019073486,4.480000019073486,4.5,4.239999771118164,4.269999980926514,5729100
2021-08-24,4.440000057220459,4.440000057220459,4.570000171661377,4.340000152587891,4.53000020980835,5016000
2021-08-25,4.599999904632568,4.599999904632568,4.639999866485596,4.420000076293945,4.46999979019165,2118300
2021-08-26,4.630000114440918,4.630000114440918,4.71999979019165,4.550000190734863,4.590000152587891,2397800
2021-08-27,4.909999847412109,4.909999847412109,4.929999828338623,4.630000114440918,4.639999866485596,4482800
2021-08-30,4.710000038146973,4.710000038146973,4.96999979019165,4.679999828338623,4.940000057220459,2426800
2021-08-31,4.800000190734863,4.800000190734863,4.840000152587891,4.690000057220459,4.710000038146973,3726200
2021-09-01,4.800000190734863,4.800000190734863,4.840000152587891,4.739999771118164,4.800000190734863,1570000
2021-09-02,4.809999942779541,4.809999942779541,4.889999866485596,4.730000019073486,4.849999904632568,1512800
2021-09-03,4.71999979019165,4.71999979019165,4.849999904632568,4.639999866485596,4.820000171661377,2003900
2021-09-07,4.710000038146973,4.710000038146973,4.829999923706055,4.590000152587891,4.699999809265137,2022700
2021-09-08,4.610000133514404,4.610000133514404,4.760000228881836,4.539999961853027,4.730000019073486,1857000
2021-09-09,4.699999809265137,4.699999809265137,4.820000171661377,4.630000114440918,4.630000114440918,1666100
2021-09-10,4.699999809265137,4.699999809265137,4.849999904632568,4.690000057220459,4.71999979019165,2116400
2021-09-13,4.730000019073486,4.730000019073486,4.849999904632568,4.579999923706055,4.739999771118164,2316100
2021-09-14,4.760000228881836,4.760000228881836,5.019999980926514,4.679999828338623,4.760000228881836,4088800
2021-09-15,4.670000076293945,4.670000076293945,4.769999980926514,4.599999904632568,4.769999980926514,2472100
2021-09-16,4.559999942779541,4.559999942779541,4.699999809265137,4.46999979019165,4.699999809265137,3027600
2021-09-17,4.53000020980835,4.53000020980835,4.610000133514404,4.460000038146973,4.610000133514404,6713900
2021-09-20,4.480000019073486,4.480000019073486,4.579999923706055,4.320000171661377,4.360000133514404,2410100
2021-09-21,4.579999923706055,4.579999923706055,4.619999885559082,4.510000228881836,4.519999980926514,1277500
2021-09-22,4.659999847412109,4.659999847412109,4.690000057220459,4.570000171661377,4.590000152587891,1561800
2021-09-23,4.75,4.75,4.760000228881836,4.619999885559082,4.690000057220459,1586700
2021-09-24,4.679999828338623,4.679999828338623,4.849999904632568,4.639999866485596,4.730000019073486,1235300
2021-09-27,4.800000190734863,4.800000190734863,4.840000152587891,4.659999847412109,4.670000076293945,1844500
2021-09-28,4.610000133514404,4.610000133514404,4.789999961853027,4.590000152587891,4.75,2372800
2021-09-29,4.480000019073486,4.480000019073486,4.690000057220459,4.420000076293945,4.619999885559082,1964100
2021-09-30,4.349999904632568,4.349999904632568,4.539999961853027,4.329999923706055,4.480000019073486,2623700
2021-10-01,4.519999980926514,4.519999980926514,4.550000190734863,4.210000038146973,4.369999885559082,2884400
2021-10-04,4.5,4.5,4.579999923706055,4.429999828338623,4.460000038146973,2054100
2021-10-05,4.730000019073486,4.730000019073486,4.760000228881836,4.510000228881836,4.53000020980835,2563400
2021-10-06,5.099999904632568,5.099999904632568,5.139999866485596,4.630000114440918,4.690000057220459,5368200
2021-10-07,5.25,5.25,5.440000057220459,5.119999885559082,5.170000076293945,4527300
2021-10-08,5.119999885559082,5.119999885559082,5.349999904632568,5.119999885559082,5.260000228881836,2691400
2021-10-11,5.239999771118164,5.239999771118164,5.349999904632568,5.099999904632568,5.159999847412109,2267100
2021-10-12,5.210000038146973,5.210000038146973,5.380000114440918,5.190000057220459,5.260000228881836,2254200
2021-10-13,5.369999885559082,5.369999885559082,5.400000095367432,5.230000019073486,5.300000190734863,2537000
2021-10-14,5.300000190734863,5.300000190734863,5.429999828338623,5.239999771118164,5.400000095367432,2788700
2021-10-15,5.090000152587891,5.090000152587891,5.349999904632568,5.059999942779541,5.300000190734863,4809200
2021-10-18,4.159999847412109,4.159999847412109,4.380000114440918,4.0,4.349999904632568,16779700
2021-10-19,4.150000095367432,4.150000095367432,4.309999942779541,4.070000171661377,4.300000190734863,4836900
2021-10-20,4.300000190734863,4.300000190734863,4.409999847412109,4.039999961853027,4.099999904632568,3891000
2021-10-21,4.409999847412109,4.409999847412109,4.420000076293945,4.300000190734863,4.320000171661377,2482600
2021-10-22,4.639999866485596,4.639999866485596,4.659999847412109,4.389999866485596,4.449999809265137,3088100
2021-10-25,4.550000190734863,4.550000190734863,4.699999809265137,4.53000020980835,4.610000133514404,2144200
2021-10-26,4.579999923706055,4.579999923706055,4.610000133514404,4.489999771118164,4.590000152587891,1489900
2021-10-27,4.510000228881836,4.510000228881836,4.650000095367432,4.510000228881836,4.579999923706055,1443500
2021-10-28,4.800000190734863,4.800000190734863,4.820000171661377,4.53000020980835,4.550000190734863,1931800
2021-10-29,4.710000038146973,4.710000038146973,4.849999904632568,4.639999866485596,4.78000020980835,1811700
2021-11-01,4.880000114440918,4.880000114440918,4.940000057220459,4.659999847412109,4.710000038146973,2279900
2021-11-02,4.980000019073486,4.980000019073486,4.989999771118164,4.800000190734863,4.880000114440918,1835100
2021-11-03,5.010000228881836,5.010000228881836,5.050000190734863,4.860000133514404,5.0,2059100
2021-11-04,4.880000114440918,4.880000114440918,5.0,4.809999942779541,4.989999771118164,1824900
2021-11-05,4.809999942779541,4.809999942779541,4.960000038146973,4.78000020980835,4.909999847412109,2031900
2021-11-08,4.840000152587891,4.840000152587891,4.940000057220459,4.789999961853027,4.829999923706055,1373200
2021-11-09,4.800000190734863,4.800000190734863,4.880000114440918,4.679999828338623,4.849999904632568,2165200
2021-11-10,4.809999942779541,4.809999942779541,5.239999771118164,4.739999771118164,4.949999809265137,3176700
2021-11-11,4.960000038146973,4.960000038146973,5.070000171661377,4.829999923706055,4.880000114440918,2380800
2021-11-12,4.989999771118164,4.989999771118164,5.0,4.889999866485596,4.929999828338623,1023200
2021-11-15,4.789999961853027,4.789999961853027,4.989999771118164,4.75,4.940000057220459,1740600
2021-11-16,4.880000114440918,4.880000114440918,4.880000114440918,4.730000019073486,4.800000190734863,1810500
2021-11-17,4.760000228881836,4.760000228881836,4.889999866485596,4.75,4.820000171661377,1293800
2021-11-18,4.710000038146973,4.710000038146973,4.809999942779541,4.639999866485596,4.800000190734863,1799500
2021-11-19,4.75,4.75,4.849999904632568,4.679999828338623,4.679999828338623,1438300
2021-11-22,4.610000133514404,4.610000133514404,4.820000171661377,4.610000133514404,4.760000228881836,1968300
2021-11-23,4.760000228881836,4.760000228881836,4.789999961853027,4.519999980926514,4.650000095367432,2301600
2021-11-24,4.849999904632568,4.849999904632568,4.880000114440918,4.650000095367432,4.710000038146973,1481500
2021-11-26,4.630000114440918,4.630000114440918,4.840000152587891,4.590000152587891,4.730000019073486,1474400
2021-11-29,4.639999866485596,4.639999866485596,4.820000171661377,4.619999885559082,4.650000095367432,1739400
2021-11-30,4.630000114440918,4.630000114440918,4.71999979019165,4.46999979019165,4.619999885559082,9403600
2021-12-01,4.320000171661377,4.320000171661377,4.75,4.320000171661377,4.75,2277500
2021-12-02,4.420000076293945,4.420000076293945,4.510000228881836,4.269999980926514,4.420000076293945,2268400
2021-12-03,4.170000076293945,4.170000076293945,4.409999847412109,4.159999847412109,4.360000133514404,2846900
2021-12-06,4.289999961853027,4.289999961853027,4.340000152587891,4.079999923706055,4.179999828338623,1797100
2021-12-07,4.400000095367432,4.400000095367432,4.5,4.340000152587891,4.340000152587891,2463400
2021-12-08,4.480000019073486,4.480000019073486,4.5,4.380000114440918,4.409999847412109,2787800
2021-12-09,4.150000095367432,4.150000095367432,4.420000076293945,4.150000095367432,4.400000095367432,4217300
2021-12-10,4.050000190734863,4.050000190734863,4.199999809265137,4.039999961853027,4.199999809265137,1966900
2021-12-13,4.139999866485596,4.139999866485596,4.159999847412109,3.990000009536743,4.079999923706055,2342800
2021-12-14,4.070000171661377,4.070000171661377,4.150000095367432,4.010000228881836,4.110000133514404,2088600
2021-12-15,4.309999942779541,4.309999942779541,4.320000171661377,4.0,4.139999866485596,2884800
2021-12-16,4.130000114440918,4.130000114440918,4.340000152587891,4.059999942779541,4.329999923706055,2595300
2021-12-17,4.28000020980835,4.28000020980835,4.400000095367432,4.079999923706055,4.099999904632568,6471900
2021-12-20,4.389999866485596,4.389999866485596,4.449999809265137,4.159999847412109,4.210000038146973,2054700
2021-12-21,4.389999866485596,4.389999866485596,4.480000019073486,4.329999923706055,4.429999828338623,1567000
2021-12-22,4.409999847412109,4.409999847412109,4.46999979019165,4.289999961853027,4.349999904632568,1364900
2021-12-23,4.460000038146973,4.460000038146973,4.510000228881836,4.389999866485596,4.429999828338623,1563300
2021-12-27,4.46999979019165,4.46999979019165,4.599999904632568,4.389999866485596,4.46999979019165,1977400
2021-12-28,4.420000076293945,4.420000076293945,4.650000095367432,4.420000076293945,4.5,1806600
2021-12-29,4.380000114440918,4.380000114440918,4.429999828338623,4.329999923706055,4.400000095367432,1145800
2021-12-30,4.380000114440918,4.380000114440918,4.449999809265137,4.300000190734863,4.360000133514404,1990600
2021-12-31,4.369999885559082,4.369999885559082,4.449999809265137,4.329999923706055,4.369999885559082,1520600
2022-01-03,4.449999809265137,4.449999809265137,4.460000038146973,4.28000020980835,4.349999904632568,2186700
2022-01-04,4.21999979019165,4.21999979019165,4.449999809265137,4.179999828338623,4.449999809265137,2005100
2022-01-05,4.059999942779541,4.059999942779541,4.300000190734863,4.050000190734863,4.269999980926514,2495500
2022-01-06,4.139999866485596,4.139999866485596,4.210000038146973,4.03000020980835,4.079999923706055,1587000
2022-01-07,4.070000171661377,4.070000171661377,4.25,4.059999942779541,4.110000133514404,1714500
2022-01-10,4.139999866485596,4.139999866485596,4.170000076293945,4.010000228881836,4.039999961853027,2943100
2022-01-11,4.099999904632568,4.099999904632568,4.179999828338623,4.079999923706055,4.159999847412109,1374300
2022-01-12,3.8499999046325684,3.8499999046325684,4.130000114440918,3.8399999141693115,4.130000114440918,4018300
2022-01-13,3.759999990463257,3.759999990463257,3.950000047683716,3.75,3.859999895095825,3027200
2022-01-14,3.9200000762939453,3.9200000762939453,3.950000047683716,3.6700000762939453,3.7200000286102295,2913200
2022-01-18,3.9700000286102295,3.9700000286102295,4.179999828338623,3.880000114440918,3.9800000190734863,4496300
2022-01-19,4.019999980926514,4.019999980926514,4.190000057220459,3.9700000286102295,3.9700000286102295,2780200
2022-01-20,3.930000066757202,3.930000066757202,4.150000095367432,3.930000066757202,4.050000190734863,2610700
2022-01-21,3.7899999618530273,3.7899999618530273,4.010000228881836,3.7899999618530273,3.9000000953674316,3985500
2022-01-24,3.7100000381469727,3.7100000381469727,3.75,3.440000057220459,3.7200000286102295,4743900
2022-01-25,3.680000066757202,3.680000066757202,3.759999990463257,3.5299999713897705,3.630000114440918,2659300
2022-01-26,3.640000104904175,3.640000104904175,3.890000104904175,3.619999885559082,3.700000047683716,3094700
2022-01-27,3.390000104904175,3.390000104904175,3.690000057220459,3.380000114440918,3.6500000953674316,3101200
2022-01-28,3.549999952316284,3.549999952316284,3.559999942779541,3.3399999141693115,3.430000066757202,2648500
2022-01-31,3.7300000190734863,3.7300000190734863,3.7300000190734863,3.2699999809265137,3.559999942779541,2718900
2022-02-01,3.7799999713897705,3.7799999713897705,3.8299999237060547,3.630000114440918,3.759999990463257,1851800
2022-02-02,3.609999895095825,3.609999895095825,3.7699999809265137,3.5999999046325684,3.740000009536743,2430600
2022-02-03,3.5399999618530273,3.5399999618530273,3.690000057220459,3.5199999809265137,3.6600000858306885,2625000
2022-02-04,3.5899999141693115,3.5899999141693115,3.630000114440918,3.4800000190734863,3.549999952316284,2278900
2022-02-07,3.7699999809265137,3.7699999809265137,3.809999942779541,3.5799999237060547,3.5799999237060547,3788700
2022-02-08,3.8399999141693115,3.8399999141693115,3.859999895095825,3.700000047683716,3.7300000190734863,2464500
2022-02-09,4.090000152587891,4.090000152587891,4.090000152587891,3.880000114440918,3.880000114440918,2830200
2022-02-10,4.079999923706055,4.079999923706055,4.289999961853027,4.010000228881836,4.039999961853027,3469400
2022-02-11,4.059999942779541,4.059999942779541,4.210000038146973,4.010000228881836,4.059999942779541,2028300
2022-02-14,3.940000057220459,3.940000057220459,4.119999885559082,3.930000066757202,4.099999904632568,1992500
2022-02-15,4.190000057220459,4.190000057220459,4.190000057220459,3.990000009536743,3.990000009536743,1993200
2022-02-16,4.139999866485596,4.139999866485596,4.21999979019165,4.079999923706055,4.139999866485596,2264400
2022-02-17,3.940000057220459,3.940000057220459,4.130000114440918,3.930000066757202,4.070000171661377,2426300
2022-02-18,3.859999895095825,3.859999895095825,3.9700000286102295,3.8399999141693115,3.930000066757202,2101800
2022-02-22,3.759999990463257,3.759999990463257,3.890000104904175,3.740000009536743,3.8399999141693115,2335000
2022-02-23,3.6600000858306885,3.6600000858306885,3.8399999141693115,3.6600000858306885,3.8399999141693115,2075000
2022-02-24,2.9100000858306885,2.9100000858306885,3.1600000858306885,2.7799999713897705,3.0,12379000
2022-02-25,2.7200000286102295,2.7200000286102295,2.890000104904175,2.680000066757202,2.859999895095825,5748800
2022-02-28,2.619999885559082,2.619999885559082,2.700000047683716,2.490000009536743,2.6500000953674316,6874900
2022-03-01,2.75,2.75,2.7799999713897705,2.549999952316284,2.640000104904175,6350000
2022-03-02,3.240000009536743,3.240000009536743,3.259999990463257,2.9000000953674316,2.9000000953674316,6289100
2022-03-03,3.130000114440918,3.130000114440918,3.309999942779541,3.0999999046325684,3.2699999809265137,3476500
2022-03-04,3.0,3.0,3.190000057220459,2.990000009536743,3.0999999046325684,2687300
2022-03-07,3.130000114440918,3.130000114440918,3.190000057220459,2.9800000190734863,2.9800000190734863,2924500
2022-03-08,3.2300000190734863,3.2300000190734863,3.359999895095825,3.0999999046325684,3.180000066757202,3325000
2022-03-09,3.4000000953674316,3.4000000953674316,3.4700000286102295,3.2699999809265137,3.3499999046325684,3668100
2022-03-10,3.430000066757202,3.430000066757202,3.4800000190734863,3.309999942779541,3.369999885559082,1877700
2022-03-11,3.259999990463257,3.259999990463257,3.4800000190734863,3.25,3.430000066757202,2494800
2022-03-14,3.2200000286102295,3.2200000286102295,3.359999895095825,3.1500000953674316,3.259999990463257,3282200
2022-03-15,3.369999885559082,3.369999885559082,3.369999885559082,3.130000114440918,3.200000047683716,3208600
2022-03-16,3.430000066757202,3.430000066757202,3.430000066757202,3.2300000190734863,3.380000114440918,3537700
2022-03-17,3.609999895095825,3.609999895095825,3.640000104904175,3.299999952316284,3.390000104904175,2780700
2022-03-18,3.5799999237060547,3.5799999237060547,3.7300000190734863,3.569999933242798,3.609999895095825,4124500
2022-03-21,3.4600000381469727,3.4600000381469727,3.619999885559082,3.430000066757202,3.509999990463257,2038200
2022-03-22,3.640000104904175,3.640000104904175,3.6600000858306885,3.490000009536743,3.5199999809265137,2542900
2022-03-23,3.5299999713897705,3.5299999713897705,3.680000066757202,3.5199999809265137,3.609999895095825,1976200
2022-03-24,3.6600000858306885,3.6600000858306885,3.680000066757202,3.5299999713897705,3.569999933242798,2199200
2022-03-25,3.4700000286102295,3.4700000286102295,3.680000066757202,3.4700000286102295,3.680000066757202,1921100
2022-03-28,3.5899999141693115,3.5899999141693115,3.640000104904175,3.4700000286102295,3.509999990463257,2408000
2022-03-29,3.809999942779541,3.809999942779541,3.809999942779541,3.630000114440918,3.640000104904175,3427200
2022-03-30,3.690000057220459,3.690000057220459,3.9200000762939453,3.680000066757202,3.809999942779541,2870900
2022-03-31,3.680000066757202,3.680000066757202,3.7699999809265137,3.6600000858306885,3.740000009536743,1673200
2022-04-01,3.880000114440918,3.880000114440918,3.880000114440918,3.690000057220459,3.7200000286102295,2956900
2022-04-04,4.0,4.0,4.099999904632568,3.880000114440918,3.9000000953674316,2964900
2022-04-05,3.880000114440918,3.880000114440918,4.03000020980835,3.859999895095825,3.9700000286102295,3057500
2022-04-06,3.9200000762939453,3.9200000762939453,3.9700000286102295,3.809999942779541,3.819999933242798,2701800
2022-04-07,3.859999895095825,3.859999895095825,4.0,3.819999933242798,3.9100000858306885,2003700
2022-04-08,3.7300000190734863,3.7300000190734863,3.869999885559082,3.7200000286102295,3.859999895095825,2241200
2022-04-11,3.5899999141693115,3.5899999141693115,3.740000009536743,3.5899999141693115,3.680000066757202,2279800
2022-04-12,3.619999885559082,3.619999885559082,3.75,3.5799999237060547,3.609999895095825,1922000
2022-04-13,3.8299999237060547,3.8299999237060547,3.859999895095825,3.609999895095825,3.609999895095825,2487700
2022-04-14,3.680000066757202,3.680000066757202,3.8499999046325684,3.680000066757202,3.8299999237060547,1836200
2022-04-18,3.5399999618530273,3.5399999618530273,3.700000047683716,3.5399999618530273,3.700000047683716,2574100
2022-04-19,3.559999942779541,3.559999942779541,3.6600000858306885,3.5,3.5399999618530273,1734800
2022-04-20,3.4800000190734863,3.4800000190734863,3.5899999141693115,3.440000057220459,3.5899999141693115,2345900
2022-04-21,3.359999895095825,3.359999895095825,3.5199999809265137,3.3299999237060547,3.5199999809265137,2963800
2022-04-22,3.3299999237060547,3.3299999237060547,3.440000057220459,3.299999952316284,3.359999895095825,2317100
2022-04-25,3.390000104904175,3.390000104904175,3.4100000858306885,3.2899999618530273,3.309999942779541,2924500
2022-04-26,3.1500000953674316,3.1500000953674316,3.4200000762939453,3.140000104904175,3.390000104904175,3623400
2022-04-27,3.119999885559082,3.119999885559082,3.25,3.0999999046325684,3.130000114440918,4291200
2022-04-28,3.2300000190734863,3.2300000190734863,3.259999990463257,3.009999990463257,3.200000047683716,3009800
2022-04-29,3.130000114440918,3.130000114440918,3.3299999237060547,3.130000114440918,3.1700000762939453,3159300
2022-05-02,3.2799999713897705,3.2799999713897705,3.2799999713897705,3.0799999237060547,3.1700000762939453,4115000
2022-05-03,3.240000009536743,3.240000009536743,3.299999952316284,3.180000066757202,3.259999990463257,2612100
2022-05-04,3.2300000190734863,3.2300000190734863,3.25,2.9100000858306885,3.2300000190734863,5901500
2022-05-05,3.069999933242798,3.069999933242798,3.25,2.990000009536743,3.200000047683716,3025200
2022-05-06,2.950000047683716,2.950000047683716,3.140000104904175,2.890000104904175,2.9100000858306885,3992000
2022-05-09,2.7699999809265137,2.7699999809265137,2.990000009536743,2.7699999809265137,2.9100000858306885,6312900
2022-05-10,2.950000047683716,2.950000047683716,3.0199999809265137,2.7799999713897705,2.7799999713897705,6771100
2022-05-11,2.6700000762939453,2.6700000762939453,3.0199999809265137,2.6600000858306885,2.930000066757202,5064300
2022-05-12,2.7300000190734863,2.7300000190734863,2.8399999141693115,2.609999895095825,2.680000066757202,4150700
2022-05-13,3.009999990463257,3.009999990463257,3.009999990463257,2.740000009536743,2.799999952316284,4220300
2022-05-16,3.059999942779541,3.059999942779541,3.2300000190734863,2.9600000381469727,2.990000009536743,4742000
2022-05-17,3.359999895095825,3.359999895095825,3.369999885559082,3.0799999237060547,3.109999895095825,4548000
2022-05-18,3.190000057220459,3.190000057220459,3.369999885559082,3.119999885559082,3.3499999046325684,7451500
2022-05-19,3.509999990463257,3.509999990463257,3.5799999237060547,3.200000047683716,3.200000047683716,7137000
2022-05-20,3.680000066757202,3.680000066757202,3.7100000381469727,3.390000104904175,3.549999952316284,5691800
2022-05-23,4.170000076293945,4.170000076293945,4.769999980926514,3.569999933242798,3.7300000190734863,25427100
2022-05-24,4.0,4.0,4.409999847412109,3.9200000762939453,4.190000057220459,12428000
2022-05-25,4.199999809265137,4.199999809265137,4.239999771118164,3.9200000762939453,4.0,8042400
2022-05-26,4.570000171661377,4.570000171661377,4.599999904632568,4.159999847412109,4.190000057220459,8233200
2022-05-27,4.440000057220459,4.440000057220459,4.659999847412109,4.28000020980835,4.579999923706055,9324600
2022-05-31,4.179999828338623,4.179999828338623,4.440000057220459,4.139999866485596,4.369999885559082,7523400
2022-06-01,4.159999847412109,4.159999847412109,4.289999961853027,3.9700000286102295,4.199999809265137,7909700
2022-06-02,4.139999866485596,4.139999866485596,4.269999980926514,4.050000190734863,4.170000076293945,4235100
2022-06-03,4.610000133514404,4.610000133514404,4.619999885559082,4.139999866485596,4.139999866485596,8215300
2022-06-06,4.340000152587891,4.340000152587891,4.699999809265137,4.309999942779541,4.639999866485596,16826700
2022-06-07,4.519999980926514,4.519999980926514,4.53000020980835,4.300000190734863,4.300000190734863,3654800
2022-06-08,4.769999980926514,4.769999980926514,4.860000133514404,4.400000095367432,4.400000095367432,5416100
2022-06-09,4.460000038146973,4.460000038146973,4.75,4.460000038146973,4.71999979019165,3818000
2022-06-10,4.349999904632568,4.349999904632568,4.480000019073486,4.28000020980835,4.420000076293945,6970400
2022-06-13,3.8499999046325684,3.8499999046325684,4.239999771118164,3.759999990463257,4.239999771118164,8772900
2022-06-14,3.7200000286102295,3.7200000286102295,3.9100000858306885,3.609999895095825,3.8499999046325684,6548300
2022-06-15,3.630000114440918,3.630000114440918,3.809999942779541,3.440000057220459,3.759999990463257,10090100
2022-06-16,3.3399999141693115,3.3399999141693115,3.559999942779541,3.2799999713897705,3.549999952316284,7399200
2022-06-17,3.559999942779541,3.559999942779541,3.6500000953674316,3.319999933242798,3.4000000953674316,12574700
2022-06-21,3.7200000286102295,3.7200000286102295,3.859999895095825,3.6700000762939453,3.680000066757202,5543600
2022-06-22,3.809999942779541,3.809999942779541,3.9000000953674316,3.5799999237060547,3.609999895095825,3385000
2022-06-23,3.9800000190734863,3.9800000190734863,3.9800000190734863,3.75,3.8299999237060547,6089800
2022-06-24,3.880000114440918,3.880000114440918,4.090000152587891,3.8399999141693115,4.019999980926514,5154900
2022-06-27,3.9600000381469727,3.9600000381469727,3.990000009536743,3.799999952316284,3.930000066757202,2529000
2022-06-28,3.7899999618530273,3.7899999618530273,3.9700000286102295,3.75,3.950000047683716,5725500
2022-06-29,3.799999952316284,3.799999952316284,3.819999933242798,3.6700000762939453,3.7699999809265137,4124600
2022-06-30,3.809999942779541,3.809999942779541,3.859999895095825,3.630000114440918,3.700000047683716,3739500
2022-07-01,3.9800000190734863,3.9800000190734863,4.0,3.799999952316284,3.809999942779541,4500000
2022-07-05,4.050000190734863,4.050000190734863,4.079999923706055,3.809999942779541,3.9100000858306885,11892500
2022-07-06,4.119999885559082,4.119999885559082,4.369999885559082,4.010000228881836,4.010000228881836,5512200
2022-07-07,4.230000019073486,4.230000019073486,4.340000152587891,4.119999885559082,4.139999866485596,2722800
2022-07-08,4.340000152587891,4.340000152587891,4.429999828338623,4.159999847412109,4.190000057220459,3154500
2022-07-11,4.099999904632568,4.099999904632568,4.320000171661377,4.099999904632568,4.320000171661377,2936800
2022-07-12,4.090000152587891,4.090000152587891,4.139999866485596,3.890000104904175,4.119999885559082,2736100
2022-07-13,4.099999904632568,4.099999904632568,4.239999771118164,3.990000009536743,4.039999961853027,2886200
2022-07-14,3.869999885559082,3.869999885559082,4.059999942779541,3.869999885559082,4.039999961853027,3615600
2022-07-15,3.9600000381469727,3.9600000381469727,4.0,3.7899999618530273,3.9700000286102295,3431900
2022-07-18,3.819999933242798,3.819999933242798,4.110000133514404,3.799999952316284,4.0,3071800
2022-07-19,3.809999942779541,3.809999942779541,4.03000020980835,3.759999990463257,3.9000000953674316,6151600
2022-07-20,3.700000047683716,3.700000047683716,3.9600000381469727,3.619999885559082,3.799999952316284,6937600
2022-07-21,3.509999990463257,3.509999990463257,3.6700000762939453,3.4200000762939453,3.6600000858306885,9838900
2022-07-22,3.3299999237060547,3.3299999237060547,3.559999942779541,3.2899999618530273,3.559999942779541,5193500
2022-07-25,3.4800000190734863,3.4800000190734863,3.5199999809265137,3.359999895095825,3.390000104904175,3013800
2022-07-26,3.440000057220459,3.440000057220459,3.5299999713897705,3.380000114440918,3.440000057220459,2100500
2022-07-27,3.490000009536743,3.490000009536743,3.509999990463257,3.3499999046325684,3.4800000190734863,2631800
2022-07-28,3.5,3.5,3.549999952316284,3.380000114440918,3.509999990463257,2606300
2022-07-29,3.450000047683716,3.450000047683716,3.5199999809265137,3.4000000953674316,3.4700000286102295,2198900
2022-08-01,3.5799999237060547,3.5799999237060547,3.809999942779541,3.4200000762939453,3.450000047683716,4255300
2022-08-02,3.940000057220459,3.940000057220459,4.079999923706055,3.559999942779541,3.5999999046325684,5390500
2022-08-03,4.099999904632568,4.099999904632568,4.199999809265137,4.0,4.0,4478900
2022-08-04,4.289999961853027,4.289999961853027,4.300000190734863,4.090000152587891,4.090000152587891,3634300
2022-08-05,4.329999923706055,4.329999923706055,4.389999866485596,4.159999847412109,4.210000038146973,4235500
2022-08-08,4.349999904632568,4.349999904632568,4.46999979019165,4.25,4.329999923706055,3733400
2022-08-09,4.090000152587891,4.090000152587891,4.329999923706055,4.010000228881836,4.329999923706055,4103100
2022-08-10,4.289999961853027,4.289999961853027,4.429999828338623,3.950000047683716,3.9800000190734863,4493800
2022-08-11,4.070000171661377,4.070000171661377,4.289999961853027,4.050000190734863,4.269999980926514,3326800
2022-08-12,4.150000095367432,4.150000095367432,4.25,4.039999961853027,4.039999961853027,3707100
2022-08-15,4.070000171661377,4.070000171661377,4.150000095367432,4.03000020980835,4.110000133514404,3541600
2022-08-16,3.9600000381469727,3.9600000381469727,4.090000152587891,3.9000000953674316,4.070000171661377,2560000
2022-08-17,3.930000066757202,3.930000066757202,4.019999980926514,3.859999895095825,3.930000066757202,3448700
2022-08-18,4.0,4.0,4.010000228881836,3.7899999618530273,3.940000057220459,3646800
2022-08-19,3.9200000762939453,3.9200000762939453,4.010000228881836,3.9000000953674316,3.950000047683716,3257500
2022-08-22,3.859999895095825,3.859999895095825,3.9600000381469727,3.809999942779541,3.9100000858306885,4074400
2022-08-23,3.880000114440918,3.880000114440918,3.9800000190734863,3.75,3.859999895095825,4157000
2022-08-24,3.990000009536743,3.990000009536743,4.039999961853027,3.759999990463257,3.8499999046325684,3337900
2022-08-25,3.9600000381469727,3.9600000381469727,4.050000190734863,3.9000000953674316,4.039999961853027,2227000
2022-08-26,3.7300000190734863,3.7300000190734863,3.990000009536743,3.7100000381469727,3.9600000381469727,4299500
2022-08-29,3.609999895095825,3.609999895095825,3.7200000286102295,3.569999933242798,3.700000047683716,3079400
2022-08-30,3.569999933242798,3.569999933242798,3.7100000381469727,3.5,3.640000104904175,5417200
2022-08-31,3.6500000953674316,3.6500000953674316,3.680000066757202,3.4100000858306885,3.5799999237060547,6092800
2022-09-01,3.9800000190734863,3.9800000190734863,3.990000009536743,3.5999999046325684,3.6500000953674316,7019300
2022-09-02,3.7799999713897705,3.7799999713897705,4.050000190734863,3.759999990463257,3.9800000190734863,4190000
2022-09-06,3.5799999237060547,3.5799999237060547,3.819999933242798,3.5299999713897705,3.809999942779541,3820800
2022-09-07,3.759999990463257,3.759999990463257,3.7899999618530273,3.569999933242798,3.5799999237060547,5227400
2022-09-08,3.9600000381469727,3.9600000381469727,3.9700000286102295,3.7100000381469727,3.7100000381469727,4352900
2022-09-09,3.880000114440918,3.880000114440918,4.0,3.859999895095825,3.990000009536743,3371200
2022-09-12,3.9800000190734863,3.9800000190734863,4.03000020980835,3.859999895095825,3.9200000762939453,4658700
2022-09-13,3.809999942779541,3.809999942779541,3.950000047683716,3.7799999713897705,3.890000104904175,5409300
2022-09-14,3.950000047683716,3.950000047683716,4.039999961853027,3.759999990463257,3.809999942779541,5253300
2022-09-15,3.740000009536743,3.740000009536743,3.950000047683716,3.680000066757202,3.9200000762939453,5098000
2022-09-16,3.569999933242798,3.569999933242798,3.7200000286102295,3.450000047683716,3.700000047683716,19595200
2022-09-19,3.4800000190734863,3.4800000190734863,3.549999952316284,3.369999885559082,3.509999990463257,5251700
2022-09-20,3.369999885559082,3.369999885559082,3.509999990463257,3.3299999237060547,3.4600000381469727,3830300
2022-09-21,3.2100000381469727,3.2100000381469727,3.450000047683716,3.200000047683716,3.450000047683716,5689100
2022-09-22,3.1700000762939453,3.1700000762939453,3.240000009536743,3.0899999141693115,3.180000066757202,4710900
2022-09-23,3.069999933242798,3.069999933242798,3.1700000762939453,2.990000009536743,3.130000114440918,6065100
2022-09-26,3.0,3.0,3.119999885559082,2.990000009536743,3.0799999237060547,3872100
2022-09-27,3.0199999809265137,3.0199999809265137,3.0999999046325684,2.950000047683716,3.0999999046325684,4746700
2022-09-28,3.180000066757202,3.180000066757202,3.2100000381469727,3.0,3.0399999618530273,6193100
2022-09-29,2.990000009536743,2.990000009536743,3.140000104904175,2.9800000190734863,3.140000104904175,5681800
2022-09-30,3.0899999141693115,3.0899999141693115,3.2200000286102295,3.0,3.0,4281500
2022-10-03,3.0899999141693115,3.0899999141693115,3.2200000286102295,3.0299999713897705,3.190000057220459,3788100
2022-10-04,3.2300000190734863,3.2300000190734863,3.2300000190734863,3.109999895095825,3.119999885559082,4926800
2022-10-05,3.1500000953674316,3.1500000953674316,3.2100000381469727,3.049999952316284,3.1600000858306885,3331300
2022-10-06,3.2300000190734863,3.2300000190734863,3.2799999713897705,3.130000114440918,3.1600000858306885,3066700
2022-10-07,3.2100000381469727,3.2100000381469727,3.299999952316284,3.180000066757202,3.200000047683716,3815800
2022-10-10,3.0799999237060547,3.0799999237060547,3.2100000381469727,3.049999952316284,3.190000057220459,4317200
2022-10-11,3.1600000858306885,3.1600000858306885,3.2300000190734863,2.9600000381469727,3.069999933242798,3529800
2022-10-12,3.0199999809265137,3.0199999809265137,3.2200000286102295,3.0,3.140000104904175,3831600
2022-10-13,3.119999885559082,3.119999885559082,3.119999885559082,2.9100000858306885,2.9600000381469727,3659200
2022-10-14,3.059999942779541,3.059999942779541,3.2100000381469727,3.0299999713897705,3.119999885559082,3394100
2022-10-17,3.2699999809265137,3.2699999809265137,3.319999933242798,3.069999933242798,3.109999895095825,4174600
2022-10-18,3.3499999046325684,3.3499999046325684,3.380000114440918,3.2699999809265137,3.3399999141693115,3113100
2022-10-19,3.180000066757202,3.180000066757202,3.390000104904175,3.119999885559082,3.359999895095825,5321800
2022-10-20,3.2100000381469727,3.2100000381469727,3.3299999237060547,3.1700000762939453,3.2100000381469727,2621100
2022-10-21,3.3299999237060547,3.3299999237060547,3.3299999237060547,3.1700000762939453,3.25,4051400
2022-10-24,3.240000009536743,3.240000009536743,3.319999933242798,3.200000047683716,3.319999933242798,2902300
2022-10-25,3.369999885559082,3.369999885559082,3.4200000762939453,3.240000009536743,3.259999990463257,3016100
2022-10-26,3.4000000953674316,3.4000000953674316,3.5799999237060547,3.3399999141693115,3.369999885559082,4818600
2022-10-27,3.3499999046325684,3.3499999046325684,3.4700000286102295,3.3399999141693115,3.440000057220459,3108500
2022-10-28,3.490000009536743,3.490000009536743,3.509999990463257,3.309999942779541,3.380000114440918,4089800
2022-10-31,3.380000114440918,3.380000114440918,3.4700000286102295,3.3399999141693115,3.4200000762939453,4647900
2022-11-01,3.4700000286102295,3.4700000286102295,3.5399999618530273,3.4000000953674316,3.440000057220459,3074200
2022-11-02,3.390000104904175,3.390000104904175,3.5999999046325684,3.380000114440918,3.4800000190734863,5322100
2022-11-03,3.440000057220459,3.440000057220459,3.5199999809265137,3.3399999141693115,3.359999895095825,2978800
2022-11-04,3.5299999713897705,3.5299999713897705,3.5999999046325684,3.430000066757202,3.5399999618530273,6686800
2022-11-07,3.630000114440918,3.630000114440918,3.740000009536743,3.509999990463257,3.569999933242798,4129400
2022-11-08,3.809999942779541,3.809999942779541,3.9000000953674316,3.6600000858306885,3.7100000381469727,4522000
2022-11-09,3.859999895095825,3.859999895095825,4.039999961853027,3.809999942779541,3.819999933242798,7212500
2022-11-10,4.25,4.25,4.28000020980835,3.950000047683716,4.019999980926514,8252500
2022-11-11,4.380000114440918,4.380000114440918,4.5,4.199999809265137,4.269999980926514,6554200
2022-11-14,4.260000228881836,4.260000228881836,4.489999771118164,4.119999885559082,4.320000171661377,6128800
2022-11-15,4.389999866485596,4.389999866485596,4.510000228881836,4.309999942779541,4.409999847412109,4616300
2022-11-16,4.150000095367432,4.150000095367432,4.5,4.050000190734863,4.349999904632568,5116300
2022-11-17,4.21999979019165,4.21999979019165,4.230000019073486,4.039999961853027,4.099999904632568,3240100
2022-11-18,4.199999809265137,4.199999809265137,4.309999942779541,4.159999847412109,4.300000190734863,2539600
2022-11-21,4.300000190734863,4.300000190734863,4.329999923706055,4.170000076293945,4.179999828338623,2434500
2022-11-22,4.429999828338623,4.429999828338623,4.429999828338623,4.21999979019165,4.380000114440918,4165300
2022-11-23,4.429999828338623,4.429999828338623,4.5,4.380000114440918,4.389999866485596,3437800
2022-11-25,4.510000228881836,4.510000228881836,4.550000190734863,4.340000152587891,4.409999847412109,1795400
2022-11-28,4.409999847412109,4.409999847412109,4.550000190734863,4.389999866485596,4.449999809265137,3325600
2022-11-29,4.429999828338623,4.429999828338623,4.550000190734863,4.420000076293945,4.429999828338623,3004200
2022-11-30,4.679999828338623,4.679999828338623,4.699999809265137,4.400000095367432,4.460000038146973,5572400
2022-12-01,4.659999847412109,4.659999847412109,4.71999979019165,4.53000020980835,4.659999847412109,3830900
2022-12-02,4.820000171661377,4.820000171661377,4.840000152587891,4.539999961853027,4.599999904632568,4113800
2022-12-05,4.610000133514404,4.610000133514404,4.809999942779541,4.570000171661377,4.809999942779541,3850300
2022-12-06,4.570000171661377,4.570000171661377,4.639999866485596,4.519999980926514,4.619999885559082,3202000
2022-12-07,4.699999809265137,4.699999809265137,4.710000038146973,4.489999771118164,4.53000020980835,3190900
2022-12-08,4.820000171661377,4.820000171661377,4.840000152587891,4.650000095367432,4.699999809265137,2955100
2022-12-09,4.670000076293945,4.670000076293945,4.869999885559082,4.659999847412109,4.800000190734863,4453200
2022-12-12,4.840000152587891,4.840000152587891,4.869999885559082,4.510000228881836,4.639999866485596,6014400
2022-12-13,4.889999866485596,4.889999866485596,4.929999828338623,4.670000076293945,4.900000095367432,5557300
2022-12-14,4.949999809265137,4.949999809265137,5.050000190734863,4.800000190734863,4.869999885559082,4854000
2022-12-15,4.78000020980835,4.78000020980835,4.949999809265137,4.739999771118164,4.909999847412109,4572200
2022-12-16,5.110000133514404,5.110000133514404,5.309999942779541,4.659999847412109,4.699999809265137,18253700
2022-12-19,4.900000095367432,4.900000095367432,5.119999885559082,4.829999923706055,5.110000133514404,6654700
2022-12-20,5.110000133514404,5.110000133514404,5.179999828338623,4.849999904632568,4.920000076293945,4369700
2022-12-21,5.199999809265137,5.199999809265137,5.309999942779541,5.050000190734863,5.139999866485596,4094300
2022-12-22,5.28000020980835,5.28000020980835,5.289999961853027,5.03000020980835,5.139999866485596,5126600
2022-12-23,5.090000152587891,5.090000152587891,5.309999942779541,5.059999942779541,5.300000190734863,5520900
2022-12-27,5.110000133514404,5.110000133514404,5.210000038146973,5.050000190734863,5.090000152587891,2974500
2022-12-28,5.070000171661377,5.070000171661377,5.230000019073486,5.039999961853027,5.110000133514404,4510500
2022-12-29,5.369999885559082,5.369999885559082,5.46999979019165,5.090000152587891,5.099999904632568,5229300
2022-12-30,5.269999980926514,5.269999980926514,5.389999866485596,5.130000114440918,5.309999942779541,5705700
2023-01-03,5.210000038146973,5.210000038146973,5.360000133514404,5.170000076293945,5.309999942779541,2731800
2023-01-04,5.199999809265137,5.199999809265137,5.369999885559082,5.170000076293945,5.230000019073486,3101200
2023-01-05,4.940000057220459,4.940000057220459,5.21999979019165,4.929999828338623,5.150000095367432,4820400
2023-01-06,4.960000038146973,4.960000038146973,5.050000190734863,4.769999980926514,4.980000019073486,3133900
2023-01-09,4.769999980926514,4.769999980926514,5.010000228881836,4.739999771118164,4.96999979019165,5566500
2023-01-10,4.789999961853027,4.789999961853027,5.039999961853027,4.699999809265137,4.769999980926514,4658700
2023-01-11,4.849999904632568,4.849999904632568,4.889999866485596,4.699999809265137,4.769999980926514,3756600
2023-01-12,4.980000019073486,4.980000019073486,5.03000020980835,4.809999942779541,4.849999904632568,4332200
2023-01-13,4.829999923706055,4.829999923706055,5.03000020980835,4.710000038146973,4.929999828338623,4051200
2023-01-17,4.570000171661377,4.570000171661377,4.840000152587891,4.550000190734863,4.829999923706055,2927300
2023-01-18,4.559999942779541,4.559999942779541,4.670000076293945,4.53000020980835,4.579999923706055,2861400
2023-01-19,4.519999980926514,4.519999980926514,4.590000152587891,4.5,4.579999923706055,2602600
2023-01-20,4.75,4.75,4.78000020980835,4.539999961853027,4.599999904632568,3122600
2023-01-23,4.860000133514404,4.860000133514404,4.880000114440918,4.639999866485596,4.78000020980835,3856100
2023-01-24,5.190000057220459,5.190000057220459,5.21999979019165,4.769999980926514,4.829999923706055,4524300
2023-01-25,5.300000190734863,5.300000190734863,5.320000171661377,5.090000152587891,5.130000114440918,2156900
2023-01-26,5.309999942779541,5.309999942779541,5.360000133514404,5.210000038146973,5.329999923706055,2645600
2023-01-27,5.230000019073486,5.230000019073486,5.349999904632568,5.170000076293945,5.260000228881836,1877300
2023-01-30,5.150000095367432,5.150000095367432,5.289999961853027,5.090000152587891,5.190000057220459,1877800
2023-01-31,5.46999979019165,5.46999979019165,5.510000228881836,5.190000057220459,5.190000057220459,5174600
2023-02-01,5.269999980926514,5.269999980926514,5.510000228881836,5.179999828338623,5.449999809265137,3618500
2023-02-02,5.289999961853027,5.289999961853027,5.340000152587891,5.090000152587891,5.289999961853027,2863900
2023-02-03,5.179999828338623,5.179999828338623,5.329999923706055,5.150000095367432,5.199999809265137,2370000
2023-02-06,5.159999847412109,5.159999847412109,5.289999961853027,5.110000133514404,5.130000114440918,1828700
2023-02-07,5.25,5.25,5.28000020980835,5.099999904632568,5.179999828338623,2139000
2023-02-08,5.099999904632568,5.099999904632568,5.260000228881836,5.099999904632568,5.230000019073486,1820200
2023-02-09,5.119999885559082,5.119999885559082,5.239999771118164,5.110000133514404,5.179999828338623,1572700
2023-02-10,5.159999847412109,5.159999847412109,5.230000019073486,5.019999980926514,5.110000133514404,2836300
2023-02-13,5.300000190734863,5.300000190734863,5.389999866485596,5.119999885559082,5.190000057220459,1794600
2023-02-14,5.420000076293945,5.420000076293945,5.5,5.239999771118164,5.28000020980835,2303700
2023-02-15,5.360000133514404,5.360000133514404,5.409999847412109,5.289999961853027,5.380000114440918,1689400
2023-02-16,5.369999885559082,5.369999885559082,5.460000038146973,5.269999980926514,5.289999961853027,1935300
2023-02-17,5.630000114440918,5.630000114440918,5.659999847412109,5.320000171661377,5.320000171661377,3109000
2023-02-21,5.269999980926514,5.269999980926514,5.570000171661377,5.239999771118164,5.570000171661377,4152100
2023-02-22,5.190000057220459,5.190000057220459,5.289999961853027,5.090000152587891,5.099999904632568,3510400
2023-02-23,5.21999979019165,5.21999979019165,5.25,5.079999923706055,5.21999979019165,2658500
2023-02-24,5.409999847412109,5.409999847412109,5.650000095367432,5.179999828338623,5.199999809265137,4491400
2023-02-27,5.380000114440918,5.380000114440918,5.730000019073486,5.360000133514404,5.550000190734863,4588900
2023-02-28,5.28000020980835,5.28000020980835,5.510000228881836,5.269999980926514,5.380000114440918,3472700
2023-03-01,4.829999923706055,4.829999923706055,5.309999942779541,4.769999980926514,5.289999961853027,6347400
2023-03-02,4.809999942779541,4.809999942779541,4.900000095367432,4.699999809265137,4.800000190734863,4069100
2023-03-03,4.869999885559082,4.869999885559082,4.980000019073486,4.610000133514404,4.809999942779541,3090200
2023-03-06,4.800000190734863,4.800000190734863,4.96999979019165,4.760000228881836,4.96999979019165,2355700
2023-03-07,4.75,4.75,4.829999923706055,4.710000038146973,4.78000020980835,1959200
2023-03-08,4.78000020980835,4.78000020980835,4.869999885559082,4.730000019073486,4.78000020980835,1684600
2023-03-09,4.619999885559082,4.619999885559082,4.809999942779541,4.579999923706055,4.809999942779541,5744200
2023-03-10,4.46999979019165,4.46999979019165,4.650000095367432,4.380000114440918,4.599999904632568,3767700
2023-03-13,4.429999828338623,4.429999828338623,4.599999904632568,4.369999885559082,4.420000076293945,3687100
2023-03-14,4.230000019073486,4.230000019073486,4.559999942779541,4.190000057220459,4.559999942779541,5014200
2023-03-15,4.090000152587891,4.090000152587891,4.179999828338623,4.03000020980835,4.110000133514404,4034700
2023-03-16,4.159999847412109,4.159999847412109,4.230000019073486,3.990000009536743,4.070000171661377,2885600
2023-03-17,4.070000171661377,4.070000171661377,4.139999866485596,3.990000009536743,4.110000133514404,6808900
2023-03-20,4.070000171661377,4.070000171661377,4.099999904632568,3.950000047683716,4.059999942779541,2364700
2023-03-21,4.110000133514404,4.110000133514404,4.25,4.099999904632568,4.110000133514404,1760400
2023-03-22,3.950000047683716,3.950000047683716,4.099999904632568,3.940000057220459,4.099999904632568,2560500
2023-03-23,4.039999961853027,4.039999961853027,4.090000152587891,3.940000057220459,4.019999980926514,2425000
2023-03-24,3.990000009536743,3.990000009536743,4.039999961853027,3.930000066757202,3.9800000190734863,2841900
2023-03-27,4.03000020980835,4.03000020980835,4.099999904632568,3.990000009536743,4.039999961853027,1924400
2023-03-28,4.010000228881836,4.010000228881836,4.079999923706055,3.9800000190734863,4.03000020980835,1549400
2023-03-29,4.090000152587891,4.090000152587891,4.110000133514404,4.010000228881836,4.059999942779541,1926900
2023-03-30,3.990000009536743,3.990000009536743,4.119999885559082,3.930000066757202,4.119999885559082,2290600
2023-03-31,4.099999904632568,4.099999904632568,4.119999885559082,4.0,4.03000020980835,3573700
2023-04-03,4.130000114440918,4.130000114440918,4.159999847412109,4.090000152587891,4.099999904632568,2001400
2023-04-04,4.039999961853027,4.039999961853027,4.139999866485596,4.0,4.130000114440918,2573000
2023-04-05,4.050000190734863,4.050000190734863,4.139999866485596,4.019999980926514,4.039999961853027,1720400
2023-04-06,4.150000095367432,4.150000095367432,4.239999771118164,4.03000020980835,4.059999942779541,9116200
2023-04-10,3.950000047683716,3.950000047683716,4.139999866485596,3.950000047683716,4.139999866485596,2960100
2023-04-11,3.9700000286102295,3.9700000286102295,3.990000009536743,3.8499999046325684,3.930000066757202,2876800
2023-04-12,3.9000000953674316,3.9000000953674316,4.050000190734863,3.880000114440918,4.0,1822900
2023-04-13,4.170000076293945,4.170000076293945,4.210000038146973,3.9200000762939453,3.950000047683716,3854200
2023-04-14,4.03000020980835,4.03000020980835,4.170000076293945,3.950000047683716,4.170000076293945,2351200
2023-04-17,4.260000228881836,4.260000228881836,4.269999980926514,4.03000020980835,4.050000190734863,3024900
2023-04-18,4.260000228881836,4.260000228881836,4.309999942779541,4.179999828338623,4.289999961853027,2209000
2023-04-19,4.400000095367432,4.400000095367432,4.409999847412109,4.210000038146973,4.239999771118164,2189900
2023-04-20,4.03000020980835,4.03000020980835,4.349999904632568,3.940000057220459,4.349999904632568,4631300
2023-04-21,4.070000171661377,4.070000171661377,4.090000152587891,3.9700000286102295,4.050000190734863,3553200
2023-04-24,3.9600000381469727,3.9600000381469727,4.090000152587891,3.9200000762939453,4.039999961853027,2809900
2023-04-25,3.890000104904175,3.890000104904175,3.9800000190734863,3.859999895095825,3.930000066757202,1985600
2023-04-26,3.8299999237060547,3.8299999237060547,3.940000057220459,3.799999952316284,3.9000000953674316,2011900
2023-04-27,3.809999942779541,3.809999942779541,3.880000114440918,3.7799999713897705,3.8299999237060547,2654700
2023-04-28,3.8499999046325684,3.8499999046325684,3.890000104904175,3.7799999713897705,3.7899999618530273,2419300
2023-05-01,3.9600000381469727,3.9600000381469727,3.990000009536743,3.8399999141693115,3.8499999046325684,2611100
2023-05-02,3.7200000286102295,3.7200000286102295,3.9600000381469727,3.700000047683716,3.930000066757202,3571600
2023-05-03,3.930000066757202,3.930000066757202,3.9800000190734863,3.7100000381469727,3.740000009536743,5208600
2023-05-04,3.890000104904175,3.890000104904175,3.930000066757202,3.7200000286102295,3.930000066757202,3613100
2023-05-05,3.9600000381469727,3.9600000381469727,4.019999980926514,3.9000000953674316,3.950000047683716,3014500
2023-05-08,3.880000114440918,3.880000114440918,4.010000228881836,3.8499999046325684,3.9800000190734863,2561900
2023-05-09,3.799999952316284,3.799999952316284,3.9000000953674316,3.740000009536743,3.8499999046325684,2560800
2023-05-10,4.400000095367432,4.400000095367432,4.590000152587891,4.0,4.019999980926514,6366900
2023-05-11,4.239999771118164,4.239999771118164,4.53000020980835,4.179999828338623,4.420000076293945,3675400
2023-05-12,4.230000019073486,4.230000019073486,4.309999942779541,4.179999828338623,4.289999961853027,3962500
2023-05-15,4.53000020980835,4.53000020980835,4.559999942779541,4.239999771118164,4.239999771118164,6211900
2023-05-16,4.389999866485596,4.389999866485596,4.510000228881836,4.320000171661377,4.480000019073486,4463600
2023-05-17,4.550000190734863,4.550000190734863,4.559999942779541,4.380000114440918,4.440000057220459,3540300
2023-05-18,4.559999942779541,4.559999942779541,4.630000114440918,4.489999771118164,4.550000190734863,3398100
2023-05-19,4.619999885559082,4.619999885559082,4.650000095367432,4.559999942779541,4.639999866485596,2833600
2023-05-22,4.789999961853027,4.789999961853027,4.840000152587891,4.639999866485596,4.650000095367432,2576100
2023-05-23,4.659999847412109,4.659999847412109,4.820000171661377,4.579999923706055,4.78000020980835,2251800
2023-05-24,4.710000038146973,4.710000038146973,4.760000228881836,4.539999961853027,4.630000114440918,3601600
2023-05-25,4.550000190734863,4.550000190734863,4.710000038146973,4.53000020980835,4.699999809265137,2950100
2023-05-26,4.539999961853027,4.539999961853027,4.590000152587891,4.420000076293945,4.539999961853027,2484000
2023-05-30,4.429999828338623,4.429999828338623,4.630000114440918,4.389999866485596,4.510000228881836,2681400
2023-05-31,4.639999866485596,4.639999866485596,4.659999847412109,4.389999866485596,4.389999866485596,4949900
2023-06-01,4.480000019073486,4.480000019073486,4.639999866485596,4.46999979019165,4.639999866485596,1944600
2023-06-02,4.460000038146973,4.460000038146973,4.570000171661377,4.349999904632568,4.539999961853027,2824000
2023-06-05,4.320000171661377,4.320000171661377,4.420000076293945,4.25,4.420000076293945,2275300
2023-06-06,4.320000171661377,4.320000171661377,4.440000057220459,4.260000228881836,4.320000171661377,2272500
2023-06-07,4.210000038146973,4.210000038146973,4.440000057220459,4.110000133514404,4.360000133514404,3101700
2023-06-08,4.119999885559082,4.119999885559082,4.210000038146973,4.090000152587891,4.170000076293945,2850700
2023-06-09,4.03000020980835,4.03000020980835,4.110000133514404,3.9600000381469727,4.099999904632568,2627900
2023-06-12,4.139999866485596,4.139999866485596,4.199999809265137,4.039999961853027,4.099999904632568,2362200
2023-06-13,4.239999771118164,4.239999771118164,4.260000228881836,4.139999866485596,4.159999847412109,2613300
2023-06-14,4.130000114440918,4.130000114440918,4.269999980926514,4.090000152587891,4.239999771118164,2066000
2023-06-15,4.190000057220459,4.190000057220459,4.190000057220459,4.090000152587891,4.150000095367432,1993400
2023-06-16,4.090000152587891,4.090000152587891,4.269999980926514,4.070000171661377,4.21999979019165,7061900
2023-06-20,4.019999980926514,4.019999980926514,4.079999923706055,3.990000009536743,4.079999923706055,1811600
2023-06-21,4.150000095367432,4.150000095367432,4.199999809265137,4.010000228881836,4.010000228881836,2429600
2023-06-22,4.059999942779541,4.059999942779541,4.190000057220459,4.050000190734863,4.150000095367432,1485800
2023-06-23,3.930000066757202,3.930000066757202,4.039999961853027,3.9000000953674316,4.019999980926514,11288700
2023-06-26,3.9600000381469727,3.9600000381469727,4.03000020980835,3.930000066757202,3.940000057220459,2797100
2023-06-27,3.9700000286102295,3.9700000286102295,4.019999980926514,3.9200000762939453,3.9800000190734863,1717200
2023-06-28,3.9600000381469727,3.9600000381469727,3.990000009536743,3.9000000953674316,3.9800000190734863,1906800
2023-06-29,3.9600000381469727,3.9600000381469727,3.990000009536743,3.9200000762939453,3.9600000381469727,1824600
2023-06-30,4.070000171661377,4.070000171661377,4.139999866485596,3.9600000381469727,3.990000009536743,2621200
2023-07-03,3.9800000190734863,3.9800000190734863,4.139999866485596,3.950000047683716,3.950000047683716,1390900
2023-07-05,4.0,4.0,4.039999961853027,3.950000047683716,3.9800000190734863,1455900
2023-07-06,3.9200000762939453,3.9200000762939453,3.9800000190734863,3.9000000953674316,3.9800000190734863,2024900
2023-07-07,3.9100000858306885,3.9100000858306885,4.070000171661377,3.890000104904175,3.9000000953674316,1974300
2023-07-10,4.119999885559082,4.119999885559082,4.130000114440918,3.890000104904175,3.890000104904175,2836700
2023-07-11,4.090000152587891,4.090000152587891,4.190000057220459,4.039999961853027,4.099999904632568,1931000
2023-07-12,4.150000095367432,4.150000095367432,4.210000038146973,4.119999885559082,4.130000114440918,1746500
2023-07-13,4.21999979019165,4.21999979019165,4.28000020980835,4.150000095367432,4.179999828338623,1634700
2023-07-14,4.21999979019165,4.21999979019165,4.289999961853027,4.179999828338623,4.230000019073486,1022300
2023-07-17,4.349999904632568,4.349999904632568,4.369999885559082,4.239999771118164,4.25,1602600
2023-07-18,4.369999885559082,4.369999885559082,4.429999828338623,4.309999942779541,4.349999904632568,1296700
2023-07-19,4.420000076293945,4.420000076293945,4.46999979019165,4.369999885559082,4.369999885559082,1068700
2023-07-20,4.389999866485596,4.389999866485596,4.489999771118164,4.380000114440918,4.409999847412109,1235700
2023-07-21,4.429999828338623,4.429999828338623,4.480000019073486,4.400000095367432,4.429999828338623,1595000
2023-07-24,4.429999828338623,4.429999828338623,4.449999809265137,4.289999961853027,4.440000057220459,1762300
2023-07-25,4.460000038146973,4.460000038146973,4.570000171661377,4.400000095367432,4.400000095367432,1357400
2023-07-26,4.409999847412109,4.409999847412109,4.519999980926514,4.380000114440918,4.460000038146973,1450600
2023-07-27,4.420000076293945,4.420000076293945,4.53000020980835,4.400000095367432,4.449999809265137,1484500
2023-07-28,4.630000114440918,4.630000114440918,4.710000038146973,4.449999809265137,4.449999809265137,2550700
2023-07-31,4.570000171661377,4.570000171661377,4.710000038146973,4.519999980926514,4.639999866485596,2068600
2023-08-01,4.489999771118164,4.489999771118164,4.630000114440918,4.449999809265137,4.53000020980835,2077800
2023-08-02,4.590000152587891,4.590000152587891,4.659999847412109,4.389999866485596,4.639999866485596,2827200
2023-08-03,4.699999809265137,4.699999809265137,4.849999904632568,4.510000228881836,4.610000133514404,2551800
2023-08-04,4.71999979019165,4.71999979019165,4.760000228881836,4.590000152587891,4.71999979019165,2253700
2023-08-07,4.599999904632568,4.599999904632568,4.769999980926514,4.570000171661377,4.739999771118164,3045900
2023-08-08,5.449999809265137,5.449999809265137,5.630000114440918,4.809999942779541,5.0,16221600
2023-08-09,5.340000152587891,5.340000152587891,5.75,5.309999942779541,5.489999771118164,8418700
2023-08-10,5.289999961853027,5.289999961853027,5.409999847412109,5.190000057220459,5.400000095367432,3788900
2023-08-11,5.25,5.25,5.320000171661377,5.150000095367432,5.260000228881836,4087600
2023-08-14,5.269999980926514,5.269999980926514,5.329999923706055,5.190000057220459,5.289999961853027,5308500
2023-08-15,5.239999771118164,5.239999771118164,5.289999961853027,5.159999847412109,5.289999961853027,3035900
2023-08-16,5.050000190734863,5.050000190734863,5.260000228881836,5.039999961853027,5.199999809265137,3490700
2023-08-17,4.949999809265137,4.949999809265137,5.130000114440918,4.940000057220459,5.050000190734863,3011800
2023-08-18,4.980000019073486,4.980000019073486,5.0,4.869999885559082,4.920000076293945,3443800
2023-08-21,4.760000228881836,4.760000228881836,5.03000020980835,4.710000038146973,4.96999979019165,3504800
2023-08-22,4.539999961853027,4.539999961853027,4.78000020980835,4.5,4.760000228881836,4031500
2023-08-23,4.630000114440918,4.630000114440918,4.659999847412109,4.539999961853027,4.550000190734863,2925000
2023-08-24,4.78000020980835,4.78000020980835,4.809999942779541,4.559999942779541,4.610000133514404,2840900
2023-08-25,4.71999979019165,4.71999979019165,4.820000171661377,4.570000171661377,4.820000171661377,2151100
2023-08-28,4.769999980926514,4.769999980926514,4.940000057220459,4.71999979019165,4.71999979019165,2283800
2023-08-29,4.670000076293945,4.670000076293945,4.769999980926514,4.639999866485596,4.760000228881836,1258000
2023-08-30,4.739999771118164,4.739999771118164,4.820000171661377,4.679999828338623,4.679999828338623,2346500
2023-08-31,4.610000133514404,4.610000133514404,4.75,4.599999904632568,4.71999979019165,1813500
2023-09-01,4.630000114440918,4.630000114440918,4.690000057220459,4.590000152587891,4.610000133514404,1942500
2023-09-05,4.579999923706055,4.579999923706055,4.639999866485596,4.539999961853027,4.610000133514404,2447400
2023-09-06,4.539999961853027,4.539999961853027,4.590000152587891,4.510000228881836,4.579999923706055,1536400
2023-09-07,4.389999866485596,4.389999866485596,4.53000020980835,4.369999885559082,4.53000020980835,2259100
2023-09-08,4.289999961853027,4.289999961853027,4.400000095367432,4.239999771118164,4.400000095367432,2191800
2023-09-11,4.349999904632568,4.349999904632568,4.380000114440918,4.230000019073486,4.230000019073486,2480100
2023-09-12,4.360000133514404,4.360000133514404,4.380000114440918,4.28000020980835,4.340000152587891,1731000
2023-09-13,4.300000190734863,4.300000190734863,4.409999847412109,4.28000020980835,4.349999904632568,3184700
2023-09-14,4.389999866485596,4.389999866485596,4.449999809265137,4.309999942779541,4.309999942779541,1799300
2023-09-15,4.349999904632568,4.349999904632568,4.389999866485596,4.260000228881836,4.389999866485596,7534400
2023-09-18,4.340000152587891,4.340000152587891,4.639999866485596,4.28000020980835,4.449999809265137,3359400
2023-09-19,4.239999771118164,4.239999771118164,4.340000152587891,4.21999979019165,4.320000171661377,1802600
2023-09-20,4.150000095367432,4.150000095367432,4.260000228881836,4.139999866485596,4.239999771118164,1658300
2023-09-21,4.110000133514404,4.110000133514404,4.190000057220459,4.090000152587891,4.119999885559082,2882400
2023-09-22,4.059999942779541,4.059999942779541,4.139999866485596,4.0,4.139999866485596,2352200
2023-09-25,4.010000228881836,4.010000228881836,4.079999923706055,3.990000009536743,4.079999923706055,1624500
2023-09-26,4.03000020980835,4.03000020980835,4.150000095367432,4.010000228881836,4.03000020980835,2740600
2023-09-27,4.099999904632568,4.099999904632568,4.110000133514404,4.0,4.039999961853027,1257600
2023-09-28,4.110000133514404,4.110000133514404,4.139999866485596,4.010000228881836,4.070000171661377,1593700
2023-09-29,4.130000114440918,4.130000114440918,4.199999809265137,4.099999904632568,4.150000095367432,1669100
2023-10-02,4.03000020980835,4.03000020980835,4.130000114440918,3.990000009536743,4.079999923706055,2451300
2023-10-03,3.869999885559082,3.869999885559082,4.130000114440918,3.859999895095825,4.03000020980835,2793400
2023-10-04,3.9000000953674316,3.9000000953674316,3.9200000762939453,3.809999942779541,3.9200000762939453,1650300
2023-10-05,4.070000171661377,4.070000171661377,4.090000152587891,3.9000000953674316,3.9000000953674316,2529300
2023-10-06,4.010000228881836,4.010000228881836,4.099999904632568,4.0,4.039999961853027,1893700
2023-10-09,3.940000057220459,3.940000057220459,3.9800000190734863,3.859999895095825,3.9800000190734863,1096800
2023-10-10,4.239999771118164,4.239999771118164,4.420000076293945,4.070000171661377,4.070000171661377,3845400
2023-10-11,4.179999828338623,4.179999828338623,4.300000190734863,4.150000095367432,4.239999771118164,1130500
2023-10-12,3.990000009536743,3.990000009536743,4.190000057220459,3.9600000381469727,4.159999847412109,2079100
2023-10-13,3.990000009536743,3.990000009536743,4.03000020980835,3.9600000381469727,4.019999980926514,2074100
2023-10-16,4.099999904632568,4.099999904632568,4.119999885559082,3.9100000858306885,4.0,1366400
2023-10-17,4.230000019073486,4.230000019073486,4.320000171661377,4.079999923706055,4.079999923706055,2315700
2023-10-18,4.199999809265137,4.199999809265137,4.260000228881836,4.170000076293945,4.210000038146973,1753400
2023-10-19,4.110000133514404,4.110000133514404,4.230000019073486,4.099999904632568,4.159999847412109,1251600
2023-10-20,4.210000038146973,4.210000038146973,4.269999980926514,4.079999923706055,4.130000114440918,1580700
2023-10-23,4.090000152587891,4.090000152587891,4.25,4.079999923706055,4.199999809265137,1807500
2023-10-24,4.150000095367432,4.150000095367432,4.230000019073486,4.110000133514404,4.150000095367432,1642600
2023-10-25,4.050000190734863,4.050000190734863,4.139999866485596,4.010000228881836,4.099999904632568,1957300
2023-10-26,4.039999961853027,4.039999961853027,4.119999885559082,4.0,4.090000152587891,1755400
2023-10-27,3.9100000858306885,3.9100000858306885,4.090000152587891,3.890000104904175,4.03000020980835,2578200
2023-10-30,4.159999847412109,4.159999847412109,4.170000076293945,3.9000000953674316,3.9200000762939453,1453500
2023-10-31,4.289999961853027,4.289999961853027,4.300000190734863,4.110000133514404,4.130000114440918,2354000
2023-11-01,4.03000020980835,4.03000020980835,4.380000114440918,3.9800000190734863,4.25,3116600
2023-11-02,3.9800000190734863,3.9800000190734863,4.070000171661377,3.819999933242798,4.050000190734863,3423300
2023-11-03,3.9600000381469727,3.9600000381469727,4.090000152587891,3.950000047683716,4.039999961853027,2587100
2023-11-06,3.680000066757202,3.680000066757202,3.950000047683716,3.6500000953674316,3.950000047683716,3936000
2023-11-07,3.799999952316284,3.799999952316284,3.869999885559082,3.690000057220459,3.819999933242798,2735100
2023-11-08,3.6500000953674316,3.6500000953674316,4.050000190734863,3.619999885559082,4.019999980926514,4058600
2023-11-09,3.4700000286102295,3.4700000286102295,3.6600000858306885,3.380000114440918,3.630000114440918,4142400
2023-11-10,3.430000066757202,3.430000066757202,3.5399999618530273,3.4100000858306885,3.5299999713897705,2288000
2023-11-13,3.5399999618530273,3.5399999618530273,3.549999952316284,3.380000114440918,3.4800000190734863,5467200
2023-11-14,3.7200000286102295,3.7200000286102295,3.759999990463257,3.5899999141693115,3.609999895095825,4930800
2023-11-15,3.75,3.75,3.9000000953674316,3.700000047683716,3.759999990463257,2712800
2023-11-16,3.5999999046325684,3.5999999046325684,3.7899999618530273,3.569999933242798,3.75,2534600
2023-11-17,3.799999952316284,3.799999952316284,3.8499999046325684,3.630000114440918,3.630000114440918,2984000
2023-11-20,3.759999990463257,3.759999990463257,3.859999895095825,3.7200000286102295,3.8299999237060547,1717400
2023-11-21,3.7100000381469727,3.7100000381469727,3.890000104904175,3.700000047683716,3.7699999809265137,3878300
2023-11-22,3.6500000953674316,3.6500000953674316,3.7699999809265137,3.640000104904175,3.7100000381469727,1631300
2023-11-24,3.619999885559082,3.619999885559082,3.680000066757202,3.5899999141693115,3.6500000953674316,714500
2023-11-27,3.5199999809265137,3.5199999809265137,3.5999999046325684,3.490000009536743,3.5799999237060547,2124400
2023-11-28,3.5,3.5,3.5799999237060547,3.4600000381469727,3.5199999809265137,1919400
2023-11-29,3.5399999618530273,3.5399999618530273,3.5799999237060547,3.490000009536743,3.5199999809265137,1591000
2023-11-30,3.619999885559082,3.619999885559082,3.700000047683716,3.5399999618530273,3.5399999618530273,1669600
2023-12-01,3.7699999809265137,3.7699999809265137,3.7799999713897705,3.5899999141693115,3.619999885559082,3315300
2023-12-04,3.75,3.75,3.8299999237060547,3.609999895095825,3.7799999713897705,2630200
2023-12-05,3.7100000381469727,3.7100000381469727,3.7899999618530273,3.640000104904175,3.7200000286102295,2574500
2023-12-06,3.5899999141693115,3.5899999141693115,3.759999990463257,3.569999933242798,3.7100000381469727,3709600
2023-12-07,3.6700000762939453,3.6700000762939453,3.680000066757202,3.5899999141693115,3.609999895095825,2255800
2023-12-08,3.5799999237060547,3.5799999237060547,3.700000047683716,3.569999933242798,3.6600000858306885,2214300
2023-12-11,3.5399999618530273,3.5399999618530273,3.609999895095825,3.509999990463257,3.5799999237060547,2149500
2023-12-12,3.509999990463257,3.509999990463257,3.549999952316284,3.430000066757202,3.549999952316284,2311200
2023-12-13,3.880000114440918,3.880000114440918,3.880000114440918,3.5,3.5,3436100
2023-12-14,3.9800000190734863,3.9800000190734863,4.050000190734863,3.880000114440918,3.930000066757202,3479300
2023-12-15,3.940000057220459,3.940000057220459,4.039999961853027,3.9000000953674316,3.9800000190734863,3295000
2023-12-18,3.7300000190734863,3.7300000190734863,3.9200000762939453,3.7100000381469727,3.9200000762939453,2393000
2023-12-19,3.9100000858306885,3.9100000858306885,3.9200000762939453,3.7699999809265137,3.799999952316284,2070400
2023-12-20,3.3399999141693115,3.3399999141693115,4.0,3.299999952316284,3.9000000953674316,9236300
2023-12-21,3.4200000762939453,3.4200000762939453,3.5299999713897705,3.369999885559082,3.4000000953674316,3408200
2023-12-22,3.5999999046325684,3.5999999046325684,3.619999885559082,3.440000057220459,3.490000009536743,3044100
2023-12-26,3.630000114440918,3.630000114440918,3.700000047683716,3.5799999237060547,3.619999885559082,1983800
2023-12-27,3.6600000858306885,3.6600000858306885,3.6700000762939453,3.5999999046325684,3.640000104904175,1722300
2023-12-28,3.700000047683716,3.700000047683716,3.75,3.6500000953674316,3.6500000953674316,1932300
2023-12-29,3.640000104904175,3.640000104904175,3.7200000286102295,3.630000114440918,3.7200000286102295,1696500
2024-01-02,3.9200000762939453,3.9200000762939453,4.139999866485596,3.690000057220459,3.7100000381469727,7778500
2024-01-03,3.700000047683716,3.700000047683716,4.0,3.630000114440918,4.0,3811500
2024-01-04,3.819999933242798,3.819999933242798,3.880000114440918,3.700000047683716,3.740000009536743,2663300
2024-01-05,3.640000104904175,3.640000104904175,3.7699999809265137,3.619999885559082,3.759999990463257,5314700
2024-01-08,3.7100000381469727,3.7100000381469727,3.7100000381469727,3.4100000858306885,3.609999895095825,3305600
2024-01-09,3.569999933242798,3.569999933242798,3.6500000953674316,3.559999942779541,3.640000104904175,2169200
2024-01-10,3.5899999141693115,3.5899999141693115,3.5999999046325684,3.490000009536743,3.559999942779541,1675200
2024-01-11,3.4700000286102295,3.4700000286102295,3.609999895095825,3.4600000381469727,3.5199999809265137,2911800
2024-01-12,3.4200000762939453,3.4200000762939453,3.5199999809265137,3.309999942779541,3.490000009536743,3045900
2024-01-16,3.3299999237060547,3.3299999237060547,3.380000114440918,3.2899999618530273,3.369999885559082,2058500
2024-01-17,3.2799999713897705,3.2799999713897705,3.319999933242798,3.2100000381469727,3.309999942779541,3628000
2024-01-18,3.3499999046325684,3.3499999046325684,3.359999895095825,3.25,3.319999933242798,3062200
2024-01-19,3.359999895095825,3.359999895095825,3.4000000953674316,3.299999952316284,3.380000114440918,3263100
2024-01-22,3.450000047683716,3.450000047683716,3.490000009536743,3.3299999237060547,3.390000104904175,5800700
2024-01-23,3.450000047683716,3.450000047683716,3.569999933242798,3.369999885559082,3.5,1470600
2024-01-24,3.430000066757202,3.430000066757202,3.5199999809265137,3.4100000858306885,3.4700000286102295,2176700
2024-01-25,3.440000057220459,3.440000057220459,3.549999952316284,3.4200000762939453,3.4800000190734863,1527200
2024-01-26,3.3499999046325684,3.3499999046325684,3.5,3.3299999237060547,3.4700000286102295,1338700
2024-01-29,3.5199999809265137,3.5199999809265137,3.5299999713897705,3.319999933242798,3.3499999046325684,1956200
2024-01-30,3.4100000858306885,3.4100000858306885,3.5,3.390000104904175,3.5,1380000
2024-01-31,3.3399999141693115,3.3399999141693115,3.490000009536743,3.3399999141693115,3.390000104904175,1955700
2024-02-01,3.4100000858306885,3.4100000858306885,3.430000066757202,3.319999933242798,3.380000114440918,1826500
2024-02-02,3.2799999713897705,3.2799999713897705,3.380000114440918,3.2200000286102295,3.380000114440918,1897200
2024-02-05,3.25,3.25,3.2899999618530273,3.1700000762939453,3.2799999713897705,1950300
2024-02-06,3.4600000381469727,3.4600000381469727,3.4700000286102295,3.2200000286102295,3.240000009536743,1773300
2024-02-07,3.430000066757202,3.430000066757202,3.4800000190734863,3.369999885559082,3.4700000286102295,1412400
2024-02-08,3.430000066757202,3.430000066757202,3.4600000381469727,3.369999885559082,3.4100000858306885,939400
2024-02-09,3.509999990463257,3.509999990463257,3.509999990463257,3.430000066757202,3.4800000190734863,1694000
2024-02-12,3.6700000762939453,3.6700000762939453,3.680000066757202,3.430000066757202,3.509999990463257,2793100
2024-02-13,3.4000000953674316,3.4000000953674316,3.5999999046325684,3.380000114440918,3.5999999046325684,3025300
2024-02-14,3.5999999046325684,3.5999999046325684,3.609999895095825,3.4100000858306885,3.450000047683716,2371100
2024-02-15,3.7100000381469727,3.7100000381469727,3.740000009536743,3.5999999046325684,3.619999885559082,2864600
2024-02-16,3.6500000953674316,3.6500000953674316,3.7200000286102295,3.619999885559082,3.7100000381469727,1496900
2024-02-20,3.5999999046325684,3.5999999046325684,3.6600000858306885,3.559999942779541,3.5899999141693115,1511500
2024-02-21,3.5999999046325684,3.5999999046325684,3.640000104904175,3.5299999713897705,3.609999895095825,1204900
2024-02-22,3.5899999141693115,3.5899999141693115,3.640000104904175,3.5299999713897705,3.5999999046325684,1176100
2024-02-23,3.549999952316284,3.549999952316284,3.5999999046325684,3.5299999713897705,3.5799999237060547,1449400
2024-02-26,3.5799999237060547,3.5799999237060547,3.5799999237060547,3.4700000286102295,3.569999933242798,1731300
2024-02-27,3.7799999713897705,3.7799999713897705,3.8299999237060547,3.569999933242798,3.5999999046325684,3338200
2024-02-28,3.9200000762939453,3.9200000762939453,4.28000020980835,3.859999895095825,3.9000000953674316,6239300
2024-02-29,4.110000133514404,4.110000133514404,4.320000171661377,3.9800000190734863,4.03000020980835,6370700
2024-03-01,4.5,4.5,4.699999809265137,4.150000095367432,4.150000095367432,7003900
2024-03-04,4.650000095367432,4.650000095367432,4.670000076293945,4.460000038146973,4.599999904632568,6869800
2024-03-05,4.75,4.75,4.860000133514404,4.610000133514404,4.650000095367432,6434300
2024-03-06,4.800000190734863,4.800000190734863,4.860000133514404,4.710000038146973,4.849999904632568,4732900
2024-03-07,5.150000095367432,5.150000095367432,5.210000038146973,4.800000190734863,4.849999904632568,8675300
2024-03-08,5.269999980926514,5.269999980926514,5.400000095367432,5.190000057220459,5.199999809265137,5133700
2024-03-11,4.610000133514404,4.610000133514404,5.260000228881836,4.550000190734863,5.25,6829700
2024-03-12,4.449999809265137,4.449999809265137,4.639999866485596,4.400000095367432,4.579999923706055,3356600
2024-03-13,4.590000152587891,4.590000152587891,4.610000133514404,4.440000057220459,4.440000057220459,3143700
2024-03-14,4.5,4.5,4.639999866485596,4.429999828338623,4.539999961853027,2433300
2024-03-15,4.46999979019165,4.46999979019165,4.570000171661377,4.400000095367432,4.460000038146973,5811300
2024-03-18,4.619999885559082,4.619999885559082,4.739999771118164,4.409999847412109,4.460000038146973,3996600
2024-03-19,4.670000076293945,4.670000076293945,4.699999809265137,4.539999961853027,4.610000133514404,1824100
2024-03-20,4.820000171661377,4.820000171661377,4.829999923706055,4.599999904632568,4.690000057220459,2200900
2024-03-21,4.760000228881836,4.760000228881836,4.960000038146973,4.699999809265137,4.869999885559082,2511900
2024-03-22,4.920000076293945,4.920000076293945,4.940000057220459,4.739999771118164,4.789999961853027,2243800
2024-03-25,4.900000095367432,4.900000095367432,5.110000133514404,4.889999866485596,4.920000076293945,1911500
2024-03-26,4.909999847412109,4.909999847412109,5.059999942779541,4.860000133514404,4.949999809265137,2590200
2024-03-27,4.630000114440918,4.630000114440918,4.929999828338623,4.519999980926514,4.900000095367432,5866700
2024-03-28,4.53000020980835,4.53000020980835,4.739999771118164,4.489999771118164,4.630000114440918,2578100
2024-04-01,4.340000152587891,4.340000152587891,4.519999980926514,4.300000190734863,4.519999980926514,2720600
2024-04-02,4.309999942779541,4.309999942779541,4.340000152587891,4.230000019073486,4.300000190734863,4039400
2024-04-03,4.429999828338623,4.429999828338623,4.489999771118164,4.21999979019165,4.300000190734863,2812500
2024-04-04,4.309999942779541,4.309999942779541,4.519999980926514,4.300000190734863,4.46999979019165,2705500
2024-04-05,4.440000057220459,4.440000057220459,4.539999961853027,4.210000038146973,4.300000190734863,2572700
2024-04-08,4.550000190734863,4.550000190734863,4.619999885559082,4.420000076293945,4.46999979019165,1958600
2024-04-09,4.440000057220459,4.440000057220459,4.599999904632568,4.389999866485596,4.46999979019165,2064100
2024-04-10,4.239999771118164,4.239999771118164,4.349999904632568,4.150000095367432,4.340000152587891,3036100
2024-04-11,4.300000190734863,4.300000190734863,4.380000114440918,4.199999809265137,4.289999961853027,1493600
2024-04-12,4.150000095367432,4.150000095367432,4.329999923706055,4.099999904632568,4.300000190734863,2108400
2024-04-15,4.119999885559082,4.119999885559082,4.210000038146973,4.099999904632568,4.159999847412109,1600900
2024-04-16,4.050000190734863,4.050000190734863,4.130000114440918,4.039999961853027,4.099999904632568,1324700
2024-04-17,4.099999904632568,4.099999904632568,4.139999866485596,3.9700000286102295,4.090000152587891,2453500
2024-04-18,4.079999923706055,4.079999923706055,4.21999979019165,4.050000190734863,4.110000133514404,1292600
2024-04-19,4.179999828338623,4.179999828338623,4.199999809265137,4.019999980926514,4.059999942779541,1795600
2024-04-22,4.110000133514404,4.110000133514404,4.260000228881836,4.110000133514404,4.230000019073486,1754700
2024-04-23,4.159999847412109,4.159999847412109,4.25,4.059999942779541,4.110000133514404,1020700
2024-04-24,4.190000057220459,4.190000057220459,4.289999961853027,4.150000095367432,4.150000095367432,2219000
2024-04-25,4.179999828338623,4.179999828338623,4.239999771118164,4.119999885559082,4.170000076293945,1775500
2024-04-26,4.230000019073486,4.230000019073486,4.369999885559082,4.150000095367432,4.199999809265137,2165300
2024-04-29,4.260000228881836,4.260000228881836,4.400000095367432,4.21999979019165,4.28000020980835,1813800
2024-04-30,4.110000133514404,4.110000133514404,4.309999942779541,4.110000133514404,4.239999771118164,2259800
2024-05-01,4.340000152587891,4.340000152587891,4.389999866485596,4.150000095367432,4.190000057220459,2507000
2024-05-02,4.380000114440918,4.380000114440918,4.440000057220459,4.289999961853027,4.440000057220459,1710800
2024-05-03,4.389999866485596,4.389999866485596,4.489999771118164,4.340000152587891,4.449999809265137,1836300
2024-05-06,4.400000095367432,4.400000095367432,4.519999980926514,4.380000114440918,4.519999980926514,1522700
2024-05-07,4.46999979019165,4.46999979019165,4.53000020980835,4.380000114440918,4.449999809265137,2188700
2024-05-08,4.400000095367432,4.400000095367432,4.480000019073486,4.340000152587891,4.46999979019165,1970800
2024-05-09,4.309999942779541,4.309999942779541,4.550000190734863,4.170000076293945,4.550000190734863,2359400
2024-05-10,4.320000171661377,4.320000171661377,4.449999809265137,4.21999979019165,4.349999904632568,1897700
2024-05-13,4.409999847412109,4.409999847412109,4.429999828338623,4.28000020980835,4.349999904632568,1806000
2024-05-14,4.5,4.5,4.519999980926514,4.400000095367432,4.449999809265137,2009500
2024-05-15,4.449999809265137,4.449999809265137,4.619999885559082,4.429999828338623,4.590000152587891,2000400
2024-05-16,4.590000152587891,4.590000152587891,4.650000095367432,4.400000095367432,4.449999809265137,2453200
2024-05-17,4.590000152587891,4.590000152587891,4.619999885559082,4.510000228881836,4.599999904632568,2119500
2024-05-20,4.699999809265137,4.699999809265137,4.75,4.550000190734863,4.599999904632568,2845700
2024-05-21,4.739999771118164,4.739999771118164,4.769999980926514,4.630000114440918,4.71999979019165,1499400
2024-05-22,4.820000171661377,4.820000171661377,4.829999923706055,4.639999866485596,4.679999828338623,1933200
2024-05-23,4.820000171661377,4.820000171661377,4.889999866485596,4.760000228881836,4.829999923706055,2142100
2024-05-24,4.78000020980835,4.78000020980835,4.849999904632568,4.75,4.820000171661377,1262400
2024-05-28,4.630000114440918,4.630000114440918,4.849999904632568,4.610000133514404,4.789999961853027,1966300
2024-05-29,4.53000020980835,4.53000020980835,4.699999809265137,4.440000057220459,4.599999904632568,2276800
2024-05-30,4.5,4.5,4.539999961853027,4.409999847412109,4.539999961853027,1983900
2024-05-31,4.670000076293945,4.670000076293945,4.679999828338623,4.5,4.53000020980835,2484500
2024-06-03,4.690000057220459,4.690000057220459,4.730000019073486,4.610000133514404,4.710000038146973,2368000
2024-06-04,4.550000190734863,4.550000190734863,4.670000076293945,4.46999979019165,4.650000095367432,3416500
2024-06-05,4.730000019073486,4.730000019073486,4.75,4.519999980926514,4.590000152587891,2103200
2024-06-06,4.639999866485596,4.639999866485596,4.75,4.639999866485596,4.690000057220459,1122000
2024-06-07,4.670000076293945,4.670000076293945,4.78000020980835,4.570000171661377,4.619999885559082,1722000
2024-06-10,4.489999771118164,4.489999771118164,4.599999904632568,4.360000133514404,4.579999923706055,3202300
2024-06-11,4.650000095367432,4.650000095367432,4.659999847412109,4.420000076293945,4.429999828338623,1583700
2024-06-12,4.730000019073486,4.730000019073486,4.800000190734863,4.690000057220459,4.699999809265137,2308100
2024-06-13,5.039999961853027,5.039999961853027,5.130000114440918,4.710000038146973,4.730000019073486,3467900
2024-06-14,4.800000190734863,4.800000190734863,5.010000228881836,4.739999771118164,5.0,2691000
2024-06-17,4.75,4.75,4.789999961853027,4.619999885559082,4.75,2433000
2024-06-18,4.78000020980835,4.78000020980835,4.820000171661377,4.71999979019165,4.760000228881836,1922500
2024-06-20,4.860000133514404,4.860000133514404,4.96999979019165,4.75,4.800000190734863,2188400
2024-06-21,5.110000133514404,5.110000133514404,5.139999866485596,4.869999885559082,4.900000095367432,7078800
2024-06-24,5.429999828338623,5.429999828338623,5.550000190734863,5.090000152587891,5.150000095367432,5539300
2024-06-25,5.239999771118164,5.239999771118164,5.510000228881836,5.230000019073486,5.369999885559082,2791800
2024-06-26,5.190000057220459,5.190000057220459,5.269999980926514,5.150000095367432,5.239999771118164,2095400
2024-06-27,5.289999961853027,5.289999961853027,5.300000190734863,5.179999828338623,5.21999979019165,1490500
2024-06-28,5.21999979019165,5.21999979019165,5.389999866485596,5.119999885559082,5.380000114440918,5349600
2024-07-01,5.090000152587891,5.090000152587891,5.269999980926514,5.010000228881836,5.199999809265137,3040200
2024-07-02,5.03000020980835,5.03000020980835,5.079999923706055,4.949999809265137,5.059999942779541,1839400
2024-07-03,5.03000020980835,5.03000020980835,5.239999771118164,4.989999771118164,5.050000190734863,876600
2024-07-05,5.130000114440918,5.130000114440918,5.139999866485596,4.920000076293945,5.019999980926514,1630300
2024-07-08,5.389999866485596,5.389999866485596,5.489999771118164,5.150000095367432,5.199999809265137,3744600
2024-07-09,5.349999904632568,5.349999904632568,5.400000095367432,5.28000020980835,5.380000114440918,1311000
2024-07-10,5.53000020980835,5.53000020980835,5.550000190734863,5.349999904632568,5.409999847412109,1775400
2024-07-11,5.610000133514404,5.610000133514404,5.679999828338623,5.510000228881836,5.599999904632568,2840500
2024-07-12,5.699999809265137,5.699999809265137,5.769999980926514,5.599999904632568,5.679999828338623,2125500
2024-07-15,5.829999923706055,5.829999923706055,5.929999828338623,5.650000095367432,5.730000019073486,2801200
2024-07-16,6.0,6.0,6.019999980926514,5.889999866485596,5.900000095367432,3654600
2024-07-17,5.800000190734863,5.800000190734863,6.039999961853027,5.78000020980835,5.860000133514404,3227200
2024-07-18,5.71999979019165,5.71999979019165,5.869999885559082,5.590000152587891,5.820000171661377,2860100
2024-07-19,5.710000038146973,5.710000038146973,5.769999980926514,5.639999866485596,5.71999979019165,1685500
2024-07-22,5.739999771118164,5.739999771118164,5.840000152587891,5.71999979019165,5.760000228881836,2245100
2024-07-23,5.889999866485596,5.889999866485596,6.010000228881836,5.630000114440918,5.739999771118164,2738300
2024-07-24,5.820000171661377,5.820000171661377,5.920000076293945,5.789999961853027,5.809999942779541,2248300
2024-07-25,5.800000190734863,5.800000190734863,5.889999866485596,5.659999847412109,5.800000190734863,2473700
2024-07-26,5.849999904632568,5.849999904632568,5.900000095367432,5.690000057220459,5.889999866485596,1961500
2024-07-29,5.820000171661377,5.820000171661377,5.929999828338623,5.699999809265137,5.849999904632568,1864500
2024-07-30,5.760000228881836,5.760000228881836,5.869999885559082,5.699999809265137,5.840000152587891,1537900
2024-07-31,5.760000228881836,5.760000228881836,5.909999847412109,5.71999979019165,5.769999980926514,1824100
2024-08-01,5.550000190734863,5.550000190734863,5.849999904632568,5.539999961853027,5.760000228881836,3243900
2024-08-02,5.340000152587891,5.340000152587891,5.389999866485596,5.190000057220459,5.329999923706055,3382400
2024-08-05,5.230000019073486,5.230000019073486,5.369999885559082,4.949999809265137,5.0,4767400
2024-08-06,5.269999980926514,5.269999980926514,5.429999828338623,5.159999847412109,5.260000228881836,3318100
2024-08-07,5.010000228881836,5.010000228881836,5.650000095367432,4.96999979019165,5.550000190734863,3542500
2024-08-08,5.190000057220459,5.190000057220459,5.199999809265137,5.050000190734863,5.110000133514404,1721700
2024-08-09,5.050000190734863,5.050000190734863,5.199999809265137,5.050000190734863,5.170000076293945,1435700
2024-08-12,5.190000057220459,5.190000057220459,5.25,5.0,5.050000190734863,1934500
2024-08-13,5.070000171661377,5.070000171661377,5.25,5.03000020980835,5.210000038146973,2349200
2024-08-14,5.190000057220459,5.190000057220459,5.21999979019165,4.960000038146973,4.989999771118164,2021500
2024-08-15,5.190000057220459,5.190000057220459,5.300000190734863,5.139999866485596,5.25,2123000
2024-08-16,5.139999866485596,5.139999866485596,5.210000038146973,5.099999904632568,5.190000057220459,1103700
2024-08-19,5.349999904632568,5.349999904632568,5.559999942779541,5.159999847412109,5.179999828338623,2978600
2024-08-20,5.25,5.25,5.360000133514404,5.130000114440918,5.309999942779541,1984400
2024-08-21,5.389999866485596,5.389999866485596,5.400000095367432,5.25,5.300000190734863,1604900
2024-08-22,5.329999923706055,5.329999923706055,5.420000076293945,5.28000020980835,5.420000076293945,1373800
2024-08-23,5.369999885559082,5.369999885559082,5.420000076293945,5.309999942779541,5.389999866485596,1211000
2024-08-26,5.380000114440918,5.380000114440918,5.440000057220459,5.340000152587891,5.420000076293945,1386100
2024-08-27,5.380000114440918,5.380000114440918,5.409999847412109,5.28000020980835,5.380000114440918,861600
2024-08-28,5.900000095367432,5.900000095367432,6.25,5.380000114440918,5.460000038146973,11050400
2024-08-29,6.329999923706055,6.329999923706055,6.440000057220459,5.800000190734863,5.889999866485596,6867000
2024-08-30,6.260000228881836,6.260000228881836,6.440000057220459,6.25,6.329999923706055,4507300
2024-09-03,6.079999923706055,6.079999923706055,6.349999904632568,5.949999809265137,6.21999979019165,4521400
2024-09-04,6.090000152587891,6.090000152587891,6.190000057220459,5.96999979019165,6.119999885559082,2569300
2024-09-05,6.03000020980835,6.03000020980835,6.260000228881836,6.0,6.150000095367432,1944400
2024-09-06,5.929999828338623,5.929999828338623,6.090000152587891,5.809999942779541,6.050000190734863,2217100
2024-09-09,6.099999904632568,6.099999904632568,6.289999961853027,5.980000019073486,6.0,2784000
2024-09-10,6.019999980926514,6.019999980926514,6.170000076293945,5.940000057220459,6.170000076293945,2285300
2024-09-11,6.130000114440918,6.130000114440918,6.239999771118164,5.900000095367432,6.0,2393900
2024-09-12,6.199999809265137,6.199999809265137,6.289999961853027,6.070000171661377,6.119999885559082,1728200
2024-09-13,6.269999980926514,6.269999980926514,6.400000095367432,6.230000019073486,6.260000228881836,2272700
2024-09-16,6.550000190734863,6.550000190734863,6.670000076293945,6.309999942779541,6.309999942779541,3723100
2024-09-17,6.559999942779541,6.559999942779541,6.679999828338623,6.53000020980835,6.630000114440918,2073100
2024-09-18,6.659999847412109,6.659999847412109,6.809999942779541,6.559999942779541,6.610000133514404,1852100
2024-09-19,6.699999809265137,6.699999809265137,6.920000076293945,6.670000076293945,6.789999961853027,2795300
2024-09-20,6.599999904632568,6.599999904632568,6.739999771118164,6.5,6.699999809265137,3597900
2024-09-23,6.519999980926514,6.519999980926514,6.619999885559082,6.460000038146973,6.619999885559082,1712100
2024-09-24,6.489999771118164,6.489999771118164,6.599999904632568,6.420000076293945,6.53000020980835,1877900
2024-09-25,6.389999866485596,6.389999866485596,6.53000020980835,6.360000133514404,6.489999771118164,1537200
2024-09-26,6.269999980926514,6.269999980926514,6.440000057220459,6.230000019073486,6.440000057220459,2178100
2024-09-27,6.199999809265137,6.199999809265137,6.320000171661377,6.170000076293945,6.300000190734863,1892000
2024-09-30,6.289999961853027,6.289999961853027,6.360000133514404,6.139999866485596,6.159999847412109,1870300
2024-10-01,6.260000228881836,6.260000228881836,6.289999961853027,6.150000095367432,6.28000020980835,1646500
2024-10-02,6.289999961853027,6.289999961853027,6.300000190734863,6.159999847412109,6.199999809265137,1164700
2024-10-03,6.420000076293945,6.420000076293945,6.699999809265137,6.230000019073486,6.269999980926514,2775600
2024-10-04,6.489999771118164,6.489999771118164,6.570000171661377,6.460000038146973,6.489999771118164,1408000
2024-10-07,6.340000152587891,6.340000152587891,6.5,6.289999961853027,6.46999979019165,2235900
2024-10-08,6.460000038146973,6.460000038146973,6.559999942779541,6.309999942779541,6.340000152587891,1414900
2024-10-09,6.429999828338623,6.429999828338623,6.489999771118164,6.360000133514404,6.460000038146973,1034700
2024-10-10,6.320000171661377,6.320000171661377,6.400000095367432,6.25,6.360000133514404,1320000
2024-10-11,6.480000019073486,6.480000019073486,6.489999771118164,6.320000171661377,6.349999904632568,1281600
2024-10-14,6.539999961853027,6.539999961853027,6.610000133514404,6.400000095367432,6.480000019073486,1607200
2024-10-15,6.610000133514404,6.610000133514404,6.679999828338623,6.5,6.539999961853027,1494500
2024-10-16,6.730000019073486,6.730000019073486,6.800000190734863,6.619999885559082,6.619999885559082,1789700
2024-10-17,6.599999904632568,6.599999904632568,6.800000190734863,6.539999961853027,6.769999980926514,1332600
2024-10-18,6.599999904632568,6.599999904632568,6.670000076293945,6.570000171661377,6.630000114440918,910800
2024-10-21,6.619999885559082,6.619999885559082,6.670000076293945,6.550000190734863,6.570000171661377,1658700
2024-10-22,6.639999866485596,6.639999866485596,6.71999979019165,6.559999942779541,6.559999942779541,935200
2024-10-23,6.489999771118164,6.489999771118164,6.670000076293945,6.489999771118164,6.630000114440918,1010600
2024-10-24,6.440000057220459,6.440000057220459,6.510000228881836,6.309999942779541,6.46999979019165,1585000
2024-10-25,6.539999961853027,6.539999961853027,6.639999866485596,6.409999847412109,6.5,1322300
2024-10-28,6.820000171661377,6.820000171661377,6.900000095367432,6.570000171661377,6.579999923706055,2440300
2024-10-29,6.869999885559082,6.869999885559082,7.090000152587891,6.800000190734863,6.820000171661377,5558300
2024-10-30,7.019999980926514,7.019999980926514,7.139999866485596,6.829999923706055,6.909999847412109,3163000
2024-10-31,7.070000171661377,7.070000171661377,7.150000095367432,6.769999980926514,7.050000190734863,3693600
2024-11-01,7.170000076293945,7.170000076293945,7.300000190734863,7.099999904632568,7.159999847412109,2469400
2024-11-04,7.090000152587891,7.090000152587891,7.329999923706055,7.059999942779541,7.179999828338623,2278400
2024-11-05,7.260000228881836,7.260000228881836,7.300000190734863,7.010000228881836,7.019999980926514,1768800
2024-11-06,7.440000057220459,7.440000057220459,7.630000114440918,7.260000228881836,7.340000152587891,3680100
2024-11-07,7.389999866485596,7.389999866485596,7.619999885559082,7.389999866485596,7.5,3971700
2024-11-08,7.349999904632568,7.349999904632568,7.349999904632568,6.610000133514404,6.989999771118164,4822500
2024-11-11,7.21999979019165,7.21999979019165,7.480000019073486,7.150000095367432,7.449999809265137,3628100
2024-11-12,7.079999923706055,7.079999923706055,7.309999942779541,7.039999961853027,7.170000076293945,2927400
2024-11-13,6.960000038146973,6.960000038146973,7.25,6.940000057220459,7.119999885559082,2416300
2024-11-14,7.019999980926514,7.019999980926514,7.440000057220459,6.920000076293945,6.960000038146973,3426600
2024-11-15,6.800000190734863,6.800000190734863,7.070000171661377,6.619999885559082,7.050000190734863,5215700
2024-11-18,6.71999979019165,6.71999979019165,6.929999828338623,6.679999828338623,6.900000095367432,2328300
2024-11-19,6.860000133514404,6.860000133514404,6.869999885559082,6.670000076293945,6.679999828338623,1714600
2024-11-20,6.880000114440918,6.880000114440918,7.039999961853027,6.800000190734863,6.880000114440918,1926800
2024-11-21,6.900000095367432,6.900000095367432,6.980000019073486,6.739999771118164,6.889999866485596,3628700
2024-11-22,6.840000152587891,6.840000152587891,7.010000228881836,6.820000171661377,6.940000057220459,3026600
2024-11-25,6.71999979019165,6.71999979019165,6.980000019073486,6.71999979019165,6.909999847412109,2343900
2024-11-26,6.579999923706055,6.579999923706055,6.670000076293945,6.260000228881836,6.659999847412109,5996300
2024-11-27,6.610000133514404,6.610000133514404,6.679999828338623,6.400000095367432,6.579999923706055,3244700
2024-11-29,6.78000020980835,6.78000020980835,6.800000190734863,6.579999923706055,6.610000133514404,1853500
2024-12-02,6.590000152587891,6.590000152587891,6.75,6.53000020980835,6.75,3637000
2024-12-03,6.710000038146973,6.710000038146973,6.769999980926514,6.559999942779541,6.579999923706055,2590900
2024-12-04,6.800000190734863,6.800000190734863,6.809999942779541,6.590000152587891,6.679999828338623,2779600
2024-12-05,6.730000019073486,6.730000019073486,6.989999771118164,6.730000019073486,6.800000190734863,2747100
2024-12-06,6.800000190734863,6.800000190734863,6.849999904632568,6.690000057220459,6.710000038146973,1902300
2024-12-09,6.659999847412109,6.659999847412109,6.849999904632568,6.590000152587891,6.809999942779541,1889500
2024-12-10,6.670000076293945,6.670000076293945,6.849999904632568,6.639999866485596,6.699999809265137,1642800
2024-12-11,6.610000133514404,6.610000133514404,6.739999771118164,6.579999923706055,6.739999771118164,1973400
2024-12-12,6.550000190734863,6.550000190734863,6.659999847412109,6.480000019073486,6.599999904632568,1896900
2024-12-13,6.539999961853027,6.539999961853027,6.610000133514404,6.460000038146973,6.559999942779541,1822500
2024-12-16,6.269999980926514,6.269999980926514,6.769999980926514,6.210000038146973,6.579999923706055,5034600
2024-12-17,5.929999828338623,5.929999828338623,6.210000038146973,5.809999942779541,6.199999809265137,5321000
2024-12-18,5.940000057220459,5.940000057220459,6.420000076293945,5.860000133514404,6.110000133514404,4836700
2024-12-19,6.300000190734863,6.300000190734863,6.340000152587891,6.010000228881836,6.300000190734863,3494500
2024-12-20,6.849999904632568,6.849999904632568,7.070000171661377,6.300000190734863,6.340000152587891,7215300
2024-12-23,7.019999980926514,7.019999980926514,7.039999961853027,6.730000019073486,6.730000019073486,3238000
2024-12-24,6.739999771118164,6.739999771118164,7.019999980926514,6.71999979019165,7.019999980926514,1413600
