Date,Adj Close,Close,High,Low,Open,Volume
2016-11-15,3.375,3.375,3.375,3.375,3.375,433
2016-11-16,4.335000038146973,4.335000038146973,4.335000038146973,4.050000190734863,4.050000190734863,2900
2016-11-17,4.335000038146973,4.335000038146973,4.335000038146973,4.335000038146973,4.335000038146973,0
2016-11-18,4.335000038146973,4.335000038146973,4.335000038146973,4.335000038146973,4.335000038146973,0
2016-11-21,5.204999923706055,5.204999923706055,5.25,5.204999923706055,5.25,1333
2016-11-22,5.204999923706055,5.204999923706055,5.204999923706055,5.204999923706055,5.204999923706055,0
2016-11-23,5.204999923706055,5.204999923706055,5.204999923706055,5.204999923706055,5.204999923706055,0
2016-11-25,5.204999923706055,5.204999923706055,5.204999923706055,5.204999923706055,5.204999923706055,0
2016-11-28,5.204999923706055,5.204999923706055,5.204999923706055,5.204999923706055,5.204999923706055,0
2016-11-29,5.204999923706055,5.204999923706055,5.204999923706055,5.204999923706055,5.204999923706055,0
2016-11-30,5.204999923706055,5.204999923706055,5.204999923706055,5.204999923706055,5.204999923706055,0
2016-12-01,5.204999923706055,5.204999923706055,5.204999923706055,5.204999923706055,5.204999923706055,0
2016-12-02,5.204999923706055,5.204999923706055,5.204999923706055,5.204999923706055,5.204999923706055,0
2016-12-05,5.204999923706055,5.204999923706055,5.204999923706055,5.204999923706055,5.204999923706055,0
2016-12-06,5.204999923706055,5.204999923706055,5.204999923706055,5.204999923706055,5.204999923706055,0
2016-12-07,5.204999923706055,5.204999923706055,5.204999923706055,5.204999923706055,5.204999923706055,0
2016-12-08,5.204999923706055,5.204999923706055,5.204999923706055,5.204999923706055,5.204999923706055,0
2016-12-09,6.525000095367432,6.525000095367432,6.525000095367432,5.954999923706055,5.954999923706055,3733
2016-12-12,6.885000228881836,6.885000228881836,6.885000228881836,6.764999866485596,6.764999866485596,933
2016-12-13,6.885000228881836,6.885000228881836,6.885000228881836,6.885000228881836,6.885000228881836,0
2016-12-14,6.885000228881836,6.885000228881836,6.885000228881836,6.885000228881836,6.885000228881836,0
2016-12-15,6.989999771118164,6.989999771118164,6.989999771118164,6.974999904632568,6.974999904632568,2333
2016-12-16,6.989999771118164,6.989999771118164,6.989999771118164,6.989999771118164,6.989999771118164,0
2016-12-19,6.989999771118164,6.989999771118164,6.989999771118164,6.989999771118164,6.989999771118164,0
2016-12-20,6.989999771118164,6.989999771118164,6.989999771118164,6.989999771118164,6.989999771118164,0
2016-12-21,6.989999771118164,6.989999771118164,6.989999771118164,6.989999771118164,6.989999771118164,0
2016-12-22,7.724999904632568,7.724999904632568,7.724999904632568,7.724999904632568,7.724999904632568,87
2016-12-23,8.234999656677246,8.234999656677246,8.234999656677246,7.90500020980835,7.90500020980835,600
2016-12-27,8.234999656677246,8.234999656677246,8.234999656677246,8.234999656677246,8.234999656677246,0
2016-12-28,8.234999656677246,8.234999656677246,8.234999656677246,8.234999656677246,8.234999656677246,0
2016-12-29,8.234999656677246,8.234999656677246,8.234999656677246,8.234999656677246,8.234999656677246,0
2016-12-30,8.234999656677246,8.234999656677246,8.234999656677246,8.234999656677246,8.234999656677246,0
2017-01-03,9.345000267028809,9.345000267028809,9.345000267028809,9.345000267028809,9.345000267028809,33
2017-01-04,9.345000267028809,9.345000267028809,9.345000267028809,9.345000267028809,9.345000267028809,0
2017-01-05,8.324999809265137,8.324999809265137,8.71500015258789,8.265000343322754,8.71500015258789,667
2017-01-06,8.085000038146973,8.085000038146973,8.100000381469727,8.085000038146973,8.085000038146973,2667
2017-01-09,8.760000228881836,8.760000228881836,8.850000381469727,8.1899995803833,8.850000381469727,3400
2017-01-10,8.760000228881836,8.760000228881836,8.760000228881836,8.760000228881836,8.760000228881836,0
2017-01-11,9.600000381469727,9.600000381469727,9.600000381469727,9.074999809265137,9.479999542236328,3733
2017-01-12,9.600000381469727,9.600000381469727,9.600000381469727,9.600000381469727,9.600000381469727,0
2017-01-13,9.989999771118164,9.989999771118164,10.050000190734863,9.6899995803833,9.6899995803833,3667
2017-01-17,10.739999771118164,10.739999771118164,10.800000190734863,9.854999542236328,10.244999885559082,1900
2017-01-18,10.305000305175781,10.305000305175781,10.380000114440918,10.305000305175781,10.380000114440918,333
2017-01-19,10.319999694824219,10.319999694824219,10.319999694824219,10.319999694824219,10.319999694824219,333
2017-01-20,11.114999771118164,11.114999771118164,11.220000267028809,10.770000457763672,11.220000267028809,667
2017-01-23,11.550000190734863,11.550000190734863,11.550000190734863,11.220000267028809,11.25,853
2017-01-24,11.25,11.25,11.640000343322754,11.25,11.640000343322754,353
2017-01-25,10.484999656677246,10.484999656677246,11.175000190734863,10.484999656677246,11.175000190734863,333
2017-01-26,10.96500015258789,10.96500015258789,10.96500015258789,10.96500015258789,10.96500015258789,333
2017-01-27,10.03499984741211,10.03499984741211,10.425000190734863,10.020000457763672,10.425000190734863,367
2017-01-30,10.050000190734863,10.050000190734863,10.274999618530273,10.050000190734863,10.274999618530273,333
2017-01-31,10.050000190734863,10.050000190734863,10.050000190734863,10.050000190734863,10.050000190734863,0
2017-02-01,10.845000267028809,10.845000267028809,10.845000267028809,10.845000267028809,10.845000267028809,333
2017-02-02,11.520000457763672,11.520000457763672,11.595000267028809,11.010000228881836,11.024999618530273,1480
2017-02-03,10.9350004196167,10.9350004196167,11.475000381469727,10.9350004196167,11.430000305175781,373
2017-02-06,10.03499984741211,10.03499984741211,10.364999771118164,10.03499984741211,10.364999771118164,213
2017-02-07,10.574999809265137,10.574999809265137,10.574999809265137,9.989999771118164,9.989999771118164,200
2017-02-08,9.28499984741211,9.28499984741211,10.574999809265137,9.28499984741211,10.574999809265137,633
2017-02-09,9.28499984741211,9.28499984741211,9.28499984741211,9.28499984741211,9.28499984741211,0
2017-02-10,9.75,9.75,9.765000343322754,9.75,9.765000343322754,367
2017-02-13,10.020000457763672,10.020000457763672,10.020000457763672,10.020000457763672,10.020000457763672,33
2017-02-14,10.229999542236328,10.229999542236328,10.845000267028809,10.229999542236328,10.604999542236328,400
2017-02-15,10.229999542236328,10.229999542236328,10.229999542236328,10.229999542236328,10.229999542236328,0
2017-02-16,11.640000343322754,11.640000343322754,11.640000343322754,11.354999542236328,11.640000343322754,1467
2017-02-17,11.71500015258789,11.71500015258789,11.71500015258789,11.234999656677246,11.234999656677246,567
2017-02-21,12.885000228881836,12.885000228881836,12.930000305175781,11.550000190734863,11.699999809265137,7573
2017-02-22,13.350000381469727,13.350000381469727,13.470000267028809,12.975000381469727,12.975000381469727,3887
2017-02-23,13.904999732971191,13.904999732971191,13.920000076293945,13.40999984741211,13.470000267028809,5140
2017-02-24,14.6850004196167,14.6850004196167,15.539999961853027,13.829999923706055,13.890000343322754,16607
2017-02-27,15.510000228881836,15.510000228881836,15.869999885559082,14.819999694824219,14.954999923706055,11720
2017-02-28,15.300000190734863,15.300000190734863,15.765000343322754,14.609999656677246,14.9399995803833,12867
2017-03-01,15.75,15.75,16.139999389648438,15.449999809265137,15.720000267028809,6833
2017-03-02,16.200000762939453,16.200000762939453,16.649999618530273,15.75,16.229999542236328,9140
2017-03-03,14.520000457763672,14.520000457763672,16.649999618530273,14.520000457763672,16.290000915527344,11080
2017-03-06,15.375,15.375,15.449999809265137,14.5649995803833,15.0,8867
2017-03-07,16.799999237060547,16.799999237060547,16.799999237060547,15.375,15.420000076293945,18200
2017-03-08,16.200000762939453,16.200000762939453,16.799999237060547,15.885000228881836,16.59000015258789,15373
2017-03-09,16.5,16.5,16.799999237060547,15.704999923706055,16.799999237060547,7920
2017-03-10,16.200000762939453,16.200000762939453,16.649999618530273,15.989999771118164,16.545000076293945,6040
2017-03-13,16.200000762939453,16.200000762939453,16.799999237060547,15.899999618530273,16.229999542236328,21080
2017-03-14,15.449999809265137,15.449999809265137,16.799999237060547,15.28499984741211,16.799999237060547,11333
2017-03-15,18.149999618530273,18.149999618530273,18.299999237060547,15.210000038146973,15.359999656677246,34613
2017-03-16,18.0,18.0,18.600000381469727,17.399999618530273,17.8799991607666,13047
2017-03-17,18.75,18.75,19.049999237060547,18.075000762939453,18.075000762939453,15047
2017-03-20,18.0,18.0,19.350000381469727,17.850000381469727,18.55500030517578,18520
2017-03-21,16.649999618530273,16.649999618530273,18.600000381469727,16.200000762939453,18.149999618530273,16127
2017-03-22,17.670000076293945,17.670000076293945,17.954999923706055,16.950000762939453,17.040000915527344,5327
2017-03-23,18.0,18.0,18.600000381469727,17.549999237060547,17.850000381469727,7920
2017-03-24,16.934999465942383,16.934999465942383,18.149999618530273,15.600000381469727,18.149999618530273,9980
2017-03-27,16.170000076293945,16.170000076293945,17.399999618530273,15.75,17.25,6847
2017-03-28,15.524999618530273,15.524999618530273,16.21500015258789,15.524999618530273,16.21500015258789,4793
2017-03-29,15.300000190734863,15.300000190734863,16.350000381469727,13.949999809265137,15.600000381469727,10653
2017-03-30,13.949999809265137,13.949999809265137,15.449999809265137,13.005000114440918,15.449999809265137,11240
2017-03-31,12.539999961853027,12.539999961853027,14.385000228881836,11.444999694824219,14.385000228881836,13207
2017-04-03,11.204999923706055,11.204999923706055,12.09000015258789,10.229999542236328,11.625,13080
2017-04-04,10.949999809265137,10.949999809265137,11.25,10.199999809265137,11.25,9720
2017-04-05,12.4350004196167,12.4350004196167,12.524999618530273,10.78499984741211,11.175000190734863,13087
2017-04-06,12.885000228881836,12.885000228881836,13.5,12.510000228881836,12.510000228881836,10567
2017-04-07,14.069999694824219,14.069999694824219,14.760000228881836,12.75,13.5,12893
2017-04-10,13.199999809265137,13.199999809265137,14.505000114440918,12.734999656677246,14.145000457763672,4360
2017-04-11,13.5600004196167,13.5600004196167,13.859999656677246,12.84000015258789,12.975000381469727,4993
2017-04-12,12.390000343322754,12.390000343322754,13.78499984741211,12.390000343322754,13.335000038146973,3487
2017-04-13,12.494999885559082,12.494999885559082,13.005000114440918,12.404999732971191,13.005000114440918,1513
2017-04-17,12.194999694824219,12.194999694824219,12.75,12.0,12.600000381469727,5093
2017-04-18,12.420000076293945,12.420000076293945,12.765000343322754,12.239999771118164,12.524999618530273,2220
2017-04-19,12.630000114440918,12.630000114440918,13.03499984741211,12.404999732971191,13.03499984741211,2327
2017-04-20,12.4350004196167,12.4350004196167,12.734999656677246,12.404999732971191,12.6899995803833,1787
2017-04-21,12.300000190734863,12.300000190734863,12.75,12.0,12.449999809265137,7447
2017-04-24,11.640000343322754,11.640000343322754,12.630000114440918,11.25,12.239999771118164,2740
2017-04-25,11.024999618530273,11.024999618530273,11.760000228881836,10.949999809265137,11.265000343322754,4320
2017-04-26,10.21500015258789,10.21500015258789,10.994999885559082,9.84000015258789,10.979999542236328,5893
2017-04-27,9.75,9.75,10.5600004196167,9.720000267028809,10.5,5833
2017-04-28,8.954999923706055,8.954999923706055,9.75,8.699999809265137,9.75,7313
2017-05-01,8.71500015258789,8.71500015258789,9.359999656677246,8.550000190734863,8.550000190734863,10113
2017-05-02,8.010000228881836,8.010000228881836,9.239999771118164,7.800000190734863,9.0,5587
2017-05-03,8.505000114440918,8.505000114440918,10.470000267028809,7.949999809265137,9.899999618530273,3887
2017-05-04,6.599999904632568,6.599999904632568,8.220000267028809,6.40500020980835,8.010000228881836,15387
2017-05-05,7.380000114440918,7.380000114440918,7.53000020980835,6.570000171661377,6.570000171661377,6220
2017-05-08,7.425000190734863,7.425000190734863,8.069999694824219,7.349999904632568,8.069999694824219,1633
2017-05-09,7.244999885559082,7.244999885559082,7.90500020980835,6.974999904632568,7.514999866485596,1587
2017-05-10,7.800000190734863,7.800000190734863,7.800000190734863,7.215000152587891,7.215000152587891,4220
2017-05-11,7.5,7.5,7.994999885559082,7.364999771118164,7.949999809265137,2940
2017-05-12,7.184999942779541,7.184999942779541,7.46999979019165,7.184999942779541,7.46999979019165,1633
2017-05-15,7.860000133514404,7.860000133514404,7.860000133514404,7.199999809265137,7.440000057220459,953
2017-05-16,8.100000381469727,8.100000381469727,8.5649995803833,7.755000114440918,8.085000038146973,4247
2017-05-17,8.295000076293945,8.295000076293945,8.444999694824219,7.980000019073486,8.220000267028809,4213
2017-05-18,7.965000152587891,7.965000152587891,8.460000038146973,7.800000190734863,8.460000038146973,2247
2017-05-19,7.664999961853027,7.664999961853027,7.994999885559082,7.275000095367432,7.965000152587891,8507
2017-05-22,7.650000095367432,7.650000095367432,8.100000381469727,7.650000095367432,7.920000076293945,313
2017-05-23,7.244999885559082,7.244999885559082,7.650000095367432,7.244999885559082,7.394999980926514,1040
2017-05-24,7.349999904632568,7.349999904632568,7.784999847412109,7.230000019073486,7.260000228881836,2347
2017-05-25,7.380000114440918,7.380000114440918,7.90500020980835,7.275000095367432,7.605000019073486,833
2017-05-26,8.399999618530273,8.399999618530273,8.399999618530273,7.275000095367432,7.755000114440918,10640
2017-05-30,7.755000114440918,7.755000114440918,8.175000190734863,7.289999961853027,8.100000381469727,2307
2017-05-31,7.650000095367432,7.650000095367432,7.724999904632568,7.425000190734863,7.664999961853027,1727
2017-06-01,7.605000019073486,7.605000019073486,7.739999771118164,7.275000095367432,7.664999961853027,860
2017-06-02,7.635000228881836,7.635000228881836,7.635000228881836,7.275000095367432,7.275000095367432,1380
2017-06-05,7.170000076293945,7.170000076293945,7.800000190734863,6.764999866485596,7.800000190734863,2813
2017-06-06,7.050000190734863,7.050000190734863,7.5,7.005000114440918,7.320000171661377,880
2017-06-07,6.300000190734863,6.300000190734863,7.184999942779541,6.300000190734863,6.900000095367432,2333
2017-06-08,6.630000114440918,6.630000114440918,6.809999942779541,6.239999771118164,6.239999771118164,4293
2017-06-09,6.840000152587891,6.840000152587891,6.840000152587891,6.224999904632568,6.239999771118164,1400
2017-06-12,6.360000133514404,6.360000133514404,6.704999923706055,6.360000133514404,6.704999923706055,273
2017-06-13,6.525000095367432,6.525000095367432,6.644999980926514,6.059999942779541,6.315000057220459,8913
2017-06-14,5.400000095367432,5.400000095367432,6.315000057220459,4.949999809265137,6.315000057220459,4733
2017-06-15,5.849999904632568,5.849999904632568,6.300000190734863,5.309999942779541,5.610000133514404,2467
2017-06-16,6.164999961853027,6.164999961853027,6.869999885559082,5.760000228881836,5.760000228881836,3727
2017-06-19,6.300000190734863,6.300000190734863,6.735000133514404,5.820000171661377,5.835000038146973,2887
2017-06-20,6.840000152587891,6.840000152587891,6.900000095367432,6.059999942779541,6.300000190734863,2760
2017-06-21,7.110000133514404,7.110000133514404,7.110000133514404,6.585000038146973,6.585000038146973,553
2017-06-22,7.5,7.5,7.53000020980835,7.065000057220459,7.53000020980835,1527
2017-06-23,7.755000114440918,7.755000114440918,7.769999980926514,7.574999809265137,7.739999771118164,2073
2017-06-26,7.380000114440918,7.380000114440918,7.800000190734863,7.380000114440918,7.425000190734863,540
2017-06-27,7.815000057220459,7.815000057220459,7.829999923706055,7.440000057220459,7.5,593
2017-06-28,8.25,8.25,8.25,7.380000114440918,7.380000114440918,787
2017-06-29,7.920000076293945,7.920000076293945,8.550000190734863,7.755000114440918,8.550000190734863,1127
2017-06-30,7.724999904632568,7.724999904632568,7.724999904632568,7.724999904632568,7.724999904632568,13
2017-07-03,8.25,8.25,8.25,8.25,8.25,7
2017-07-05,7.590000152587891,7.590000152587891,7.829999923706055,7.199999809265137,7.800000190734863,1513
2017-07-06,7.5,7.5,7.84499979019165,7.5,7.84499979019165,140
2017-07-07,8.010000228881836,8.010000228881836,8.010000228881836,7.5,7.514999866485596,3467
2017-07-10,8.234999656677246,8.234999656677246,8.25,7.485000133514404,7.90500020980835,6320
2017-07-11,8.399999618530273,8.399999618530273,8.550000190734863,7.485000133514404,8.25,12933
2017-07-12,8.774999618530273,8.774999618530273,8.895000457763672,8.100000381469727,8.25,20360
2017-07-13,9.149999618530273,9.149999618530273,9.494999885559082,8.595000267028809,8.595000267028809,35327
2017-07-14,8.850000381469727,8.850000381469727,9.600000381469727,8.850000381469727,9.585000038146973,31593
2017-07-17,9.164999961853027,9.164999961853027,9.194999694824219,8.850000381469727,8.925000190734863,2273
2017-07-18,9.180000305175781,9.180000305175781,9.390000343322754,8.760000228881836,9.225000381469727,6213
2017-07-19,9.345000267028809,9.345000267028809,9.494999885559082,9.0,9.4350004196167,9293
2017-07-20,9.329999923706055,9.329999923706055,10.095000267028809,8.880000114440918,9.449999809265137,9327
2017-07-21,9.449999809265137,9.449999809265137,10.125,9.449999809265137,9.585000038146973,7080
2017-07-24,8.819999694824219,8.819999694824219,9.675000190734863,8.699999809265137,9.65999984741211,4440
2017-07-25,8.444999694824219,8.444999694824219,8.699999809265137,8.055000305175781,8.699999809265137,5680
2017-07-26,8.130000114440918,8.130000114440918,8.324999809265137,7.710000038146973,8.324999809265137,2413
2017-07-27,7.949999809265137,7.949999809265137,8.204999923706055,7.650000095367432,7.994999885559082,2093
2017-07-28,7.800000190734863,7.800000190734863,8.15999984741211,7.650000095367432,8.100000381469727,4513
2017-07-31,7.46999979019165,7.46999979019165,7.949999809265137,6.885000228881836,7.949999809265137,3640
2017-08-01,6.510000228881836,6.510000228881836,7.199999809265137,6.480000019073486,7.199999809265137,4033
2017-08-02,6.150000095367432,6.150000095367432,6.974999904632568,5.954999923706055,6.690000057220459,4007
2017-08-03,6.164999961853027,6.164999961853027,6.224999904632568,5.880000114440918,6.150000095367432,2300
2017-08-04,6.0,6.0,6.255000114440918,5.849999904632568,6.239999771118164,2447
2017-08-07,6.389999866485596,6.389999866485596,6.539999961853027,6.0,6.0,2013
2017-08-08,6.449999809265137,6.449999809265137,6.75,6.03000020980835,6.480000019073486,1300
2017-08-09,6.809999942779541,6.809999942779541,6.809999942779541,6.494999885559082,6.494999885559082,1347
2017-08-10,6.510000228881836,6.510000228881836,6.900000095367432,6.510000228881836,6.585000038146973,3987
2017-08-11,6.150000095367432,6.150000095367432,6.585000038146973,6.090000152587891,6.195000171661377,3860
2017-08-14,6.0,6.0,6.105000019073486,5.849999904632568,6.014999866485596,1660
2017-08-15,6.150000095367432,6.150000095367432,6.150000095367432,5.849999904632568,5.849999904632568,1020
2017-08-16,5.894999980926514,5.894999980926514,6.239999771118164,5.849999904632568,6.164999961853027,2173
2017-08-17,5.849999904632568,5.849999904632568,6.284999847412109,5.849999904632568,6.284999847412109,1147
2017-08-18,6.03000020980835,6.03000020980835,6.074999809265137,5.835000038146973,5.880000114440918,7453
2017-08-21,6.284999847412109,6.284999847412109,6.40500020980835,6.074999809265137,6.074999809265137,5913
2017-08-22,5.820000171661377,5.820000171661377,6.164999961853027,5.460000038146973,6.164999961853027,4807
2017-08-23,6.03000020980835,6.03000020980835,6.03000020980835,5.579999923706055,5.849999904632568,3280
2017-08-24,5.445000171661377,5.445000171661377,5.894999980926514,5.355000019073486,5.894999980926514,427
2017-08-25,5.625,5.625,6.014999866485596,5.474999904632568,5.534999847412109,2667
2017-08-28,5.789999961853027,5.789999961853027,6.03000020980835,5.699999809265137,5.699999809265137,940
2017-08-29,5.684999942779541,5.684999942779541,6.284999847412109,5.550000190734863,6.059999942779541,1260
2017-08-30,5.474999904632568,5.474999904632568,5.775000095367432,5.385000228881836,5.460000038146973,1907
2017-08-31,5.684999942779541,5.684999942779541,5.684999942779541,5.429999828338623,5.429999828338623,3047
2017-09-01,5.565000057220459,5.565000057220459,5.744999885559082,5.489999771118164,5.489999771118164,1560
2017-09-05,6.0,6.0,6.0,5.519999980926514,5.519999980926514,2267
2017-09-06,6.014999866485596,6.014999866485596,6.014999866485596,5.730000019073486,5.730000019073486,1027
2017-09-07,6.989999771118164,6.989999771118164,7.019999980926514,6.105000019073486,6.224999904632568,6007
2017-09-08,6.824999809265137,6.824999809265137,7.244999885559082,6.614999771118164,7.244999885559082,2667
2017-09-11,6.494999885559082,6.494999885559082,6.735000133514404,6.40500020980835,6.449999809265137,807
2017-09-12,6.360000133514404,6.360000133514404,6.494999885559082,6.090000152587891,6.494999885559082,627
2017-09-13,6.03000020980835,6.03000020980835,6.105000019073486,5.835000038146973,6.105000019073486,860
2017-09-14,6.554999828338623,6.554999828338623,6.599999904632568,6.059999942779541,6.059999942779541,1227
2017-09-15,6.105000019073486,6.105000019073486,6.449999809265137,6.074999809265137,6.449999809265137,973
2017-09-18,6.300000190734863,6.300000190734863,6.585000038146973,6.090000152587891,6.090000152587891,5107
2017-09-19,6.449999809265137,6.449999809265137,6.525000095367432,6.195000171661377,6.300000190734863,4473
2017-09-20,6.03000020980835,6.03000020980835,6.34499979019165,6.03000020980835,6.34499979019165,747
2017-09-21,5.849999904632568,5.849999904632568,6.239999771118164,5.849999904632568,5.849999904632568,1133
2017-09-22,6.0,6.0,6.0,5.684999942779541,5.684999942779541,1607
2017-09-25,5.835000038146973,5.835000038146973,6.045000076293945,5.775000095367432,5.849999904632568,573
2017-09-26,5.489999771118164,5.489999771118164,5.96999979019165,5.400000095367432,5.96999979019165,1793
2017-09-27,5.429999828338623,5.429999828338623,5.684999942779541,5.414999961853027,5.519999980926514,1667
2017-09-28,5.429999828338623,5.429999828338623,5.849999904632568,5.340000152587891,5.429999828338623,1073
2017-09-29,5.324999809265137,5.324999809265137,5.579999923706055,5.175000190734863,5.175000190734863,1667
2017-10-02,5.414999961853027,5.414999961853027,5.550000190734863,5.235000133514404,5.235000133514404,1800
2017-10-03,5.849999904632568,5.849999904632568,5.909999847412109,5.474999904632568,5.474999904632568,1960
2017-10-04,5.429999828338623,5.429999828338623,5.849999904632568,5.429999828338623,5.849999904632568,2273
2017-10-05,5.309999942779541,5.309999942779541,5.699999809265137,5.25,5.699999809265137,1887
2017-10-06,5.400000095367432,5.400000095367432,5.400000095367432,5.21999979019165,5.21999979019165,1647
2017-10-09,5.474999904632568,5.474999904632568,5.505000114440918,5.324999809265137,5.324999809265137,1280
2017-10-10,5.204999923706055,5.204999923706055,5.414999961853027,5.204999923706055,5.414999961853027,473
2017-10-11,5.130000114440918,5.130000114440918,5.25,5.114999771118164,5.25,1660
2017-10-12,5.369999885559082,5.369999885559082,5.505000114440918,5.130000114440918,5.130000114440918,780
2017-10-13,5.385000228881836,5.385000228881836,5.400000095367432,5.295000076293945,5.309999942779541,580
2017-10-16,5.099999904632568,5.099999904632568,5.445000171661377,5.099999904632568,5.445000171661377,1307
2017-10-17,5.159999847412109,5.159999847412109,5.159999847412109,5.099999904632568,5.099999904632568,1747
2017-10-18,5.010000228881836,5.010000228881836,5.114999771118164,4.980000019073486,4.980000019073486,1240
2017-10-19,5.085000038146973,5.085000038146973,5.21999979019165,4.949999809265137,5.025000095367432,267
2017-10-20,4.815000057220459,4.815000057220459,5.400000095367432,4.815000057220459,5.054999828338623,1253
2017-10-23,4.90500020980835,4.90500020980835,4.980000019073486,4.605000019073486,4.769999980926514,3833
2017-10-24,4.829999923706055,4.829999923706055,4.829999923706055,4.590000152587891,4.710000038146973,887
2017-10-25,4.84499979019165,4.84499979019165,4.889999866485596,4.650000095367432,4.875,787
2017-10-26,4.650000095367432,4.650000095367432,5.010000228881836,4.650000095367432,4.934999942779541,1640
2017-10-27,4.994999885559082,4.994999885559082,4.994999885559082,4.605000019073486,4.605000019073486,2033
2017-10-30,4.409999847412109,4.409999847412109,4.650000095367432,4.409999847412109,4.650000095367432,393
2017-10-31,4.215000152587891,4.215000152587891,4.559999942779541,4.215000152587891,4.454999923706055,2393
2017-11-01,4.050000190734863,4.050000190734863,4.335000038146973,4.050000190734863,4.215000152587891,840
2017-11-02,4.364999771118164,4.364999771118164,4.364999771118164,4.065000057220459,4.065000057220459,1280
2017-11-03,4.320000171661377,4.320000171661377,4.380000114440918,4.09499979019165,4.09499979019165,240
2017-11-06,4.335000038146973,4.335000038146973,4.394999980926514,4.079999923706055,4.079999923706055,687
2017-11-07,6.375,6.375,6.494999885559082,4.065000057220459,4.079999923706055,5500
2017-11-08,5.340000152587891,5.340000152587891,6.315000057220459,4.920000076293945,6.315000057220459,4253
2017-11-09,5.324999809265137,5.324999809265137,5.369999885559082,5.099999904632568,5.369999885559082,1093
2017-11-10,4.934999942779541,4.934999942779541,5.099999904632568,4.934999942779541,5.099999904632568,300
2017-11-13,4.679999828338623,4.679999828338623,5.039999961853027,4.574999809265137,5.039999961853027,1433
2017-11-14,4.514999866485596,4.514999866485596,4.574999809265137,4.5,4.574999809265137,333
2017-11-15,4.5,4.5,4.755000114440918,4.46999979019165,4.755000114440918,1347
2017-11-16,4.275000095367432,4.275000095367432,4.619999885559082,4.275000095367432,4.574999809265137,1087
2017-11-17,4.440000057220459,4.440000057220459,4.440000057220459,4.394999980926514,4.394999980926514,333
2017-11-20,4.260000228881836,4.260000228881836,4.320000171661377,4.139999866485596,4.215000152587891,1387
2017-11-21,4.485000133514404,4.485000133514404,4.485000133514404,4.485000133514404,4.485000133514404,407
2017-11-22,4.199999809265137,4.199999809265137,4.440000057220459,4.199999809265137,4.409999847412109,1153
2017-11-24,4.215000152587891,4.215000152587891,4.485000133514404,4.065000057220459,4.065000057220459,153
2017-11-27,4.5,4.5,4.5,4.380000114440918,4.380000114440918,1320
2017-11-28,4.769999980926514,4.769999980926514,5.054999828338623,4.5,4.5,2573
2017-11-29,4.349999904632568,4.349999904632568,4.5,4.125,4.364999771118164,4140
2017-11-30,4.125,4.125,4.5,4.065000057220459,4.065000057220459,627
2017-12-01,4.15500020980835,4.15500020980835,4.349999904632568,4.15500020980835,4.170000076293945,287
2017-12-04,4.199999809265137,4.199999809265137,4.230000019073486,3.9749999046325684,4.199999809265137,960
2017-12-05,4.349999904632568,4.349999904632568,4.440000057220459,4.199999809265137,4.440000057220459,340
2017-12-06,4.034999847412109,4.034999847412109,4.215000152587891,4.034999847412109,4.184999942779541,1200
2017-12-07,3.9000000953674316,3.9000000953674316,4.050000190734863,3.9000000953674316,4.050000190734863,987
2017-12-08,3.7049999237060547,3.7049999237060547,4.050000190734863,3.5850000381469727,3.809999942779541,1927
2017-12-11,3.765000104904175,3.765000104904175,4.050000190734863,3.5999999046325684,3.7049999237060547,2440
2017-12-12,4.485000133514404,4.485000133514404,4.5,3.9149999618530273,4.289999961853027,31487
2017-12-13,4.364999771118164,4.364999771118164,4.724999904632568,3.990000009536743,4.244999885559082,8847
2017-12-14,4.5,4.5,4.875,4.349999904632568,4.739999771118164,19393
2017-12-15,3.990000009536743,3.990000009536743,4.875,3.9000000953674316,4.875,3000
2017-12-18,4.650000095367432,4.650000095367432,4.949999809265137,4.019999980926514,4.019999980926514,7480
2017-12-19,4.46999979019165,4.46999979019165,4.949999809265137,4.050000190734863,4.679999828338623,4720
2017-12-20,4.170000076293945,4.170000076293945,4.5,4.110000133514404,4.215000152587891,3173
2017-12-21,4.079999923706055,4.079999923706055,4.5,4.050000190734863,4.050000190734863,6447
2017-12-22,4.349999904632568,4.349999904632568,4.5,4.199999809265137,4.5,1373
2017-12-26,4.409999847412109,4.409999847412109,4.46999979019165,4.125,4.46999979019165,4353
2017-12-27,4.304999828338623,4.304999828338623,4.5,4.170000076293945,4.5,2387
2017-12-28,4.349999904632568,4.349999904632568,4.394999980926514,4.125,4.199999809265137,4487
2017-12-29,4.454999923706055,4.454999923706055,4.46999979019165,4.065000057220459,4.364999771118164,4607
2018-01-02,5.070000171661377,5.070000171661377,5.309999942779541,4.545000076293945,4.545000076293945,3053
2018-01-03,5.820000171661377,5.820000171661377,5.909999847412109,5.099999904632568,5.114999771118164,12607
2018-01-04,5.96999979019165,5.96999979019165,6.0,5.519999980926514,5.760000228881836,2747
2018-01-05,6.0,6.0,6.090000152587891,5.639999866485596,5.96999979019165,5000
2018-01-08,5.954999923706055,5.954999923706055,6.210000038146973,5.804999828338623,6.210000038146973,1320
2018-01-09,5.190000057220459,5.190000057220459,5.835000038146973,5.114999771118164,5.625,2547
2018-01-10,5.085000038146973,5.085000038146973,5.460000038146973,5.010000228881836,5.429999828338623,1540
2018-01-11,5.070000171661377,5.070000171661377,5.369999885559082,5.070000171661377,5.369999885559082,287
2018-01-12,4.650000095367432,4.650000095367432,5.085000038146973,4.650000095367432,4.724999904632568,1687
2018-01-16,5.235000133514404,5.235000133514404,5.25,4.784999847412109,4.784999847412109,3287
2018-01-17,4.559999942779541,4.559999942779541,5.159999847412109,4.5,5.159999847412109,5620
2018-01-18,4.5,4.5,4.784999847412109,4.394999980926514,4.394999980926514,927
2018-01-19,4.650000095367432,4.650000095367432,4.90500020980835,4.485000133514404,4.90500020980835,533
2018-01-22,4.440000057220459,4.440000057220459,4.889999866485596,4.304999828338623,4.889999866485596,2460
2018-01-23,4.380000114440918,4.380000114440918,4.710000038146973,4.184999942779541,4.485000133514404,5147
2018-01-24,4.335000038146973,4.335000038146973,4.5,4.215000152587891,4.5,593
2018-01-25,4.050000190734863,4.050000190734863,4.710000038146973,3.9149999618530273,4.454999923706055,10920
2018-01-26,4.019999980926514,4.019999980926514,4.199999809265137,3.5850000381469727,4.050000190734863,6267
2018-01-29,3.75,3.75,3.9000000953674316,3.615000009536743,3.8550000190734863,8753
2018-01-30,3.5250000953674316,3.5250000953674316,3.630000114440918,3.5250000953674316,3.5999999046325684,1407
2018-01-31,3.434999942779541,3.434999942779541,3.5250000953674316,3.255000114440918,3.509999990463257,2267
2018-02-01,3.5999999046325684,3.5999999046325684,3.7200000286102295,3.5999999046325684,3.5999999046325684,1220
2018-02-02,3.3450000286102295,3.3450000286102295,3.6449999809265137,3.0299999713897705,3.6449999809265137,2707
2018-02-05,3.0299999713897705,3.0299999713897705,3.240000009536743,3.0,3.0,4747
2018-02-06,2.984999895095825,2.984999895095825,3.2249999046325684,2.924999952316284,3.0899999141693115,2253
2018-02-07,2.940000057220459,2.940000057220459,3.180000066757202,2.7899999618530273,3.1500000953674316,1660
2018-02-08,2.865000009536743,2.865000009536743,3.0450000762939453,2.819999933242798,3.0450000762939453,1013
2018-02-09,2.8499999046325684,2.8499999046325684,3.0450000762939453,2.8499999046325684,3.0,300
2018-02-12,3.0,3.0,3.0,2.759999990463257,2.8350000381469727,1040
2018-02-13,2.805000066757202,2.805000066757202,3.059999942779541,2.805000066757202,3.059999942779541,333
2018-02-14,3.1500000953674316,3.1500000953674316,3.1500000953674316,2.880000114440918,2.880000114440918,3113
2018-02-15,2.984999895095825,2.984999895095825,3.134999990463257,2.9700000286102295,3.134999990463257,1880
2018-02-16,2.9100000858306885,2.9100000858306885,3.059999942779541,2.5799999237060547,3.015000104904175,2693
2018-02-20,2.940000057220459,2.940000057220459,2.940000057220459,2.9100000858306885,2.9100000858306885,507
2018-02-21,2.865000009536743,2.865000009536743,3.0,2.8350000381469727,2.8350000381469727,673
2018-02-22,2.819999933242798,2.819999933242798,3.0,2.819999933242798,2.880000114440918,700
2018-02-23,3.1050000190734863,3.1050000190734863,3.1050000190734863,3.1050000190734863,3.1050000190734863,333
2018-02-26,2.700000047683716,2.700000047683716,2.984999895095825,2.684999942779541,2.984999895095825,2753
2018-02-27,2.744999885559082,2.744999885559082,2.8350000381469727,2.430000066757202,2.8350000381469727,3167
2018-02-28,2.1449999809265137,2.1449999809265137,2.5199999809265137,2.1449999809265137,2.430000066757202,4940
2018-03-01,2.5199999809265137,2.5199999809265137,2.880000114440918,2.265000104904175,2.880000114440918,1927
2018-03-02,2.6700000762939453,2.6700000762939453,2.6700000762939453,2.369999885559082,2.369999885559082,1607
2018-03-05,2.4749999046325684,2.4749999046325684,2.700000047683716,2.309999942779541,2.684999942779541,2960
2018-03-06,2.5950000286102295,2.5950000286102295,2.700000047683716,2.4000000953674316,2.490000009536743,1647
2018-03-07,2.640000104904175,2.640000104904175,2.640000104904175,2.505000114440918,2.505000114440918,93
2018-03-08,2.8350000381469727,2.8350000381469727,2.984999895095825,2.8350000381469727,2.984999895095825,333
2018-03-09,2.9100000858306885,2.9100000858306885,2.9100000858306885,2.8350000381469727,2.8499999046325684,300
2018-03-12,2.549999952316284,2.549999952316284,2.7300000190734863,2.549999952316284,2.7300000190734863,113
2018-03-13,2.5199999809265137,2.5199999809265137,2.625,2.5199999809265137,2.625,500
2018-03-14,2.700000047683716,2.700000047683716,2.759999990463257,2.700000047683716,2.759999990463257,493
2018-03-15,2.6549999713897705,2.6549999713897705,2.744999885559082,2.5950000286102295,2.700000047683716,927
2018-03-16,2.6549999713897705,2.6549999713897705,2.6549999713897705,2.6549999713897705,2.6549999713897705,0
2018-03-19,2.7300000190734863,2.7300000190734863,2.7300000190734863,2.7300000190734863,2.7300000190734863,67
2018-03-20,2.384999990463257,2.384999990463257,2.684999942779541,2.384999990463257,2.490000009536743,1407
2018-03-21,2.384999990463257,2.384999990463257,2.384999990463257,2.384999990463257,2.384999990463257,0
2018-03-22,2.5350000858306885,2.5350000858306885,2.5350000858306885,2.5350000858306885,2.5350000858306885,167
2018-03-23,2.565000057220459,2.565000057220459,2.565000057220459,2.369999885559082,2.4749999046325684,1667
2018-03-26,2.234999895095825,2.234999895095825,2.5799999237060547,2.234999895095825,2.5799999237060547,553
2018-03-27,2.4149999618530273,2.4149999618530273,2.4149999618530273,2.234999895095825,2.234999895095825,133
2018-03-28,2.25,2.25,2.4000000953674316,2.25,2.2950000762939453,820
2018-03-29,2.309999942779541,2.309999942779541,2.565000057220459,2.1449999809265137,2.1449999809265137,1927
2018-04-02,2.325000047683716,2.325000047683716,2.325000047683716,2.325000047683716,2.325000047683716,333
2018-04-03,2.325000047683716,2.325000047683716,2.325000047683716,2.325000047683716,2.325000047683716,0
2018-04-04,2.325000047683716,2.325000047683716,2.325000047683716,2.190000057220459,2.325000047683716,367
2018-04-05,2.325000047683716,2.325000047683716,2.325000047683716,2.174999952316284,2.174999952316284,587
2018-04-06,2.325000047683716,2.325000047683716,2.325000047683716,2.325000047683716,2.325000047683716,0
2018-04-09,2.325000047683716,2.325000047683716,2.325000047683716,2.2950000762939453,2.2950000762939453,1080
2018-04-10,2.2950000762939453,2.2950000762939453,2.325000047683716,2.2200000286102295,2.325000047683716,533
2018-04-11,2.549999952316284,2.549999952316284,2.549999952316284,2.4000000953674316,2.4000000953674316,1667
2018-04-12,2.5950000286102295,2.5950000286102295,2.5950000286102295,2.5350000858306885,2.5350000858306885,1220
2018-04-13,2.384999990463257,2.384999990463257,2.384999990463257,2.384999990463257,2.384999990463257,13
2018-04-16,2.384999990463257,2.384999990463257,2.384999990463257,2.384999990463257,2.384999990463257,0
2018-04-17,2.2950000762939453,2.2950000762939453,2.4149999618530273,2.2950000762939453,2.4149999618530273,1567
2018-04-18,2.309999942779541,2.309999942779541,2.309999942779541,2.309999942779541,2.309999942779541,67
2018-04-19,2.234999895095825,2.234999895095825,2.2799999713897705,2.234999895095825,2.2799999713897705,40
2018-04-20,2.4000000953674316,2.4000000953674316,2.4000000953674316,2.4000000953674316,2.4000000953674316,60
2018-04-23,2.384999990463257,2.384999990463257,2.384999990463257,2.384999990463257,2.384999990463257,167
2018-04-24,2.369999885559082,2.369999885559082,2.384999990463257,2.309999942779541,2.384999990463257,507
2018-04-25,2.174999952316284,2.174999952316284,2.3550000190734863,2.130000114440918,2.130000114440918,333
2018-04-26,2.174999952316284,2.174999952316284,2.174999952316284,2.174999952316284,2.174999952316284,0
2018-04-27,2.2049999237060547,2.2049999237060547,2.25,2.2049999237060547,2.25,640
2018-04-30,2.25,2.25,2.25,2.0999999046325684,2.0999999046325684,307
2018-05-01,2.0999999046325684,2.0999999046325684,2.25,2.0999999046325684,2.25,407
2018-05-02,2.0999999046325684,2.0999999046325684,2.0999999046325684,2.0999999046325684,2.0999999046325684,0
2018-05-03,2.2950000762939453,2.2950000762939453,2.2950000762939453,2.2950000762939453,2.2950000762939453,153
2018-05-04,2.3399999141693115,2.3399999141693115,2.384999990463257,2.325000047683716,2.384999990463257,1193
2018-05-07,2.325000047683716,2.325000047683716,2.3550000190734863,2.2799999713897705,2.3550000190734863,533
2018-05-08,2.0850000381469727,2.0850000381469727,2.3399999141693115,2.0250000953674316,2.2049999237060547,953
2018-05-09,2.0850000381469727,2.0850000381469727,2.1600000858306885,2.055000066757202,2.130000114440918,2033
2018-05-10,2.325000047683716,2.325000047683716,2.325000047683716,2.265000104904175,2.325000047683716,1360
2018-05-11,2.325000047683716,2.325000047683716,2.325000047683716,2.325000047683716,2.325000047683716,0
2018-05-14,2.190000057220459,2.190000057220459,2.325000047683716,2.069999933242798,2.130000114440918,1180
2018-05-15,2.069999933242798,2.069999933242798,2.2950000762939453,2.069999933242798,2.174999952316284,927
2018-05-16,2.174999952316284,2.174999952316284,2.25,2.174999952316284,2.25,93
2018-05-17,2.25,2.25,2.25,2.25,2.25,600
2018-05-18,2.265000104904175,2.265000104904175,2.325000047683716,2.190000057220459,2.325000047683716,767
2018-05-21,2.265000104904175,2.265000104904175,2.265000104904175,2.265000104904175,2.265000104904175,0
2018-05-22,2.325000047683716,2.325000047683716,2.325000047683716,2.1449999809265137,2.1449999809265137,560
2018-05-23,2.309999942779541,2.309999942779541,2.309999942779541,2.309999942779541,2.309999942779541,400
2018-05-24,2.234999895095825,2.234999895095825,2.325000047683716,2.0250000953674316,2.234999895095825,1920
2018-05-25,2.0399999618530273,2.0399999618530273,2.234999895095825,2.0399999618530273,2.234999895095825,1147
2018-05-29,2.0399999618530273,2.0399999618530273,2.0399999618530273,2.0399999618530273,2.0399999618530273,0
2018-05-30,2.234999895095825,2.234999895095825,2.25,1.9800000190734863,2.234999895095825,1193
2018-05-31,2.25,2.25,2.25,2.055000066757202,2.055000066757202,487
2018-06-01,2.2200000286102295,2.2200000286102295,2.325000047683716,2.174999952316284,2.234999895095825,400
2018-06-04,2.265000104904175,2.265000104904175,2.444999933242798,2.174999952316284,2.444999933242798,1840
2018-06-05,2.0999999046325684,2.0999999046325684,2.0999999046325684,2.0999999046325684,2.0999999046325684,53
2018-06-06,2.0850000381469727,2.0850000381469727,2.0999999046325684,1.8300000429153442,2.0999999046325684,3893
2018-06-07,1.8450000286102295,1.8450000286102295,2.055000066757202,1.8450000286102295,2.0250000953674316,1933
2018-06-08,2.130000114440918,2.130000114440918,2.130000114440918,1.8450000286102295,1.8450000286102295,73
2018-06-11,2.130000114440918,2.130000114440918,2.130000114440918,2.130000114440918,2.130000114440918,0
2018-06-12,1.934999942779541,1.934999942779541,2.0399999618530273,1.725000023841858,1.725000023841858,1873
2018-06-13,1.8300000429153442,1.8300000429153442,1.8300000429153442,1.8300000429153442,1.8300000429153442,53
2018-06-14,2.0850000381469727,2.0850000381469727,2.174999952316284,1.875,2.130000114440918,553
2018-06-15,2.0850000381469727,2.0850000381469727,2.0850000381469727,1.8600000143051147,1.8600000143051147,167
2018-06-18,1.7999999523162842,1.7999999523162842,1.965000033378601,1.7999999523162842,1.965000033378601,373
2018-06-19,1.965000033378601,1.965000033378601,1.965000033378601,1.9199999570846558,1.934999942779541,733
2018-06-20,1.965000033378601,1.965000033378601,1.965000033378601,1.9199999570846558,1.9199999570846558,1240
2018-06-21,2.190000057220459,2.190000057220459,2.190000057220459,1.8300000429153442,1.9199999570846558,3433
2018-06-22,2.190000057220459,2.190000057220459,2.190000057220459,2.190000057220459,2.190000057220459,0
2018-06-25,1.9800000190734863,1.9800000190734863,1.9800000190734863,1.9800000190734863,1.9800000190734863,133
2018-06-26,1.9800000190734863,1.9800000190734863,1.9800000190734863,1.9800000190734863,1.9800000190734863,0
2018-06-27,1.559999942779541,1.559999942779541,1.6200000047683716,1.5,1.6200000047683716,2360
2018-06-28,1.440000057220459,1.440000057220459,1.440000057220459,1.3350000381469727,1.3350000381469727,680
2018-06-29,1.350000023841858,1.350000023841858,1.350000023841858,1.350000023841858,1.350000023841858,133
2018-07-02,1.7549999952316284,1.7549999952316284,1.7549999952316284,1.7549999952316284,1.7549999952316284,1000
2018-07-03,1.7549999952316284,1.7549999952316284,1.7549999952316284,1.7549999952316284,1.7549999952316284,0
2018-07-05,1.350000023841858,1.350000023841858,1.5750000476837158,1.3350000381469727,1.3350000381469727,380
2018-07-06,1.3350000381469727,1.3350000381469727,1.3949999809265137,1.3350000381469727,1.350000023841858,340
2018-07-09,1.3350000381469727,1.3350000381469727,1.3350000381469727,1.3350000381469727,1.3350000381469727,0
2018-07-10,1.3799999952316284,1.3799999952316284,1.3799999952316284,1.3799999952316284,1.3799999952316284,1767
2018-07-11,1.3799999952316284,1.3799999952316284,1.440000057220459,1.3799999952316284,1.440000057220459,167
2018-07-12,1.3799999952316284,1.3799999952316284,1.3799999952316284,1.3799999952316284,1.3799999952316284,0
2018-07-13,1.3799999952316284,1.3799999952316284,1.3799999952316284,1.3799999952316284,1.3799999952316284,133
2018-07-16,1.3799999952316284,1.3799999952316284,1.3799999952316284,1.3799999952316284,1.3799999952316284,0
2018-07-17,1.3799999952316284,1.3799999952316284,1.3799999952316284,1.3799999952316284,1.3799999952316284,0
2018-07-18,1.5,1.5,1.5,1.3799999952316284,1.5,7133
2018-07-19,1.184999942779541,1.184999942779541,1.4550000429153442,1.184999942779541,1.4550000429153442,3007
2018-07-20,1.2450000047683716,1.2450000047683716,1.2450000047683716,1.125,1.125,80
2018-07-23,1.409999966621399,1.409999966621399,1.409999966621399,1.3949999809265137,1.3949999809265137,453
2018-07-24,1.125,1.125,1.4700000286102295,1.125,1.4700000286102295,133
2018-07-25,1.2599999904632568,1.2599999904632568,1.2599999904632568,1.2300000190734863,1.2300000190734863,333
2018-07-26,1.2599999904632568,1.2599999904632568,1.2599999904632568,1.2599999904632568,1.2599999904632568,0
2018-07-27,1.2599999904632568,1.2599999904632568,1.2599999904632568,1.2599999904632568,1.2599999904632568,0
2018-07-30,1.1549999713897705,1.1549999713897705,1.1549999713897705,1.1399999856948853,1.1399999856948853,600
2018-07-31,1.065000057220459,1.065000057220459,1.0800000429153442,1.065000057220459,1.0800000429153442,193
2018-08-01,1.2000000476837158,1.2000000476837158,1.2000000476837158,1.2000000476837158,1.2000000476837158,133
2018-08-02,1.184999942779541,1.184999942779541,1.184999942779541,1.184999942779541,1.184999942779541,67
2018-08-03,1.2300000190734863,1.2300000190734863,1.3799999952316284,1.215000033378601,1.2300000190734863,2007
2018-08-06,1.2300000190734863,1.2300000190734863,1.2300000190734863,1.2300000190734863,1.2300000190734863,0
2018-08-07,1.5,1.5,1.649999976158142,1.5,1.559999942779541,3667
2018-08-08,1.6200000047683716,1.6200000047683716,1.6200000047683716,1.350000023841858,1.350000023841858,433
2018-08-09,1.6200000047683716,1.6200000047683716,1.7999999523162842,1.6200000047683716,1.6799999475479126,6833
2018-08-10,1.559999942779541,1.559999942779541,1.649999976158142,1.559999942779541,1.649999976158142,2267
2018-08-13,1.409999966621399,1.409999966621399,1.409999966621399,1.409999966621399,1.409999966621399,53
2018-08-14,1.649999976158142,1.649999976158142,1.649999976158142,1.5750000476837158,1.5750000476837158,520
2018-08-15,1.649999976158142,1.649999976158142,1.649999976158142,1.649999976158142,1.649999976158142,0
2018-08-16,1.5750000476837158,1.5750000476837158,1.5750000476837158,1.5750000476837158,1.5750000476837158,1333
2018-08-17,1.6050000190734863,1.6050000190734863,1.6050000190734863,1.4700000286102295,1.5299999713897705,560
2018-08-20,1.8450000286102295,1.8450000286102295,1.8450000286102295,1.8450000286102295,1.8450000286102295,47
2018-08-21,1.649999976158142,1.649999976158142,1.649999976158142,1.649999976158142,1.649999976158142,2120
2018-08-22,1.5149999856948853,1.5149999856948853,1.5149999856948853,1.5149999856948853,1.5149999856948853,67
2018-08-23,1.649999976158142,1.649999976158142,1.649999976158142,1.649999976158142,1.649999976158142,133
2018-08-24,1.5299999713897705,1.5299999713897705,1.5299999713897705,1.5299999713897705,1.5299999713897705,193
2018-08-27,1.5299999713897705,1.5299999713897705,1.5299999713897705,1.5299999713897705,1.5299999713897705,0
2018-08-28,1.5750000476837158,1.5750000476837158,1.590000033378601,1.5750000476837158,1.590000033378601,473
2018-08-29,1.440000057220459,1.440000057220459,1.440000057220459,1.440000057220459,1.440000057220459,267
2018-08-30,1.440000057220459,1.440000057220459,1.440000057220459,1.440000057220459,1.440000057220459,0
2018-08-31,1.5,1.5,1.5750000476837158,1.5,1.5750000476837158,1267
2018-09-04,1.3799999952316284,1.3799999952316284,1.5,1.3799999952316284,1.5,233
2018-09-05,1.5,1.5,1.590000033378601,1.5,1.590000033378601,487
2018-09-06,1.2599999904632568,1.2599999904632568,1.2599999904632568,1.2599999904632568,1.2599999904632568,13
2018-09-07,1.409999966621399,1.409999966621399,1.4700000286102295,1.409999966621399,1.4700000286102295,400
2018-09-10,1.5,1.5,1.5,1.350000023841858,1.350000023841858,2673
2018-09-11,1.350000023841858,1.350000023841858,1.350000023841858,1.350000023841858,1.350000023841858,67
2018-09-12,1.350000023841858,1.350000023841858,1.350000023841858,1.350000023841858,1.350000023841858,73
2018-09-13,1.5,1.5,1.5149999856948853,1.5,1.5149999856948853,1540
2018-09-14,1.350000023841858,1.350000023841858,1.5449999570846558,1.350000023841858,1.5449999570846558,107
2018-09-17,1.3650000095367432,1.3650000095367432,1.3650000095367432,1.3200000524520874,1.3200000524520874,227
2018-09-18,1.5,1.5,1.5,1.3799999952316284,1.3799999952316284,100
2018-09-19,1.350000023841858,1.350000023841858,1.350000023841858,1.350000023841858,1.350000023841858,20
2018-09-20,1.350000023841858,1.350000023841858,1.350000023841858,1.350000023841858,1.350000023841858,0
2018-09-21,1.350000023841858,1.350000023841858,1.350000023841858,1.350000023841858,1.350000023841858,13
2018-09-24,1.350000023841858,1.350000023841858,1.350000023841858,1.350000023841858,1.350000023841858,313
2018-09-25,1.4249999523162842,1.4249999523162842,1.4249999523162842,1.4249999523162842,1.4249999523162842,453
2018-09-26,1.3799999952316284,1.3799999952316284,1.3799999952316284,1.350000023841858,1.350000023841858,2580
2018-09-27,1.3799999952316284,1.3799999952316284,1.3799999952316284,1.3799999952316284,1.3799999952316284,0
2018-09-28,1.2599999904632568,1.2599999904632568,1.274999976158142,1.2599999904632568,1.274999976158142,293
2018-10-01,1.350000023841858,1.350000023841858,1.350000023841858,1.2599999904632568,1.3049999475479126,620
2018-10-02,1.3799999952316284,1.3799999952316284,1.3799999952316284,1.3799999952316284,1.3799999952316284,507
2018-10-03,1.3799999952316284,1.3799999952316284,1.3799999952316284,1.3799999952316284,1.3799999952316284,0
2018-10-04,1.4850000143051147,1.4850000143051147,1.4850000143051147,1.4850000143051147,1.4850000143051147,67
2018-10-05,1.4850000143051147,1.4850000143051147,1.4850000143051147,1.4850000143051147,1.4850000143051147,0
2018-10-08,1.2899999618530273,1.2899999618530273,1.3200000524520874,1.2899999618530273,1.3200000524520874,33
2018-10-09,1.590000033378601,1.590000033378601,1.590000033378601,1.3799999952316284,1.4550000429153442,1000
2018-10-10,1.590000033378601,1.590000033378601,1.590000033378601,1.590000033378601,1.590000033378601,0
2018-10-11,1.3350000381469727,1.3350000381469727,1.350000023841858,1.3350000381469727,1.350000023841858,753
2018-10-12,1.3350000381469727,1.3350000381469727,1.3350000381469727,1.3350000381469727,1.3350000381469727,0
2018-10-15,1.3350000381469727,1.3350000381469727,1.3350000381469727,1.3350000381469727,1.3350000381469727,400
2018-10-16,1.2599999904632568,1.2599999904632568,1.3350000381469727,1.2599999904632568,1.3350000381469727,200
2018-10-17,1.3650000095367432,1.3650000095367432,1.3799999952316284,1.2300000190734863,1.3799999952316284,147
2018-10-18,1.350000023841858,1.350000023841858,1.350000023841858,1.350000023841858,1.350000023841858,53
2018-10-19,1.350000023841858,1.350000023841858,1.350000023841858,1.350000023841858,1.350000023841858,0
2018-10-22,1.350000023841858,1.350000023841858,1.350000023841858,1.350000023841858,1.350000023841858,0
2018-10-23,1.350000023841858,1.350000023841858,1.350000023841858,1.350000023841858,1.350000023841858,0
2018-10-24,1.350000023841858,1.350000023841858,1.350000023841858,1.350000023841858,1.350000023841858,0
2018-10-25,1.350000023841858,1.350000023841858,1.350000023841858,1.350000023841858,1.350000023841858,0
2018-10-26,1.0499999523162842,1.0499999523162842,1.274999976158142,0.8999999761581421,1.274999976158142,1087
2018-10-29,1.4550000429153442,1.4550000429153442,1.4550000429153442,1.4550000429153442,1.4550000429153442,333
2018-10-30,0.3149999976158142,0.3149999976158142,1.2899999618530273,0.3149999976158142,0.75,1067
2018-10-31,1.2899999618530273,1.2899999618530273,1.2899999618530273,0.33000001311302185,0.33000001311302185,733
2018-11-01,0.8999999761581421,0.8999999761581421,1.350000023841858,0.7799999713897705,1.2899999618530273,2647
2018-11-02,1.0499999523162842,1.0499999523162842,1.0499999523162842,1.0499999523162842,1.0499999523162842,33
2018-11-05,1.409999966621399,1.409999966621399,1.559999942779541,1.350000023841858,1.409999966621399,2973
2018-11-06,1.409999966621399,1.409999966621399,1.409999966621399,1.409999966621399,1.409999966621399,0
2018-11-07,1.409999966621399,1.409999966621399,1.409999966621399,1.409999966621399,1.409999966621399,0
2018-11-08,1.409999966621399,1.409999966621399,1.409999966621399,1.409999966621399,1.409999966621399,0
2018-11-09,1.274999976158142,1.274999976158142,1.350000023841858,0.38999998569488525,0.38999998569488525,247
2018-11-12,1.274999976158142,1.274999976158142,1.274999976158142,1.274999976158142,1.274999976158142,0
2018-11-13,0.8849999904632568,0.8849999904632568,0.8849999904632568,0.8849999904632568,0.8849999904632568,200
2018-11-14,1.2599999904632568,1.2599999904632568,1.2599999904632568,1.2599999904632568,1.2599999904632568,667
2018-11-15,1.2000000476837158,1.2000000476837158,1.2000000476837158,0.8399999737739563,0.8849999904632568,167
2018-11-16,0.9150000214576721,0.9150000214576721,0.9150000214576721,0.6899999976158142,0.8550000190734863,1733
2018-11-19,0.6899999976158142,0.6899999976158142,0.7799999713897705,0.44999998807907104,0.7799999713897705,1733
2018-11-20,0.7950000166893005,0.7950000166893005,0.7950000166893005,0.6299999952316284,0.6449999809265137,333
2018-11-21,0.7950000166893005,0.7950000166893005,0.7950000166893005,0.7950000166893005,0.7950000166893005,0
2018-11-23,0.6899999976158142,0.6899999976158142,0.7350000143051147,0.6899999976158142,0.7350000143051147,533
2018-11-26,0.6899999976158142,0.6899999976158142,0.6899999976158142,0.6899999976158142,0.6899999976158142,0
2018-11-27,0.8849999904632568,0.8849999904632568,0.8849999904632568,0.824999988079071,0.824999988079071,167
2018-11-28,0.7799999713897705,0.7799999713897705,0.8700000047683716,0.7799999713897705,0.8700000047683716,233
2018-11-29,0.8100000023841858,0.8100000023841858,0.8100000023841858,0.8100000023841858,0.8100000023841858,27
2018-11-30,0.8100000023841858,0.8100000023841858,0.8100000023841858,0.8100000023841858,0.8100000023841858,0
2018-12-03,0.7950000166893005,0.7950000166893005,1.0199999809265137,0.75,1.0199999809265137,1373
2018-12-04,0.7799999713897705,0.7799999713897705,0.8100000023841858,0.75,0.7950000166893005,1400
2018-12-06,0.7799999713897705,0.7799999713897705,0.7799999713897705,0.7799999713897705,0.7799999713897705,0
2018-12-07,1.034999966621399,1.034999966621399,1.034999966621399,1.034999966621399,1.034999966621399,667
2018-12-10,0.7350000143051147,0.7350000143051147,0.7350000143051147,0.7350000143051147,0.7350000143051147,333
2018-12-11,0.8999999761581421,0.8999999761581421,0.8999999761581421,0.7350000143051147,0.7350000143051147,107
2018-12-12,0.7649999856948853,0.7649999856948853,0.7649999856948853,0.7049999833106995,0.7049999833106995,800
2018-12-13,0.7350000143051147,0.7350000143051147,0.75,0.7350000143051147,0.75,247
2018-12-14,0.7350000143051147,0.7350000143051147,0.7350000143051147,0.7350000143051147,0.7350000143051147,0
2018-12-17,0.7049999833106995,0.7049999833106995,0.9150000214576721,0.7049999833106995,0.75,1027
2018-12-18,0.7200000286102295,0.7200000286102295,0.7200000286102295,0.7200000286102295,0.7200000286102295,200
2018-12-19,0.7799999713897705,0.7799999713897705,0.7799999713897705,0.7799999713897705,0.7799999713897705,33
2018-12-20,0.7799999713897705,0.7799999713897705,0.7799999713897705,0.7799999713897705,0.7799999713897705,0
2018-12-21,0.8550000190734863,0.8550000190734863,0.8550000190734863,0.8550000190734863,0.8550000190734863,167
2018-12-24,0.6449999809265137,0.6449999809265137,0.6899999976158142,0.6449999809265137,0.6899999976158142,533
2018-12-26,0.9300000071525574,0.9300000071525574,0.9300000071525574,0.4650000035762787,0.6000000238418579,2100
2018-12-27,0.6000000238418579,0.6000000238418579,0.6600000262260437,0.6000000238418579,0.6600000262260437,18067
2018-12-28,0.8999999761581421,0.8999999761581421,0.8999999761581421,0.6299999952316284,0.6299999952316284,400
2018-12-31,0.6600000262260437,0.6600000262260437,0.8399999737739563,0.6449999809265137,0.8399999737739563,1533
2019-01-02,0.6600000262260437,0.6600000262260437,0.6600000262260437,0.6600000262260437,0.6600000262260437,0
2019-01-03,0.6600000262260437,0.6600000262260437,0.6600000262260437,0.6600000262260437,0.6600000262260437,0
2019-01-04,0.7350000143051147,0.7350000143051147,0.7350000143051147,0.7350000143051147,0.7350000143051147,13
2019-01-07,0.7200000286102295,0.7200000286102295,0.8999999761581421,0.6000000238418579,0.7350000143051147,6827
2019-01-08,0.7950000166893005,0.7950000166893005,0.7950000166893005,0.7950000166893005,0.7950000166893005,67
2019-01-09,0.9300000071525574,0.9300000071525574,0.9300000071525574,0.9300000071525574,0.9300000071525574,227
2019-01-10,0.6000000238418579,0.6000000238418579,0.6449999809265137,0.4650000035762787,0.6000000238418579,13547
2019-01-11,0.7200000286102295,0.7200000286102295,0.9300000071525574,0.7200000286102295,0.9300000071525574,2500
2019-01-14,0.7200000286102295,0.7200000286102295,0.7350000143051147,0.7200000286102295,0.7350000143051147,1067
2019-01-15,0.9599999785423279,0.9599999785423279,0.9599999785423279,0.9599999785423279,0.9599999785423279,267
2019-01-16,1.0049999952316284,1.0049999952316284,1.0049999952316284,0.44999998807907104,0.8700000047683716,1573
2019-01-17,0.7799999713897705,0.7799999713897705,1.0049999952316284,0.75,1.0049999952316284,1087
2019-01-18,0.6899999976158142,0.6899999976158142,0.75,0.6899999976158142,0.75,1340
2019-01-22,0.7049999833106995,0.7049999833106995,0.7049999833106995,0.7049999833106995,0.7049999833106995,67
2019-01-23,0.7049999833106995,0.7049999833106995,0.7049999833106995,0.7049999833106995,0.7049999833106995,0
2019-01-24,0.75,0.75,0.75,0.75,0.75,20
2019-01-25,0.824999988079071,0.824999988079071,0.824999988079071,0.7200000286102295,0.75,640
2019-01-28,0.7799999713897705,0.7799999713897705,0.7799999713897705,0.7350000143051147,0.7350000143051147,133
2019-01-29,0.7799999713897705,0.7799999713897705,0.7799999713897705,0.7799999713897705,0.7799999713897705,60
2019-01-30,0.8999999761581421,0.8999999761581421,0.8999999761581421,0.7200000286102295,0.8399999737739563,2853
2019-01-31,0.75,0.75,0.8999999761581421,0.75,0.8999999761581421,107
2019-02-01,0.75,0.75,0.75,0.75,0.75,0
2019-02-04,0.75,0.75,0.75,0.75,0.75,0
2019-02-05,0.75,0.75,0.75,0.75,0.75,0
2019-02-06,0.9900000095367432,0.9900000095367432,0.9900000095367432,0.9900000095367432,0.9900000095367432,20
2019-02-07,0.9900000095367432,0.9900000095367432,0.9900000095367432,0.9900000095367432,0.9900000095367432,0
2019-02-08,0.9900000095367432,0.9900000095367432,0.9900000095367432,0.9900000095367432,0.9900000095367432,0
2019-02-11,1.125,1.125,1.125,0.8100000023841858,0.8100000023841858,227
2019-02-12,0.9750000238418579,0.9750000238418579,0.9750000238418579,0.8399999737739563,0.8399999737739563,400
2019-02-13,0.9750000238418579,0.9750000238418579,0.9750000238418579,0.9750000238418579,0.9750000238418579,0
2019-02-14,0.9750000238418579,0.9750000238418579,0.9750000238418579,0.9750000238418579,0.9750000238418579,0
2019-02-15,0.9750000238418579,0.9750000238418579,0.9750000238418579,0.9750000238418579,0.9750000238418579,0
2019-02-19,0.75,0.75,0.75,0.75,0.75,3667
2019-02-20,0.75,0.75,0.75,0.75,0.75,0
2019-02-21,0.75,0.75,0.75,0.75,0.75,0
2019-02-22,0.75,0.75,0.75,0.75,0.75,0
2019-02-25,0.8999999761581421,0.8999999761581421,0.8999999761581421,0.8999999761581421,0.8999999761581421,14193
2019-02-26,0.8999999761581421,0.8999999761581421,0.8999999761581421,0.8999999761581421,0.8999999761581421,67
2019-02-27,0.8999999761581421,0.8999999761581421,0.8999999761581421,0.8999999761581421,0.8999999761581421,0
2019-02-28,0.7799999713897705,0.7799999713897705,0.7799999713897705,0.6899999976158142,0.7799999713897705,667
2019-03-01,0.675000011920929,0.675000011920929,0.7200000286102295,0.675000011920929,0.675000011920929,1093
2019-03-04,1.3650000095367432,1.3650000095367432,1.649999976158142,1.0049999952316284,1.0049999952316284,4480
2019-03-05,1.2450000047683716,1.2450000047683716,1.2450000047683716,1.0950000286102295,1.0950000286102295,620
2019-03-06,1.2450000047683716,1.2450000047683716,1.2450000047683716,1.2450000047683716,1.2450000047683716,0
2019-03-07,1.2000000476837158,1.2000000476837158,1.2450000047683716,1.2000000476837158,1.2300000190734863,820
2019-03-08,1.3350000381469727,1.3350000381469727,1.3350000381469727,1.3350000381469727,1.3350000381469727,67
2019-03-11,1.274999976158142,1.274999976158142,1.4550000429153442,1.274999976158142,1.4550000429153442,260
2019-03-12,1.274999976158142,1.274999976158142,1.274999976158142,1.274999976158142,1.274999976158142,0
2019-03-13,1.274999976158142,1.274999976158142,1.274999976158142,1.274999976158142,1.274999976158142,0
2019-03-14,1.274999976158142,1.274999976158142,1.274999976158142,1.274999976158142,1.274999976158142,0
2019-03-15,1.0950000286102295,1.0950000286102295,1.0950000286102295,1.0950000286102295,1.0950000286102295,200
2019-03-18,0.75,0.75,0.75,0.75,0.75,27
2019-03-19,0.75,0.75,0.75,0.75,0.75,0
2019-03-20,0.75,0.75,0.75,0.75,0.75,0
2019-03-21,1.1100000143051147,1.1100000143051147,1.1100000143051147,1.1100000143051147,1.1100000143051147,33
2019-03-22,1.2000000476837158,1.2000000476837158,1.2000000476837158,1.2000000476837158,1.2000000476837158,3333
2019-03-25,1.0499999523162842,1.0499999523162842,1.0499999523162842,1.0499999523162842,1.0499999523162842,33
2019-03-26,1.1549999713897705,1.1549999713897705,1.2000000476837158,1.1549999713897705,1.2000000476837158,520
2019-03-27,1.1549999713897705,1.1549999713897705,1.1549999713897705,1.1549999713897705,1.1549999713897705,0
2019-03-28,1.1549999713897705,1.1549999713897705,1.1549999713897705,1.1549999713897705,1.1549999713897705,0
2019-03-29,0.8849999904632568,0.8849999904632568,0.8849999904632568,0.75,0.8849999904632568,133
2019-04-01,1.0499999523162842,1.0499999523162842,1.0499999523162842,1.0499999523162842,1.0499999523162842,667
2019-04-02,1.0800000429153442,1.0800000429153442,1.0800000429153442,1.0800000429153442,1.0800000429153442,33
2019-04-03,0.9599999785423279,0.9599999785423279,0.9599999785423279,0.9599999785423279,0.9599999785423279,20
2019-04-04,0.9599999785423279,0.9599999785423279,0.9599999785423279,0.9599999785423279,0.9599999785423279,0
2019-04-05,0.9599999785423279,0.9599999785423279,0.9599999785423279,0.9599999785423279,0.9599999785423279,0
2019-04-08,1.1100000143051147,1.1100000143051147,1.9500000476837158,1.1100000143051147,1.9500000476837158,87
2019-04-09,1.1100000143051147,1.1100000143051147,1.1100000143051147,1.1100000143051147,1.1100000143051147,0
2019-04-10,0.9750000238418579,0.9750000238418579,1.0049999952316284,0.9750000238418579,1.0049999952316284,680
2019-04-11,0.6000000238418579,0.6000000238418579,0.6000000238418579,0.6000000238418579,0.6000000238418579,67
2019-04-12,0.6000000238418579,0.6000000238418579,0.6000000238418579,0.6000000238418579,0.6000000238418579,7
2019-04-15,0.8399999737739563,0.8399999737739563,0.8399999737739563,0.8399999737739563,0.8399999737739563,7
2019-04-16,0.8399999737739563,0.8399999737739563,0.8399999737739563,0.8399999737739563,0.8399999737739563,0
2019-04-17,0.8399999737739563,0.8399999737739563,0.8399999737739563,0.8399999737739563,0.8399999737739563,0
2019-04-18,0.8399999737739563,0.8399999737739563,0.8399999737739563,0.8399999737739563,0.8399999737739563,0
2019-04-22,0.824999988079071,0.824999988079071,1.9500000476837158,0.75,0.75,227
2019-04-23,0.7649999856948853,0.7649999856948853,0.7950000166893005,0.75,0.75,60
2019-04-24,0.75,0.75,0.75,0.75,0.75,580
2019-04-25,0.75,0.75,0.75,0.75,0.75,0
2019-04-26,0.9300000071525574,0.9300000071525574,0.9300000071525574,0.9300000071525574,0.9300000071525574,167
2019-04-29,0.8849999904632568,0.8849999904632568,0.8849999904632568,0.8849999904632568,0.8849999904632568,20
2019-04-30,0.9900000095367432,0.9900000095367432,1.274999976158142,0.9900000095367432,1.0950000286102295,1620
2019-05-01,1.0950000286102295,1.0950000286102295,1.0950000286102295,0.6000000238418579,1.0950000286102295,3000
2019-05-02,1.0950000286102295,1.0950000286102295,1.0950000286102295,1.0950000286102295,1.0950000286102295,0
2019-05-03,1.0950000286102295,1.0950000286102295,1.0950000286102295,1.0950000286102295,1.0950000286102295,0
2019-05-06,1.065000057220459,1.065000057220459,1.065000057220459,1.065000057220459,1.065000057220459,380
2019-05-07,1.0049999952316284,1.0049999952316284,1.0049999952316284,1.0049999952316284,1.0049999952316284,1133
2019-05-08,0.9900000095367432,0.9900000095367432,0.9900000095367432,0.9900000095367432,0.9900000095367432,167
2019-05-09,0.9900000095367432,0.9900000095367432,0.9900000095367432,0.9900000095367432,0.9900000095367432,0
2019-05-10,0.9300000071525574,0.9300000071525574,1.0800000429153442,0.8550000190734863,0.9599999785423279,833
2019-05-13,0.9300000071525574,0.9300000071525574,0.9300000071525574,0.9300000071525574,0.9300000071525574,0
2019-05-14,0.6899999976158142,0.6899999976158142,0.7200000286102295,0.6899999976158142,0.7200000286102295,33
2019-05-15,0.6899999976158142,0.6899999976158142,0.6899999976158142,0.6899999976158142,0.6899999976158142,0
2019-05-16,0.9449999928474426,0.9449999928474426,0.9599999785423279,0.9449999928474426,0.9599999785423279,147
2019-05-17,0.9150000214576721,0.9150000214576721,0.9150000214576721,0.9150000214576721,0.9150000214576721,1067
2019-05-20,0.9150000214576721,0.9150000214576721,0.9150000214576721,0.9150000214576721,0.9150000214576721,0
2019-05-21,0.9300000071525574,0.9300000071525574,0.9300000071525574,0.9300000071525574,0.9300000071525574,400
2019-05-22,0.9300000071525574,0.9300000071525574,0.9300000071525574,0.9300000071525574,0.9300000071525574,0
2019-05-23,0.5550000071525574,0.5550000071525574,0.5550000071525574,0.5550000071525574,0.5550000071525574,133
2019-05-24,0.5550000071525574,0.5550000071525574,0.5550000071525574,0.5550000071525574,0.5550000071525574,0
2019-05-28,0.8399999737739563,0.8399999737739563,0.8399999737739563,0.8399999737739563,0.8399999737739563,2000
2019-05-29,0.8999999761581421,0.8999999761581421,0.9750000238418579,0.8999999761581421,0.9750000238418579,120
2019-05-30,0.8100000023841858,0.8100000023841858,0.8100000023841858,0.8100000023841858,0.8100000023841858,7
2019-05-31,0.8100000023841858,0.8100000023841858,0.8100000023841858,0.8100000023841858,0.8100000023841858,13
2019-06-03,0.8100000023841858,0.8100000023841858,0.8100000023841858,0.8100000023841858,0.8100000023841858,0
2019-06-04,0.8100000023841858,0.8100000023841858,0.8100000023841858,0.8100000023841858,0.8100000023841858,0
2019-06-05,1.0800000429153442,1.0800000429153442,1.0800000429153442,1.0800000429153442,1.0800000429153442,1333
2019-06-06,1.0800000429153442,1.0800000429153442,1.0800000429153442,1.0800000429153442,1.0800000429153442,0
2019-06-07,1.0499999523162842,1.0499999523162842,1.0499999523162842,1.0499999523162842,1.0499999523162842,67
2019-06-10,1.034999966621399,1.034999966621399,1.034999966621399,1.034999966621399,1.034999966621399,27
2019-06-11,1.034999966621399,1.034999966621399,1.034999966621399,1.034999966621399,1.034999966621399,0
2019-06-12,1.0049999952316284,1.0049999952316284,1.0049999952316284,1.0049999952316284,1.0049999952316284,100
2019-06-13,1.0049999952316284,1.0049999952316284,1.0049999952316284,1.0049999952316284,1.0049999952316284,0
2019-06-14,1.0049999952316284,1.0049999952316284,1.0049999952316284,1.0049999952316284,1.0049999952316284,0
2019-06-17,1.0049999952316284,1.0049999952316284,1.0049999952316284,1.0049999952316284,1.0049999952316284,0
2019-06-18,1.0049999952316284,1.0049999952316284,1.0049999952316284,1.0049999952316284,1.0049999952316284,0
2019-06-19,0.824999988079071,0.824999988079071,0.824999988079071,0.824999988079071,0.824999988079071,2360
2019-06-20,1.065000057220459,1.065000057220459,1.0950000286102295,0.9900000095367432,1.0950000286102295,5073
2019-06-21,0.8100000023841858,0.8100000023841858,0.8399999737739563,0.8100000023841858,0.8399999737739563,493
2019-06-24,0.8999999761581421,0.8999999761581421,0.8999999761581421,0.8999999761581421,0.8999999761581421,500
2019-06-25,0.8849999904632568,0.8849999904632568,1.0499999523162842,0.8849999904632568,1.0499999523162842,300
2019-06-26,0.9900000095367432,0.9900000095367432,1.0499999523162842,0.9900000095367432,0.9900000095367432,300
2019-06-27,0.8999999761581421,0.8999999761581421,0.8999999761581421,0.8550000190734863,0.8550000190734863,913
2019-06-28,0.8999999761581421,0.8999999761581421,0.8999999761581421,0.8999999761581421,0.8999999761581421,0
2019-07-01,0.8999999761581421,0.8999999761581421,0.8999999761581421,0.8999999761581421,0.8999999761581421,0
2019-07-02,0.8999999761581421,0.8999999761581421,0.8999999761581421,0.8999999761581421,0.8999999761581421,0
2019-07-03,0.75,0.75,1.0049999952316284,0.75,1.0049999952316284,33
2019-07-05,0.15000000596046448,0.15000000596046448,0.9750000238418579,0.15000000596046448,0.9750000238418579,187
2019-07-08,0.15000000596046448,0.15000000596046448,0.15000000596046448,0.15000000596046448,0.15000000596046448,0
2019-07-09,0.15000000596046448,0.15000000596046448,0.15000000596046448,0.15000000596046448,0.15000000596046448,0
2019-07-10,0.15000000596046448,0.15000000596046448,0.15000000596046448,0.15000000596046448,0.15000000596046448,0
2019-07-11,0.15000000596046448,0.15000000596046448,0.15000000596046448,0.15000000596046448,0.15000000596046448,0
2019-07-12,0.15000000596046448,0.15000000596046448,0.15000000596046448,0.15000000596046448,0.15000000596046448,0
2019-07-15,0.15000000596046448,0.15000000596046448,0.15000000596046448,0.15000000596046448,0.15000000596046448,0
2019-07-16,0.15000000596046448,0.15000000596046448,0.15000000596046448,0.15000000596046448,0.15000000596046448,0
2019-07-17,0.15000000596046448,0.15000000596046448,0.15000000596046448,0.15000000596046448,0.15000000596046448,0
2019-07-18,0.15000000596046448,0.15000000596046448,0.15000000596046448,0.15000000596046448,0.15000000596046448,0
2019-07-19,0.15000000596046448,0.15000000596046448,0.15000000596046448,0.15000000596046448,0.15000000596046448,0
2019-07-22,0.15000000596046448,0.15000000596046448,0.15000000596046448,0.15000000596046448,0.15000000596046448,0
2019-07-23,0.15000000596046448,0.15000000596046448,0.15000000596046448,0.15000000596046448,0.15000000596046448,0
2019-07-24,0.15000000596046448,0.15000000596046448,0.15000000596046448,0.15000000596046448,0.15000000596046448,0
2019-07-25,0.15000000596046448,0.15000000596046448,0.15000000596046448,0.15000000596046448,0.15000000596046448,0
2019-07-26,0.15000000596046448,0.15000000596046448,0.15000000596046448,0.15000000596046448,0.15000000596046448,0
2019-07-29,0.15000000596046448,0.15000000596046448,0.15000000596046448,0.15000000596046448,0.15000000596046448,0
2019-07-30,0.15000000596046448,0.15000000596046448,0.15000000596046448,0.15000000596046448,0.15000000596046448,0
2019-07-31,0.15000000596046448,0.15000000596046448,0.15000000596046448,0.15000000596046448,0.15000000596046448,0
2019-08-01,0.15000000596046448,0.15000000596046448,0.15000000596046448,0.15000000596046448,0.15000000596046448,0
2019-08-02,0.15000000596046448,0.15000000596046448,0.15000000596046448,0.15000000596046448,0.15000000596046448,0
2019-08-05,0.15000000596046448,0.15000000596046448,0.15000000596046448,0.15000000596046448,0.15000000596046448,0
2019-08-06,0.15000000596046448,0.15000000596046448,0.15000000596046448,0.15000000596046448,0.15000000596046448,0
2019-08-07,0.15000000596046448,0.15000000596046448,0.15000000596046448,0.15000000596046448,0.15000000596046448,0
2019-08-08,0.15000000596046448,0.15000000596046448,0.15000000596046448,0.15000000596046448,0.15000000596046448,0
2019-08-09,0.15000000596046448,0.15000000596046448,0.15000000596046448,0.15000000596046448,0.15000000596046448,0
2019-08-12,0.15000000596046448,0.15000000596046448,0.15000000596046448,0.15000000596046448,0.15000000596046448,0
2019-08-13,0.75,0.75,0.75,0.75,0.75,267
2019-08-14,0.75,0.75,0.75,0.75,0.75,0
2019-08-15,0.8700000047683716,0.8700000047683716,0.8700000047683716,0.8700000047683716,0.8700000047683716,600
2019-08-16,0.8700000047683716,0.8700000047683716,0.8700000047683716,0.8700000047683716,0.8700000047683716,0
2019-08-19,0.8700000047683716,0.8700000047683716,0.8700000047683716,0.8700000047683716,0.8700000047683716,67
2019-08-20,0.8700000047683716,0.8700000047683716,0.8700000047683716,0.8700000047683716,0.8700000047683716,0
2019-08-21,0.8700000047683716,0.8700000047683716,0.8700000047683716,0.8700000047683716,0.8700000047683716,0
2019-08-22,0.8700000047683716,0.8700000047683716,0.8700000047683716,0.8700000047683716,0.8700000047683716,0
2019-08-23,0.8700000047683716,0.8700000047683716,0.8700000047683716,0.8700000047683716,0.8700000047683716,0
2019-08-26,0.8700000047683716,0.8700000047683716,0.8700000047683716,0.8700000047683716,0.8700000047683716,0
2019-08-27,0.7049999833106995,0.7049999833106995,0.7049999833106995,0.7049999833106995,0.7049999833106995,67
2019-08-28,0.7049999833106995,0.7049999833106995,0.7049999833106995,0.7049999833106995,0.7049999833106995,0
2019-08-29,0.7049999833106995,0.7049999833106995,0.7049999833106995,0.7049999833106995,0.7049999833106995,0
2019-08-30,0.7049999833106995,0.7049999833106995,0.7049999833106995,0.7049999833106995,0.7049999833106995,0
2019-09-03,0.7049999833106995,0.7049999833106995,0.7049999833106995,0.7049999833106995,0.7049999833106995,0
2019-09-04,0.6600000262260437,0.6600000262260437,0.6600000262260437,0.6600000262260437,0.6600000262260437,20
2019-09-05,0.6600000262260437,0.6600000262260437,0.6600000262260437,0.6600000262260437,0.6600000262260437,0
2019-09-06,0.6600000262260437,0.6600000262260437,0.6600000262260437,0.6600000262260437,0.6600000262260437,0
2019-09-09,0.6600000262260437,0.6600000262260437,0.6600000262260437,0.6600000262260437,0.6600000262260437,0
2019-09-10,0.7049999833106995,0.7049999833106995,0.75,0.7049999833106995,0.75,580
2019-09-11,0.5699999928474426,0.5699999928474426,0.8849999904632568,0.5699999928474426,0.8849999904632568,1040
2019-09-12,0.5699999928474426,0.5699999928474426,0.5699999928474426,0.5699999928474426,0.5699999928474426,0
2019-09-13,0.5699999928474426,0.5699999928474426,0.5699999928474426,0.5699999928474426,0.5699999928474426,0
2019-09-16,0.5699999928474426,0.5699999928474426,0.5699999928474426,0.5699999928474426,0.5699999928474426,0
2019-09-17,0.5699999928474426,0.5699999928474426,0.5699999928474426,0.5699999928474426,0.5699999928474426,0
2019-09-18,0.5699999928474426,0.5699999928474426,0.5699999928474426,0.5699999928474426,0.5699999928474426,0
2019-09-19,0.8700000047683716,0.8700000047683716,0.8700000047683716,0.8399999737739563,0.8399999737739563,167
2019-09-20,0.8700000047683716,0.8700000047683716,0.8700000047683716,0.8700000047683716,0.8700000047683716,0
2019-09-23,0.8700000047683716,0.8700000047683716,0.8700000047683716,0.8700000047683716,0.8700000047683716,0
2019-09-24,0.8700000047683716,0.8700000047683716,0.8700000047683716,0.8700000047683716,0.8700000047683716,0
2019-09-25,0.7649999856948853,0.7649999856948853,0.7649999856948853,0.7649999856948853,0.7649999856948853,147
2019-09-26,0.7649999856948853,0.7649999856948853,0.7649999856948853,0.7649999856948853,0.7649999856948853,0
2019-09-27,0.7649999856948853,0.7649999856948853,0.7649999856948853,0.7649999856948853,0.7649999856948853,0
2019-09-30,0.7649999856948853,0.7649999856948853,0.7649999856948853,0.7649999856948853,0.7649999856948853,0
2019-10-01,0.6600000262260437,0.6600000262260437,0.6600000262260437,0.6600000262260437,0.6600000262260437,13
2019-10-02,0.6600000262260437,0.6600000262260437,0.6600000262260437,0.6600000262260437,0.6600000262260437,0
2019-10-03,0.6600000262260437,0.6600000262260437,0.6600000262260437,0.6600000262260437,0.6600000262260437,0
2019-10-04,0.6600000262260437,0.6600000262260437,0.6600000262260437,0.6600000262260437,0.6600000262260437,0
2019-10-07,0.6600000262260437,0.6600000262260437,0.6600000262260437,0.6600000262260437,0.6600000262260437,0
2019-10-08,0.6600000262260437,0.6600000262260437,0.6600000262260437,0.6600000262260437,0.6600000262260437,0
2019-10-09,0.6449999809265137,0.6449999809265137,0.6449999809265137,0.6449999809265137,0.6449999809265137,13
2019-10-10,0.6449999809265137,0.6449999809265137,0.6449999809265137,0.6449999809265137,0.6449999809265137,0
2019-10-11,0.6449999809265137,0.6449999809265137,0.6449999809265137,0.6449999809265137,0.6449999809265137,0
2019-10-14,0.6449999809265137,0.6449999809265137,0.6449999809265137,0.6449999809265137,0.6449999809265137,0
2019-10-15,0.6600000262260437,0.6600000262260437,0.6600000262260437,0.6600000262260437,0.6600000262260437,33
2019-10-16,0.6600000262260437,0.6600000262260437,0.6600000262260437,0.6600000262260437,0.6600000262260437,0
2019-10-17,0.6600000262260437,0.6600000262260437,0.6600000262260437,0.6600000262260437,0.6600000262260437,0
2019-10-18,0.6600000262260437,0.6600000262260437,0.6600000262260437,0.6600000262260437,0.6600000262260437,0
2019-10-21,0.6600000262260437,0.6600000262260437,0.6600000262260437,0.6600000262260437,0.6600000262260437,0
2019-10-22,0.6600000262260437,0.6600000262260437,0.6600000262260437,0.6600000262260437,0.6600000262260437,0
2019-10-23,0.6600000262260437,0.6600000262260437,0.6600000262260437,0.6600000262260437,0.6600000262260437,0
2019-10-24,0.7799999713897705,0.7799999713897705,0.8999999761581421,0.7799999713897705,0.7799999713897705,613
2019-10-25,0.7799999713897705,0.7799999713897705,0.7799999713897705,0.7799999713897705,0.7799999713897705,0
2019-10-28,0.9900000095367432,0.9900000095367432,0.9900000095367432,0.9900000095367432,0.9900000095367432,40
2019-10-29,0.9900000095367432,0.9900000095367432,0.9900000095367432,0.9900000095367432,0.9900000095367432,0
2019-10-30,0.9900000095367432,0.9900000095367432,0.9900000095367432,0.9900000095367432,0.9900000095367432,0
2019-10-31,0.9900000095367432,0.9900000095367432,0.9900000095367432,0.9900000095367432,0.9900000095367432,0
2019-11-01,0.9900000095367432,0.9900000095367432,0.9900000095367432,0.9900000095367432,0.9900000095367432,0
2019-11-04,0.8700000047683716,0.8700000047683716,0.8700000047683716,0.8700000047683716,0.8700000047683716,40
2019-11-05,0.8700000047683716,0.8700000047683716,0.8700000047683716,0.8700000047683716,0.8700000047683716,0
2019-11-06,0.7200000286102295,0.7200000286102295,0.7200000286102295,0.7200000286102295,0.7200000286102295,120
2019-11-07,0.7200000286102295,0.7200000286102295,0.7200000286102295,0.7200000286102295,0.7200000286102295,0
2019-11-08,0.7200000286102295,0.7200000286102295,0.7200000286102295,0.7200000286102295,0.7200000286102295,0
2019-11-11,0.7200000286102295,0.7200000286102295,0.7200000286102295,0.7200000286102295,0.7200000286102295,0
2019-11-12,0.7200000286102295,0.7200000286102295,0.7200000286102295,0.7200000286102295,0.7200000286102295,0
2019-11-13,0.7200000286102295,0.7200000286102295,0.7200000286102295,0.7200000286102295,0.7200000286102295,0
2019-11-14,0.7200000286102295,0.7200000286102295,0.7200000286102295,0.7200000286102295,0.7200000286102295,0
2019-11-15,0.7200000286102295,0.7200000286102295,0.7200000286102295,0.7200000286102295,0.7200000286102295,0
2019-11-18,0.7200000286102295,0.7200000286102295,0.7200000286102295,0.7200000286102295,0.7200000286102295,0
2019-11-19,0.6000000238418579,0.6000000238418579,0.6000000238418579,0.6000000238418579,0.6000000238418579,120
2019-11-20,0.6000000238418579,0.6000000238418579,0.6000000238418579,0.6000000238418579,0.6000000238418579,0
2019-11-21,0.7200000286102295,0.7200000286102295,0.7200000286102295,0.7200000286102295,0.7200000286102295,153
2019-11-22,0.7200000286102295,0.7200000286102295,0.7200000286102295,0.7200000286102295,0.7200000286102295,0
2019-11-25,0.7200000286102295,0.7200000286102295,0.7200000286102295,0.7200000286102295,0.7200000286102295,0
2019-11-26,0.7200000286102295,0.7200000286102295,0.7200000286102295,0.7200000286102295,0.7200000286102295,0
2019-11-27,0.7200000286102295,0.7200000286102295,0.7200000286102295,0.7200000286102295,0.7200000286102295,0
2019-11-29,0.7200000286102295,0.7200000286102295,0.7200000286102295,0.7200000286102295,0.7200000286102295,0
2019-12-02,0.7200000286102295,0.7200000286102295,0.7200000286102295,0.7200000286102295,0.7200000286102295,67
2019-12-03,0.7049999833106995,0.7049999833106995,0.7049999833106995,0.7049999833106995,0.7049999833106995,6000
2019-12-04,0.7049999833106995,0.7049999833106995,0.7049999833106995,0.7049999833106995,0.7049999833106995,0
2019-12-05,0.8700000047683716,0.8700000047683716,0.8700000047683716,0.7200000286102295,0.7200000286102295,173
2019-12-06,0.8700000047683716,0.8700000047683716,0.8700000047683716,0.8700000047683716,0.8700000047683716,0
2019-12-09,0.8700000047683716,0.8700000047683716,0.8700000047683716,0.8700000047683716,0.8700000047683716,0
2019-12-10,0.8700000047683716,0.8700000047683716,0.8700000047683716,0.8700000047683716,0.8700000047683716,67
2019-12-11,0.8700000047683716,0.8700000047683716,0.8700000047683716,0.8700000047683716,0.8700000047683716,0
2019-12-12,0.8700000047683716,0.8700000047683716,0.8700000047683716,0.8700000047683716,0.8700000047683716,27
2019-12-13,0.7200000286102295,0.7200000286102295,0.7200000286102295,0.7200000286102295,0.7200000286102295,13
2019-12-16,0.7200000286102295,0.7200000286102295,0.7200000286102295,0.7200000286102295,0.7200000286102295,0
2019-12-17,0.014999999664723873,0.014999999664723873,0.7649999856948853,0.014999999664723873,0.7649999856948853,587
2019-12-18,0.014999999664723873,0.014999999664723873,0.014999999664723873,0.014999999664723873,0.014999999664723873,0
2019-12-19,0.014999999664723873,0.014999999664723873,0.014999999664723873,0.014999999664723873,0.014999999664723873,0
2019-12-20,0.014999999664723873,0.014999999664723873,0.014999999664723873,0.014999999664723873,0.014999999664723873,0
2019-12-23,0.014999999664723873,0.014999999664723873,0.014999999664723873,0.014999999664723873,0.014999999664723873,0
2019-12-24,0.014999999664723873,0.014999999664723873,0.014999999664723873,0.014999999664723873,0.014999999664723873,0
2019-12-26,0.014999999664723873,0.014999999664723873,0.014999999664723873,0.014999999664723873,0.014999999664723873,0
2019-12-27,0.7200000286102295,0.7200000286102295,0.7200000286102295,0.7200000286102295,0.7200000286102295,33
2019-12-30,0.8399999737739563,0.8399999737739563,0.8399999737739563,0.8399999737739563,0.8399999737739563,267
2019-12-31,0.8399999737739563,0.8399999737739563,0.8399999737739563,0.8399999737739563,0.8399999737739563,0
2020-01-02,0.8399999737739563,0.8399999737739563,0.8399999737739563,0.8399999737739563,0.8399999737739563,0
2020-01-03,0.8399999737739563,0.8399999737739563,0.8399999737739563,0.8399999737739563,0.8399999737739563,0
2020-01-06,0.8399999737739563,0.8399999737739563,0.8399999737739563,0.8399999737739563,0.8399999737739563,0
2020-01-07,0.8399999737739563,0.8399999737739563,0.8399999737739563,0.8399999737739563,0.8399999737739563,0
2020-01-08,0.8399999737739563,0.8399999737739563,0.8399999737739563,0.8399999737739563,0.8399999737739563,0
2020-01-09,0.8399999737739563,0.8399999737739563,0.8399999737739563,0.8399999737739563,0.8399999737739563,0
2020-01-10,0.8399999737739563,0.8399999737739563,0.8399999737739563,0.8399999737739563,0.8399999737739563,0
2020-01-13,0.8399999737739563,0.8399999737739563,0.8399999737739563,0.8399999737739563,0.8399999737739563,0
2020-01-14,0.8399999737739563,0.8399999737739563,0.8399999737739563,0.8399999737739563,0.8399999737739563,0
2020-01-15,0.8399999737739563,0.8399999737739563,0.8399999737739563,0.8399999737739563,0.8399999737739563,0
2020-01-16,0.8399999737739563,0.8399999737739563,0.8399999737739563,0.8399999737739563,0.8399999737739563,0
2020-01-17,0.8399999737739563,0.8399999737739563,0.8399999737739563,0.8399999737739563,0.8399999737739563,0
2020-01-21,0.8399999737739563,0.8399999737739563,0.8399999737739563,0.8399999737739563,0.8399999737739563,0
2020-01-22,0.8399999737739563,0.8399999737739563,0.8399999737739563,0.8399999737739563,0.8399999737739563,0
2020-01-23,0.8399999737739563,0.8399999737739563,0.8399999737739563,0.8399999737739563,0.8399999737739563,0
2020-01-24,0.75,0.75,0.75,0.75,0.75,400
2020-01-27,0.75,0.75,0.75,0.75,0.75,0
2020-01-28,0.75,0.75,0.75,0.75,0.75,0
2020-01-29,0.75,0.75,0.75,0.75,0.75,0
2020-01-30,0.75,0.75,0.75,0.75,0.75,0
2020-01-31,0.75,0.75,0.75,0.75,0.75,0
2020-02-03,0.75,0.75,0.75,0.75,0.75,0
2020-02-04,0.75,0.75,0.75,0.75,0.75,0
2020-02-05,0.75,0.75,0.75,0.75,0.75,0
2020-02-06,0.75,0.75,0.75,0.75,0.75,0
2020-02-07,0.75,0.75,0.75,0.75,0.75,0
2020-02-10,0.75,0.75,0.75,0.75,0.75,0
2020-02-11,0.75,0.75,0.75,0.75,0.75,0
2020-02-12,0.75,0.75,0.75,0.75,0.75,0
2020-02-13,0.75,0.75,0.75,0.75,0.75,0
2020-02-14,0.75,0.75,0.75,0.75,0.75,0
2020-02-18,0.75,0.75,0.75,0.75,0.75,0
2020-02-19,0.75,0.75,0.75,0.75,0.75,0
2020-02-20,0.75,0.75,0.75,0.75,0.75,0
2020-02-21,0.75,0.75,0.75,0.75,0.75,0
2020-02-24,0.75,0.75,0.75,0.75,0.75,67
2020-02-25,0.75,0.75,0.75,0.75,0.75,0
2020-02-26,0.75,0.75,0.75,0.75,0.75,0
2020-02-27,0.75,0.75,0.75,0.75,0.75,0
2020-02-28,0.75,0.75,0.75,0.75,0.75,0
2020-03-02,0.75,0.75,0.75,0.75,0.75,0
2020-03-03,3.450000047683716,3.450000047683716,4.949999809265137,3.450000047683716,3.450000047683716,8847
2020-03-04,8.71500015258789,8.71500015258789,8.819999694824219,5.039999961853027,5.534999847412109,170380
2020-03-05,7.800000190734863,7.800000190734863,11.145000457763672,7.559999942779541,10.545000076293945,150320
2020-03-06,6.0,6.0,8.369999885559082,1.2450000047683716,8.130000114440918,65307
2020-03-09,4.949999809265137,4.949999809265137,6.059999942779541,4.46999979019165,5.355000019073486,61000
2020-03-10,5.385000228881836,5.385000228881836,5.940000057220459,5.190000057220459,5.190000057220459,30960
2020-03-11,5.25,5.25,5.625,4.800000190734863,5.324999809265137,22280
2020-03-12,4.619999885559082,4.619999885559082,5.190000057220459,4.199999809265137,4.965000152587891,46760
2020-03-13,4.079999923706055,4.079999923706055,4.84499979019165,4.050000190734863,4.784999847412109,32927
2020-03-16,3.299999952316284,3.299999952316284,5.25,2.924999952316284,3.6600000858306885,52547
2020-03-17,3.5399999618530273,3.5399999618530273,3.7799999713897705,3.299999952316284,3.7200000286102295,28827
2020-03-18,3.180000066757202,3.180000066757202,3.7049999237060547,2.8949999809265137,3.4649999141693115,32947
2020-03-19,3.2249999046325684,3.2249999046325684,3.299999952316284,2.9549999237060547,3.180000066757202,19153
2020-03-20,3.255000114440918,3.255000114440918,3.555000066757202,3.0899999141693115,3.3450000286102295,25293
2020-03-23,3.0299999713897705,3.0299999713897705,3.359999895095825,2.924999952316284,3.299999952316284,27100
2020-03-24,3.3450000286102295,3.3450000286102295,3.509999990463257,2.940000057220459,3.194999933242798,32767
2020-03-25,4.050000190734863,4.050000190734863,4.679999828338623,3.450000047683716,3.75,71253
2020-03-26,4.769999980926514,4.769999980926514,5.295000076293945,4.574999809265137,4.710000038146973,33893
2020-03-27,4.949999809265137,4.949999809265137,5.25,4.815000057220459,5.025000095367432,19440
2020-03-30,6.614999771118164,6.614999771118164,9.0,4.949999809265137,5.235000133514404,65227
2020-03-31,8.399999618530273,8.399999618530273,9.0,6.75,7.110000133514404,159180
2020-04-01,6.914999961853027,6.914999961853027,8.550000190734863,6.300000190734863,7.710000038146973,70393
2020-04-02,6.599999904632568,6.599999904632568,7.800000190734863,6.599999904632568,7.800000190734863,31567
2020-04-03,6.269999980926514,6.269999980926514,7.650000095367432,6.0,6.855000019073486,30847
2020-04-06,6.300000190734863,6.300000190734863,7.5,6.090000152587891,6.735000133514404,35640
2020-04-07,6.0,6.0,7.335000038146973,5.925000190734863,6.704999923706055,26833
2020-04-08,5.849999904632568,5.849999904632568,6.300000190734863,5.21999979019165,5.849999904632568,48093
2020-04-09,5.985000133514404,5.985000133514404,6.300000190734863,5.099999904632568,5.625,25713
2020-04-13,5.775000095367432,5.775000095367432,6.599999904632568,5.474999904632568,6.090000152587891,29440
2020-04-14,5.880000114440918,5.880000114440918,6.150000095367432,5.400000095367432,5.775000095367432,36833
2020-04-15,5.489999771118164,5.489999771118164,6.0,5.400000095367432,5.925000190734863,21847
2020-04-16,5.909999847412109,5.909999847412109,5.909999847412109,5.474999904632568,5.699999809265137,13520
2020-04-17,6.389999866485596,6.389999866485596,6.900000095367432,5.925000190734863,6.449999809265137,44400
2020-04-20,6.75,6.75,7.380000114440918,6.389999866485596,7.380000114440918,24593
2020-04-21,6.75,6.75,7.349999904632568,6.150000095367432,6.614999771118164,17367
2020-04-22,7.304999828338623,7.304999828338623,7.650000095367432,6.945000171661377,7.349999904632568,50173
2020-04-23,6.900000095367432,6.900000095367432,15.0,6.539999961853027,11.175000190734863,44307
2020-04-24,6.869999885559082,6.869999885559082,15.0,6.449999809265137,15.0,32273
2020-04-27,6.900000095367432,6.900000095367432,7.5,6.735000133514404,6.78000020980835,30693
2020-04-28,6.704999923706055,6.704999923706055,7.5,6.554999828338623,7.5,37973
2020-04-29,6.675000190734863,6.675000190734863,7.5,6.315000057220459,7.5,34460
2020-04-30,6.75,6.75,7.320000171661377,6.315000057220459,6.644999980926514,20087
2020-05-01,6.449999809265137,6.449999809265137,6.735000133514404,6.315000057220459,6.735000133514404,36940
2020-05-04,6.510000228881836,6.510000228881836,6.900000095367432,6.300000190734863,6.900000095367432,33400
2020-05-05,5.880000114440918,5.880000114440918,6.614999771118164,5.59499979019165,5.940000057220459,76500
2020-05-06,6.014999866485596,6.014999866485596,6.150000095367432,5.699999809265137,5.909999847412109,48320
2020-05-07,6.269999980926514,6.269999980926514,6.300000190734863,6.0,6.119999885559082,25347
2020-05-08,6.300000190734863,6.300000190734863,6.420000076293945,6.105000019073486,6.375,18280
2020-05-11,6.300000190734863,6.300000190734863,6.510000228881836,6.150000095367432,6.375,46700
2020-05-12,6.824999809265137,6.824999809265137,6.945000171661377,6.0,6.0,55607
2020-05-13,6.824999809265137,6.824999809265137,7.125,6.75,6.900000095367432,66727
2020-05-14,6.659999847412109,6.659999847412109,7.349999904632568,6.300000190734863,6.989999771118164,35320
2020-05-15,6.360000133514404,6.360000133514404,6.78000020980835,6.195000171661377,6.449999809265137,65253
2020-05-18,7.199999809265137,7.199999809265137,7.335000038146973,6.75,7.199999809265137,57260
2020-05-19,6.735000133514404,6.735000133514404,7.275000095367432,6.494999885559082,7.050000190734863,49327
2020-05-20,6.599999904632568,6.599999904632568,7.125,6.375,7.125,48173
2020-05-21,6.300000190734863,6.300000190734863,6.900000095367432,6.0,6.900000095367432,72760
2020-05-22,5.849999904632568,5.849999904632568,6.599999904632568,5.699999809265137,6.0,102113
2020-05-26,6.045000076293945,6.045000076293945,6.494999885559082,5.849999904632568,5.880000114440918,69267
2020-05-27,6.0,6.0,6.300000190734863,5.985000133514404,6.150000095367432,64533
2020-05-28,6.179999828338623,6.179999828338623,6.599999904632568,5.96999979019165,6.599999904632568,57747
2020-05-29,5.954999923706055,5.954999923706055,6.420000076293945,5.775000095367432,6.420000076293945,88980
2020-06-01,5.699999809265137,5.699999809265137,6.300000190734863,5.400000095367432,6.300000190734863,80780
2020-06-02,5.715000152587891,5.715000152587891,6.135000228881836,5.579999923706055,6.0,98520
2020-06-03,5.670000076293945,5.670000076293945,6.0,5.534999847412109,6.0,56413
2020-06-04,5.400000095367432,5.400000095367432,5.775000095367432,5.025000095367432,5.699999809265137,138873
2020-06-05,5.460000038146973,5.460000038146973,5.775000095367432,5.21999979019165,5.775000095367432,103973
2020-06-08,5.340000152587891,5.340000152587891,5.804999828338623,5.25,5.550000190734863,111260
2020-06-09,5.085000038146973,5.085000038146973,5.429999828338623,4.920000076293945,5.429999828338623,94680
2020-06-10,5.235000133514404,5.235000133514404,5.474999904632568,4.650000095367432,4.650000095367432,70873
2020-06-11,4.650000095367432,4.650000095367432,5.550000190734863,4.53000020980835,5.099999904632568,95287
2020-06-12,4.739999771118164,4.739999771118164,4.934999942779541,4.619999885559082,4.815000057220459,71953
2020-06-15,4.590000152587891,4.590000152587891,4.994999885559082,4.514999866485596,4.994999885559082,42513
2020-06-16,4.559999942779541,4.559999942779541,4.934999942779541,4.485000133514404,4.5,67740
2020-06-17,4.5,4.5,4.800000190734863,4.46999979019165,4.650000095367432,40927
2020-06-18,4.650000095367432,4.650000095367432,4.800000190734863,4.364999771118164,4.364999771118164,52767
2020-06-19,5.010000228881836,5.010000228881836,5.25,4.650000095367432,5.099999904632568,66500
2020-06-22,5.550000190734863,5.550000190734863,5.804999828338623,5.039999961853027,5.699999809265137,162473
2020-06-23,5.534999847412109,5.534999847412109,5.775000095367432,5.25,5.550000190734863,95287
2020-06-24,5.039999961853027,5.039999961853027,5.625,5.025000095367432,5.625,72300
2020-06-25,5.25,5.25,5.474999904632568,4.965000152587891,5.474999904632568,54373
2020-06-26,4.934999942779541,4.934999942779541,5.28000020980835,4.769999980926514,5.25,65820
2020-06-29,5.21999979019165,5.21999979019165,5.474999904632568,4.84499979019165,4.84499979019165,107000
2020-06-30,5.579999923706055,5.579999923706055,5.820000171661377,5.190000057220459,5.414999961853027,124067
2020-07-01,6.0,6.0,6.0,5.550000190734863,5.925000190734863,139227
2020-07-02,5.519999980926514,5.519999980926514,6.0,5.460000038146973,6.0,112073
2020-07-06,5.414999961853027,5.414999961853027,5.849999904632568,5.400000095367432,5.849999904632568,50640
2020-07-07,5.25,5.25,5.550000190734863,5.159999847412109,5.519999980926514,69353
2020-07-08,5.21999979019165,5.21999979019165,5.474999904632568,5.054999828338623,5.099999904632568,50047
2020-07-09,5.039999961853027,5.039999961853027,5.460000038146973,4.875,5.460000038146973,71113
2020-07-10,4.949999809265137,4.949999809265137,5.204999923706055,4.875,4.994999885559082,46833
2020-07-13,5.025000095367432,5.025000095367432,5.25,4.949999809265137,4.965000152587891,44000
2020-07-14,4.920000076293945,4.920000076293945,5.144999980926514,4.829999923706055,5.039999961853027,36520
2020-07-15,5.010000228881836,5.010000228881836,5.159999847412109,4.800000190734863,5.130000114440918,35640
2020-07-16,4.815000057220459,4.815000057220459,5.085000038146973,4.755000114440918,5.010000228881836,38427
2020-07-17,4.800000190734863,4.800000190734863,5.025000095367432,4.755000114440918,4.920000076293945,37147
2020-07-20,4.769999980926514,4.769999980926514,4.994999885559082,4.679999828338623,4.949999809265137,38780
2020-07-21,4.755000114440918,4.755000114440918,4.875,4.650000095367432,4.800000190734863,41727
2020-07-22,4.724999904632568,4.724999904632568,4.949999809265137,4.679999828338623,4.800000190734863,30620
2020-07-23,4.739999771118164,4.739999771118164,4.889999866485596,4.664999961853027,4.664999961853027,25773
2020-07-24,4.695000171661377,4.695000171661377,4.889999866485596,4.574999809265137,4.84499979019165,44453
2020-07-27,4.650000095367432,4.650000095367432,4.784999847412109,4.5,4.724999904632568,30227
2020-07-28,4.84499979019165,4.84499979019165,4.889999866485596,4.590000152587891,4.695000171661377,30480
2020-07-29,4.800000190734863,4.800000190734863,4.980000019073486,4.650000095367432,4.90500020980835,37080
2020-07-30,4.739999771118164,4.739999771118164,4.90500020980835,4.574999809265137,4.784999847412109,39313
2020-07-31,4.784999847412109,4.784999847412109,4.90500020980835,4.650000095367432,4.800000190734863,35780
2020-08-03,4.800000190734863,4.800000190734863,4.889999866485596,4.545000076293945,4.724999904632568,54240
2020-08-04,4.920000076293945,4.920000076293945,5.25,4.724999904632568,5.25,40753
2020-08-05,5.025000095367432,5.025000095367432,5.099999904632568,4.800000190734863,4.829999923706055,27240
2020-08-06,5.130000114440918,5.130000114440918,5.25,5.025000095367432,5.21999979019165,42773
2020-08-07,5.25,5.25,5.505000114440918,5.099999904632568,5.25,56393
2020-08-10,5.550000190734863,5.550000190734863,5.775000095367432,5.324999809265137,5.445000171661377,98000
2020-08-11,5.699999809265137,5.699999809265137,5.775000095367432,5.550000190734863,5.760000228881836,53920
2020-08-12,5.625,5.625,5.849999904632568,5.550000190734863,5.849999904632568,26720
2020-08-13,5.730000019073486,5.730000019073486,5.925000190734863,5.550000190734863,5.849999904632568,28140
2020-08-14,5.820000171661377,5.820000171661377,5.925000190734863,5.550000190734863,5.849999904632568,41213
2020-08-17,5.59499979019165,5.59499979019165,6.0,5.460000038146973,6.0,45707
2020-08-18,5.474999904632568,5.474999904632568,5.760000228881836,5.400000095367432,5.445000171661377,33173
2020-08-19,5.159999847412109,5.159999847412109,5.565000057220459,5.025000095367432,5.414999961853027,52627
2020-08-20,5.070000171661377,5.070000171661377,5.309999942779541,4.980000019073486,5.309999942779541,28773
2020-08-21,5.295000076293945,5.295000076293945,5.534999847412109,4.934999942779541,5.21999979019165,36933
2020-08-24,5.175000190734863,5.175000190734863,5.505000114440918,5.070000171661377,5.400000095367432,32827
2020-08-25,5.28000020980835,5.28000020980835,5.369999885559082,5.099999904632568,5.159999847412109,28940
2020-08-26,5.489999771118164,5.489999771118164,5.610000133514404,5.204999923706055,5.324999809265137,56753
2020-08-27,5.489999771118164,5.489999771118164,5.59499979019165,5.295000076293945,5.565000057220459,33480
2020-08-28,5.295000076293945,5.295000076293945,5.639999866485596,5.25,5.400000095367432,32560
2020-08-31,5.489999771118164,5.489999771118164,5.534999847412109,5.099999904632568,5.190000057220459,37887
2020-09-01,5.505000114440918,5.505000114440918,5.550000190734863,5.385000228881836,5.505000114440918,32520
2020-09-02,5.59499979019165,5.59499979019165,5.699999809265137,5.429999828338623,5.699999809265137,41567
2020-09-03,5.295000076293945,5.295000076293945,5.65500020980835,5.25,5.445000171661377,39800
2020-09-04,5.070000171661377,5.070000171661377,5.400000095367432,4.949999809265137,5.114999771118164,44773
2020-09-08,5.039999961853027,5.039999961853027,5.550000190734863,4.949999809265137,4.949999809265137,20867
2020-09-09,5.039999961853027,5.039999961853027,5.099999904632568,4.949999809265137,5.054999828338623,22133
2020-09-10,5.175000190734863,5.175000190734863,5.25,5.025000095367432,5.144999980926514,27993
2020-09-11,5.085000038146973,5.085000038146973,5.264999866485596,5.025000095367432,5.264999866485596,28160
2020-09-14,5.159999847412109,5.159999847412109,5.550000190734863,4.965000152587891,4.965000152587891,23227
2020-09-15,5.099999904632568,5.099999904632568,5.25,4.949999809265137,5.25,36053
2020-09-16,5.054999828338623,5.054999828338623,5.25,4.949999809265137,5.21999979019165,31980
2020-09-17,5.085000038146973,5.085000038146973,5.190000057220459,4.934999942779541,5.159999847412109,26333
2020-09-18,5.880000114440918,5.880000114440918,5.925000190734863,5.025000095367432,5.114999771118164,107913
2020-09-21,6.675000190734863,6.675000190734863,6.900000095367432,5.699999809265137,5.699999809265137,314993
2020-09-22,7.650000095367432,7.650000095367432,7.949999809265137,6.150000095367432,6.974999904632568,267347
2020-09-23,7.09499979019165,7.09499979019165,8.625,6.420000076293945,7.949999809265137,388520
2020-09-24,7.784999847412109,7.784999847412109,7.800000190734863,6.599999904632568,6.900000095367432,143267
2020-09-25,10.529999732971191,10.529999732971191,11.1899995803833,7.769999980926514,7.800000190734863,903840
2020-09-28,9.300000190734863,9.300000190734863,12.404999732971191,9.149999618530273,11.324999809265137,770367
2020-09-29,9.0,9.0,10.050000190734863,8.265000343322754,9.449999809265137,345533
2020-09-30,8.954999923706055,8.954999923706055,9.779999732971191,8.369999885559082,9.0,136233
2020-10-01,9.734999656677246,9.734999656677246,10.0649995803833,9.0,9.210000038146973,128207
2020-10-02,9.149999618530273,9.149999618530273,10.03499984741211,8.744999885559082,9.765000343322754,143733
2020-10-05,10.199999809265137,10.199999809265137,10.78499984741211,9.194999694824219,9.28499984741211,383280
2020-10-06,10.5,10.5,11.550000190734863,9.899999618530273,10.350000381469727,388007
2020-10-07,12.944999694824219,12.944999694824219,13.199999809265137,11.15999984741211,11.475000381469727,436860
2020-10-08,14.085000038146973,14.085000038146973,15.149999618530273,12.75,12.75,536667
2020-10-09,13.260000228881836,13.260000228881836,14.085000038146973,11.385000228881836,14.085000038146973,596527
2020-10-12,12.854999542236328,12.854999542236328,13.800000190734863,12.585000038146973,13.649999618530273,188840
2020-10-13,12.524999618530273,12.524999618530273,13.949999809265137,12.449999809265137,13.199999809265137,145540
2020-10-14,12.449999809265137,12.449999809265137,12.899999618530273,12.045000076293945,12.765000343322754,128067
2020-10-15,12.600000381469727,12.600000381469727,13.005000114440918,11.970000267028809,12.28499984741211,101167
2020-10-16,13.725000381469727,13.725000381469727,13.949999809265137,12.46500015258789,12.765000343322754,143920
2020-10-19,15.675000190734863,15.675000190734863,16.200000762939453,13.9350004196167,14.25,602707
2020-10-20,15.149999618530273,15.149999618530273,16.200000762939453,14.550000190734863,16.200000762939453,196127
2020-10-21,15.449999809265137,15.449999809265137,16.350000381469727,14.925000190734863,16.350000381469727,152533
2020-10-22,14.699999809265137,14.699999809265137,15.600000381469727,14.324999809265137,15.449999809265137,140500
2020-10-23,15.149999618530273,15.149999618530273,15.600000381469727,14.774999618530273,15.0,90167
2020-10-26,14.204999923706055,14.204999923706055,16.049999237060547,13.800000190734863,15.0,169320
2020-10-27,13.050000190734863,13.050000190734863,14.625,12.824999809265137,13.875,206927
2020-10-28,12.0,12.0,12.899999618530273,10.800000190734863,12.899999618530273,305700
2020-10-29,11.850000381469727,11.850000381469727,12.149999618530273,11.399999618530273,12.0,91313
2020-10-30,11.595000267028809,11.595000267028809,12.779999732971191,11.130000114440918,12.029999732971191,151153
2020-11-02,11.954999923706055,11.954999923706055,12.704999923706055,11.399999618530273,11.6850004196167,128253
2020-11-03,12.329999923706055,12.329999923706055,12.65999984741211,11.71500015258789,12.09000015258789,102533
2020-11-04,13.604999542236328,13.604999542236328,14.25,13.079999923706055,14.25,223980
2020-11-05,14.579999923706055,14.579999923706055,14.970000267028809,13.604999542236328,13.949999809265137,190993
2020-11-06,13.725000381469727,13.725000381469727,15.149999618530273,13.680000305175781,14.789999961853027,125680
2020-11-09,14.3100004196167,14.3100004196167,15.0,14.204999923706055,15.0,103100
2020-11-10,12.824999809265137,12.824999809265137,14.819999694824219,11.699999809265137,14.489999771118164,227140
2020-11-11,13.529999732971191,13.529999732971191,13.664999961853027,12.899999618530273,13.350000381469727,64387
2020-11-12,13.40999984741211,13.40999984741211,14.175000190734863,12.989999771118164,13.574999809265137,65460
2020-11-13,13.680000305175781,13.680000305175781,14.175000190734863,13.350000381469727,13.5600004196167,109367
2020-11-16,16.350000381469727,16.350000381469727,16.950000762939453,14.024999618530273,14.819999694824219,598373
2020-11-17,15.300000190734863,15.300000190734863,16.950000762939453,15.0,16.950000762939453,206567
2020-11-18,16.950000762939453,16.950000762939453,16.950000762939453,15.404999732971191,15.600000381469727,201953
2020-11-19,16.30500030517578,16.30500030517578,17.25,15.930000305175781,17.100000381469727,169840
2020-11-20,18.75,18.75,18.825000762939453,15.75,16.950000762939453,269680
2020-11-23,23.25,23.25,24.299999237060547,19.350000381469727,19.5,772047
2020-11-24,25.049999237060547,25.049999237060547,29.700000762939453,24.450000762939453,25.5,741900
2020-11-25,23.90999984741211,23.90999984741211,26.549999237060547,20.399999618530273,23.25,727327
2020-11-27,25.649999618530273,25.649999618530273,27.600000381469727,25.049999237060547,25.799999237060547,161567
2020-11-30,24.84000015258789,24.84000015258789,28.350000381469727,24.600000381469727,28.350000381469727,309340
2020-12-01,24.0,24.0,26.399999618530273,23.399999618530273,26.399999618530273,198453
2020-12-02,23.700000762939453,23.700000762939453,25.0049991607666,22.5,24.0,205600
2020-12-03,24.600000381469727,24.600000381469727,25.649999618530273,23.549999237060547,23.700000762939453,183487
2020-12-04,28.350000381469727,28.350000381469727,28.799999237060547,24.899999618530273,25.5,363620
2020-12-07,30.75,30.75,33.6150016784668,29.459999084472656,30.0,555440
2020-12-08,36.150001525878906,36.150001525878906,37.79999923706055,31.950000762939453,32.26499938964844,601007
2020-12-09,43.20000076293945,43.20000076293945,44.54999923706055,38.54999923706055,39.75,1099673
2020-12-10,42.75,42.75,46.20000076293945,39.630001068115234,44.81999969482422,605753
2020-12-11,54.0,54.0,58.5,42.150001525878906,42.75,1355033
2020-12-14,65.55000305175781,65.55000305175781,76.05000305175781,54.67499923706055,65.25,1897400
2020-12-15,52.31999969482422,52.31999969482422,66.44999694824219,49.42499923706055,63.599998474121094,1311760
2020-12-16,48.75,48.75,56.70000076293945,45.150001525878906,50.70000076293945,961947
2020-12-17,53.084999084472656,53.084999084472656,53.70000076293945,47.70000076293945,48.224998474121094,445273
2020-12-18,53.849998474121094,53.849998474121094,55.349998474121094,52.20000076293945,54.84000015258789,416213
2020-12-21,49.5,49.5,56.25,47.90999984741211,56.25,388733
2020-12-22,42.29999923706055,42.29999923706055,52.04999923706055,40.349998474121094,49.04999923706055,891993
2020-12-23,46.79999923706055,46.79999923706055,47.849998474121094,39.45000076293945,40.529998779296875,323720
2020-12-24,45.150001525878906,45.150001525878906,48.915000915527344,45.0,46.650001525878906,175113
2020-12-28,48.75,48.75,49.5,46.349998474121094,48.599998474121094,213753
2020-12-29,45.900001525878906,45.900001525878906,49.349998474121094,45.0,49.349998474121094,210307
2020-12-30,46.95000076293945,46.95000076293945,49.04999923706055,45.0,45.0,150053
2020-12-31,45.75,45.75,48.0,45.29999923706055,47.099998474121094,138533
2021-01-04,43.650001525878906,43.650001525878906,48.119998931884766,43.45500183105469,46.5,272727
2021-01-05,43.349998474121094,43.349998474121094,45.0,39.70500183105469,43.560001373291016,320393
2021-01-06,46.5,46.5,49.5,43.04999923706055,43.79999923706055,326793
2021-01-07,48.150001525878906,48.150001525878906,50.54999923706055,46.95000076293945,47.25,186653
2021-01-08,46.650001525878906,46.650001525878906,49.68000030517578,44.70000076293945,49.04999923706055,218720
2021-01-11,43.650001525878906,43.650001525878906,48.150001525878906,43.5,48.0,205787
2021-01-12,42.29999923706055,42.29999923706055,46.04999923706055,42.29999923706055,46.04999923706055,201033
2021-01-13,43.5,43.5,44.44499969482422,39.75,42.540000915527344,334167
2021-01-14,46.875,46.875,49.79999923706055,43.79999923706055,44.400001525878906,483480
2021-01-15,46.349998474121094,46.349998474121094,48.75,44.25,48.75,198493
2021-01-19,45.09000015258789,45.09000015258789,46.650001525878906,44.400001525878906,46.5,147960
2021-01-20,48.75,48.75,49.650001525878906,45.28499984741211,46.650001525878906,349000
2021-01-21,54.6150016784668,54.6150016784668,55.20000076293945,49.04999923706055,50.849998474121094,413627
2021-01-22,54.45000076293945,54.45000076293945,58.650001525878906,51.65999984741211,54.75,467707
2021-01-25,53.849998474121094,53.849998474121094,58.5,49.04999923706055,58.349998474121094,418393
2021-01-26,52.5,52.5,56.834999084472656,51.150001525878906,56.834999084472656,204753
2021-01-27,46.994998931884766,46.994998931884766,51.900001525878906,46.20000076293945,51.0,387247
2021-01-28,46.5,46.5,48.0,42.75,45.900001525878906,378207
2021-01-29,44.25,44.25,46.20000076293945,43.04999923706055,45.75,303653
2021-02-01,45.45000076293945,45.45000076293945,46.79999923706055,42.75,45.150001525878906,211960
2021-02-02,47.099998474121094,47.099998474121094,47.70000076293945,45.45000076293945,45.599998474121094,150307
2021-02-03,50.70000076293945,50.70000076293945,52.20000076293945,47.849998474121094,49.650001525878906,322867
2021-02-04,50.29499816894531,50.29499816894531,52.20000076293945,48.599998474121094,51.915000915527344,167340
2021-02-05,51.599998474121094,51.599998474121094,53.25,50.25,50.400001525878906,162473
2021-02-08,52.79999923706055,52.79999923706055,54.29999923706055,51.599998474121094,54.29999923706055,172300
2021-02-09,50.70000076293945,50.70000076293945,55.20000076293945,50.70000076293945,55.20000076293945,186613
2021-02-10,52.5,52.5,54.150001525878906,50.849998474121094,53.849998474121094,279367
2021-02-11,58.20000076293945,58.20000076293945,62.70000076293945,52.5,53.25,871247
2021-02-12,60.0,60.0,61.5,55.48500061035156,60.29999923706055,307920
2021-02-16,62.849998474121094,62.849998474121094,64.5,60.10499954223633,63.0,284567
2021-02-17,60.73500061035156,60.73500061035156,66.0,58.349998474121094,66.0,239473
2021-02-18,58.349998474121094,58.349998474121094,61.5,56.400001525878906,61.349998474121094,204953
2021-02-19,59.70000076293945,59.70000076293945,61.349998474121094,57.75,57.75,111527
2021-02-22,57.55500030517578,57.55500030517578,62.25,55.650001525878906,62.25,174453
2021-02-23,52.904998779296875,52.904998779296875,56.099998474121094,44.7599983215332,56.099998474121094,409880
2021-02-24,56.70000076293945,56.70000076293945,57.0,52.95000076293945,52.95000076293945,121833
2021-02-25,51.599998474121094,51.599998474121094,59.70000076293945,50.23500061035156,59.70000076293945,201827
2021-02-26,49.79999923706055,49.79999923706055,53.099998474121094,47.25,53.099998474121094,163840
2021-03-01,54.599998474121094,54.599998474121094,55.5,50.54999923706055,52.5,109967
2021-03-02,52.5,52.5,55.5,52.42499923706055,55.20000076293945,101053
2021-03-03,49.349998474121094,49.349998474121094,53.70000076293945,49.20000076293945,53.70000076293945,134653
2021-03-04,44.25,44.25,48.75,41.25,47.775001525878906,412427
2021-03-05,42.900001525878906,42.900001525878906,45.8849983215332,34.04999923706055,45.0,508093
2021-03-08,38.25,38.25,42.75,37.380001068115234,41.099998474121094,222753
2021-03-09,40.20000076293945,40.20000076293945,42.599998474121094,39.150001525878906,40.95000076293945,168187
2021-03-10,39.0,39.0,42.45000076293945,38.939998626708984,42.45000076293945,134800
2021-03-11,41.849998474121094,41.849998474121094,42.599998474121094,39.0,42.0,105453
2021-03-12,42.0,42.0,42.224998474121094,39.73500061035156,42.0,89600
2021-03-15,43.5,43.5,44.54999923706055,42.0,42.0,99207
2021-03-16,43.2599983215332,43.2599983215332,45.0,42.150001525878906,45.0,82113
2021-03-17,41.70000076293945,41.70000076293945,43.45500183105469,41.099998474121094,43.04999923706055,79107
2021-03-18,41.099998474121094,41.099998474121094,43.79999923706055,40.650001525878906,42.0,73280
2021-03-19,41.8650016784668,41.8650016784668,42.599998474121094,40.5,40.5,68607
2021-03-22,42.29999923706055,42.29999923706055,43.20000076293945,41.25,42.45000076293945,77487
2021-03-23,40.650001525878906,40.650001525878906,42.75,40.349998474121094,42.75,68767
2021-03-24,38.595001220703125,38.595001220703125,44.099998474121094,37.349998474121094,43.95000076293945,137447
2021-03-25,36.75,36.75,38.849998474121094,34.45500183105469,38.849998474121094,158727
2021-03-26,37.349998474121094,37.349998474121094,39.0,35.70000076293945,37.04999923706055,100033
2021-03-29,35.849998474121094,35.849998474121094,38.099998474121094,33.900001525878906,38.099998474121094,85760
2021-03-30,34.20000076293945,34.20000076293945,36.0,33.150001525878906,34.39500045776367,142373
2021-03-31,41.849998474121094,41.849998474121094,41.849998474121094,34.79999923706055,34.79999923706055,135640
2021-04-01,42.900001525878906,42.900001525878906,46.349998474121094,40.349998474121094,42.67499923706055,183800
2021-04-05,43.349998474121094,43.349998474121094,45.345001220703125,42.599998474121094,45.0,81727
2021-04-06,41.099998474121094,41.099998474121094,43.79999923706055,40.77000045776367,43.79999923706055,78240
2021-04-07,39.29999923706055,39.29999923706055,42.150001525878906,39.0,42.150001525878906,60787
2021-04-08,39.150001525878906,39.150001525878906,40.5,37.5,39.75,64227
2021-04-09,40.349998474121094,40.349998474121094,41.70000076293945,39.09000015258789,39.75,43993
2021-04-12,39.04499816894531,39.04499816894531,40.95000076293945,38.54999923706055,40.5,41627
2021-04-13,37.79999923706055,37.79999923706055,39.29999923706055,37.5,38.70000076293945,54920
2021-04-14,36.45000076293945,36.45000076293945,38.25,36.0,38.099998474121094,84873
2021-04-15,36.75,36.75,37.5,36.0,36.75,57380
2021-04-16,36.45000076293945,36.45000076293945,37.04999923706055,35.70000076293945,36.75,75107
2021-04-19,35.099998474121094,35.099998474121094,36.75,34.20000076293945,36.599998474121094,104007
2021-04-20,33.599998474121094,33.599998474121094,35.54999923706055,30.75,35.099998474121094,159013
2021-04-21,32.790000915527344,32.790000915527344,35.54999923706055,31.125,35.54999923706055,95513
2021-04-22,31.950000762939453,31.950000762939453,33.150001525878906,31.5,33.150001525878906,67580
2021-04-23,52.79999923706055,52.79999923706055,53.54999923706055,40.04999923706055,43.42499923706055,983327
2021-04-26,70.3499984741211,70.3499984741211,74.8499984741211,53.25,63.45000076293945,1464267
2021-04-27,60.73500061035156,60.73500061035156,86.55000305175781,56.25,85.3499984741211,4073480
2021-04-28,68.55000305175781,68.55000305175781,72.1500015258789,61.04999923706055,67.19999694824219,2867613
2021-04-29,64.80000305175781,64.80000305175781,73.80000305175781,63.75,73.3499984741211,1471520
2021-04-30,58.650001525878906,58.650001525878906,63.75,56.25,63.29999923706055,1242653
2021-05-03,47.849998474121094,47.849998474121094,58.650001525878906,46.349998474121094,58.349998474121094,1652140
2021-05-04,50.70000076293945,50.70000076293945,57.75,45.75,47.084999084472656,1599973
2021-05-05,50.25,50.25,55.650001525878906,49.650001525878906,52.5,647587
2021-05-06,51.150001525878906,51.150001525878906,51.45000076293945,46.95000076293945,49.20000076293945,639893
2021-05-07,49.20000076293945,49.20000076293945,51.599998474121094,48.29999923706055,51.150001525878906,377520
2021-05-10,46.04999923706055,46.04999923706055,50.70000076293945,45.75,50.70000076293945,338500
2021-05-11,46.20000076293945,46.20000076293945,47.400001525878906,42.75,45.0,474247
2021-05-12,43.79999923706055,43.79999923706055,47.099998474121094,43.5,47.099998474121094,279473
2021-05-13,44.849998474121094,44.849998474121094,49.349998474121094,43.79999923706055,45.119998931884766,644973
2021-05-14,48.45000076293945,48.45000076293945,49.95000076293945,45.900001525878906,46.20000076293945,433220
2021-05-17,49.650001525878906,49.650001525878906,54.599998474121094,47.70000076293945,54.29999923706055,750187
2021-05-18,52.650001525878906,52.650001525878906,53.25,47.400001525878906,49.79999923706055,575460
2021-05-19,51.599998474121094,51.599998474121094,53.25,49.650001525878906,53.25,479487
2021-05-20,57.0,57.0,57.959999084472656,50.099998474121094,52.349998474121094,921793
2021-05-21,51.45000076293945,51.45000076293945,57.29999923706055,51.0,54.75,679787
2021-05-24,48.599998474121094,48.599998474121094,53.25,48.45000076293945,52.650001525878906,423447
2021-05-25,47.849998474121094,47.849998474121094,50.25,47.54999923706055,50.099998474121094,367607
2021-05-26,46.650001525878906,46.650001525878906,48.6150016784668,46.04999923706055,47.70000076293945,401253
2021-05-27,47.099998474121094,47.099998474121094,47.25,45.0,47.099998474121094,1020007
2021-05-28,51.0,51.0,51.150001525878906,46.79999923706055,46.79999923706055,551593
2021-06-01,47.099998474121094,47.099998474121094,48.540000915527344,46.04999923706055,48.29999923706055,461813
2021-06-02,48.599998474121094,48.599998474121094,48.900001525878906,46.04999923706055,47.54999923706055,527493
2021-06-03,46.650001525878906,46.650001525878906,48.599998474121094,46.5,47.099998474121094,311473
2021-06-04,47.849998474121094,47.849998474121094,48.0,46.650001525878906,47.32500076293945,218293
2021-06-07,58.349998474121094,58.349998474121094,59.099998474121094,47.98500061035156,47.98500061035156,1805860
2021-06-08,55.650001525878906,55.650001525878906,57.75,51.599998474121094,53.92499923706055,1205127
2021-06-09,52.79999923706055,52.79999923706055,55.349998474121094,51.0,51.75,700993
2021-06-10,54.29999923706055,54.29999923706055,56.099998474121094,51.29999923706055,52.5,556520
2021-06-11,58.79999923706055,58.79999923706055,60.599998474121094,53.849998474121094,54.150001525878906,1488607
2021-06-14,55.04999923706055,55.04999923706055,58.69499969482422,54.45000076293945,57.900001525878906,687420
2021-06-15,54.29999923706055,54.29999923706055,55.79999923706055,51.900001525878906,55.54499816894531,570960
2021-06-16,55.95000076293945,55.95000076293945,59.25,52.5,55.79999923706055,945867
2021-06-17,56.849998474121094,56.849998474121094,57.45000076293945,54.150001525878906,56.400001525878906,563607
2021-06-18,56.099998474121094,56.099998474121094,59.25,55.650001525878906,56.54999923706055,847967
2021-06-21,54.0,54.0,57.0,53.849998474121094,55.349998474121094,480027
2021-06-22,53.849998474121094,53.849998474121094,55.20000076293945,53.099998474121094,54.0,327747
2021-06-23,52.04999923706055,52.04999923706055,55.16999816894531,50.849998474121094,54.75,522713
2021-06-24,53.25,53.25,54.599998474121094,52.04999923706055,52.125,405700
2021-06-25,55.79999923706055,55.79999923706055,57.0,53.849998474121094,54.0,3297993
2021-06-28,57.29999923706055,57.29999923706055,58.79999923706055,56.54999923706055,58.04999923706055,574260
2021-06-29,54.0,54.0,58.04999923706055,53.099998474121094,57.29999923706055,545987
2021-06-30,51.75,51.75,54.900001525878906,51.150001525878906,54.150001525878906,815893
2021-07-01,51.45000076293945,51.45000076293945,52.95000076293945,50.17499923706055,52.5,323160
2021-07-02,51.150001525878906,51.150001525878906,52.349998474121094,48.915000915527344,51.599998474121094,437740
2021-07-06,50.25,50.25,51.75,49.5,51.75,255587
2021-07-07,49.650001525878906,49.650001525878906,50.66999816894531,48.45000076293945,50.66999816894531,360233
2021-07-08,49.20000076293945,49.20000076293945,49.275001525878906,47.25,48.599998474121094,405607
2021-07-09,52.79999923706055,52.79999923706055,52.95000076293945,50.25,51.0,402367
2021-07-12,54.599998474121094,54.599998474121094,54.75,52.5,52.79999923706055,310053
2021-07-13,50.849998474121094,50.849998474121094,55.04999923706055,50.25,54.45000076293945,350000
2021-07-14,49.79999923706055,49.79999923706055,52.04999923706055,49.5,51.599998474121094,247053
2021-07-15,48.599998474121094,48.599998474121094,50.25,47.400001525878906,49.79999923706055,325140
2021-07-16,47.54999923706055,47.54999923706055,49.04999923706055,47.400001525878906,48.900001525878906,183607
2021-07-19,47.54999923706055,47.54999923706055,47.54999923706055,45.0,46.650001525878906,372833
2021-07-20,47.70000076293945,47.70000076293945,48.28499984741211,46.650001525878906,47.25,171987
2021-07-21,48.150001525878906,48.150001525878906,48.599998474121094,47.54999923706055,47.849998474121094,110860
2021-07-22,47.099998474121094,47.099998474121094,48.75,46.79999923706055,48.29999923706055,196933
2021-07-23,46.04999923706055,46.04999923706055,47.1150016784668,45.599998474121094,46.95000076293945,213940
2021-07-26,45.900001525878906,45.900001525878906,47.099998474121094,45.150001525878906,46.20000076293945,191073
2021-07-27,45.75,45.75,46.349998474121094,43.95000076293945,45.900001525878906,309220
2021-07-28,46.5,46.5,47.17499923706055,45.29999923706055,46.04999923706055,188913
2021-07-29,45.45000076293945,45.45000076293945,46.42499923706055,45.150001525878906,46.04999923706055,166393
2021-07-30,45.900001525878906,45.900001525878906,46.349998474121094,45.0,45.0,172660
2021-08-02,46.04999923706055,46.04999923706055,47.849998474121094,45.45000076293945,46.20000076293945,192567
2021-08-03,45.0,45.0,46.20000076293945,44.25,46.04999923706055,295073
2021-08-04,43.79999923706055,43.79999923706055,45.0,43.20000076293945,44.54999923706055,266300
2021-08-05,45.599998474121094,45.599998474121094,45.75,43.95000076293945,44.849998474121094,264320
2021-08-06,46.20000076293945,46.20000076293945,46.5,45.07500076293945,45.150001525878906,153107
2021-08-09,45.599998474121094,45.599998474121094,46.5,45.150001525878906,45.75,142493
2021-08-10,45.29999923706055,45.29999923706055,45.900001525878906,44.70000076293945,45.75,118167
2021-08-11,45.29999923706055,45.29999923706055,45.525001525878906,43.650001525878906,45.224998474121094,223287
2021-08-12,46.650001525878906,46.650001525878906,46.650001525878906,44.400001525878906,45.150001525878906,218747
2021-08-13,45.900001525878906,45.900001525878906,47.70000076293945,45.0,46.04999923706055,206500
2021-08-16,44.400001525878906,44.400001525878906,45.599998474121094,43.95000076293945,45.150001525878906,173767
2021-08-17,41.400001525878906,41.400001525878906,44.400001525878906,40.95000076293945,44.25,417460
2021-08-18,41.099998474121094,41.099998474121094,43.20000076293945,41.025001525878906,42.29999923706055,181433
2021-08-19,40.04999923706055,40.04999923706055,41.54999923706055,39.0,41.54999923706055,265453
2021-08-20,38.849998474121094,38.849998474121094,40.5,38.400001525878906,39.45000076293945,276533
2021-08-23,42.0,42.0,42.45000076293945,38.849998474121094,39.150001525878906,299580
2021-08-24,41.099998474121094,41.099998474121094,42.599998474121094,40.349998474121094,42.0,231907
2021-08-25,40.95000076293945,40.95000076293945,41.32500076293945,39.599998474121094,40.650001525878906,169847
2021-08-26,39.599998474121094,39.599998474121094,42.150001525878906,39.150001525878906,40.5,214087
2021-08-27,41.25,41.25,42.0,39.900001525878906,40.349998474121094,214480
2021-08-30,41.849998474121094,41.849998474121094,42.900001525878906,39.974998474121094,41.099998474121094,218147
2021-08-31,43.349998474121094,43.349998474121094,43.650001525878906,41.61000061035156,42.0,165647
2021-09-01,43.04999923706055,43.04999923706055,44.400001525878906,42.45000076293945,43.95000076293945,228613
2021-09-02,44.25,44.25,44.400001525878906,42.599998474121094,43.04999923706055,172547
2021-09-03,42.75,42.75,44.54999923706055,42.75,44.25,160713
2021-09-07,41.25,41.25,43.04999923706055,40.650001525878906,42.75,198847
2021-09-08,39.45000076293945,39.45000076293945,41.35499954223633,39.0,41.25,193167
2021-09-09,38.25,38.25,40.125,38.25,39.45000076293945,279127
2021-09-10,37.79999923706055,37.79999923706055,39.150001525878906,37.5,38.70000076293945,204767
2021-09-13,35.849998474121094,35.849998474121094,38.400001525878906,35.70000076293945,38.25,274347
2021-09-14,34.349998474121094,34.349998474121094,36.150001525878906,34.04999923706055,36.0,329353
2021-09-15,36.900001525878906,36.900001525878906,37.04999923706055,34.5,34.5,289387
2021-09-16,36.599998474121094,36.599998474121094,38.25,36.150001525878906,37.30500030517578,201073
2021-09-17,36.75,36.75,37.20000076293945,36.150001525878906,37.20000076293945,349013
2021-09-20,35.70000076293945,35.70000076293945,36.07500076293945,34.5,35.25,233460
2021-09-21,36.0,36.0,36.599998474121094,34.5,35.400001525878906,243667
2021-09-22,36.599998474121094,36.599998474121094,37.04999923706055,35.54999923706055,36.150001525878906,193753
2021-09-23,38.54999923706055,38.54999923706055,38.54999923706055,37.04999923706055,37.5,182740
2021-09-24,37.650001525878906,37.650001525878906,38.70000076293945,37.20000076293945,38.25,114560
2021-09-27,36.29999923706055,36.29999923706055,38.099998474121094,36.29999923706055,37.79999923706055,132613
2021-09-28,35.400001525878906,35.400001525878906,36.599998474121094,35.400001525878906,36.29999923706055,118013
2021-09-29,35.25,35.25,36.599998474121094,34.79999923706055,36.150001525878906,127000
2021-09-30,34.95000076293945,34.95000076293945,36.45000076293945,34.79999923706055,35.400001525878906,146587
2021-10-01,35.400001525878906,35.400001525878906,35.849998474121094,34.95000076293945,35.849998474121094,139693
2021-10-04,33.29999923706055,33.29999923706055,35.775001525878906,33.0,35.775001525878906,229973
2021-10-05,33.75,33.75,34.5,33.150001525878906,33.75,159473
2021-10-06,33.150001525878906,33.150001525878906,33.82500076293945,32.400001525878906,33.56999969482422,150080
2021-10-07,33.599998474121094,33.599998474121094,34.650001525878906,32.70000076293945,33.150001525878906,167287
2021-10-08,33.599998474121094,33.599998474121094,34.349998474121094,33.150001525878906,33.75,94873
2021-10-11,33.150001525878906,33.150001525878906,34.349998474121094,33.150001525878906,34.04999923706055,69687
2021-10-12,35.099998474121094,35.099998474121094,35.099998474121094,33.029998779296875,33.150001525878906,147353
2021-10-13,34.349998474121094,34.349998474121094,35.54999923706055,34.04999923706055,35.25,103987
2021-10-14,35.400001525878906,35.400001525878906,35.400001525878906,34.650001525878906,35.25,111453
2021-10-15,35.25,35.25,36.0,34.79999923706055,35.54999923706055,151607
2021-10-18,34.349998474121094,34.349998474121094,35.70000076293945,34.20000076293945,35.400001525878906,148360
2021-10-19,34.650001525878906,34.650001525878906,34.95000076293945,33.75,34.650001525878906,117367
2021-10-20,35.54999923706055,35.54999923706055,36.29999923706055,34.349998474121094,34.650001525878906,201793
2021-10-21,37.20000076293945,37.20000076293945,37.349998474121094,35.099998474121094,35.25,177273
2021-10-22,36.45000076293945,36.45000076293945,36.900001525878906,35.25,36.75,180427
2021-10-25,36.150001525878906,36.150001525878906,37.04999923706055,35.54999923706055,36.599998474121094,149940
2021-10-26,35.25,35.25,37.04999923706055,34.95000076293945,36.150001525878906,204687
2021-10-27,33.900001525878906,33.900001525878906,35.099998474121094,33.900001525878906,34.79999923706055,161547
2021-10-28,37.5,37.5,39.0,33.75,34.04999923706055,532520
2021-10-29,37.79999923706055,37.79999923706055,38.099998474121094,36.29999923706055,37.20000076293945,272247
2021-11-01,39.900001525878906,39.900001525878906,42.0,37.5,38.54999923706055,635333
2021-11-02,41.400001525878906,41.400001525878906,42.525001525878906,39.29999923706055,40.650001525878906,412200
2021-11-03,41.54999923706055,41.54999923706055,43.5,40.04999923706055,41.849998474121094,384740
2021-11-04,42.0,42.0,43.5,41.099998474121094,42.150001525878906,265960
2021-11-05,42.900001525878906,42.900001525878906,43.5,41.70000076293945,42.599998474121094,250333
2021-11-08,41.849998474121094,41.849998474121094,44.099998474121094,41.099998474121094,43.95000076293945,357847
2021-11-09,37.5,37.5,42.41999816894531,37.04999923706055,42.29999923706055,795967
2021-11-10,34.57500076293945,34.57500076293945,38.625,33.900001525878906,37.79999923706055,507880
2021-11-11,33.75,33.75,36.0,33.45000076293945,35.70000076293945,388767
2021-11-12,35.849998474121094,35.849998474121094,36.525001525878906,33.900001525878906,34.04999923706055,317100
2021-11-15,35.25,35.25,36.599998474121094,34.20000076293945,36.45000076293945,246047
2021-11-16,35.25,35.25,35.70000076293945,33.900001525878906,34.5,215707
2021-11-17,33.599998474121094,33.599998474121094,35.099998474121094,33.29999923706055,34.529998779296875,188180
2021-11-18,31.799999237060547,31.799999237060547,34.04999923706055,31.200000762939453,34.04999923706055,362073
2021-11-19,32.849998474121094,32.849998474121094,33.375,31.5,31.5,208800
2021-11-22,31.950000762939453,31.950000762939453,33.45000076293945,31.5,33.45000076293945,196480
2021-11-23,30.600000381469727,30.600000381469727,32.400001525878906,29.700000762939453,31.5,304240
2021-11-24,31.200000762939453,31.200000762939453,31.950000762939453,28.950000762939453,30.149999618530273,240113
2021-11-26,30.299999237060547,30.299999237060547,31.350000381469727,29.415000915527344,29.700000762939453,215253
2021-11-29,29.549999237060547,29.549999237060547,30.899999618530273,29.100000381469727,30.75,244867
2021-11-30,29.700000762939453,29.700000762939453,30.149999618530273,28.350000381469727,29.399999618530273,246267
2021-12-01,28.649999618530273,28.649999618530273,32.25,28.649999618530273,30.524999618530273,285280
2021-12-02,29.850000381469727,29.850000381469727,30.0,28.200000762939453,29.100000381469727,184720
2021-12-03,27.75,27.75,30.0,27.299999237060547,29.850000381469727,273920
2021-12-06,25.649999618530273,25.649999618530273,27.75,24.899999618530273,27.600000381469727,476027
2021-12-07,28.5,28.5,29.549999237060547,26.100000381469727,26.100000381469727,289860
2021-12-08,30.149999618530273,30.149999618530273,30.75,27.899999618530273,28.950000762939453,203613
2021-12-09,28.5,28.5,30.450000762939453,28.200000762939453,30.0,157553
2021-12-10,27.299999237060547,27.299999237060547,29.399999618530273,27.0,29.399999618530273,169653
2021-12-13,26.100000381469727,26.100000381469727,27.600000381469727,25.5,27.299999237060547,175120
2021-12-14,24.450000762939453,24.450000762939453,26.25,24.149999618530273,25.725000381469727,390560
2021-12-15,24.75,24.75,25.049999237060547,23.25,24.524999618530273,344780
2021-12-16,24.75,24.75,25.950000762939453,24.600000381469727,25.125,255653
2021-12-17,25.799999237060547,25.799999237060547,26.25,23.700000762939453,24.600000381469727,350460
2021-12-20,24.450000762939453,24.450000762939453,25.350000381469727,24.0,25.350000381469727,191400
2021-12-21,24.899999618530273,24.899999618530273,25.200000762939453,22.649999618530273,22.950000762939453,264007
2021-12-22,25.049999237060547,25.049999237060547,25.350000381469727,24.299999237060547,25.049999237060547,146613
2021-12-23,25.350000381469727,25.350000381469727,25.649999618530273,24.600000381469727,24.75,147440
2021-12-27,24.600000381469727,24.600000381469727,25.649999618530273,24.450000762939453,25.200000762939453,147187
2021-12-28,23.549999237060547,23.549999237060547,24.75,23.25,24.299999237060547,169960
2021-12-29,22.200000762939453,22.200000762939453,24.0,21.8700008392334,24.0,337473
2021-12-30,21.450000762939453,21.450000762939453,22.950000762939453,20.850000381469727,21.299999237060547,440867
2021-12-31,20.700000762939453,20.700000762939453,22.200000762939453,20.264999389648438,21.450000762939453,540167
2022-01-03,22.799999237060547,22.799999237060547,23.100000381469727,20.850000381469727,21.0,273920
2022-01-04,22.200000762939453,22.200000762939453,22.799999237060547,21.450000762939453,22.5,163120
2022-01-05,19.649999618530273,19.649999618530273,22.350000381469727,19.5,22.200000762939453,263053
2022-01-06,18.75,18.75,20.100000381469727,18.0,19.950000762939453,352187
2022-01-07,18.450000762939453,18.450000762939453,19.5,18.0,18.299999237060547,212873
2022-01-10,17.850000381469727,17.850000381469727,18.450000762939453,17.25,18.450000762939453,287213
2022-01-11,18.600000381469727,18.600000381469727,19.049999237060547,17.549999237060547,18.0,161680
2022-01-12,18.149999618530273,18.149999618530273,19.200000762939453,18.0,18.645000457763672,135633
2022-01-13,17.100000381469727,17.100000381469727,18.899999618530273,16.799999237060547,18.899999618530273,195347
2022-01-14,16.799999237060547,16.799999237060547,17.399999618530273,16.049999237060547,17.399999618530273,266660
2022-01-18,15.449999809265137,15.449999809265137,16.5,15.449999809265137,16.049999237060547,193173
2022-01-19,15.149999618530273,15.149999618530273,15.899999618530273,15.0,15.75,256000
2022-01-20,15.300000190734863,15.300000190734863,16.200000762939453,15.0,15.0,262427
2022-01-21,14.010000228881836,14.010000228881836,15.300000190734863,13.904999732971191,15.149999618530273,359893
2022-01-24,13.979999542236328,13.979999542236328,14.25,11.850000381469727,13.5,440087
2022-01-25,17.549999237060547,17.549999237060547,19.799999237060547,14.850000381469727,15.149999618530273,2808093
2022-01-26,16.049999237060547,16.049999237060547,17.850000381469727,15.75,17.549999237060547,1003887
2022-01-27,13.739999771118164,13.739999771118164,16.5,13.515000343322754,16.5,602420
2022-01-28,15.600000381469727,15.600000381469727,15.600000381469727,13.5,13.800000190734863,345787
2022-01-31,16.799999237060547,16.799999237060547,17.399999618530273,15.600000381469727,15.75,331187
2022-02-01,18.149999618530273,18.149999618530273,18.450000762939453,16.049999237060547,17.549999237060547,339360
2022-02-02,16.5,16.5,18.614999771118164,16.5,18.600000381469727,211740
2022-02-03,15.899999618530273,15.899999618530273,16.649999618530273,15.449999809265137,16.604999542236328,167520
2022-02-04,16.799999237060547,16.799999237060547,17.25,15.449999809265137,15.600000381469727,250553
2022-02-07,18.450000762939453,18.450000762939453,21.899999618530273,16.950000762939453,17.399999618530273,674680
2022-02-08,17.850000381469727,17.850000381469727,19.049999237060547,17.100000381469727,18.84000015258789,412480
2022-02-09,20.25,20.25,20.25,17.700000762939453,18.0,377980
2022-02-10,20.399999618530273,20.399999618530273,22.200000762939453,19.200000762939453,19.799999237060547,558627
2022-02-11,18.75,18.75,20.850000381469727,18.450000762939453,20.700000762939453,372327
2022-02-14,18.149999618530273,18.149999618530273,19.649999618530273,18.149999618530273,18.75,205520
2022-02-15,20.100000381469727,20.100000381469727,20.549999237060547,18.450000762939453,18.450000762939453,258973
2022-02-16,20.850000381469727,20.850000381469727,21.149999618530273,19.5,20.100000381469727,221927
2022-02-17,19.350000381469727,19.350000381469727,20.700000762939453,18.825000762939453,20.700000762939453,221407
2022-02-18,18.299999237060547,18.299999237060547,19.5,17.700000762939453,19.350000381469727,230240
2022-02-22,17.399999618530273,17.399999618530273,18.149999618530273,16.799999237060547,17.954999923706055,250087
2022-02-23,16.350000381469727,16.350000381469727,18.149999618530273,16.350000381469727,17.549999237060547,185047
2022-02-24,18.149999618530273,18.149999618530273,18.149999618530273,14.699999809265137,15.0,343087
2022-02-25,18.299999237060547,18.299999237060547,18.524999618530273,17.25,18.149999618530273,159347
2022-02-28,18.299999237060547,18.299999237060547,18.75,17.325000762939453,17.850000381469727,249973
2022-03-01,17.399999618530273,17.399999618530273,18.450000762939453,16.799999237060547,18.149999618530273,178760
2022-03-02,17.549999237060547,17.549999237060547,17.700000762939453,16.799999237060547,17.549999237060547,106327
2022-03-03,16.649999618530273,16.649999618530273,17.700000762939453,16.5,17.549999237060547,131647
2022-03-04,15.600000381469727,15.600000381469727,16.799999237060547,15.449999809265137,16.5,140680
2022-03-07,15.0,15.0,15.899999618530273,14.880000114440918,15.449999809265137,180547
2022-03-08,15.149999618530273,15.149999618530273,15.600000381469727,14.25,15.0,205207
2022-03-09,16.350000381469727,16.350000381469727,16.5,15.300000190734863,15.300000190734863,143453
2022-03-10,15.75,15.75,16.350000381469727,15.300000190734863,15.600000381469727,80560
2022-03-11,15.0,15.0,16.049999237060547,14.850000381469727,16.049999237060547,150247
2022-03-14,13.890000343322754,13.890000343322754,15.149999618530273,13.649999618530273,15.0,243833
2022-03-15,15.449999809265137,15.449999809265137,15.600000381469727,13.649999618530273,13.859999656677246,159067
2022-03-16,16.350000381469727,16.350000381469727,16.350000381469727,15.300000190734863,15.75,172307
2022-03-17,17.100000381469727,17.100000381469727,17.700000762939453,15.149999618530273,15.899999618530273,185973
2022-03-18,18.0,18.0,18.450000762939453,16.950000762939453,17.399999618530273,418640
2022-03-21,17.399999618530273,17.399999618530273,18.149999618530273,16.799999237060547,18.0,170613
2022-03-22,18.450000762939453,18.450000762939453,18.450000762939453,17.399999618530273,17.399999618530273,158613
2022-03-23,17.549999237060547,17.549999237060547,18.450000762939453,17.399999618530273,17.700000762939453,193973
2022-03-24,18.0,18.0,18.299999237060547,17.100000381469727,18.0,127847
2022-03-25,17.700000762939453,17.700000762939453,18.299999237060547,17.549999237060547,18.0,165193
2022-03-28,17.399999618530273,17.399999618530273,19.049999237060547,17.399999618530273,17.850000381469727,228807
2022-03-29,17.700000762939453,17.700000762939453,18.0,17.25,17.850000381469727,147453
2022-03-30,17.25,17.25,18.149999618530273,17.25,17.549999237060547,129247
2022-03-31,16.649999618530273,16.649999618530273,17.399999618530273,16.350000381469727,17.25,143353
2022-04-01,16.049999237060547,16.049999237060547,16.950000762939453,15.899999618530273,16.5,204487
2022-04-04,16.799999237060547,16.799999237060547,16.799999237060547,16.049999237060547,16.200000762939453,89313
2022-04-05,15.899999618530273,15.899999618530273,17.25,15.899999618530273,17.100000381469727,126100
2022-04-06,15.75,15.75,15.899999618530273,15.149999618530273,15.75,145460
2022-04-07,15.300000190734863,15.300000190734863,15.899999618530273,15.0,15.449999809265137,99807
2022-04-08,14.53499984741211,14.53499984741211,15.600000381469727,14.460000038146973,15.600000381469727,223120
2022-04-11,14.53499984741211,14.53499984741211,14.925000190734863,13.979999542236328,14.925000190734863,177333
2022-04-12,14.489999771118164,14.489999771118164,15.149999618530273,14.25,14.729999542236328,132067
2022-04-13,15.149999618530273,15.149999618530273,15.375,14.279999732971191,14.414999961853027,107647
2022-04-14,14.579999923706055,14.579999923706055,15.149999618530273,14.354999542236328,15.149999618530273,179747
2022-04-18,13.694999694824219,13.694999694824219,14.789999961853027,13.649999618530273,14.699999809265137,204160
2022-04-19,13.635000228881836,13.635000228881836,14.069999694824219,13.5,13.78499984741211,263493
2022-04-20,13.425000190734863,13.425000190734863,13.725000381469727,13.050000190734863,13.649999618530273,137387
2022-04-21,12.645000457763672,12.645000457763672,13.635000228881836,12.494999885559082,13.5,145067
2022-04-22,13.079999923706055,13.079999923706055,13.260000228881836,12.449999809265137,12.600000381469727,195960
2022-04-25,12.899999618530273,12.899999618530273,13.079999923706055,12.569999694824219,13.079999923706055,150700
2022-04-26,12.029999732971191,12.029999732971191,12.75,11.850000381469727,12.75,218720
2022-04-27,12.225000381469727,12.225000381469727,12.600000381469727,11.864999771118164,12.600000381469727,184487
2022-04-28,12.569999694824219,12.569999694824219,12.704999923706055,11.850000381469727,12.359999656677246,227360
2022-04-29,12.0,12.0,13.050000190734863,12.0,12.449999809265137,133287
2022-05-02,12.645000457763672,12.645000457763672,12.645000457763672,11.864999771118164,12.300000190734863,126733
2022-05-03,12.930000305175781,12.930000305175781,13.125,12.449999809265137,12.600000381469727,137987
2022-05-04,13.800000190734863,13.800000190734863,13.8149995803833,12.779999732971191,13.574999809265137,216193
2022-05-05,12.75,12.75,13.875,12.404999732971191,13.619999885559082,200973
2022-05-06,12.449999809265137,12.449999809265137,12.6899995803833,12.164999961853027,12.449999809265137,118360
2022-05-09,12.194999694824219,12.194999694824219,12.390000343322754,11.850000381469727,12.3149995803833,205620
2022-05-10,12.0,12.0,12.359999656677246,11.984999656677246,12.0,241360
2022-05-11,11.25,11.25,12.300000190734863,10.800000190734863,12.104999542236328,333760
2022-05-12,11.039999961853027,11.039999961853027,11.850000381469727,10.515000343322754,10.800000190734863,201267
2022-05-13,11.699999809265137,11.699999809265137,11.925000190734863,11.505000114440918,11.640000343322754,130133
2022-05-16,12.015000343322754,12.015000343322754,12.510000228881836,11.729999542236328,12.045000076293945,150207
2022-05-17,11.609999656677246,11.609999656677246,12.75,11.609999656677246,12.0,136407
2022-05-18,10.725000381469727,10.725000381469727,11.850000381469727,10.574999809265137,11.850000381469727,165867
2022-05-19,10.680000305175781,10.680000305175781,11.15999984741211,10.649999618530273,10.78499984741211,154113
2022-05-20,11.5649995803833,11.5649995803833,11.6850004196167,10.800000190734863,10.949999809265137,177373
2022-05-23,11.864999771118164,11.864999771118164,12.375,11.399999618530273,11.414999961853027,139653
2022-05-24,11.640000343322754,11.640000343322754,12.0,11.3100004196167,11.850000381469727,107067
2022-05-25,11.609999656677246,11.609999656677246,12.180000305175781,11.520000457763672,11.850000381469727,158300
2022-05-26,11.984999656677246,11.984999656677246,12.149999618530273,11.699999809265137,11.850000381469727,91093
2022-05-27,13.109999656677246,13.109999656677246,13.109999656677246,12.0,12.300000190734863,130067
2022-05-31,13.574999809265137,13.574999809265137,13.649999618530273,12.899999618530273,13.170000076293945,136553
2022-06-01,14.069999694824219,14.069999694824219,14.71500015258789,13.515000343322754,13.649999618530273,211740
2022-06-02,14.90999984741211,14.90999984741211,14.90999984741211,13.845000267028809,14.175000190734863,113420
2022-06-03,15.600000381469727,15.600000381469727,15.75,14.444999694824219,14.850000381469727,183160
2022-06-06,14.595000267028809,14.595000267028809,15.75,13.979999542236328,15.75,328373
2022-06-07,14.595000267028809,14.595000267028809,14.819999694824219,13.949999809265137,14.25,201807
2022-06-08,13.305000305175781,13.305000305175781,14.550000190734863,13.229999542236328,14.550000190734863,162767
2022-06-09,12.779999732971191,12.779999732971191,13.515000343322754,12.675000190734863,13.40999984741211,165193
2022-06-10,12.0,12.0,12.704999923706055,11.850000381469727,12.46500015258789,158373
2022-06-13,12.135000228881836,12.135000228881836,12.300000190734863,10.904999732971191,11.850000381469727,205107
2022-06-14,11.609999656677246,11.609999656677246,12.255000114440918,11.414999961853027,11.984999656677246,114127
2022-06-15,11.430000305175781,11.430000305175781,11.654999732971191,10.9350004196167,11.609999656677246,145907
2022-06-16,10.770000457763672,10.770000457763672,11.265000343322754,10.529999732971191,11.114999771118164,188240
2022-06-17,10.619999885559082,10.619999885559082,11.369999885559082,10.545000076293945,10.994999885559082,255853
2022-06-21,10.710000038146973,10.710000038146973,11.640000343322754,10.529999732971191,11.609999656677246,193760
2022-06-22,10.03499984741211,10.03499984741211,10.710000038146973,9.885000228881836,10.545000076293945,244580
2022-06-23,9.885000228881836,9.885000228881836,10.050000190734863,9.524999618530273,10.050000190734863,234340
2022-06-24,10.484999656677246,10.484999656677246,10.949999809265137,9.899999618530273,9.899999618530273,2612000
2022-06-27,10.694999694824219,10.694999694824219,10.949999809265137,10.21500015258789,10.949999809265137,156013
2022-06-28,10.199999809265137,10.199999809265137,10.845000267028809,10.1850004196167,10.739999771118164,78087
2022-06-29,10.005000114440918,10.005000114440918,10.395000457763672,9.854999542236328,10.199999809265137,109020
2022-06-30,9.600000381469727,9.600000381469727,9.975000381469727,9.46500015258789,9.779999732971191,109800
2022-07-01,8.744999885559082,8.744999885559082,9.944999694824219,8.699999809265137,9.600000381469727,234080
2022-07-05,9.899999618530273,9.899999618530273,10.21500015258789,8.744999885559082,8.835000038146973,188213
2022-07-06,10.274999618530273,10.274999618530273,10.725000381469727,9.765000343322754,9.899999618530273,108373
2022-07-07,10.739999771118164,10.739999771118164,10.949999809265137,10.350000381469727,10.4399995803833,90513
2022-07-08,10.364999771118164,10.364999771118164,10.800000190734863,10.199999809265137,10.800000190734863,124913
2022-07-11,9.510000228881836,9.510000228881836,10.5,9.449999809265137,10.350000381469727,105440
2022-07-12,9.899999618530273,9.899999618530273,10.0649995803833,9.449999809265137,9.510000228881836,55527
2022-07-13,9.899999618530273,9.899999618530273,9.989999771118164,9.375,9.869999885559082,47500
2022-07-14,10.1850004196167,10.1850004196167,10.274999618530273,9.600000381469727,9.899999618530273,64993
2022-07-15,10.305000305175781,10.305000305175781,10.604999542236328,10.199999809265137,10.199999809265137,57773
2022-07-18,10.515000343322754,10.515000343322754,11.069999694824219,10.350000381469727,10.350000381469727,115527
2022-07-19,10.425000190734863,10.425000190734863,10.920000076293945,10.0649995803833,10.649999618530273,105553
2022-07-20,11.399999618530273,11.399999618530273,11.640000343322754,10.425000190734863,10.425000190734863,283880
2022-07-21,11.399999618530273,11.399999618530273,11.550000190734863,11.145000457763672,11.399999618530273,76120
2022-07-22,10.545000076293945,10.545000076293945,11.699999809265137,10.529999732971191,11.25,74907
2022-07-25,10.484999656677246,10.484999656677246,11.25,10.350000381469727,10.5,145100
2022-07-26,10.289999961853027,10.289999961853027,10.649999618530273,10.274999618530273,10.574999809265137,65707
2022-07-27,10.380000114440918,10.380000114440918,10.574999809265137,10.274999618530273,10.574999809265137,60453
2022-07-28,10.380000114440918,10.380000114440918,10.725000381469727,10.229999542236328,10.725000381469727,66767
2022-07-29,10.425000190734863,10.425000190734863,10.770000457763672,10.260000228881836,10.5,90220
2022-08-01,9.899999618530273,9.899999618530273,10.425000190734863,9.899999618530273,10.260000228881836,95860
2022-08-02,10.319999694824219,10.319999694824219,10.5,9.930000305175781,10.050000190734863,90847
2022-08-03,10.604999542236328,10.604999542236328,10.649999618530273,10.364999771118164,10.5,69720
2022-08-04,10.529999732971191,10.529999732971191,10.800000190734863,10.515000343322754,10.649999618530273,112260
2022-08-05,9.255000114440918,9.255000114440918,9.75,9.0,9.75,439747
2022-08-08,8.850000381469727,8.850000381469727,9.329999923706055,7.949999809265137,9.180000305175781,285580
2022-08-09,8.699999809265137,8.699999809265137,9.0,8.414999961853027,8.850000381469727,180840
2022-08-10,9.779999732971191,9.779999732971191,9.899999618530273,8.954999923706055,9.300000190734863,333813
2022-08-11,9.75,9.75,10.5,9.614999771118164,10.350000381469727,213307
2022-08-12,10.890000343322754,10.890000343322754,11.069999694824219,9.704999923706055,10.274999618530273,324313
2022-08-15,10.5,10.5,11.085000038146973,10.5,11.024999618530273,175367
2022-08-16,10.199999809265137,10.199999809265137,10.5,9.975000381469727,10.5,153133
2022-08-17,11.234999656677246,11.234999656677246,11.234999656677246,10.199999809265137,10.350000381469727,359693
2022-08-18,15.300000190734863,15.300000190734863,19.950000762939453,13.529999732971191,17.850000381469727,15471720
2022-08-19,12.704999923706055,12.704999923706055,17.850000381469727,12.300000190734863,17.549999237060547,7091367
2022-08-22,12.524999618530273,12.524999618530273,14.324999809265137,11.414999961853027,14.175000190734863,3842633
2022-08-23,11.970000267028809,11.970000267028809,12.390000343322754,11.279999732971191,12.149999618530273,979127
2022-08-24,13.0649995803833,13.0649995803833,14.204999923706055,11.550000190734863,11.699999809265137,2088167
2022-08-25,12.510000228881836,12.510000228881836,13.635000228881836,12.375,13.5,713453
2022-08-26,11.864999771118164,11.864999771118164,13.40999984741211,11.25,13.350000381469727,1155040
2022-08-29,12.010000228881836,12.010000228881836,12.880000114440918,11.470000267028809,11.5,954300
2022-08-30,11.649999618530273,11.649999618530273,12.199999809265137,11.420000076293945,11.479999542236328,809500
2022-08-31,11.720000267028809,11.720000267028809,12.197999954223633,11.600000381469727,11.630000114440918,692200
2022-09-01,11.75,11.75,12.076000213623047,11.375,11.84000015258789,781400
2022-09-02,11.479999542236328,11.479999542236328,12.630000114440918,11.40999984741211,11.640000343322754,1109900
2022-09-06,9.069999694824219,9.069999694824219,11.220000267028809,9.0,11.140000343322754,1256300
2022-09-07,8.430000305175781,8.430000305175781,8.989999771118164,8.038999557495117,8.9399995803833,1066900
2022-09-08,9.229999542236328,9.229999542236328,9.260000228881836,8.3100004196167,8.600000381469727,1031200
2022-09-09,8.3100004196167,8.3100004196167,9.350000381469727,8.279999732971191,9.350000381469727,828200
2022-09-12,8.380000114440918,8.380000114440918,8.553000450134277,8.100000381469727,8.350000381469727,570500
2022-09-13,7.989999771118164,7.989999771118164,8.210000038146973,7.860000133514404,8.170000076293945,756800
2022-09-14,7.989999771118164,7.989999771118164,8.15999984741211,7.889999866485596,8.0,467300
2022-09-15,7.519999980926514,7.519999980926514,8.069999694824219,7.380000114440918,7.880000114440918,692300
2022-09-16,7.53000020980835,7.53000020980835,7.559999942779541,7.190000057220459,7.309999942779541,480000
2022-09-19,7.400000095367432,7.400000095367432,7.489999771118164,7.070000171661377,7.349999904632568,445600
2022-09-20,7.0,7.0,7.380000114440918,7.0,7.349999904632568,354500
2022-09-21,6.389999866485596,6.389999866485596,7.110000133514404,6.360000133514404,7.110000133514404,581900
2022-09-22,6.269999980926514,6.269999980926514,6.380000114440918,5.800000190734863,6.320000171661377,920300
2022-09-23,5.739999771118164,5.739999771118164,6.224999904632568,5.659999847412109,6.150000095367432,591200
2022-09-26,5.75,5.75,6.320000171661377,5.519999980926514,5.639999866485596,1281900
2022-09-27,6.119999885559082,6.119999885559082,6.230000019073486,5.769999980926514,5.820000171661377,1183300
2022-09-28,3.240000009536743,3.240000009536743,3.380000114440918,2.8499999046325684,3.0399999618530273,12231800
2022-09-29,3.440000057220459,3.440000057220459,3.7100000381469727,3.1500000953674316,3.1700000762939453,6709700
2022-09-30,3.5,3.5,3.6600000858306885,3.2699999809265137,3.299999952316284,2519900
2022-10-03,3.309999942779541,3.309999942779541,3.5199999809265137,3.130000114440918,3.5,1438400
2022-10-04,3.5,3.5,3.509999990463257,3.240000009536743,3.3499999046325684,1499400
2022-10-05,3.5199999809265137,3.5199999809265137,3.5399999618530273,3.240000009536743,3.4600000381469727,1016400
2022-10-06,3.299999952316284,3.299999952316284,3.5299999713897705,3.1500000953674316,3.4800000190734863,1365600
2022-10-07,3.0799999237060547,3.0799999237060547,3.3299999237060547,3.009999990463257,3.2699999809265137,998300
2022-10-10,3.0,3.0,3.0999999046325684,2.880000114440918,3.0999999046325684,796000
2022-10-11,2.990000009536743,2.990000009536743,3.134999990463257,2.940000057220459,2.990000009536743,653800
2022-10-12,3.0,3.0,3.0299999713897705,2.9100000858306885,2.990000009536743,374600
2022-10-13,2.8299999237060547,2.8299999237060547,2.9670000076293945,2.7699999809265137,2.9600000381469727,1263600
2022-10-14,2.890000104904175,2.890000104904175,2.9100000858306885,2.75,2.8499999046325684,449600
2022-10-17,2.869999885559082,2.869999885559082,2.9700000286102295,2.809999942779541,2.9200000762939453,899900
2022-10-18,3.0999999046325684,3.0999999046325684,3.380000114440918,2.890000104904175,2.950000047683716,2864800
2022-10-19,2.819999933242798,2.819999933242798,3.0899999141693115,2.7799999713897705,3.0399999618530273,778000
2022-10-20,2.8399999141693115,2.8399999141693115,2.8889999389648438,2.799999952316284,2.8399999141693115,364900
2022-10-21,2.799999952316284,2.799999952316284,2.8550000190734863,2.740000009536743,2.8299999237060547,542200
2022-10-24,2.6700000762939453,2.6700000762939453,2.799999952316284,2.5799999237060547,2.799999952316284,1013300
2022-10-25,2.809999942779541,2.809999942779541,2.8299999237060547,2.6600000858306885,2.6700000762939453,592000
2022-10-26,2.9100000858306885,2.9100000858306885,2.950000047683716,2.755000114440918,2.8399999141693115,548700
2022-10-27,2.9000000953674316,2.9000000953674316,3.119999885559082,2.880000114440918,2.9600000381469727,719500
2022-10-28,3.0199999809265137,3.0199999809265137,3.069999933242798,2.880000114440918,2.9800000190734863,765900
2022-10-31,2.930000066757202,2.930000066757202,3.069999933242798,2.9100000858306885,3.0350000858306885,388900
2022-11-01,2.930000066757202,2.930000066757202,3.0199999809265137,2.9200000762939453,2.9800000190734863,379300
2022-11-02,2.7899999618530273,2.7899999618530273,2.9700000286102295,2.7699999809265137,2.9700000286102295,412100
2022-11-03,2.880000114440918,2.880000114440918,2.890000104904175,2.7300000190734863,2.7799999713897705,317200
2022-11-04,2.6600000858306885,2.6600000858306885,2.930000066757202,2.5899999141693115,2.930000066757202,656300
2022-11-07,2.6500000953674316,2.6500000953674316,2.75,2.5199999809265137,2.75,508700
2022-11-08,2.5799999237060547,2.5799999237060547,2.680000066757202,2.5399999618530273,2.6600000858306885,441200
2022-11-09,2.4100000858306885,2.4100000858306885,2.569999933242798,2.3499999046325684,2.569999933242798,541100
2022-11-10,2.5999999046325684,2.5999999046325684,2.61899995803833,2.430000066757202,2.430000066757202,853600
2022-11-11,2.890000104904175,2.890000104904175,2.9100000858306885,2.569999933242798,2.569999933242798,780300
2022-11-14,2.8399999141693115,2.8399999141693115,2.950000047683716,2.7100000381469727,2.950000047683716,534900
2022-11-15,2.859999895095825,2.859999895095825,2.9600000381469727,2.819999933242798,2.859999895095825,338000
2022-11-16,2.930000066757202,2.930000066757202,3.0999999046325684,2.869999885559082,2.934999942779541,959800
2022-11-17,2.759999990463257,2.759999990463257,2.9200000762939453,2.7200000286102295,2.859999895095825,727500
2022-11-18,2.7100000381469727,2.7100000381469727,2.8299999237060547,2.619999885559082,2.799999952316284,359800
2022-11-21,2.7200000286102295,2.7200000286102295,2.7699999809265137,2.5999999046325684,2.6700000762939453,418200
2022-11-22,2.759999990463257,2.759999990463257,2.7899999618530273,2.6500000953674316,2.75,331200
2022-11-23,2.7699999809265137,2.7699999809265137,2.825000047683716,2.690000057220459,2.7799999713897705,355300
2022-11-25,2.7799999713897705,2.7799999713897705,2.8299999237060547,2.7200000286102295,2.799999952316284,167400
2022-11-28,2.700000047683716,2.700000047683716,2.799999952316284,2.690000057220459,2.740000009536743,270400
2022-11-29,2.700000047683716,2.700000047683716,2.740000009536743,2.640000104904175,2.7100000381469727,227000
2022-11-30,2.549999952316284,2.549999952316284,2.7699999809265137,2.549999952316284,2.690000057220459,924200
2022-12-01,2.684999942779541,2.684999942779541,2.7799999713897705,2.559999942779541,2.559999942779541,1128400
2022-12-02,2.6500000953674316,2.6500000953674316,2.677999973297119,2.609999895095825,2.6500000953674316,291200
2022-12-05,2.8299999237060547,2.8299999237060547,2.869999885559082,2.619999885559082,2.680000066757202,948500
2022-12-06,2.7799999713897705,2.7799999713897705,2.869999885559082,2.674999952316284,2.859999895095825,563200
2022-12-07,2.819999933242798,2.819999933242798,2.8499999046325684,2.7049999237060547,2.799999952316284,671900
2022-12-08,2.6600000858306885,2.6600000858306885,2.7899999618530273,2.630000114440918,2.7899999618530273,500300
2022-12-09,2.640000104904175,2.640000104904175,2.809999942779541,2.640000104904175,2.75,807400
2022-12-12,2.6600000858306885,2.6600000858306885,2.7100000381469727,2.549999952316284,2.640000104904175,425100
2022-12-13,2.7100000381469727,2.7100000381469727,2.7799999713897705,2.6449999809265137,2.680000066757202,372800
2022-12-14,2.690000057220459,2.690000057220459,2.7300000190734863,2.640000104904175,2.700000047683716,288000
2022-12-15,2.619999885559082,2.619999885559082,2.700000047683716,2.5999999046325684,2.625,507200
2022-12-16,2.7200000286102295,2.7200000286102295,2.759999990463257,2.569999933242798,2.6600000858306885,2312700
2022-12-19,2.640000104904175,2.640000104904175,2.7200000286102295,2.549999952316284,2.700000047683716,680400
2022-12-20,2.5899999141693115,2.5899999141693115,2.609999895095825,2.450000047683716,2.5799999237060547,385700
2022-12-21,2.690000057220459,2.690000057220459,2.75,2.5799999237060547,2.5899999141693115,368500
2022-12-22,2.619999885559082,2.619999885559082,2.690000057220459,2.5820000171661377,2.690000057220459,216600
2022-12-23,2.5299999713897705,2.5299999713897705,2.5899999141693115,2.494999885559082,2.5899999141693115,338500
2022-12-27,2.2699999809265137,2.2699999809265137,2.5450000762939453,2.240000009536743,2.5450000762939453,533700
2022-12-28,2.140000104904175,2.140000104904175,2.3399999141693115,2.130000114440918,2.299999952316284,504100
2022-12-29,2.25,2.25,2.2899999618530273,2.119999885559082,2.190000057220459,948100
2022-12-30,2.200000047683716,2.200000047683716,2.4000000953674316,2.1630001068115234,2.2300000190734863,961900
2023-01-03,2.490000009536743,2.490000009536743,2.507999897003174,2.200000047683716,2.2699999809265137,692200
2023-01-04,2.609999895095825,2.609999895095825,2.609999895095825,2.384999990463257,2.509999990463257,471400
2023-01-05,2.5899999141693115,2.5899999141693115,2.6050000190734863,2.5399999618530273,2.5999999046325684,165700
2023-01-06,2.640000104904175,2.640000104904175,2.6600000858306885,2.5309998989105225,2.5999999046325684,233500
2023-01-09,2.6600000858306885,2.6600000858306885,2.7899999618530273,2.640000104904175,2.690000057220459,529000
2023-01-10,2.7699999809265137,2.7699999809265137,2.7880001068115234,2.6600000858306885,2.6600000858306885,302800
2023-01-11,2.9100000858306885,2.9100000858306885,2.930000066757202,2.7200000286102295,2.819999933242798,465500
2023-01-12,3.109999895095825,3.109999895095825,3.2699999809265137,2.8910000324249268,2.940000057220459,1263300
2023-01-13,3.2699999809265137,3.2699999809265137,3.369999885559082,3.049999952316284,3.109999895095825,1025100
2023-01-17,3.5799999237060547,3.5799999237060547,3.5899999141693115,3.2899999618530273,3.3399999141693115,932100
2023-01-18,3.240000009536743,3.240000009536743,3.7699999809265137,3.009999990463257,3.6500000953674316,1696400
2023-01-19,3.299999952316284,3.299999952316284,3.440000057220459,3.190000057220459,3.25,670800
2023-01-20,3.5399999618530273,3.5399999618530273,3.5399999618530273,3.25,3.3299999237060547,654400
2023-01-23,3.555000066757202,3.555000066757202,3.700000047683716,3.490000009536743,3.5999999046325684,646000
2023-01-24,3.450000047683716,3.450000047683716,3.5999999046325684,3.3949999809265137,3.559999942779541,463800
2023-01-25,3.4700000286102295,3.4700000286102295,3.5199999809265137,3.380000114440918,3.450000047683716,205700
2023-01-26,3.4100000858306885,3.4100000858306885,3.569999933242798,3.3499999046325684,3.509999990463257,355400
2023-01-27,3.440000057220459,3.440000057220459,3.549999952316284,3.3529999256134033,3.4000000953674316,455600
2023-01-30,3.2950000762939453,3.2950000762939453,3.5350000858306885,3.0899999141693115,3.450000047683716,596400
2023-01-31,3.4100000858306885,3.4100000858306885,3.4100000858306885,3.2149999141693115,3.2799999713897705,346600
2023-02-01,3.440000057220459,3.440000057220459,3.4800000190734863,3.319999933242798,3.450000047683716,364400
2023-02-02,3.380000114440918,3.380000114440918,3.619999885559082,3.369999885559082,3.4800000190734863,679000
2023-02-03,3.4600000381469727,3.4600000381469727,3.5799999237060547,3.359999895095825,3.4100000858306885,428600
2023-02-06,4.0,4.0,4.050000190734863,3.5,3.5299999713897705,2170000
2023-02-07,3.7799999713897705,3.7799999713897705,4.199999809265137,3.5999999046325684,4.179999828338623,1755400
2023-02-08,4.045000076293945,4.045000076293945,4.28000020980835,3.8299999237060547,3.8299999237060547,1302800
2023-02-09,3.9000000953674316,3.9000000953674316,4.25,3.819999933242798,4.119999885559082,1118300
2023-02-10,3.7899999618530273,3.7899999618530273,3.930000066757202,3.700000047683716,3.930000066757202,517600
2023-02-13,3.950000047683716,3.950000047683716,4.072000026702881,3.75,3.7899999618530273,508600
2023-02-14,4.050000190734863,4.050000190734863,4.111000061035156,3.890000104904175,3.950000047683716,422600
2023-02-15,3.940000057220459,3.940000057220459,4.139999866485596,3.924999952316284,4.070000171661377,445400
2023-02-16,3.9600000381469727,3.9600000381469727,4.034999847412109,3.880000114440918,3.9600000381469727,314300
2023-02-17,3.930000066757202,3.930000066757202,4.0,3.809999942779541,3.9800000190734863,375300
2023-02-21,3.7899999618530273,3.7899999618530273,4.170000076293945,3.740000009536743,3.950000047683716,598500
2023-02-22,3.759999990463257,3.759999990463257,3.859999895095825,3.7300000190734863,3.8299999237060547,206800
2023-02-23,3.690000057220459,3.690000057220459,3.815000057220459,3.5399999618530273,3.799999952316284,474200
2023-02-24,3.6600000858306885,3.6600000858306885,3.7200000286102295,3.5999999046325684,3.680000066757202,311300
2023-02-27,3.6700000762939453,3.6700000762939453,3.7100000381469727,3.5899999141693115,3.680000066757202,213900
2023-02-28,3.7200000286102295,3.7200000286102295,3.7899999618530273,3.6449999809265137,3.690000057220459,344600
2023-03-01,3.5199999809265137,3.5199999809265137,3.7899999618530273,3.509999990463257,3.7899999618530273,363000
2023-03-02,3.609999895095825,3.609999895095825,3.6700000762939453,3.5,3.509999990463257,239600
2023-03-03,3.6500000953674316,3.6500000953674316,3.75,3.509999990463257,3.640000104904175,369300
2023-03-06,3.4600000381469727,3.4600000381469727,3.680000066757202,3.450000047683716,3.6500000953674316,327100
2023-03-07,3.3399999141693115,3.3399999141693115,3.5199999809265137,3.2699999809265137,3.4700000286102295,338900
2023-03-08,3.3399999141693115,3.3399999141693115,3.4549999237060547,3.2899999618530273,3.3399999141693115,235300
2023-03-09,3.180000066757202,3.180000066757202,3.390000104904175,3.1600000858306885,3.299999952316284,304000
2023-03-10,3.009999990463257,3.009999990463257,3.3499999046325684,2.950000047683716,3.25,410300
2023-03-13,3.0299999713897705,3.0299999713897705,3.0999999046325684,2.930000066757202,2.950000047683716,281000
2023-03-14,3.069999933242798,3.069999933242798,3.177000045776367,3.0299999713897705,3.0999999046325684,266100
2023-03-15,2.9000000953674316,2.9000000953674316,3.0899999141693115,2.8499999046325684,3.0199999809265137,366900
2023-03-16,2.9800000190734863,2.9800000190734863,3.009999990463257,2.9100000858306885,2.9100000858306885,281900
2023-03-17,2.9000000953674316,2.9000000953674316,3.0,2.859999895095825,2.990000009536743,328900
2023-03-20,2.890000104904175,2.890000104904175,2.9200000762939453,2.819999933242798,2.9000000953674316,259900
2023-03-21,2.950000047683716,2.950000047683716,3.015000104904175,2.8499999046325684,2.9200000762939453,406900
2023-03-22,2.8299999237060547,2.8299999237060547,3.049999952316284,2.819999933242798,3.0,259700
2023-03-23,2.875,2.875,2.9149999618530273,2.819999933242798,2.890000104904175,251200
2023-03-24,2.9100000858306885,2.9100000858306885,2.930000066757202,2.819999933242798,2.8499999046325684,239200
2023-03-27,2.9100000858306885,2.9100000858306885,2.950000047683716,2.869999885559082,2.950000047683716,284400
2023-03-28,2.859999895095825,2.859999895095825,2.950000047683716,2.8350000381469727,2.890000104904175,175800
2023-03-29,3.009999990463257,3.009999990463257,3.0299999713897705,2.8499999046325684,2.869999885559082,268500
2023-03-30,3.069999933242798,3.069999933242798,3.0980000495910645,3.015000104904175,3.049999952316284,203500
2023-03-31,3.1700000762939453,3.1700000762939453,3.190000057220459,3.0799999237060547,3.0799999237060547,312800
2023-04-03,3.049999952316284,3.049999952316284,3.190000057220459,3.009999990463257,3.1600000858306885,210800
2023-04-04,2.990000009536743,2.990000009536743,3.119999885559082,2.944999933242798,3.0799999237060547,256100
2023-04-05,2.880000114440918,2.880000114440918,2.994999885559082,2.859999895095825,2.950000047683716,206700
2023-04-06,2.930000066757202,2.930000066757202,2.9649999141693115,2.859999895095825,2.9100000858306885,131000
2023-04-10,3.0,3.0,3.009999990463257,2.869999885559082,2.9100000858306885,166600
2023-04-11,3.009999990463257,3.009999990463257,3.059999942779541,2.9800000190734863,2.990000009536743,159700
2023-04-12,2.9800000190734863,2.9800000190734863,3.055000066757202,2.9700000286102295,3.0250000953674316,95500
2023-04-13,3.0999999046325684,3.0999999046325684,3.130000114440918,2.9800000190734863,3.009999990463257,179600
2023-04-14,3.1600000858306885,3.1600000858306885,3.8499999046325684,3.059999942779541,3.7699999809265137,3862300
2023-04-17,3.509999990463257,3.509999990463257,3.549999952316284,3.111999988555908,3.140000104904175,1217400
2023-04-18,3.6700000762939453,3.6700000762939453,3.9700000286102295,3.369999885559082,3.5799999237060547,1479700
2023-04-19,3.809999942779541,3.809999942779541,3.8299999237060547,3.5,3.690000057220459,588000
2023-04-20,3.809999942779541,3.809999942779541,3.8299999237060547,3.609999895095825,3.799999952316284,510800
2023-04-21,3.950000047683716,3.950000047683716,3.9649999141693115,3.7300000190734863,3.7799999713897705,673100
2023-04-24,3.75,3.75,3.990000009536743,3.680000066757202,3.990000009536743,498100
2023-04-25,3.609999895095825,3.609999895095825,3.7200000286102295,3.569999933242798,3.7200000286102295,347700
2023-04-26,3.630000114440918,3.630000114440918,3.700000047683716,3.4800000190734863,3.640000104904175,321600
2023-04-27,3.7200000286102295,3.7200000286102295,3.736999988555908,3.6050000190734863,3.6500000953674316,211200
2023-04-28,3.819999933242798,3.819999933242798,3.859999895095825,3.683000087738037,3.7200000286102295,236400
2023-05-01,3.8299999237060547,3.8299999237060547,3.880000114440918,3.7300000190734863,3.8299999237060547,357900
2023-05-02,3.75,3.75,3.8399999141693115,3.6500000953674316,3.7899999618530273,212600
2023-05-03,3.690000057220459,3.690000057220459,3.759999990463257,3.6459999084472656,3.7300000190734863,252000
2023-05-04,3.619999885559082,3.619999885559082,3.6700000762939453,3.5420000553131104,3.6700000762939453,289000
2023-05-05,3.4100000858306885,3.4100000858306885,3.5889999866485596,3.325000047683716,3.5299999713897705,609200
2023-05-08,3.390000104904175,3.390000104904175,3.4000000953674316,3.244999885559082,3.4000000953674316,286100
2023-05-09,3.2899999618530273,3.2899999618530273,3.380000114440918,3.240000009536743,3.359999895095825,271500
2023-05-10,3.2049999237060547,3.2049999237060547,3.3350000381469727,3.190000057220459,3.319999933242798,284300
2023-05-11,3.0899999141693115,3.0899999141693115,3.2200000286102295,3.052000045776367,3.190000057220459,359200
2023-05-12,3.059999942779541,3.059999942779541,3.0999999046325684,3.0399999618530273,3.0899999141693115,183300
2023-05-15,3.1600000858306885,3.1600000858306885,3.180000066757202,3.009999990463257,3.049999952316284,301800
2023-05-16,3.0299999713897705,3.0299999713897705,3.140000104904175,3.009999990463257,3.140000104904175,317500
2023-05-17,3.1500000953674316,3.1500000953674316,3.1600000858306885,2.9790000915527344,3.0299999713897705,351300
2023-05-18,3.1500000953674316,3.1500000953674316,3.3299999237060547,3.109999895095825,3.1700000762939453,375300
2023-05-19,3.3499999046325684,3.3499999046325684,3.4000000953674316,3.2300000190734863,3.309999942779541,415600
2023-05-22,3.5799999237060547,3.5799999237060547,3.5950000286102295,3.3499999046325684,3.380000114440918,346000
2023-05-23,3.490000009536743,3.490000009536743,3.7100000381469727,3.4649999141693115,3.569999933242798,442100
2023-05-24,3.4200000762939453,3.4200000762939453,3.5299999713897705,3.369999885559082,3.490000009536743,215300
2023-05-25,3.3499999046325684,3.3499999046325684,3.4600000381469727,3.2899999618530273,3.450000047683716,282600
2023-05-26,3.5350000858306885,3.5350000858306885,3.5799999237060547,3.309999942779541,3.309999942779541,360200
2023-05-30,3.6600000858306885,3.6600000858306885,3.678999900817871,3.549999952316284,3.549999952316284,348200
2023-05-31,3.5399999618530273,3.5399999618530273,3.6700000762939453,3.4600000381469727,3.630000114440918,210200
2023-06-01,3.549999952316284,3.549999952316284,3.555000066757202,3.440000057220459,3.5199999809265137,188300
2023-06-02,3.4549999237060547,3.4549999237060547,3.569999933242798,3.430000066757202,3.559999942779541,284000
2023-06-05,3.5199999809265137,3.5199999809265137,3.619999885559082,3.4800000190734863,3.490000009536743,243800
2023-06-06,3.5799999237060547,3.5799999237060547,3.609999895095825,3.515000104904175,3.569999933242798,157000
2023-06-07,3.619999885559082,3.619999885559082,3.8299999237060547,3.569999933242798,3.569999933242798,553300
2023-06-08,3.7799999713897705,3.7799999713897705,3.8399999141693115,3.5399999618530273,3.5999999046325684,335000
2023-06-09,3.6600000858306885,3.6600000858306885,3.880000114440918,3.640000104904175,3.819999933242798,328000
2023-06-12,3.7200000286102295,3.7200000286102295,3.740000009536743,3.5999999046325684,3.6600000858306885,196500
2023-06-13,3.7300000190734863,3.7300000190734863,3.75,3.619999885559082,3.7200000286102295,181400
2023-06-14,3.619999885559082,3.619999885559082,3.756999969482422,3.505000114440918,3.75,490100
2023-06-15,3.7100000381469727,3.7100000381469727,3.7200000286102295,3.559999942779541,3.5999999046325684,192400
2023-06-16,3.7699999809265137,3.7699999809265137,3.799999952316284,3.6700000762939453,3.6700000762939453,294900
2023-06-20,3.609999895095825,3.609999895095825,3.7300000190734863,3.5199999809265137,3.7300000190734863,422700
2023-06-21,3.5999999046325684,3.5999999046325684,3.6500000953674316,3.515000104904175,3.609999895095825,303700
2023-06-22,3.4800000190734863,3.4800000190734863,3.5899999141693115,3.4600000381469727,3.549999952316284,299900
2023-06-23,3.299999952316284,3.299999952316284,3.819999933242798,3.1600000858306885,3.4800000190734863,2086500
2023-06-26,3.2799999713897705,3.2799999713897705,3.375,3.2200000286102295,3.2799999713897705,389600
2023-06-27,3.2699999809265137,3.2699999809265137,3.2799999713897705,3.0850000381469727,3.25,734300
2023-06-28,3.440000057220459,3.440000057220459,3.490000009536743,3.259999990463257,3.3299999237060547,1250800
2023-06-29,3.4600000381469727,3.4600000381469727,3.4700000286102295,3.319999933242798,3.4000000953674316,357200
2023-06-30,3.569999933242798,3.569999933242798,3.6700000762939453,3.4100000858306885,3.450000047683716,529600
2023-07-03,3.630000114440918,3.630000114440918,3.6510000228881836,3.5399999618530273,3.5899999141693115,195800
2023-07-05,3.7300000190734863,3.7300000190734863,3.809999942779541,3.609999895095825,3.630000114440918,618800
2023-07-06,3.559999942779541,3.559999942779541,3.740000009536743,3.509999990463257,3.740000009536743,446100
2023-07-07,3.740000009536743,3.740000009536743,3.8299999237060547,3.5390000343322754,3.5399999618530273,622100
2023-07-10,4.03000020980835,4.03000020980835,4.139999866485596,3.7799999713897705,3.799999952316284,1967100
2023-07-11,4.289999961853027,4.289999961853027,4.329999923706055,3.9600000381469727,4.045000076293945,980600
2023-07-12,4.269999980926514,4.269999980926514,4.449999809265137,4.130000114440918,4.380000114440918,1009500
2023-07-13,4.21999979019165,4.21999979019165,4.349999904632568,4.179999828338623,4.300000190734863,448200
2023-07-14,3.9800000190734863,3.9800000190734863,4.239999771118164,3.9100000858306885,4.210000038146973,539300
2023-07-17,4.239999771118164,4.239999771118164,4.289999961853027,3.9790000915527344,4.010000228881836,524000
2023-07-18,4.840000152587891,4.840000152587891,5.010000228881836,4.380000114440918,4.400000095367432,3217100
2023-07-19,4.820000171661377,4.820000171661377,4.978000164031982,4.699999809265137,4.900000095367432,985200
2023-07-20,4.53000020980835,4.53000020980835,4.840000152587891,4.5,4.769999980926514,618900
2023-07-21,4.650000095367432,4.650000095367432,4.809999942779541,4.519999980926514,4.619999885559082,568700
2023-07-24,4.420000076293945,4.420000076293945,4.769999980926514,4.400000095367432,4.659999847412109,888800
2023-07-25,4.420000076293945,4.420000076293945,4.539999961853027,4.370999813079834,4.510000228881836,376700
2023-07-26,4.300000190734863,4.300000190734863,4.488999843597412,4.289999961853027,4.449999809265137,490100
2023-07-27,4.130000114440918,4.130000114440918,4.389999866485596,4.09499979019165,4.389999866485596,436400
2023-07-28,4.360000133514404,4.360000133514404,4.400000095367432,4.130000114440918,4.130000114440918,320700
2023-07-31,4.929999828338623,4.929999828338623,4.960000038146973,4.360000133514404,4.449999809265137,1418600
2023-08-01,4.889999866485596,4.889999866485596,5.0,4.71999979019165,5.0,611200
2023-08-02,4.590000152587891,4.590000152587891,4.869999885559082,4.46999979019165,4.860000133514404,682100
2023-08-03,4.710000038146973,4.710000038146973,4.816999912261963,4.5,4.599999904632568,544300
2023-08-04,4.349999904632568,4.349999904632568,4.818999767303467,4.300000190734863,4.670000076293945,817500
2023-08-07,4.139999866485596,4.139999866485596,4.360000133514404,4.019999980926514,4.349999904632568,620500
2023-08-08,4.340000152587891,4.340000152587891,4.570000171661377,4.139999866485596,4.170000076293945,464400
2023-08-09,4.179999828338623,4.179999828338623,4.5,4.150000095367432,4.340000152587891,412300
2023-08-10,4.289999961853027,4.289999961853027,4.400000095367432,4.199999809265137,4.210000038146973,293800
2023-08-11,4.260000228881836,4.260000228881836,4.369999885559082,4.230000019073486,4.28000020980835,262500
2023-08-14,4.46999979019165,4.46999979019165,4.519999980926514,4.070000171661377,4.269999980926514,539100
2023-08-15,4.199999809265137,4.199999809265137,4.550000190734863,4.190000057220459,4.449999809265137,409400
2023-08-16,4.130000114440918,4.130000114440918,4.230000019073486,4.010000228881836,4.230000019073486,544400
2023-08-17,3.940000057220459,3.940000057220459,4.110000133514404,3.9049999713897705,4.110000133514404,462400
2023-08-18,3.990000009536743,3.990000009536743,4.059999942779541,3.890000104904175,3.890000104904175,474500
2023-08-21,4.119999885559082,4.119999885559082,4.139999866485596,3.9600000381469727,3.9800000190734863,234600
2023-08-22,4.110000133514404,4.110000133514404,4.210000038146973,4.039999961853027,4.159999847412109,404500
2023-08-23,4.090000152587891,4.090000152587891,4.170000076293945,4.025000095367432,4.139999866485596,254300
2023-08-24,3.859999895095825,3.859999895095825,4.079999923706055,3.8299999237060547,4.079999923706055,363600
2023-08-25,3.799999952316284,3.799999952316284,3.9049999713897705,3.7200000286102295,3.869999885559082,332200
2023-08-28,3.809999942779541,3.809999942779541,3.9800000190734863,3.799999952316284,3.8499999046325684,276700
2023-08-29,3.880000114440918,3.880000114440918,3.890000104904175,3.750999927520752,3.819999933242798,366900
2023-08-30,3.869999885559082,3.869999885559082,3.9700000286102295,3.8399999141693115,3.859999895095825,265000
2023-08-31,4.150000095367432,4.150000095367432,4.309999942779541,3.9000000953674316,3.9100000858306885,1205300
2023-09-01,4.110000133514404,4.110000133514404,4.320000171661377,4.090000152587891,4.190000057220459,470200
2023-09-05,3.9700000286102295,3.9700000286102295,4.139999866485596,3.930000066757202,4.139999866485596,389900
2023-09-06,4.099999904632568,4.099999904632568,4.119999885559082,3.930000066757202,3.9700000286102295,285700
2023-09-07,3.950000047683716,3.950000047683716,4.079999923706055,3.930000066757202,4.03000020980835,259800
2023-09-08,3.990000009536743,3.990000009536743,4.010000228881836,3.869999885559082,3.990000009536743,236000
2023-09-11,4.309999942779541,4.309999942779541,4.309999942779541,4.0,4.010000228881836,655400
2023-09-12,4.21999979019165,4.21999979019165,4.510000228881836,4.190000057220459,4.340000152587891,582300
2023-09-13,4.050000190734863,4.050000190734863,4.297999858856201,4.025000095367432,4.179999828338623,293300
2023-09-14,4.309999942779541,4.309999942779541,4.349999904632568,4.050000190734863,4.059999942779541,701900
2023-09-15,4.170000076293945,4.170000076293945,4.309999942779541,4.079999923706055,4.300000190734863,491400
2023-09-18,4.070000171661377,4.070000171661377,4.199999809265137,4.03000020980835,4.199999809265137,372600
2023-09-19,4.03000020980835,4.03000020980835,4.0879998207092285,3.950000047683716,4.070000171661377,400900
2023-09-20,3.940000057220459,3.940000057220459,4.070000171661377,3.9100000858306885,4.03000020980835,284700
2023-09-21,3.700000047683716,3.700000047683716,3.940000057220459,3.680000066757202,3.940000057220459,632900
2023-09-22,3.609999895095825,3.609999895095825,3.7699999809265137,3.5799999237060547,3.740000009536743,370400
2023-09-25,3.5899999141693115,3.5899999141693115,3.630000114440918,3.5299999713897705,3.609999895095825,353200
2023-09-26,3.619999885559082,3.619999885559082,3.759999990463257,3.5399999618530273,3.5399999618530273,424800
2023-09-27,3.5199999809265137,3.5199999809265137,3.809999942779541,3.5199999809265137,3.640000104904175,333100
2023-09-28,3.299999952316284,3.299999952316284,3.5399999618530273,3.2699999809265137,3.5199999809265137,778900
2023-09-29,3.130000114440918,3.130000114440918,3.359999895095825,3.109999895095825,3.25,671900
2023-10-02,3.059999942779541,3.059999942779541,3.2100000381469727,3.0199999809265137,3.1500000953674316,439600
2023-10-03,2.9700000286102295,2.9700000286102295,3.0399999618530273,2.9100000858306885,3.0399999618530273,384100
2023-10-04,3.0399999618530273,3.0399999618530273,3.056999921798706,2.890000104904175,2.950000047683716,345300
2023-10-05,3.0799999237060547,3.0799999237060547,3.109999895095825,2.990000009536743,3.0399999618530273,237300
2023-10-06,3.0899999141693115,3.0899999141693115,3.140000104904175,3.049999952316284,3.049999952316284,242600
2023-10-09,2.9700000286102295,2.9700000286102295,3.0199999809265137,2.9100000858306885,3.009999990463257,264800
2023-10-10,3.009999990463257,3.009999990463257,3.0899999141693115,2.9700000286102295,2.9700000286102295,179400
2023-10-11,2.869999885559082,2.869999885559082,3.0399999618530273,2.869999885559082,3.0199999809265137,252900
2023-10-12,2.7300000190734863,2.7300000190734863,2.869999885559082,2.680000066757202,2.869999885559082,544400
2023-10-13,2.799999952316284,2.799999952316284,2.805000066757202,2.680000066757202,2.7300000190734863,238700
2023-10-16,2.890000104904175,2.890000104904175,2.9200000762939453,2.7699999809265137,2.809999942779541,231200
2023-10-17,2.940000057220459,2.940000057220459,3.009999990463257,2.880000114440918,2.880000114440918,285900
2023-10-18,2.75,2.75,2.930000066757202,2.75,2.930000066757202,227800
2023-10-19,2.690000057220459,2.690000057220459,2.7899999618530273,2.680000066757202,2.759999990463257,383700
2023-10-20,2.619999885559082,2.619999885559082,2.690000057220459,2.619999885559082,2.690000057220459,243000
2023-10-23,2.630000114440918,2.630000114440918,2.7100000381469727,2.5999999046325684,2.619999885559082,262900
2023-10-24,2.7100000381469727,2.7100000381469727,2.7899999618530273,2.6500000953674316,2.690000057220459,301900
2023-10-25,2.5999999046325684,2.5999999046325684,2.7100000381469727,2.5799999237060547,2.7100000381469727,225600
2023-10-26,2.5899999141693115,2.5899999141693115,2.6449999809265137,2.549999952316284,2.5799999237060547,154200
2023-10-27,2.4700000286102295,2.4700000286102295,2.6700000762939453,2.450000047683716,2.6700000762939453,295300
2023-10-30,2.5799999237060547,2.5799999237060547,2.5850000381469727,2.4700000286102295,2.4800000190734863,192700
2023-10-31,2.559999942779541,2.559999942779541,2.6600000858306885,2.5199999809265137,2.569999933242798,494500
2023-11-01,2.490000009536743,2.490000009536743,2.549999952316284,2.450000047683716,2.549999952316284,236100
2023-11-02,2.700000047683716,2.700000047683716,2.7149999141693115,2.565000057220459,2.569999933242798,440500
2023-11-03,3.0899999141693115,3.0899999141693115,3.127000093460083,2.740000009536743,2.759999990463257,782900
2023-11-06,2.9200000762939453,2.9200000762939453,3.140000104904175,2.7799999713897705,3.059999942779541,481600
2023-11-07,2.819999933242798,2.819999933242798,2.950000047683716,2.7750000953674316,2.940000057220459,379700
2023-11-08,2.690000057220459,2.690000057220459,2.8499999046325684,2.6500000953674316,2.8299999237060547,254400
2023-11-09,2.5399999618530273,2.5399999618530273,2.7100000381469727,2.5299999713897705,2.690000057220459,256500
2023-11-10,2.5,2.5,2.569999933242798,2.4719998836517334,2.569999933242798,283600
2023-11-13,2.430000066757202,2.430000066757202,2.5,2.4100000858306885,2.5,317600
2023-11-14,2.619999885559082,2.619999885559082,2.6589999198913574,2.5350000858306885,2.559999942779541,345700
2023-11-15,2.5899999141693115,2.5899999141693115,2.759999990463257,2.5899999141693115,2.6500000953674316,392500
2023-11-16,2.4600000381469727,2.4600000381469727,2.5899999141693115,2.4200000762939453,2.5799999237060547,381300
2023-11-17,2.5899999141693115,2.5899999141693115,2.5999999046325684,2.440000057220459,2.4800000190734863,233300
2023-11-20,2.75,2.75,2.765000104904175,2.5399999618530273,2.569999933242798,534900
2023-11-21,2.680000066757202,2.680000066757202,2.7200000286102295,2.609999895095825,2.690000057220459,279100
2023-11-22,2.75,2.75,2.7899999618530273,2.690000057220459,2.7100000381469727,262500
2023-11-24,3.0199999809265137,3.0199999809265137,3.0199999809265137,2.75,2.75,700000
2023-11-27,3.0299999713897705,3.0299999713897705,3.109999895095825,2.9700000286102295,2.9700000286102295,381600
2023-11-28,3.059999942779541,3.059999942779541,3.1050000190734863,2.9100000858306885,3.0299999713897705,278200
2023-11-29,3.240000009536743,3.240000009536743,3.309999942779541,3.069999933242798,3.069999933242798,415500
2023-11-30,3.299999952316284,3.299999952316284,3.359999895095825,3.190000057220459,3.190000057220459,456300
2023-12-01,3.5199999809265137,3.5199999809265137,3.5299999713897705,3.2799999713897705,3.369999885559082,591800
2023-12-04,3.609999895095825,3.609999895095825,3.8399999141693115,3.490000009536743,3.5199999809265137,799300
2023-12-05,3.490000009536743,3.490000009536743,3.6600000858306885,3.490000009536743,3.640000104904175,550600
2023-12-06,3.5899999141693115,3.5899999141693115,3.765000104904175,3.4600000381469727,3.5250000953674316,317000
2023-12-07,3.180000066757202,3.180000066757202,3.6010000705718994,3.1700000762939453,3.5899999141693115,741700
2023-12-08,3.2100000381469727,3.2100000381469727,3.309999942779541,3.130000114440918,3.180000066757202,323300
2023-12-11,3.2300000190734863,3.2300000190734863,3.2699999809265137,3.009999990463257,3.2200000286102295,428600
2023-12-12,3.119999885559082,3.119999885559082,3.2200000286102295,3.0799999237060547,3.2200000286102295,272700
2023-12-13,3.2300000190734863,3.2300000190734863,3.240000009536743,2.9200000762939453,3.0999999046325684,384600
2023-12-14,3.5999999046325684,3.5999999046325684,3.7300000190734863,2.9700000286102295,3.4200000762939453,5178100
2023-12-15,3.3499999046325684,3.3499999046325684,3.569999933242798,3.255000114440918,3.4200000762939453,1449800
2023-12-18,3.5399999618530273,3.5399999618530273,3.740000009536743,3.2699999809265137,3.3399999141693115,1175800
2023-12-19,3.5999999046325684,3.5999999046325684,3.6549999713897705,3.490000009536743,3.569999933242798,722000
2023-12-20,3.3499999046325684,3.3499999046325684,3.5950000286102295,3.3499999046325684,3.569999933242798,645800
2023-12-21,3.450000047683716,3.450000047683716,3.509999990463257,3.369999885559082,3.4000000953674316,268800
2023-12-22,3.5999999046325684,3.5999999046325684,3.690000057220459,3.4570000171661377,3.509999990463257,688300
2023-12-26,3.869999885559082,3.869999885559082,3.950000047683716,3.5999999046325684,3.6500000953674316,924100
2023-12-27,3.7899999618530273,3.7899999618530273,3.880000114440918,3.609999895095825,3.819999933242798,791200
2023-12-28,3.799999952316284,3.799999952316284,3.8499999046325684,3.7100000381469727,3.759999990463257,473100
2023-12-29,3.6600000858306885,3.6600000858306885,3.819999933242798,3.609999895095825,3.819999933242798,492400
2024-01-02,3.619999885559082,3.619999885559082,3.7850000858306885,3.569999933242798,3.700000047683716,401700
2024-01-03,3.5899999141693115,3.5899999141693115,3.6449999809265137,3.5299999713897705,3.5899999141693115,337200
2024-01-04,3.819999933242798,3.819999933242798,3.8450000286102295,3.549999952316284,3.5999999046325684,980600
2024-01-05,4.090000152587891,4.090000152587891,4.144999980926514,3.6700000762939453,3.7899999618530273,957400
2024-01-08,4.389999866485596,4.389999866485596,4.440000057220459,3.880000114440918,4.130000114440918,1326400
2024-01-09,4.329999923706055,4.329999923706055,4.449999809265137,4.300000190734863,4.340000152587891,669300
2024-01-10,4.199999809265137,4.199999809265137,4.385000228881836,4.190000057220459,4.340000152587891,466000
2024-01-11,3.9800000190734863,3.9800000190734863,4.2210001945495605,3.890000104904175,4.21999979019165,888000
2024-01-12,3.9600000381469727,3.9600000381469727,4.25,3.880000114440918,4.019999980926514,519900
2024-01-16,3.8499999046325684,3.8499999046325684,3.9600000381469727,3.7699999809265137,3.9600000381469727,480900
2024-01-17,3.7899999618530273,3.7899999618530273,3.799999952316284,3.6600000858306885,3.75,446600
2024-01-18,3.630000114440918,3.630000114440918,3.859999895095825,3.575000047683716,3.8399999141693115,408800
2024-01-19,3.5899999141693115,3.5899999141693115,3.6600000858306885,3.490000009536743,3.6500000953674316,420100
2024-01-22,3.819999933242798,3.819999933242798,3.8499999046325684,3.625,3.6600000858306885,444400
2024-01-23,3.759999990463257,3.759999990463257,3.9000000953674316,3.7100000381469727,3.880000114440918,267500
2024-01-24,3.549999952316284,3.549999952316284,3.859999895095825,3.5,3.859999895095825,461000
2024-01-25,3.6500000953674316,3.6500000953674316,3.6500000953674316,3.565000057220459,3.5999999046325684,202000
2024-01-26,3.690000057220459,3.690000057220459,3.759999990463257,3.640000104904175,3.6600000858306885,233900
2024-01-29,4.019999980926514,4.019999980926514,4.059999942779541,3.6700000762939453,3.7300000190734863,747600
2024-01-30,3.9100000858306885,3.9100000858306885,4.0,3.7950000762939453,4.0,326900
2024-01-31,3.859999895095825,3.859999895095825,4.110000133514404,3.8399999141693115,3.859999895095825,405100
2024-02-01,4.090000152587891,4.090000152587891,4.119999885559082,3.819999933242798,3.9000000953674316,458100
2024-02-02,4.070000171661377,4.070000171661377,4.175000190734863,3.9600000381469727,4.039999961853027,347600
2024-02-05,3.9000000953674316,3.9000000953674316,4.039999961853027,3.880000114440918,4.039999961853027,298600
2024-02-06,4.03000020980835,4.03000020980835,4.144999980926514,3.8499999046325684,3.940000057220459,349100
2024-02-07,4.230000019073486,4.230000019073486,4.309999942779541,3.859999895095825,4.03000020980835,1052300
2024-02-08,4.400000095367432,4.400000095367432,4.46999979019165,4.179999828338623,4.28000020980835,798200
2024-02-09,4.409999847412109,4.409999847412109,4.480000019073486,4.260000228881836,4.449999809265137,485300
2024-02-12,4.769999980926514,4.769999980926514,5.0,4.309999942779541,4.389999866485596,1835000
2024-02-13,4.489999771118164,4.489999771118164,4.730000019073486,4.400000095367432,4.710000038146973,809600
2024-02-14,4.380000114440918,4.380000114440918,4.65500020980835,4.349999904632568,4.590000152587891,511300
2024-02-15,4.579999923706055,4.579999923706055,4.614999771118164,4.389999866485596,4.46999979019165,396300
2024-02-16,4.920000076293945,4.920000076293945,4.96999979019165,4.460000038146973,4.519999980926514,795300
2024-02-20,5.070000171661377,5.070000171661377,5.349999904632568,4.829999923706055,4.920000076293945,1804600
2024-02-21,4.619999885559082,4.619999885559082,5.090000152587891,4.5,5.070000171661377,1064100
2024-02-22,4.769999980926514,4.769999980926514,4.900000095367432,4.539999961853027,4.75,630600
2024-02-23,4.909999847412109,4.909999847412109,4.940000057220459,4.699999809265137,4.800000190734863,529200
2024-02-26,4.980000019073486,4.980000019073486,5.170000076293945,4.889999866485596,4.900000095367432,957800
2024-02-27,5.559999942779541,5.559999942779541,5.659999847412109,4.980000019073486,4.980000019073486,1422200
2024-02-28,5.349999904632568,5.349999904632568,5.539999961853027,4.659999847412109,5.21999979019165,2069100
2024-02-29,5.715000152587891,5.715000152587891,5.880000114440918,5.46999979019165,5.489999771118164,890800
2024-03-01,6.230000019073486,6.230000019073486,6.269999980926514,5.579999923706055,5.769999980926514,1174600
2024-03-04,6.239999771118164,6.239999771118164,6.46999979019165,5.880000114440918,6.389999866485596,1534400
2024-03-05,5.940000057220459,5.940000057220459,6.369999885559082,5.789999961853027,6.170000076293945,944800
2024-03-06,5.940000057220459,5.940000057220459,6.159999847412109,5.840000152587891,6.0,571100
2024-03-07,9.0,9.0,11.100000381469727,7.400000095367432,7.420000076293945,38010300
2024-03-08,9.699999809265137,9.699999809265137,10.100000381469727,8.800000190734863,9.40999984741211,8108600
2024-03-11,8.34000015258789,8.34000015258789,9.989999771118164,8.269000053405762,9.979999542236328,3885500
2024-03-12,7.860000133514404,7.860000133514404,8.520000457763672,7.559999942779541,8.399999618530273,3295200
2024-03-13,8.600000381469727,8.600000381469727,9.21500015258789,7.940000057220459,7.960000038146973,3239400
2024-03-14,8.140000343322754,8.140000343322754,9.270000457763672,7.909999847412109,9.15999984741211,2420800
2024-03-15,9.170000076293945,9.170000076293945,9.319999694824219,8.010000228881836,8.100000381469727,4016800
2024-03-18,9.90999984741211,9.90999984741211,10.029999732971191,8.829999923706055,9.239999771118164,3048200
2024-03-19,9.789999961853027,9.789999961853027,10.130000114440918,9.260000228881836,9.890000343322754,2967300
2024-03-20,9.880000114440918,9.880000114440918,10.239999771118164,9.380000114440918,9.779999732971191,2105200
2024-03-21,9.760000228881836,9.760000228881836,10.449999809265137,9.680000305175781,10.020000457763672,2636500
2024-03-22,9.779999732971191,9.779999732971191,10.6899995803833,9.710000038146973,9.760000228881836,3657300
2024-03-25,10.430000305175781,10.430000305175781,10.779999732971191,9.329999923706055,9.869999885559082,3064000
2024-03-26,9.859999656677246,9.859999656677246,10.84000015258789,9.800000190734863,10.510000228881836,2616300
2024-03-27,9.5,9.5,10.09000015258789,9.329999923706055,9.970000267028809,1700200
2024-03-28,9.399999618530273,9.399999618530273,10.0,9.263999938964844,9.5,2164500
2024-04-01,9.520000457763672,9.520000457763672,9.59000015258789,9.020000457763672,9.399999618530273,1350100
2024-04-02,9.850000381469727,9.850000381469727,9.880000114440918,8.972999572753906,9.319999694824219,1346800
2024-04-03,11.75,11.75,12.149999618530273,9.529999732971191,9.6899995803833,6598300
2024-04-04,10.800000190734863,10.800000190734863,12.220000267028809,10.619999885559082,12.199999809265137,3343600
2024-04-05,11.0,11.0,11.180000305175781,10.65999984741211,11.050000190734863,1242000
2024-04-08,10.890000343322754,10.890000343322754,11.359999656677246,10.770000457763672,11.0,1178000
2024-04-09,10.050000190734863,10.050000190734863,11.0,9.949999809265137,10.890000343322754,1367900
2024-04-10,10.899999618530273,10.899999618530273,10.993000030517578,9.600000381469727,9.789999961853027,2316700
2024-04-11,10.25,10.25,10.9399995803833,9.960000038146973,10.890000343322754,1973300
2024-04-12,9.670000076293945,9.670000076293945,10.399999618530273,9.510000228881836,10.199999809265137,1374100
2024-04-15,9.779999732971191,9.779999732971191,10.470000267028809,9.623000144958496,10.050000190734863,1162400
2024-04-16,9.880000114440918,9.880000114440918,10.020000457763672,9.289999961853027,9.779999732971191,929700
2024-04-17,9.529999732971191,9.529999732971191,10.048999786376953,9.489999771118164,9.9399995803833,781000
2024-04-18,8.90999984741211,8.90999984741211,9.65999984741211,8.850000381469727,9.600000381469727,1652100
2024-04-19,8.680000305175781,8.680000305175781,9.0,8.3100004196167,8.800000190734863,1515600
2024-04-22,8.680000305175781,8.680000305175781,8.720000267028809,8.260000228881836,8.640000343322754,846000
2024-04-23,8.869999885559082,8.869999885559082,9.350000381469727,8.789999961853027,8.859999656677246,1200100
2024-04-24,8.460000038146973,8.460000038146973,9.039999961853027,8.420000076293945,9.039999961853027,829500
2024-04-25,8.520000457763672,8.520000457763672,8.59000015258789,8.170000076293945,8.300000190734863,1096600
2024-04-26,8.520000457763672,8.520000457763672,8.760000228881836,8.359999656677246,8.529999732971191,652500
2024-04-29,9.029999732971191,9.029999732971191,9.180000305175781,8.350000381469727,8.510000228881836,1253800
2024-04-30,9.520000457763672,9.520000457763672,9.550000190734863,8.8100004196167,8.970000267028809,1096000
2024-05-01,9.430000305175781,9.430000305175781,9.6899995803833,9.131999969482422,9.430000305175781,1288300
2024-05-02,9.520000457763672,9.520000457763672,9.600000381469727,9.210000038146973,9.550000190734863,653800
2024-05-03,10.0,10.0,10.34000015258789,9.62399959564209,9.670000076293945,1087700
2024-05-06,9.220000267028809,9.220000267028809,10.279999732971191,9.210000038146973,10.279999732971191,1315100
2024-05-07,9.550000190734863,9.550000190734863,9.609999656677246,9.199999809265137,9.220000267028809,1089300
2024-05-08,9.609999656677246,9.609999656677246,9.920000076293945,9.319999694824219,9.350000381469727,969400
2024-05-09,9.119999885559082,9.119999885559082,9.380000114440918,7.949999809265137,9.329999923706055,2839600
2024-05-10,9.260000228881836,9.260000228881836,9.390000343322754,8.779999732971191,9.149999618530273,988700
2024-05-13,8.449999809265137,8.449999809265137,9.239999771118164,8.449999809265137,9.239999771118164,1238500
2024-05-14,8.489999771118164,8.489999771118164,8.739999771118164,8.295999526977539,8.479999542236328,898000
2024-05-15,9.069999694824219,9.069999694824219,9.09000015258789,8.609999656677246,8.710000038146973,1363000
2024-05-16,8.649999618530273,8.649999618530273,9.079999923706055,8.649999618530273,9.079999923706055,1055800
2024-05-17,8.220000267028809,8.220000267028809,8.779999732971191,8.220000267028809,8.670000076293945,1006900
2024-05-20,8.125,8.125,8.520000457763672,8.069999694824219,8.300000190734863,1080200
2024-05-21,8.345000267028809,8.345000267028809,8.5,7.989999771118164,8.0600004196167,1489100
2024-05-22,8.399999618530273,8.399999618530273,8.720000267028809,8.319999694824219,8.319999694824219,631100
2024-05-23,7.949999809265137,7.949999809265137,8.475000381469727,7.874000072479248,8.430000305175781,914000
2024-05-24,8.229999542236328,8.229999542236328,8.3100004196167,7.880000114440918,7.96999979019165,973600
2024-05-28,8.354999542236328,8.354999542236328,8.479999542236328,8.149999618530273,8.300000190734863,943100
2024-05-29,8.90999984741211,8.90999984741211,9.3100004196167,8.510000228881836,8.829999923706055,1787800
2024-05-30,8.8100004196167,8.8100004196167,9.140000343322754,8.729999542236328,8.949999809265137,998100
2024-05-31,8.800000190734863,8.800000190734863,9.550000190734863,8.710000038146973,8.930000305175781,2702700
2024-06-03,8.65999984741211,8.65999984741211,9.149999618530273,8.52299976348877,8.899999618530273,1090100
2024-06-04,8.25,8.25,8.649999618530273,8.020000457763672,8.600000381469727,1526000
2024-06-05,7.420000076293945,7.420000076293945,7.579999923706055,6.59499979019165,7.46999979019165,5481300
2024-06-06,7.215000152587891,7.215000152587891,7.400000095367432,7.019999980926514,7.300000190734863,1757500
2024-06-07,7.25,7.25,7.440000057220459,7.050000190734863,7.090000152587891,1188100
2024-06-10,7.869999885559082,7.869999885559082,7.900000095367432,7.059999942779541,7.190000057220459,1397800
2024-06-11,7.53000020980835,7.53000020980835,8.029999732971191,7.25,7.71999979019165,1122100
2024-06-12,7.849999904632568,7.849999904632568,8.199999809265137,7.739999771118164,7.739999771118164,1071000
2024-06-13,8.005000114440918,8.005000114440918,8.119999885559082,7.849999904632568,7.849999904632568,716300
2024-06-14,7.739999771118164,7.739999771118164,8.130000114440918,7.699999809265137,8.0,618700
2024-06-17,7.480000019073486,7.480000019073486,7.889999866485596,7.40500020980835,7.679999828338623,891000
2024-06-18,7.320000171661377,7.320000171661377,7.659999847412109,7.244999885559082,7.409999847412109,1068800
2024-06-20,7.25,7.25,7.429999828338623,7.010000228881836,7.320000171661377,1504700
2024-06-21,7.360000133514404,7.360000133514404,7.440000057220459,7.070000171661377,7.25,4116000
2024-06-24,7.380000114440918,7.380000114440918,7.690000057220459,7.28000020980835,7.449999809265137,927500
2024-06-25,7.070000171661377,7.070000171661377,7.349999904632568,7.070000171661377,7.340000152587891,1207300
2024-06-26,7.269999980926514,7.269999980926514,7.409999847412109,6.980000019073486,7.070000171661377,1163100
2024-06-27,7.25,7.25,7.449999809265137,6.980000019073486,7.150000095367432,1162000
2024-06-28,7.210000038146973,7.210000038146973,7.429999828338623,7.0,7.03000020980835,11212300
2024-07-01,7.070000171661377,7.070000171661377,7.304999828338623,6.989999771118164,7.170000076293945,983400
2024-07-02,6.960000038146973,6.960000038146973,7.139999866485596,6.949999809265137,7.019999980926514,744300
2024-07-03,7.139999866485596,7.139999866485596,7.320000171661377,7.0,7.0,525900
2024-07-05,7.079999923706055,7.079999923706055,7.150000095367432,7.0,7.119999885559082,589500
2024-07-08,6.829999923706055,6.829999923706055,7.239999771118164,6.800000190734863,7.130000114440918,1108700
2024-07-09,7.099999904632568,7.099999904632568,7.105000019073486,6.710000038146973,6.829999923706055,784100
2024-07-10,7.099999904632568,7.099999904632568,7.14900016784668,6.900000095367432,7.110000133514404,866700
2024-07-11,7.46999979019165,7.46999979019165,7.570000171661377,7.119999885559082,7.150000095367432,1627900
2024-07-12,7.460000038146973,7.460000038146973,7.610000133514404,7.380000114440918,7.550000190734863,862900
2024-07-15,7.820000171661377,7.820000171661377,7.900000095367432,7.5370001792907715,7.550000190734863,1008200
2024-07-16,8.489999771118164,8.489999771118164,8.585000038146973,7.800000190734863,7.804999828338623,1591600
2024-07-17,8.390000343322754,8.390000343322754,8.880000114440918,8.180000305175781,8.470000267028809,1113600
2024-07-18,8.229999542236328,8.229999542236328,8.899999618530273,8.220000267028809,8.430000305175781,1235700
2024-07-19,7.929999828338623,7.929999828338623,8.324999809265137,7.760000228881836,8.260000228881836,781800
2024-07-22,8.609999656677246,8.609999656677246,8.640000343322754,7.940000057220459,8.050000190734863,953900
2024-07-23,8.84000015258789,8.84000015258789,8.984999656677246,8.420000076293945,8.595000267028809,772000
2024-07-24,8.720000267028809,8.720000267028809,9.300000190734863,8.680000305175781,8.760000228881836,1061900
2024-07-25,9.420000076293945,9.420000076293945,9.600000381469727,8.6899995803833,8.720000267028809,1044200
2024-07-26,9.395000457763672,9.395000457763672,9.829999923706055,9.359999656677246,9.609999656677246,763800
2024-07-29,9.100000381469727,9.100000381469727,9.800000190734863,8.890000343322754,9.5,830700
2024-07-30,8.529999732971191,8.529999732971191,9.208000183105469,8.460000038146973,9.140000343322754,791800
2024-07-31,9.260000228881836,9.260000228881836,9.600000381469727,8.569999694824219,8.649999618530273,873300
2024-08-01,8.380000114440918,8.380000114440918,9.239999771118164,8.260000228881836,9.239999771118164,974300
2024-08-02,8.109999656677246,8.109999656677246,8.369999885559082,7.869999885559082,8.119999885559082,832400
2024-08-05,7.46999979019165,7.46999979019165,7.579999923706055,7.150000095367432,7.519999980926514,1034100
2024-08-06,7.599999904632568,7.599999904632568,7.809999942779541,7.329999923706055,7.570000171661377,637400
2024-08-07,7.309999942779541,7.309999942779541,7.820000171661377,7.289999961853027,7.760000228881836,556800
2024-08-08,7.679999828338623,7.679999828338623,7.75,7.349999904632568,7.460000038146973,537200
2024-08-09,6.909999847412109,6.909999847412109,7.849999904632568,6.659999847412109,7.699999809265137,2348600
2024-08-12,6.849999904632568,6.849999904632568,6.900000095367432,6.429999828338623,6.690000057220459,1441100
2024-08-13,6.590000152587891,6.590000152587891,7.25,6.53000020980835,7.199999809265137,1374700
2024-08-14,6.65500020980835,6.65500020980835,6.949999809265137,6.650000095367432,6.900000095367432,652900
2024-08-15,6.420000076293945,6.420000076293945,6.789999961853027,6.239999771118164,6.789999961853027,1167100
2024-08-16,6.360000133514404,6.360000133514404,6.554999828338623,6.329999923706055,6.46999979019165,825700
2024-08-19,6.360000133514404,6.360000133514404,6.420000076293945,6.119999885559082,6.420000076293945,935900
2024-08-20,6.170000076293945,6.170000076293945,6.400000095367432,5.610000133514404,6.360000133514404,1281200
2024-08-21,6.409999847412109,6.409999847412109,6.53000020980835,6.110000133514404,6.25,1661900
2024-08-22,5.974999904632568,5.974999904632568,6.519999980926514,5.940000057220459,6.400000095367432,847600
2024-08-23,6.019999980926514,6.019999980926514,6.21999979019165,5.920000076293945,6.0,771400
2024-08-26,6.119999885559082,6.119999885559082,6.179999828338623,5.929999828338623,6.039999961853027,821500
2024-08-27,6.230000019073486,6.230000019073486,6.244999885559082,5.860000133514404,6.119999885559082,756600
2024-08-28,5.864999771118164,5.864999771118164,6.210000038146973,5.739999771118164,6.170000076293945,934800
2024-08-29,6.010000228881836,6.010000228881836,6.289999961853027,5.949999809265137,5.989999771118164,1047000
2024-08-30,6.059999942779541,6.059999942779541,6.10699987411499,5.920000076293945,6.050000190734863,761800
2024-09-03,5.800000190734863,5.800000190734863,6.090000152587891,5.619999885559082,5.980000019073486,1446900
2024-09-04,6.139999866485596,6.139999866485596,6.264999866485596,5.699999809265137,5.800000190734863,879700
2024-09-05,6.135000228881836,6.135000228881836,6.284999847412109,5.96999979019165,6.199999809265137,876000
2024-09-06,5.945000171661377,5.945000171661377,6.230000019073486,5.869999885559082,6.139999866485596,472500
2024-09-09,6.010000228881836,6.010000228881836,6.159999847412109,5.860000133514404,5.940000057220459,556300
2024-09-10,5.840000152587891,5.840000152587891,6.039999961853027,5.690000057220459,6.03000020980835,619200
2024-09-11,5.989999771118164,5.989999771118164,6.0,5.800000190734863,5.840000152587891,373800
2024-09-12,6.179999828338623,6.179999828338623,6.284999847412109,5.960000038146973,6.03000020980835,771000
2024-09-13,6.449999809265137,6.449999809265137,6.610000133514404,6.090000152587891,6.25,961500
2024-09-16,6.360000133514404,6.360000133514404,6.510000228881836,6.139999866485596,6.440000057220459,659300
2024-09-17,6.059999942779541,6.059999942779541,6.480000019073486,5.929999828338623,6.429999828338623,770300
2024-09-18,6.079999923706055,6.079999923706055,6.340000152587891,6.0,6.050000190734863,638300
2024-09-19,6.309999942779541,6.309999942779541,6.480000019073486,6.090000152587891,6.28000020980835,645200
2024-09-20,5.96999979019165,5.96999979019165,6.309999942779541,5.960000038146973,6.289999961853027,1886600
2024-09-23,5.869999885559082,5.869999885559082,5.998000144958496,5.829999923706055,5.980000019073486,851600
2024-09-24,6.059999942779541,6.059999942779541,6.110000133514404,5.809999942779541,5.909999847412109,729700
2024-09-25,5.960000038146973,5.960000038146973,6.098999977111816,5.920000076293945,6.070000171661377,588800
2024-09-26,5.889999866485596,5.889999866485596,6.050000190734863,5.824999809265137,6.050000190734863,729200
2024-09-27,5.849999904632568,5.849999904632568,5.960000038146973,5.829999923706055,5.960000038146973,434200
2024-09-30,5.690000057220459,5.690000057220459,5.940000057220459,5.559999942779541,5.820000171661377,656100
2024-10-01,5.630000114440918,5.630000114440918,5.699999809265137,5.480000019073486,5.690000057220459,609500
2024-10-02,5.550000190734863,5.550000190734863,5.630000114440918,5.510000228881836,5.630000114440918,320600
2024-10-03,5.465000152587891,5.465000152587891,5.550000190734863,5.349999904632568,5.510000228881836,556200
2024-10-04,5.570000171661377,5.570000171661377,5.630000114440918,5.421999931335449,5.5,409500
2024-10-07,5.25,5.25,5.559999942779541,5.199999809265137,5.539999961853027,668400
2024-10-08,5.28000020980835,5.28000020980835,5.409999847412109,5.199999809265137,5.25,408100
2024-10-09,5.25,5.25,5.315000057220459,5.150000095367432,5.260000228881836,409700
2024-10-10,5.170000076293945,5.170000076293945,5.260000228881836,5.079999923706055,5.25,536300
2024-10-11,5.409999847412109,5.409999847412109,5.440000057220459,5.0329999923706055,5.159999847412109,605100
2024-10-14,5.809999942779541,5.809999942779541,5.860000133514404,5.46999979019165,5.559999942779541,886000
2024-10-15,5.914999961853027,5.914999961853027,6.010000228881836,5.639999866485596,5.78000020980835,1051300
2024-10-16,6.489999771118164,6.489999771118164,6.559999942779541,5.940000057220459,5.980000019073486,1452000
2024-10-17,6.420000076293945,6.420000076293945,6.579999923706055,6.311999797821045,6.489999771118164,671500
2024-10-18,6.610000133514404,6.610000133514404,6.769000053405762,6.349999904632568,6.449999809265137,656800
2024-10-21,6.480000019073486,6.480000019073486,6.619999885559082,6.369999885559082,6.610000133514404,622100
2024-10-22,6.309999942779541,6.309999942779541,6.486999988555908,6.150000095367432,6.460000038146973,533900
2024-10-23,6.21999979019165,6.21999979019165,6.389999866485596,6.061999797821045,6.210000038146973,349200
2024-10-24,6.110000133514404,6.110000133514404,6.320000171661377,6.050000190734863,6.289999961853027,297700
2024-10-25,6.050000190734863,6.050000190734863,6.239999771118164,6.014999866485596,6.150000095367432,363400
2024-10-28,6.650000095367432,6.650000095367432,6.659999847412109,5.980000019073486,5.980000019073486,1125100
2024-10-29,6.449999809265137,6.449999809265137,6.640999794006348,6.309999942779541,6.619999885559082,509200
2024-10-30,6.340000152587891,6.340000152587891,6.625,6.329999923706055,6.369999885559082,404300
2024-10-31,6.300000190734863,6.300000190734863,6.400000095367432,6.059999942779541,6.309999942779541,801900
2024-11-01,6.139999866485596,6.139999866485596,6.429999828338623,6.079999923706055,6.269999980926514,686900
2024-11-04,6.059999942779541,6.059999942779541,6.179999828338623,5.869999885559082,6.099999904632568,591300
2024-11-05,6.150000095367432,6.150000095367432,6.159999847412109,5.949999809265137,6.0,564400
2024-11-06,6.75,6.75,7.090000152587891,6.300000190734863,6.389999866485596,2432600
2024-11-07,7.519999980926514,7.519999980926514,8.039999961853027,6.929999828338623,6.929999828338623,3495200
2024-11-08,8.489999771118164,8.489999771118164,9.149999618530273,7.650000095367432,7.690000057220459,4653100
2024-11-11,8.970000267028809,8.970000267028809,9.449999809265137,8.890000343322754,8.970000267028809,2863900
2024-11-12,8.1899995803833,8.1899995803833,8.760000228881836,8.0,8.619999885559082,2436400
2024-11-13,8.395000457763672,8.395000457763672,8.75,8.199999809265137,8.300000190734863,1419900
2024-11-14,8.390000343322754,8.390000343322754,8.550000190734863,7.940000057220459,8.4399995803833,2236600
2024-11-15,7.760000228881836,7.760000228881836,9.850000381469727,7.730000019073486,9.0,5466800
2024-11-18,6.840000152587891,6.840000152587891,7.8460001945495605,6.800000190734863,7.840000152587891,3172800
2024-11-19,7.199999809265137,7.199999809265137,7.380000114440918,6.699999809265137,6.789999961853027,1556800
2024-11-20,7.519999980926514,7.519999980926514,7.690000057220459,7.03000020980835,7.199999809265137,965800
2024-11-21,7.090000152587891,7.090000152587891,7.579999923706055,6.989999771118164,7.400000095367432,1078700
2024-11-22,7.559999942779541,7.559999942779541,7.659999847412109,7.050000190734863,7.164999961853027,1017400
2024-11-25,7.610000133514404,7.610000133514404,8.0600004196167,7.400000095367432,7.75,1324600
2024-11-26,8.109999656677246,8.109999656677246,8.539999961853027,7.760000228881836,7.980000019073486,1916900
2024-11-27,8.260000228881836,8.260000228881836,8.390000343322754,7.940000057220459,8.15999984741211,1091900
2024-11-29,8.170000076293945,8.170000076293945,8.418000221252441,7.920000076293945,8.300000190734863,656300
2024-12-02,8.135000228881836,8.135000228881836,8.555000305175781,8.119999885559082,8.279999732971191,1143700
2024-12-03,7.485000133514404,7.485000133514404,8.293000221252441,7.260000228881836,8.100000381469727,1339100
2024-12-04,7.480000019073486,7.480000019073486,7.690999984741211,7.309999942779541,7.619999885559082,888900
2024-12-05,7.110000133514404,7.110000133514404,7.650000095367432,6.994999885559082,7.630000114440918,1023900
2024-12-06,7.440000057220459,7.440000057220459,7.610000133514404,7.28000020980835,7.300000190734863,1235100
2024-12-09,7.284999847412109,7.284999847412109,7.6479997634887695,7.28000020980835,7.440000057220459,654600
2024-12-10,7.150000095367432,7.150000095367432,7.360000133514404,7.054999828338623,7.260000228881836,956000
2024-12-11,7.309999942779541,7.309999942779541,7.409999847412109,7.150000095367432,7.260000228881836,774500
2024-12-12,7.019999980926514,7.019999980926514,7.427999973297119,6.889999866485596,7.300000190734863,1282700
2024-12-13,7.159999847412109,7.159999847412109,7.289999961853027,6.900000095367432,7.019999980926514,1186300
