Date,Close,High,Low,Open,Volume
1984-12-26,1.5803903341293335,1.5803903341293335,1.56676627952477,0.0,11458
1984-12-27,1.5735763311386108,1.5735763311386108,1.559952293113465,0.0,11224
1984-12-28,1.5599524974822998,1.5735765372923263,1.5463285792037205,0.0,7717
1984-12-31,1.5735763311386108,1.5735763311386108,1.553140334866608,0.0,19409
1985-01-02,1.5735763311386108,1.5735763311386108,1.559952293113465,0.0,65008
1985-01-03,1.5735763311386108,1.5735763311386108,1.553140334866608,0.0,11692
1985-01-04,1.5667654275894165,1.573577390421875,1.5599533432254453,0.0,61033
1985-01-07,1.5667654275894165,1.5803894747858462,1.553141380392987,0.0,115518
1985-01-08,1.5803903341293335,1.5940143887338967,1.5735782460612622,0.0,104294
1985-01-09,1.6416972875595093,1.6485093705174743,1.6076372373641483,0.0,62436
1985-01-10,1.7506895065307617,1.7506895065307617,1.641697159928645,0.0,256291
1985-01-11,1.7438774108886719,1.750689371259221,1.730253247084635,0.0,11692
1985-01-14,1.7030055522918701,1.7575017299652098,1.6961934693169585,0.0,34141
1985-01-15,1.7438774108886719,1.764313535063258,1.7030052840709684,0.0,84651
1985-01-16,1.7370659112930298,1.743877995478623,1.723441864453353,0.0,13797
1985-01-17,1.7915611267089844,1.7915611267089844,1.7438770494050373,0.0,79974
1985-01-18,1.8188097476959229,1.832433668763179,1.791561540966995,0.0,14966
1985-01-21,1.832434058189392,1.8664942326903666,1.8051859672012116,0.0,18240
1985-01-22,1.900553822517395,1.9073659043701652,1.8460576538211044,0.0,61267
1985-01-23,1.9073668718338013,1.9073668718338013,1.8596826392721915,0.0,23618
1985-01-24,1.8937424421310425,1.9073666108831495,1.886930479286502,0.0,36947
1985-01-25,1.8801182508468628,1.9073663414388464,1.880118250846863,0.0,39052
1985-01-28,1.9073668718338013,1.9073668718338013,1.8596826392721915,0.0,38584
1985-01-29,1.8801182508468628,1.9005542580251027,1.880118250846863,0.0,7249
1985-01-30,1.8528703451156616,1.9005544476433254,1.8528703451156616,0.0,106164
1985-01-31,1.8733059167861938,1.880117877315078,1.8528697921365984,0.0,43495
1985-02-01,1.8664939403533936,1.8733060227992546,1.8528698969931496,0.0,15434
1985-02-04,1.8664939403533936,1.8801179837136373,1.8596818579075323,0.0,12627
1985-02-05,1.8664939403533936,1.8733060227992546,1.8528698969931496,0.0,12394
1985-02-06,1.8733059167861938,1.8733059167861938,1.832433667487003,0.0,26892
1985-02-07,1.8801182508468628,1.8869302127291108,1.873306288964615,0.0,7717
1985-02-08,1.886929988861084,1.9005540325406998,1.8801180277870166,0.0,21046
1985-02-11,1.846057415008545,1.8937414956834824,1.8460574150085447,0.0,7483
1985-02-12,1.859682559967041,1.859682559967041,1.846058511463504,0.0,8184
1985-02-13,1.9209895133972168,1.9209895133972168,1.8528693178866773,0.0,34375
1985-02-14,1.8937424421310425,1.927802742479797,1.8801185164419616,0.0,28061
1985-02-15,1.900553822517395,1.9141778646914673,1.8801178200220199,0.0,38116
1985-02-19,1.8937424421310425,1.9005545265070958,1.8733065535974212,0.0,14264
1985-02-20,1.900553822517395,1.9005538225173948,1.8801178200220199,0.0,3274
1985-02-21,1.900553822517395,1.9005538225173948,1.8869297803433223,0.0,8886
1985-02-22,1.7983731031417847,1.907365412423105,1.7983731031417847,0.0,2000753
1985-02-25,1.7983731031417847,1.8119971418019498,1.7983731031417847,0.0,86755
1985-02-26,1.900553822517395,1.9005538225173948,1.7983735669775844,0.0,46768
1985-02-27,1.948238730430603,1.9550508151542723,1.9209907561304844,0.0,43962
1985-02-28,2.0436060428619385,2.0436060428619385,1.9550497202388621,0.0,82546
1985-03-01,2.0504190921783447,2.0776674319121633,2.0436072503079363,0.0,35544
1985-03-04,2.016359329223633,2.070855527310758,2.009547243696975,0.0,61968
1985-03-05,2.002734899520874,2.016359068814653,1.9959229364055024,0.0,28763
1985-03-06,1.989111065864563,1.9959230292969674,1.9754870174682304,0.0,28295
1985-03-07,1.961862564086914,1.9754866096708508,1.9618625640869138,0.0,49107
1985-03-08,1.948238730430603,1.9754869477937604,1.948238730430603,0.0,11224
1985-03-11,1.961862564086914,1.9754866096708508,1.9414264349452592,0.0,21981
1985-03-12,1.9550496339797974,1.975485754272477,1.9346136352185639,0.0,36012
1985-03-13,1.948238730430603,1.9618628998779415,1.9414267672384533,0.0,8652
1985-03-14,1.9550496339797974,1.9550496339797976,1.9346136352185639,0.0,10991
1985-03-15,1.900553822517395,1.9414259490396126,1.8869297803433223,0.0,28061
1985-03-18,1.859682559967041,1.8937426204601213,1.8528705964810348,0.0,13329
1985-03-19,1.8392452001571655,1.852869361108525,1.8256212822686937,0.0,21280
1985-03-20,1.8188097476959229,1.8392456292968071,1.811997665630823,0.0,3975
1985-03-21,1.846057415008545,1.8460574150085447,1.7847491723905364,0.0,31335
1985-03-22,1.825621247291565,1.8392451649190158,1.8256212472915647,0.0,21981
1985-03-25,1.8119982481002808,1.8119982481002808,1.7779380698890312,0.0,18006
1985-03-26,1.8051859140396118,1.8188100806639766,1.8051859140396118,0.0,11458
1985-03-27,1.8051859140396118,1.8188100806639766,1.8051859140396118,0.0,7717
1985-03-28,1.7779366970062256,1.7983728124589677,1.7779366970062254,0.0,19175
1985-03-29,1.7711256742477417,1.78474959636432,1.7643137131894526,0.0,12861
1985-04-01,1.7506895065307617,1.764313671387505,1.7438775456338687,0.0,14264
1985-04-02,1.730254054069519,1.7643143579337572,1.723442090521892,0.0,49341
1985-04-03,1.7438774108886719,1.7438774108886717,1.709817365972987,0.0,16135
1985-04-04,1.7506895065307617,1.7575015889591334,1.7438775456338687,0.0,74596
1985-04-08,1.7370659112930298,1.7643141265038929,1.7370659112930298,0.0,126041
1985-04-09,1.7438774108886719,1.7711254954338072,1.730253247084635,0.0,124638
1985-04-10,1.7847492694854736,1.8119974733225346,1.7575013087113307,0.0,90029
1985-04-11,1.8392452001571655,1.8460572806328452,1.7983732034288624,0.0,150828
1985-04-12,1.8937424421310425,1.8937424421310423,1.8392462532486666,0.0,89094
1985-04-15,1.8733059167861938,1.880117877315078,1.8596817526654823,0.0,24086
1985-04-16,1.8664939403533936,1.8937419055424023,1.8596818579075323,0.0,40455
1985-04-17,1.886929988861084,1.8869299888610838,1.8664939841074004,0.0,9821
1985-04-18,1.886929988861084,1.8869299888610838,1.8664939841074004,0.0,153634
1985-04-19,1.8664939403533936,1.9005539879882636,1.8664939403533936,0.0,123702
1985-04-22,1.825621247291565,1.8664933647682416,1.8119972081326725,0.0,27126
1985-04-23,1.7983731031417847,1.8119971418019498,1.7847489429501828,0.0,25489
1985-04-24,1.8119982481002808,1.818810332355135,1.7915621168672289,0.0,8184
1985-04-25,1.832434058189392,1.8460581036834822,1.7983740052199153,0.0,26658
1985-04-26,1.8392452001571655,1.8392452001571657,1.8256212822686937,0.0,5846
1985-04-29,1.8119982481002808,1.8256222950784784,1.7983742011220831,0.0,18240
1985-04-30,1.8392452001571655,1.8392452001571657,1.8051851623730983,0.0,13329
1985-05-01,1.825621247291565,1.8392451649190158,1.8188092884778393,0.0,28996
1985-05-02,1.8188097476959229,1.825621708229551,1.798373623032095,0.0,10523
1985-05-03,1.8801182508468628,1.8937421746113587,1.8119980243669043,0.0,36713
1985-05-06,1.8937424421310425,1.9073666108831495,1.886930479286502,0.0,19409
1985-05-07,1.8733059167861938,1.8869298378439618,1.8460577100762428,0.0,21046
1985-05-08,1.8801182508468628,1.9073663414388464,1.873306288964615,0.0,32972
1985-05-09,1.8937424421310425,1.8937424421310423,1.8801185164419616,0.0,112010
1985-05-10,1.948238730430603,1.9686748630700912,1.893742538767327,0.0,82546
1985-05-13,1.9686747789382935,2.0027348365065163,1.9482386471721482,0.0,28529
1985-05-14,1.927802324295044,1.9822985013559429,1.927802324295044,0.0,10055
1985-05-15,1.927802324295044,1.927802324295044,1.9005541142331077,0.0,21513
1985-05-16,1.927802324295044,1.941426247028782,1.9209902413966882,0.0,7015
1985-05-17,1.948238730430603,1.9618628998779415,1.9209907561304844,0.0,11692
1985-05-20,1.989111065864563,1.9959230292969674,1.9618629690718978,0.0,28061
1985-05-21,1.9754865169525146,1.9891105618970146,1.955050388770018,0.0,81377
1985-05-22,1.9141770601272583,1.9482370904806419,1.9005530236796215,0.0,32504
1985-05-23,1.9550496339797974,1.9550496339797976,1.9278016761419678,0.0,29698
1985-05-24,1.961862564086914,1.9618625640869138,1.9414264349452592,0.0,58694
1985-05-28,1.9141770601272583,1.9482370904806419,1.9141770601272583,0.0,13329
1985-05-29,1.927802324295044,1.934614285661913,1.886930069967883,0.0,32270
1985-05-30,1.941426396369934,1.9414263963699343,1.920990389165833,0.0,32036
1985-05-31,1.934613823890686,1.948237743372543,1.9346138238906863,0.0,20344
1985-06-03,1.927802324295044,1.941426247028782,1.9209902413966882,0.0,42559
1985-06-04,1.934613823890686,1.9346138238906863,1.9073657418640568,0.0,92601
1985-06-05,1.886929988861084,1.9346142025054809,1.8869299888610838,0.0,44430
1985-06-06,1.900553822517395,1.9209899465442377,1.8869297803433223,0.0,54719
1985-06-07,1.9073668718338013,1.9073668718338013,1.9005547865257728,0.0,38116
1985-06-10,1.8937424421310425,1.9073666108831495,1.8937424421310423,0.0,702
1985-06-11,1.9073668718338013,1.9073668718338013,1.9073668718338013,0.0,1169
1985-06-12,1.886929988861084,1.914178076220316,1.8801180277870166,0.0,8652
1985-06-13,1.8664939403533936,1.8801179837136373,1.8596818579075323,0.0,20812
1985-06-14,1.8937424421310425,1.8937424421310423,1.8664944692213676,0.0,20110
1985-06-17,1.8664939403533936,1.9005539879882636,1.8664939403533936,0.0,21981
1985-06-18,1.8801182508468628,1.8869302127291108,1.8664942055508713,0.0,6548
1985-06-19,1.8664939403533936,1.8801179837136373,1.8596818579075323,0.0,8886
1985-06-20,1.8528703451156616,1.8664943917709238,1.8528703451156616,0.0,6314
1985-06-21,1.8664939403533936,1.8664939403533936,1.8119977669124185,0.0,49575
1985-06-24,1.8392452001571655,1.8664934005284404,1.8392452001571657,0.0,6314
1985-06-25,1.8664939403533936,1.8664939403533936,1.8119977669124185,0.0,41624
1985-06-26,1.8664939403533936,1.8869299446280197,1.8664939403533936,0.0,15434
1985-06-27,1.886929988861084,1.8869299888610838,1.8664939841074004,0.0,2806
1985-06-28,1.900553822517395,1.9005538225173948,1.8733058597007177,0.0,16837
1985-07-01,1.934613823890686,1.9346138238906863,1.8801176598374274,0.0,29464
1985-07-02,1.934613823890686,1.9618619059173155,1.9346138238906863,0.0,27126
1985-07-03,1.961862564086914,1.9822986932285684,1.9346144729190402,0.0,15434
1985-07-05,1.9754865169525146,1.9754865169525146,1.9482383055320216,0.0,5612
1985-07-08,1.961862564086914,1.9754866096708508,1.9414264349452592,0.0,17538
1985-07-09,1.9550496339797974,1.9618617145878394,1.9346136352185639,0.0,11926
1985-07-10,1.948238730430603,1.9550508151542723,1.9414267672384533,0.0,4677
1985-07-11,1.961862564086914,1.968674526113133,1.9346144729190402,0.0,12627
1985-07-12,2.029982089996338,2.029982089996338,1.9686738453045456,0.0,18941
1985-07-15,1.9754865169525146,2.0367947799685115,1.9686744337145181,0.0,18707
1985-07-16,1.9754865169525146,1.9754865169525146,1.907366292230014,0.0,32270
1985-07-17,1.9209895133972168,1.9891097089077565,1.907365474295109,0.0,36947
1985-07-18,1.846057415008545,1.9209896980381713,1.8460574150085447,0.0,11224
1985-07-19,1.900553822517395,1.9073659043701652,1.8528697356738748,0.0,32738
1985-07-22,1.9073668718338013,1.9209909209183285,1.8937427012177444,0.0,24787
1985-07-23,1.9209895133972168,1.9209895133972168,1.907365474295109,0.0,8418
1985-07-24,1.832434058189392,1.9209904146667276,1.832434058189392,0.0,27593
1985-07-25,1.8119982481002808,1.839246220525165,1.8119982481002808,0.0,10757
1985-07-26,1.846057415008545,1.8460574150085447,1.8188094557167607,0.0,17772
1985-07-29,1.8119982481002808,1.839246220525165,1.8119982481002808,0.0,26190
1985-07-30,1.8119982481002808,1.8119982481002808,1.8119982481002808,0.0,3975
1985-07-31,1.846057415008545,1.8460574150085447,1.8256214151568435,0.0,33206
1985-08-01,1.832434058189392,1.8528701871962763,1.8256220962080958,0.0,14264
1985-08-02,1.859682559967041,1.859682559967041,1.8256224994739607,0.0,51679
1985-08-05,1.7711256742477417,1.832433809898269,1.7575016305996822,0.0,60799
1985-08-06,1.7575008869171143,1.8119970384494277,1.757500886917114,0.0,54719
1985-08-07,1.7711256742477417,1.7915616789540905,1.7575016305996822,0.0,31335
1985-08-08,1.7847492694854736,1.7847492694854736,1.7575013087113307,0.0,25255
1985-08-09,1.7847492694854736,1.7847492694854736,1.7711253498641315,0.0,35076
1985-08-12,1.7983731031417847,1.8119971418019498,1.7779369843858188,0.0,10289
1985-08-13,1.8119982481002808,1.8460583047800192,1.8119982481002808,0.0,25723
1985-08-14,1.8051859140396118,1.8188100806639766,1.8051859140396118,0.0,21513
1985-08-15,1.7847492694854736,1.8119974733225346,1.7847492694854736,0.0,19175
1985-08-16,1.7711256742477417,1.78474959636432,1.7711256742477417,0.0,19643
1985-08-19,1.7575008869171143,1.757500886917114,1.757500886917114,0.0,5378
1985-08-20,1.7779366970062256,1.7779366970062254,1.7575007030849004,0.0,35076
1985-08-21,1.7915611267089844,1.7915611267089844,1.771125128301991,0.0,43728
1985-08-22,1.7847492694854736,1.7983734321697336,1.7779373096748026,0.0,19877
1985-08-23,1.7711256742477417,1.7915616789540905,1.7711256742477417,0.0,97044
1985-08-26,1.7847492694854736,1.7847492694854736,1.7779373096748026,0.0,3741
1985-08-27,1.825621247291565,1.8324332061052904,1.7983731689737803,0.0,111777
1985-08-28,1.832434058189392,1.8460581036834822,1.8051859672012116,0.0,20344
1985-08-29,1.9141770601272583,1.9141770601272583,1.8460568778890745,0.0,47704
1985-08-30,1.8664939403533936,1.9141780313485073,1.8596818579075323,0.0,28996
1985-09-03,1.8528703451156616,1.873306475864309,1.8392461769288913,0.0,32036
1985-09-04,1.846057415008545,1.85286949598008,1.8119973747452254,0.0,25956
1985-09-05,1.8664939403533936,1.8733060227992546,1.8324337711870446,0.0,14732
1985-09-06,1.8801182508468628,1.8937421746113587,1.8528701602548794,0.0,31803
1985-09-09,1.846057415008545,1.8664935363916983,1.8256214151568435,0.0,43495
1985-09-10,1.8801182508468628,1.9141783033210944,1.8392459934273917,0.0,89094
1985-09-11,1.8528703451156616,1.886930400988063,1.8528703451156616,0.0,30633
1985-09-12,1.8733059167861938,1.880117877315078,1.8596817526654823,0.0,13563
1985-09-13,1.886929988861084,1.893741949935151,1.8733060667129493,0.0,28763
1985-09-16,1.886929988861084,1.893741949935151,1.8733060667129493,0.0,36947
1985-09-17,1.8733059167861938,1.8869298378439618,1.8596817526654823,0.0,11224
1985-09-18,1.832434058189392,1.8664942326903666,1.832434058189392,0.0,27360
1985-09-19,1.8392452001571655,1.852869361108525,1.8392452001571657,0.0,11692
1985-09-20,1.825621247291565,1.8460572452641826,1.8256212472915647,0.0,20812
1985-09-23,1.825621247291565,1.8392451649190158,1.8188092884778393,0.0,8652
1985-09-24,1.8188097476959229,1.8392456292968071,1.811997665630823,0.0,14264
1985-09-25,1.8051859140396118,1.832434004225353,1.8051859140396118,0.0,15667
1985-09-26,1.825621247291565,1.8256212472915647,1.7983731689737803,0.0,6548
1985-09-30,1.832434058189392,1.8528701871962763,1.832434058189392,0.0,17304
1985-10-01,1.825621247291565,1.8460572452641826,1.8256212472915647,0.0,32504
1985-10-02,1.8664939403533936,1.8869299446280197,1.8256218102726622,0.0,62202
1985-10-03,1.9686747789382935,1.9891109107044385,1.86649448470211,0.0,126509
1985-10-04,1.9959229230880737,2.070855246046297,1.9822989969482339,0.0,307035
1985-10-07,1.9209895133972168,2.009545706795198,1.9209895133972168,0.0,51913
1985-10-08,1.9141770601272583,1.9209891391167853,1.8596809143367112,0.0,28061
1985-10-09,1.9209895133972168,1.9414255112846583,1.9209895133972168,0.0,21046
1985-10-10,1.9209895133972168,1.9278015937139912,1.907365474295109,0.0,18006
1985-10-11,1.934613823890686,1.9414257836316147,1.9209897828773714,0.0,35310
1985-10-14,1.934613823890686,1.9346138238906863,1.9346138238906863,0.0,25723
1985-10-15,1.8801182508468628,1.927802470148582,1.8664942055508713,0.0,17070
1985-10-16,1.9209895133972168,1.9209895133972168,1.880117396090893,0.0,36246
1985-10-17,1.9209895133972168,1.9278015937139912,1.9005533939783346,0.0,42092
1985-10-18,1.9073668718338013,1.9209909209183285,1.9073668718338013,0.0,13797
1985-10-21,1.886929988861084,1.893741949935151,1.8733060667129493,0.0,15901
1985-10-22,1.9754865169525146,1.9754865169525146,1.880118202341014,0.0,41390
1985-10-23,1.934613823890686,1.9754859469306303,1.9209897828773714,0.0,33439
1985-10-24,1.9073668718338013,1.9482388975558529,1.9073668718338013,0.0,18474
1985-10-25,1.8664939403533936,1.8937419055424023,1.8528698969931496,0.0,493875
1985-10-28,1.948238730430603,1.9686748630700912,1.8528705165513892,0.0,39519
1985-10-29,1.941426396369934,1.955050441683167,1.934614434479066,0.0,14498
1985-10-30,1.948238730430603,1.9550508151542723,1.9414267672384533,0.0,35310
1985-10-31,1.9550496339797974,1.9550496339797976,1.9414255942951597,0.0,9588
1985-11-01,1.961862564086914,1.9618625640869138,1.9414264349452592,0.0,38116
1985-11-04,2.329711675643921,2.3773957744694814,2.2207193108637844,0.0,1636895
1985-11-05,2.3637709617614746,2.377394880705683,2.3297107998065956,0.0,879714
1985-11-06,2.3433339595794678,2.3773938639041607,2.3228977253092893,0.0,799506
1985-11-07,2.329711675643921,2.3501479263374447,2.3297116756439213,0.0,803014
1985-11-08,2.288839340209961,2.3297113497536572,2.2479670876033016,0.0,2015251
1985-11-11,2.166222333908081,2.329710821111065,2.1594102528422296,2.288838820841773,3438180
1985-11-12,2.0844781398773193,2.0844781398773193,1.941425770938524,1.9754859340148536,1427606
1985-11-13,2.029982089996338,2.0436061308687963,2.0027338867199638,2.029982089996338,379993
1985-11-14,2.1253511905670166,2.1253511905670166,2.01635882181999,2.01635882181999,118090
1985-11-15,2.0981030464172363,2.1321632215728767,2.0844788791297804,2.1253511379291488,318961
1985-11-18,2.0436060428619385,2.084478042187726,1.9959218410961008,2.084478042187726,53082
1985-11-19,2.0504190921783447,2.064043262045254,2.0436072503079363,2.0436072503079363,19409
1985-11-20,2.0436060428619385,2.0436060428619385,2.016357962290446,2.036794083484791,86054
1985-11-21,2.070854663848877,2.0844785861585047,2.0367946150118406,2.0367946150118406,91198
1985-11-22,2.0504190921783447,2.098103443649481,2.0367952869060044,2.0844792737825717,104995
1985-11-25,1.9754865169525146,2.029982696730515,1.9618624720080144,2.029982696730515,18707
1985-11-26,2.002734899520874,2.002734899520874,1.9754869255278698,1.9754869255278698,42559
1985-11-27,2.029982089996338,2.029982089996338,1.9822980077084607,1.9891099673789618,54719
1985-11-29,2.016359329223633,2.029983378745414,2.009547243696975,2.016359329223633,14264
1985-12-02,1.9959229230880737,2.0367951876336625,1.9891109600181538,2.0299831030322255,15200
1985-12-03,1.9754865169525146,1.9891105618970146,1.9686744337145181,1.982298600190511,86054
1985-12-04,1.989111065864563,1.9959230292969674,1.9754870174682304,1.9754870174682304,88158
1985-12-05,1.941426396369934,1.9754865704187645,1.9141783057434685,1.9754865704187645,237350
1985-12-06,1.900553822517395,1.9482379093609148,1.9005538225173948,1.9414259490396126,75531
1985-12-09,1.927802324295044,1.927802324295044,1.9005541142331077,1.9005541142331077,57759
1985-12-10,1.927802324295044,1.934614285661913,1.9141781584983324,1.934614285661913,14732
1985-12-11,1.9141770601272583,1.9278012181063122,1.9141770601272583,1.9141770601272583,20110
1985-12-12,1.8801182508468628,1.9209903867348384,1.880118250846863,1.9141783033210944,33439
1985-12-13,1.900553822517395,1.9073659043701652,1.8664937778479473,1.8664937778479473,68516
1985-12-16,1.927802324295044,1.934614285661913,1.886930069967883,1.886930069967883,56356
1985-12-17,1.934613823890686,1.948237743372543,1.9005536605916706,1.9141777016049852,34141
1985-12-18,1.927802324295044,1.9482382083956509,1.9209902413966882,1.941426247028782,87457
1985-12-19,1.9550496339797974,1.9550496339797976,1.9278016761419678,1.9278016761419678,63839
1985-12-20,1.9822988510131836,1.9822988510131836,1.9414265894765736,1.9414265894765736,41390
1985-12-23,2.016359329223633,2.016359329223633,1.9686750951316312,1.9822992661849463,40922
1985-12-24,2.016359329223633,2.016359329223633,2.009547243696975,2.016359329223633,39519
1985-12-26,2.016359329223633,2.016359329223633,2.009547243696975,2.016359329223633,45833
1985-12-27,2.0231707096099854,2.03679487673324,2.0163587475798566,2.0299827931716123,13095
1985-12-30,2.036795139312744,2.043607102221057,2.0027348386451216,2.036795139312744,13797
1985-12-31,2.057229518890381,2.070853677775593,2.0367936451568385,2.0367936451568385,34609
1986-01-02,2.0504190921783447,2.0504190921783447,2.02998320197255,2.0504190921783447,11692
1986-01-03,2.064042568206787,2.0708546508503254,2.036794602227081,2.036794602227081,54485
1986-01-06,2.057229518890381,2.077665757218199,2.057229518890381,2.0640415983329867,20110
1986-01-07,2.064042568206787,2.0776667334938637,2.0504184029197106,2.0504184029197106,100552
1986-01-08,2.029982089996338,2.064042131411756,2.016358049123879,2.064042131411756,56122
1986-01-09,1.9754865169525146,2.016358651786015,1.9618624720080144,2.016358651786015,29230
1986-01-10,1.9754865169525146,1.9891105618970146,1.9686744337145181,1.9686744337145181,65242
1986-01-13,1.989111065864563,1.989111065864563,1.9686749325043023,1.9754870174682304,19409
1986-01-14,1.961862564086914,1.9891106552547877,1.9618625640869138,1.9891106552547877,40221
1986-01-15,1.961862564086914,1.9754866096708508,1.9618625640869138,1.9754866096708508,89795
1986-01-16,1.9686747789382935,1.9754868633708464,1.9618628160372544,1.9754868633708464,8886
1986-01-17,1.961862564086914,1.9754866096708508,1.9618625640869138,1.9754866096708508,215369
1986-01-20,1.989111065864563,1.989111065864563,1.9618629690718978,1.9618629690718978,20812
1986-01-21,1.961862564086914,1.995922617281007,1.9618625640869138,1.995922617281007,25723
1986-01-22,1.961862564086914,1.968674526113133,1.9346144729190402,1.9618625640869138,83949
1986-01-23,1.9754865169525146,1.9754865169525146,1.9618624720080144,1.9618624720080144,14264
1986-01-24,1.9822988510131836,1.9822988510131836,1.9686746828133082,1.9686746828133082,7717
1986-01-27,1.9754865169525146,1.9891105618970146,1.9754865169525146,1.982298600190511,35076
1986-01-28,2.016359329223633,2.016359329223633,1.9754871806582888,1.9754871806582888,16837
1986-01-29,2.0436060428619385,2.070854123433431,2.016357962290446,2.029982002576192,73193
1986-01-30,1.9822988510131836,2.036795037686652,1.9822988510131836,2.0163589069183474,16603
1986-01-31,2.002734899520874,2.023171031930025,1.96867484088098,1.96867484088098,26892
1986-02-03,2.036795139312744,2.050418943597856,2.0027348386451216,2.0027348386451216,12861
1986-02-04,2.036795139312744,2.057231028037683,2.0231709704330894,2.050418943597856,27360
1986-02-05,2.0504190921783447,2.0504190921783447,2.02998320197255,2.0504190921783447,18707
1986-02-06,2.057229518890381,2.057229518890381,1.9209892668839381,2.057229518890381,55888
1986-02-07,2.0787055492401123,2.0787055492401123,2.0374068838540103,2.0787055492401123,40221
1986-02-10,2.085587739944458,2.085587739944458,2.05117216105828,2.064938417172765,51211
1986-02-11,2.0924715995788574,2.113120928964121,2.078705216255204,2.085588407917031,88860
1986-02-12,2.099355697631836,2.099355697631836,2.0855893083645816,2.0924725029982087,19175
1986-02-13,2.0787055492401123,2.0924719347689833,2.071822356475677,2.0924719347689833,24086
1986-02-14,2.0787055492401123,2.085588742004548,2.064939409311497,2.071822356475677,28061
1986-02-18,2.085587739944458,2.085587739944458,2.058055350515557,2.064938417172765,73660
1986-02-19,2.120004415512085,2.1406537477696075,2.0855886980160467,2.0855886980160467,62436
1986-02-20,2.161303758621216,2.161303758621216,2.1268880303195195,2.1268880303195195,30867
1986-02-21,2.161303758621216,2.161303758621216,2.1337712250999243,2.161303758621216,36479
1986-02-24,2.175069808959961,2.175069808959961,2.133770892318805,2.14753727973262,25489
1986-02-25,2.147538661956787,2.1613048126306453,2.1268890675453287,2.1613048126306453,18941
1986-02-26,2.133770704269409,2.1475370904699917,2.1131213705688032,2.133770704269409,41390
1986-02-27,2.1957180500030518,2.1957180500030518,2.120003693768504,2.120003693768504,109672
1986-02-28,2.181952476501465,2.2163681950103884,2.1750695292798863,2.20948524778881,109204
1986-03-03,2.181952476501465,2.1888356693233013,2.1750695292798863,2.1888356693233013,118324
1986-03-04,2.181952476501465,2.1957188621451373,2.181952476501465,2.181952476501465,48873
1986-03-05,2.161303758621216,2.1819530973621024,2.120005081139442,2.1819530973621024,66645
1986-03-06,2.1957180500030518,2.2026012402789656,2.1613023442236514,2.1613023442236514,43728
1986-03-07,2.257666826248169,2.257666826248169,2.181952205801871,2.181952205801871,167431
1986-03-10,2.298966884613037,2.3402658159296306,2.2507850027439917,2.25766819889682,63137
1986-03-11,2.305849552154541,2.305849552154541,2.2576676813310916,2.292083163004801,68750
1986-03-12,2.354032039642334,2.374681628776329,2.3058501561971156,2.3058501561971156,65943
1986-03-13,2.3333816528320312,2.3471477938326735,2.312732318530931,2.3402648461324898,47470
1986-03-14,2.3609132766723633,2.3609132766723633,2.340263950275857,2.3471468953412384,40455
1986-03-17,2.312732458114624,2.360914322925273,2.312732458114624,2.3471479354934934,33673
1986-03-18,2.3264970779418945,2.3333802671547725,2.3127309451162668,2.3127309451162668,42325
1986-03-19,2.312732458114624,2.3264985999461136,2.312732458114624,2.312732458114624,27126
1986-03-20,2.312732458114624,2.3196156518305138,2.312732458114624,2.312732458114624,10523
1986-03-21,2.3264970779418945,2.340263456367651,2.3127309451162668,2.3127309451162668,69217
1986-03-24,2.3333816528320312,2.3333816528320312,2.2989659319300144,2.312732318530931,44196
1986-03-25,2.3884472846984863,2.3884472846984863,2.326499021238209,2.326499021238209,154102
1986-03-26,2.4641616344451904,2.46416163444519,2.3884472284438787,2.3884472284438787,44430
1986-03-27,2.422863245010376,2.471045123141743,2.3953307081352584,2.471045123141743,44898
1986-03-31,2.436628580093384,2.436628580093384,2.409096052377073,2.409096052377073,93537
1986-04-01,2.4090962409973145,2.4228626287334474,2.4090962409973145,2.4228626287334474,30867
1986-04-02,2.4090962409973145,2.4228626287334474,2.4090962409973145,2.4090962409973145,50744
1986-04-03,2.26455020904541,2.4090957789502463,2.26455020904541,2.4090957789502463,97746
1986-04-04,2.305849552154541,2.305849552154541,2.2645508759059614,2.2645508759059614,31569
1986-04-07,2.3402655124664307,2.354031657386649,2.2714340510643045,2.2920833912448044,155271
1986-04-08,2.4641616344451904,2.471044829245399,2.402213372443968,2.422862956844594,155973
1986-04-09,2.4022128582000732,2.4710443002666946,2.388446717146914,2.4710443002666946,156207
1986-04-10,2.4503955841064453,2.4503955841064453,2.4022134642636495,2.4090966593269543,87925
1986-04-11,2.443512201309204,2.4641615393123013,2.443512201309204,2.4641615393123013,39753
1986-04-14,2.436628580093384,2.450394966751677,2.436628580093384,2.4435117734225305,21046
1986-04-15,2.443512201309204,2.450395395843676,2.4228628633061065,2.4228628633061065,43962
1986-04-16,2.5261096954345703,2.5398760839395456,2.450395295458132,2.450395295458132,112244
1986-04-17,2.567408561706543,2.615590679476085,2.5261098843044527,2.5398762738387006,154336
1986-04-18,2.5605242252349854,2.574290361710345,2.5467578431594315,2.5605242252349854,39753
1986-04-21,2.5742924213409424,2.588058814430662,2.5536430773067527,2.574292421340942,133992
1986-04-22,2.581174373626709,2.601823707706855,2.5605250395465626,2.567407987173097,203209
1986-04-23,2.532994031906128,2.58117592219989,2.532994031906128,2.58117592219989,76233
1986-04-24,2.546757936477661,2.546757936477661,2.512342225627911,2.5192254169179016,98214
1986-04-25,2.588059186935425,2.622474683412438,2.5467602473224127,2.5467602473224127,243663
1986-04-28,2.581174373626709,2.601823707706855,2.5742911803999027,2.601823707706855,172342
1986-04-29,2.5261096954345703,2.5949411467588295,2.5261096954345703,2.5949411467588295,101254
1986-04-30,2.4710440635681152,2.5467584461085813,2.4503947311662158,2.5398754990414494,94238
1986-05-01,2.5123438835144043,2.5123438835144043,2.46416200388983,2.477928395554203,40689
1986-05-02,2.47792649269104,2.5123419542227277,2.4572769210518155,2.498575818730088,59162
1986-05-05,2.567408561706543,2.567408561706543,2.477928012135238,2.477928012135238,59396
1986-05-06,2.6155900955200195,2.6155900955200195,2.5674079885076044,2.5742911817379883,98681
1986-05-07,2.650006055831909,2.6706553917910445,2.6018239444602003,2.6018239444602003,89328
1986-05-08,2.6224732398986816,2.6500060148858373,2.6224732398986816,2.6431228211390487,18240
1986-05-09,2.691304922103882,2.6913049221038814,2.6155905210524417,2.6293566641525614,118090
1986-05-12,2.6431214809417725,2.691303321538065,2.643121480941772,2.684420131281404,17538
1986-05-13,2.609259605407715,2.643957020834236,2.609259605407715,2.609259605407715,74362
1986-05-14,2.6578357219696045,2.657835721969605,2.616198731668064,2.623138064976821,42559
1986-05-15,2.59537935256958,2.6647746495407993,2.5815004417426497,2.65089549110168,68048
1986-05-16,2.5468029975891113,2.5884399810226606,2.5468029975891113,2.5884399810226606,125573
1986-05-19,2.5468029975891113,2.5468029975891113,2.5329238380364556,2.5398634178127835,3040
1986-05-20,2.5745596885681152,2.5745596885681152,2.5259831514056414,2.5329224798487973,38350
1986-05-21,2.588440179824829,2.5884401798248295,2.5884401798248295,2.5884401798248295,103826
1986-05-22,2.6578357219696045,2.657835721969605,2.5884404079840366,2.5884404079840366,71556
1986-05-23,2.6647727489471436,2.6647727489471436,2.637014699478944,2.6578331746770902,23384
1986-05-27,2.768868923187256,2.768868923187256,2.671715749270953,2.671715749270953,47002
1986-05-28,2.803565263748169,2.803565263748169,2.77580719182987,2.77580719182987,77869
1986-05-29,2.789684534072876,2.803563686027564,2.7688660537529173,2.789684534072876,26190
1986-05-30,2.7966246604919434,2.8035642378351597,2.7758061760744157,2.7758061760744157,32738
1986-06-02,2.803565263748169,2.8243837557838396,2.77580719182987,2.7827467717124983,31803
1986-06-03,2.782747983932495,2.8035664850371163,2.782747983932495,2.8035664850371163,36713
1986-06-04,2.7758071422576904,2.7896860541628747,2.761927982740298,2.782746722016387,196661
1986-06-05,2.7549867630004883,2.7896843935270494,2.7549867630004883,2.7758054898836617,92134
1986-06-06,2.7549867630004883,2.761926338628213,2.7549867630004883,2.761926338628213,18240
1986-06-09,2.6647727489471436,2.7411073230816885,2.6647727489471436,2.7411073230816885,34141
1986-06-10,2.5814993381500244,2.650894357842639,2.5814993381500244,2.650894357842639,18006
1986-06-11,2.602318525314331,2.6092581034499487,2.595378947178714,2.595378947178714,56356
1986-06-12,2.6370160579681396,2.650894966046112,2.6161975720451105,2.6161975720451105,9120
1986-06-13,2.713350772857666,2.7202903509621374,2.637016156544929,2.637016156544929,14732
1986-06-16,2.713350772857666,2.7202903509621374,2.699471616648723,2.699471616648723,39519
1986-06-17,2.713350772857666,2.727229929066609,2.699471616648723,2.699471616648723,14264
1986-06-18,2.72029185295105,2.741110351147093,2.7202918529510494,2.7272314348871594,12627
1986-06-19,2.713350772857666,2.7619273243646667,2.713350772857666,2.727229929066609,61734
1986-06-20,2.741109848022461,2.741109848022461,2.7133517729852406,2.7133517729852406,36947
1986-06-23,2.748049259185791,2.7619281720422326,2.7411096789514575,2.7411096789514575,19175
1986-06-24,2.7758071422576904,2.782746722016387,2.7480490708351137,2.7480490708351137,24787
1986-06-25,2.768868923187256,2.782748089525202,2.7619293400182827,2.7619293400182827,13329
1986-06-26,2.789684534072876,2.789684534072876,2.7688660537529173,2.7758056297302613,18941
1986-06-27,2.7966246604919434,2.7966246604919434,2.7827457534176325,2.7896850831487265,12160
1986-06-30,2.817443609237671,2.817443609237671,2.782746212027535,2.7966251213891566,11458
1986-07-01,2.8313229084014893,2.907657532754368,2.810504171895288,2.817443750730688,119026
1986-07-02,2.8382599353790283,2.8590784055553264,2.803562320010563,2.845199260363159,34609
1986-07-03,2.8313229084014893,2.852141397295515,2.8035648406720632,2.852141397295515,13095
1986-07-07,2.789684534072876,2.8174425903701783,2.789684534072876,2.8174425903701783,131887
1986-07-08,2.6647727489471436,2.775804946819941,2.6647727489471436,2.775804946819941,71322
1986-07-09,2.706411123275757,2.706411123275757,2.6647741509728773,2.6647741509728773,27126
1986-07-10,2.72029185295105,2.7202918529510494,2.692533772818896,2.7202918529510494,66411
1986-07-11,2.6994731426239014,2.72723147073319,2.699473142623902,2.72723147073319,29698
1986-07-14,2.6925320625305176,2.713350547502721,2.692532062530517,2.70641096997461,62670
1986-07-15,2.713350772857666,2.7758064805736096,2.713350772857666,2.7480484157678733,177486
1986-07-16,2.7341699600219727,2.7480491197865975,2.7202910478695608,2.7202910478695608,74128
1986-07-17,2.817443609237671,2.817443609237671,2.7480485672052364,2.7480485672052364,188711
1986-07-18,2.817443609237671,2.817443609237671,2.775806633540643,2.817443609237671,94238
1986-07-21,2.8313229084014893,2.8313229084014893,2.817443750730688,2.817443750730688,32504
1986-07-22,2.803565263748169,2.8452022478195107,2.803565263748169,2.817444175901212,71556
1986-07-23,2.810502767562866,2.8174423429307485,2.8035634398070366,2.8035634398070366,18941
1986-07-24,2.9215357303619385,2.9423544617912456,2.8174430636638617,2.8174430636638617,92601
1986-07-25,3.0117504596710205,3.053387688317816,2.956234319883424,2.956234319883424,149659
1986-07-28,2.8868374824523926,3.0395066485837576,2.8729583322884276,3.0256277460318346,122533
1986-07-29,2.8868374824523926,2.8868374824523926,2.8729583322884276,2.8729583322884276,75999
1986-07-30,2.9007153511047363,2.9284733939268484,2.8729573082826243,2.9007153511047363,52614
1986-07-31,2.9215357303619385,2.9215357303619385,2.900717246544746,2.900717246544746,33206
1986-08-01,2.9423537254333496,2.9839906826476064,2.921534999214168,2.921534999214168,21747
1986-08-04,2.949294090270996,2.956233419922772,2.914596451563637,2.928475358479309,40689
1986-08-05,3.0117504596710205,3.011750459671021,2.9423554087426225,2.956234319883424,51445
1986-08-06,3.05338978767395,3.0672687083571946,3.0048131938640465,3.0048131938640465,86288
1986-08-07,3.0472359657287598,3.0472359657287598,3.033257694406766,3.0472359657287598,81611
1986-08-08,3.026268482208252,3.0402465026444436,3.019279347299959,3.0332573677361507,9821
1986-08-11,3.075195074081421,3.0751950740814213,3.0332604711081683,3.0332604711081683,66879
1986-08-12,3.0961592197418213,3.10314835495845,3.089170084525192,3.089170084525192,38350
1986-08-13,3.1590609550476074,3.1870172466851967,3.11712639290102,3.11712639290102,21046
1986-08-14,3.214975357055664,3.2569096935443773,3.1800299103947047,3.187019049603006,43728
1986-08-15,3.242931604385376,3.2569096331622833,3.2289533262279266,3.2289533262279266,27126
1986-08-18,3.2499191761016846,3.2638971981373084,3.2499191761016846,3.2569080624292854,7717
1986-08-19,3.2499191761016846,3.2638971981373084,3.2499191761016846,3.2499191761016846,7483
1986-08-20,3.32680082321167,3.32680082321167,3.2429318948954093,3.2429318948954093,35310
1986-08-21,3.32680082321167,3.3547571326504233,3.2988445137729165,3.3128225438020107,35310
1986-08-22,3.340778350830078,3.3547566281375816,3.3268003229031016,3.3268003229031016,9354
1986-08-25,3.2569093704223633,3.3268002568103205,3.2569093704223633,3.3268002568103205,53784
1986-08-26,3.2569093704223633,3.2708876474521635,3.2429313427730855,3.2708876474521635,44196
1986-08-27,3.32680082321167,3.32680082321167,3.256909924924504,3.256909924924504,54485
1986-08-28,3.305832862854004,3.3128217515068044,3.27088742206798,3.3128217515068044,26190
1986-08-29,3.2848639488220215,3.3128202388093597,3.270885928518548,3.2848639488220215,18006
1986-09-02,3.228952169418335,3.2848647632557126,3.228952169418335,3.2848647632557126,37415
1986-09-03,3.242931604385376,3.249920743464101,3.2289533262279266,3.2429316043853764,37882
1986-09-04,3.319810390472412,3.319810390472412,3.2429306318049127,3.2429306318049127,276401
1986-09-05,3.2569093704223633,3.31981111829542,3.2569093704223633,3.31981111829542,29464
1986-09-08,3.319810390472412,3.319810390472412,3.24991976878754,3.270886930354955,141942
1986-09-09,3.38271164894104,3.3966896715604973,3.3198099237024,3.3198099237024,131653
1986-09-10,3.35475754737854,3.4106701731681826,3.3547575473785405,3.3827138602733613,210224
1986-09-11,3.0472359657287598,3.340776920305999,3.019279672465193,3.340776920305999,112946
1986-09-12,2.921431303024292,3.061212711048907,2.921431303024292,3.061212711048907,109438
1986-09-15,2.9493889808654785,2.9773452757048693,2.90745466329661,2.9493889808654785,130952
1986-09-16,2.935410737991333,2.949388759672513,2.879498152505784,2.949388759672513,48873
1986-09-17,2.9773483276367188,3.0192829375711066,2.921435680644661,2.9354139670830204,38350
1986-09-18,3.0053024291992188,3.019280705302911,2.9633680996491534,2.97734612637234,32270
1986-09-19,3.103149175643921,3.1311054745235958,3.033258303754498,3.033258303754498,48171
1986-09-22,3.1590609550476074,3.173038976176199,3.1031483717724284,3.1031483717724284,17538
1986-09-23,3.1870179176330566,3.207985078430265,3.173039644181279,3.173039644181279,30166
1986-09-24,3.1730406284332275,3.1870189062209557,3.1730406284332275,3.1870189062209557,19175
1986-09-25,3.103149175643921,3.1590617734032707,3.082182013829282,3.1590617734032707,16603
1986-09-26,3.110135793685913,3.1450812041289753,3.1031469111015313,3.1171249256505833,9821
1986-09-29,3.0821828842163086,3.0961609129132093,3.082182884216309,3.0961609129132093,19409
1986-09-30,3.1450841426849365,3.1590624196746426,3.0891715334871552,3.0891715334871552,34842
1986-10-01,3.1450841426849365,3.1590624196746426,3.0612152288882646,3.1590624196746426,63137
1986-10-02,3.13110613822937,3.13110613822937,3.1171278611362987,3.13110613822937,6080
1986-10-03,3.1590609550476074,3.159060955047607,3.1450826845386097,3.1450826845386097,7717
1986-10-06,3.1450841426849365,3.1870187242735333,3.1450841426849365,3.173040447283827,6080
1986-10-07,3.13110613822937,3.145084165941918,3.13110613822937,3.13110613822937,26892
1986-10-08,3.1870179176330566,3.2149742151561536,3.1450833466581822,3.1450833466581822,27360
1986-10-09,3.1730406284332275,3.200996934628148,3.1730406284332275,3.200996934628148,11926
1986-10-10,3.13110613822937,3.13110613822937,3.089171556330679,3.1171278611362987,41390
1986-10-13,3.1590609550476074,3.173038976176199,3.1380937986645168,3.1450826845386097,10991
1986-10-14,3.1870179176330566,3.207985078430265,3.173039644181279,3.173039644181279,18707
1986-10-15,3.242931604385376,3.2429316043853764,3.187018990516663,3.20099701929357,39753
1986-10-16,3.2569093704223633,3.284865675101442,3.2569093704223633,3.2569093704223633,28529
1986-10-17,3.2708873748779297,3.2708873748779297,3.2429310725285454,3.256909099012987,36713
1986-10-20,3.214975357055664,3.2638988327526786,3.214975357055664,3.2569096935443773,31335
1986-10-21,3.1730406284332275,3.200996934628148,3.159062600026035,3.200996934628148,22449
1986-10-22,3.13110613822937,3.1660513322010018,3.13110613822937,3.159062443034989,17538
1986-10-23,3.1590609550476074,3.1870172466851967,3.1311046634100177,3.1311046634100177,41624
1986-10-24,3.13110613822937,3.145084165941918,3.13110613822937,3.145084165941918,17304
1986-10-27,3.0542261600494385,3.117127909176638,3.047237270775715,3.117127909176638,30166
1986-10-28,3.0612146854400635,3.0682038226941564,3.0612146854400635,3.0612146854400635,22917
1986-10-29,3.103149175643921,3.103149175643921,3.0612146026341733,3.075192876764246,46768
1986-10-30,3.075195074081421,3.1171294276740253,3.0751950740814213,3.1171294276740253,31335
1986-10-31,3.117126226425171,3.117126226425171,3.0751919158985683,3.0751919158985683,32036
1986-11-03,3.1590609550476074,3.159060955047607,3.11712639290102,3.11712639290102,9821
1986-11-04,3.214975357055664,3.214975357055664,3.1450844637337454,3.159062742150348,27126
1986-11-05,3.2667930126190186,3.316076465091729,3.1963878651875937,3.266793012619018,44196
1986-11-06,3.2879128456115723,3.3019937174703418,3.26679141221574,3.3019937174703418,89562
1986-11-07,3.2104687690734863,3.287914224821832,3.210468769073486,3.273833347056433,32036
1986-11-10,3.2315895557403564,3.2315895557403564,3.1963869916451726,3.1963869916451726,28529
1986-11-11,3.21750807762146,3.22454838814827,3.1963863923949427,3.203426954137115,10523
1986-11-12,3.1963884830474854,3.224550497220659,3.1963884830474854,3.20342904939466,11458
1986-11-13,3.168226480484009,3.2104696275063294,3.1682264804840083,3.19638849476038,11458
1986-11-14,3.1823055744171143,3.25271043939388,3.154143578183334,3.168224450692541,56122
1986-11-17,3.189347743988037,3.1963883099539454,3.154145416589521,3.1682262973058246,39519
1986-11-18,3.013336181640625,3.1541462835864484,2.9992550458382516,3.1541462835864484,61734
1986-11-19,3.069657325744629,3.069657325744629,2.957009350487945,2.999252215601529,42559
1986-11-20,3.140061855316162,3.140061855316162,3.055575882735252,3.055575882735252,90965
1986-11-21,3.161184549331665,3.1823059864378007,3.1119008611301497,3.1259819866778393,105463
1986-11-24,3.2245495319366455,3.224549531936646,3.1541446431875073,3.1541446431875073,101254
1986-11-25,3.2034285068511963,3.224549951099996,3.196387941696435,3.224549951099996,40922
1986-11-26,3.168226480484009,3.19638849476038,3.1330238998346625,3.1893479283874053,29464
1986-11-28,3.154144525527954,3.182306530220168,3.154144525527954,3.154144525527954,25255
1986-12-01,3.1823055744171143,3.182305574417114,3.1330218925964743,3.154143578183334,23618
1986-12-02,3.238631248474121,3.238631248474121,3.1823072267615276,3.1823072267615276,90731
1986-12-03,3.2808732986450195,3.294954426073563,3.224549291361711,3.224549291361711,106632
1986-12-04,3.2808732986450195,3.3160758660009457,3.2808732986450195,3.294954426073563,32270
1986-12-05,3.3160762786865234,3.323116843276993,3.280873706949638,3.294954836130578,39285
1986-12-08,3.33719801902771,3.3512791494651384,3.3090360093683393,3.3090360093683393,36713
1986-12-09,3.3653595447540283,3.3653595447540283,3.3301572261534638,3.3301572261534638,72257
1986-12-10,3.407602310180664,3.407602310180664,3.344237741608986,3.351278305053711,123469
1986-12-11,3.3653595447540283,3.3935215503637504,3.3583189805477356,3.3935215503637504,40455
1986-12-12,3.33719801902771,3.365360028687081,3.3231171398057677,3.365360028687081,113180
1986-12-15,3.273832321166992,3.3371966280786136,3.252710634314403,3.3231157547256025,35076
1986-12-16,3.238631248474121,3.2949552701867146,3.2245501174382243,3.266793259330418,29932
1986-12-17,3.2245495319366455,3.224549531936646,3.1963875261939,3.224549531936646,57993
1986-12-18,3.1963884830474854,3.217510182089011,3.1963884830474854,3.2104696157418355,21046
1986-12-19,3.2245495319366455,3.224549531936646,3.182306648930253,3.2034280904334493,98448
1986-12-22,3.2667930126190186,3.266793012619018,3.2104689951600696,3.2104689951600696,18707
1986-12-23,3.2104687690734863,3.2667927825660033,3.210468769073486,3.252711653585144,93771
1986-12-24,3.1963884830474854,3.2315910635678344,3.18934791670031,3.1963884830474854,16603
1986-12-26,3.168226480484009,3.182307613229958,3.1682264804840083,3.1682264804840083,12160
1986-12-29,3.168226480484009,3.182307613229958,3.1541455989535865,3.1541455989535865,33439
1986-12-30,3.189347743988037,3.1963883099539454,3.1823074292376416,3.1823074292376416,18240
1986-12-31,3.238631248474121,3.238631248474121,3.203428672099876,3.203428672099876,33439
1987-01-02,3.2667930126190186,3.266793012619018,3.2245498739170677,3.2245498739170677,7483
1987-01-05,3.3090360164642334,3.3231171469318572,3.2667931274923343,3.2808740067444715,55187
1987-01-06,3.323115348815918,3.3653582149304793,3.2949533543344276,3.3512773432974092,61033
1987-01-07,3.4780056476593018,3.4780056476593018,3.2949528378318544,3.337195697324607,97044
1987-01-08,3.5061686038970947,3.534330601724442,3.478006606069747,3.492087730591111,63839
1987-01-09,3.562493324279785,3.5624933242797856,3.4850478773034803,3.520250444552867,56824
1987-01-12,3.604736328125,3.604736328125,3.5061691935451207,3.5343311961085973,51679
1987-01-13,3.6751413345336914,3.717384465430389,3.604736451326438,3.604736451326438,98915
1987-01-14,3.787787437438965,3.7877874374389644,3.6610586111231243,3.6751394801736375,140539
1987-01-15,3.8441147804260254,3.9074793746480463,3.8018718850883615,3.815952766462408,90731
1987-01-16,3.8441147804260254,3.886357926979214,3.815952766462408,3.8300338990519793,74362
1987-01-19,3.830033302307129,3.8300333023071285,3.7314661431841287,3.815952171911492,54719
1987-01-20,3.830033302307129,3.886357321458704,3.8300333023071285,3.8300333023071285,110140
1987-01-21,3.773707151412964,3.8441120099734443,3.7737071514129634,3.8441120099734443,47938
1987-01-22,3.8581931591033936,3.8581931591033936,3.7455451836551195,3.759626054978481,198766
1987-01-23,3.872274160385132,3.999003262625301,3.844112165577912,3.94267927301086,333927
1987-01-26,3.7455458641052246,3.872274733899585,3.7173838651269895,3.8581938600181633,36246
1987-01-27,3.886357069015503,3.9567619627739914,3.766668473289057,3.766668473289057,63605
1987-01-28,3.886357069015503,3.893397633755993,3.8370736182630143,3.8722759395345236,85352
1987-01-29,3.9708428382873535,4.0130857215975775,3.9004376978163755,3.9004376978163755,457161
1987-01-30,4.01308536529541,4.01308536529541,3.94268048229079,3.94268048229079,48873
1987-02-02,4.1398138999938965,4.1398138999938965,3.9990039033954643,4.01308477744761,207652
1987-02-03,4.153895378112793,4.252462264457767,4.153895378112793,4.252462264457767,170705
1987-02-04,4.125732421875,4.153894418786145,4.0623681172364545,4.132772983906629,142410
1987-02-05,4.17785120010376,4.206175615876206,4.121202368558866,4.17785120010376,32972
1987-02-06,4.192014694213867,4.234501203296057,4.170771187008493,4.184933525145409,106632
1987-02-09,4.142445087432861,4.149526000540325,4.135363921661236,4.149526000540325,222150
1987-02-10,4.078714847564697,4.163688073555629,4.064552516900803,4.156606908223681,73193
1987-02-11,4.036230087280273,4.071635678635923,4.022068002336575,4.071635678635923,22917
1987-02-12,4.029148578643799,4.050391829267606,4.00790507535576,4.050391829267606,79039
1987-02-13,4.092877388000488,4.092877388000488,4.022066484672842,4.043309730404719,60331
1987-02-17,4.1282806396484375,4.135361801790113,4.107037405887441,4.121199477506762,56356
1987-02-18,4.092877388000488,4.163688543992309,4.0787153084006285,4.149526211728275,101487
1987-02-19,4.06455135345459,4.107038080620633,4.057470190149571,4.107038080620633,41624
1987-02-20,4.092877388000488,4.107039720264522,4.014985318540825,4.0787153084006285,57057
1987-02-23,4.078714847564697,4.121201334228091,4.007903699573515,4.107039256228341,32270
1987-02-24,4.1070404052734375,4.121202487235376,4.078715988685345,4.092878070647283,42793
1987-02-25,4.1070404052734375,4.121202487235376,4.064553654059191,4.078715988685345,103124
1987-02-26,4.1070404052734375,4.128283654548453,4.078715988685345,4.121202487235376,60565
1987-02-27,4.135365009307861,4.149527091911734,4.114121506405712,4.121202674039762,67347
1987-03-02,4.1141228675842285,4.177852892047625,4.1141228675842285,4.149528464804372,45599
1987-03-03,4.149524688720703,4.1920114172546485,4.114119123719761,4.128281450785771,30166
1987-03-04,4.206173419952393,4.220335746776971,4.149524617982232,4.163686944806811,48639
1987-03-05,4.326555252075195,4.347798250791099,4.248662909240931,4.248662909240931,56824
1987-03-06,4.489419937133789,4.489419937133789,4.347797608419059,4.376122276293367,59864
1987-03-09,4.439853191375732,4.546069707201955,4.418609686079084,4.546069707201955,43027
1987-03-10,4.41860818862915,4.461094679495423,4.41860818862915,4.425689354661586,16837
1987-03-11,4.439853191375732,4.475258528208303,4.404447349214651,4.446933854479438,50744
1987-03-12,4.432769775390625,4.446931599746058,4.4256886105487805,4.4256886105487805,10055
1987-03-13,4.404445648193359,4.46109446844449,4.404445648193359,4.439851476680515,57759
1987-03-16,4.404445648193359,4.404445648193359,4.30531033908596,4.404445648193359,31803
1987-03-17,4.475256443023682,4.475256443023682,4.404445297023516,4.404445297023516,25723
1987-03-18,4.524825572967529,4.524825572967529,4.4823390736082445,4.4823390736082445,69685
1987-03-19,4.560232162475586,4.616881012353099,4.531907990201119,4.546070329002642,48639
1987-03-20,4.560232162475586,4.616881012353099,4.517745651399595,4.5743945012771094,58227
1987-03-23,4.5673112869262695,4.645203610130865,4.531905961103283,4.5460682935638195,62436
1987-03-24,4.68060827255249,4.68060827255249,4.602716465716166,4.602716465716166,37649
1987-03-25,4.701852798461914,4.730176960246283,4.61687930245202,4.680609298127342,56122
1987-03-26,4.701852798461914,4.744339293802664,4.701852798461914,4.701852798461914,65943
1987-03-27,4.659364700317383,4.716013509727539,4.645202371632789,4.687688852358351,66645
1987-03-30,4.546066761016846,4.616877388791498,4.5177421056444365,4.616877388791498,61500
1987-03-31,4.546066761016846,4.560228583374865,4.510660941801334,4.538985597173744,77168
1987-04-01,4.48233699798584,4.531904641839938,4.468174669648038,4.475255833816939,41858
1987-04-02,4.461092472076416,4.503578941919712,4.4327683272902485,4.475254797133545,130952
1987-04-03,4.616878509521484,4.616878509521484,4.411526729535883,4.432770226221968,88158
1987-04-06,4.581474304199219,4.61687963531439,4.581474304199219,4.609798973354099,74362
1987-04-07,4.5319037437438965,4.631039011806267,4.5319037437438965,4.595633703306309,85119
1987-04-08,4.560232162475586,4.5743945012771094,4.517745651399595,4.546070329002642,68983
1987-04-09,4.546066761016846,4.574390911061069,4.531904433330641,4.574390911061069,31335
1987-04-10,4.461092472076416,4.5389847545625335,4.4469301470192875,4.531903592033969,21747
1987-04-13,4.432769775390625,4.517742742836246,4.432769775390625,4.4752562591134355,65710
1987-04-14,4.163687705993652,4.4186073614626515,4.135363299830431,4.4186073614626515,105697
1987-04-15,4.12120246887207,4.192013636358889,4.092878052410186,4.192013636358889,87223
1987-04-16,4.3053083419799805,4.333632486302649,4.135361960059718,4.135361960059718,66411
1987-04-20,4.2982282638549805,4.33363357952182,4.262822948188141,4.3194717564520095,27827
1987-04-21,4.397365093231201,4.411527426593022,4.2415809422363315,4.284067436993408,47470
1987-04-22,4.192014694213867,4.3832047430765595,4.163690270604314,4.3832047430765595,71322
1987-04-23,4.1070404052734375,4.177851320411562,4.092878070647283,4.177851320411562,57291
1987-04-24,3.9229307174682617,4.050390690710822,3.9087686385880662,4.050390690710822,71790
1987-04-27,3.894606113433838,3.9229305224503173,3.7954708082082345,3.823795217224714,200169
1987-04-28,3.8662819862365723,3.9229308083987506,3.8662819862365723,3.8946063973176615,38584
1987-04-29,3.8733630180358887,3.908768593827175,3.873363018035889,3.880444183726978,52848
1987-04-30,3.90168833732605,3.9087695046672257,3.8379583365839,3.8592018386074276,67113
1987-05-01,3.9795796871185303,3.9795796871185303,3.9158499507784805,3.930012030188213,121130
1987-05-04,3.9937424659729004,4.050391295277481,3.9370936366683202,3.9937424659729004,29815
1987-05-05,4.050389289855957,4.163686892369411,4.022064889227594,4.022064889227594,45833
1987-05-06,4.022065162658691,4.135362772874429,3.9370919549968884,4.078713967766561,56356
1987-05-07,3.9087696075439453,3.9937428598818574,3.9087696075439458,3.9087696075439458,78454
1987-05-08,3.8662819862365723,3.965417551352467,3.8521199070281114,3.9087687291902893,42559
1987-05-11,3.9087696075439453,4.0787161122197695,3.880445190097975,3.880445190097975,76700
1987-05-12,3.8662819862365723,3.8804443181092,3.738822262703755,3.8804443181092,74245
1987-05-13,3.62552547454834,3.8662828992604523,3.597201056778431,3.823796398937702,181345
1987-05-14,3.5405523777008057,3.653850053787232,3.5122279586791993,3.625525634765625,96928
1987-05-15,3.4839041233062744,3.5547150563909287,3.4555796995395567,3.5547150563909287,44430
1987-05-18,3.322483777999878,3.5078585436882346,3.322483777999878,3.322483777999878,249393
1987-05-19,3.3082265853881836,3.3937841694930504,3.2797073906865615,3.3224860555381404,148373
1987-05-20,3.236928701400757,3.2797076236932714,3.222669230237736,3.2797076236932714,187892
1987-05-21,3.1085896492004395,3.2511855046683493,3.051551307013275,3.222666333574767,187074
1987-05-22,3.2797040939331055,3.3367424260015075,3.137108263762101,3.137108263762101,102774
1987-05-26,3.3937814235687256,3.3937814235687256,3.2797047370622137,3.3652622519420974,81845
1987-05-27,3.4935970306396484,3.5648950590207655,3.4650778701674825,3.4650778701674825,108269
1987-05-28,3.4935970306396484,3.5648950590207655,3.4650778701674825,3.479337577604267,112829
1987-05-29,3.55063533782959,3.6504525262962026,3.522116177467901,3.522116177467901,288561
1987-06-01,3.5648982524871826,3.6361960903361106,3.536379066467285,3.5506385322764182,36129
1987-06-02,3.650454044342041,3.678973216563463,3.5791559865877316,3.5791559865877316,84066
1987-06-03,3.650454044342041,3.664713503251998,3.5648965276777744,3.5648965276777744,112829
1987-06-04,3.636195182800293,3.650454899452061,3.6219357205500917,3.650454899452061,32270
1987-06-05,3.593416213989258,3.6361948512407385,3.593416213989258,3.6361948512407385,101955
1987-06-08,3.6219356060028076,3.6361950678020394,3.5363780720027416,3.5934164280027856,32972
1987-06-09,3.6076772212982178,3.6504561312875707,3.536379377184834,3.6504561312875707,74596
1987-06-10,3.6219356060028076,3.65045478400283,3.6076758898020174,3.6361950678020394,45248
1987-06-11,3.55063533782959,3.6076736585529683,3.5363758848494466,3.6076736585529683,104644
1987-06-12,3.5363781452178955,3.5648973238083626,3.479339788036962,3.507858966627429,112946
1987-06-15,3.650454044342041,3.678973216563463,3.4508198387920856,3.479339011013508,325508
1987-06-16,3.7787926197052,3.793052342177379,3.721754238619826,3.736013961092005,121364
1987-06-17,3.707491636276245,3.7645299691420337,3.6932319258590702,3.73601080270914,85119
1987-06-18,3.707491636276245,3.750270258724859,3.6789724698433512,3.6789724698433512,112127
1987-06-19,3.764530658721924,3.764530658721924,3.678973143750971,3.7360114870649395,173745
1987-06-22,3.8358278274536133,3.8643469944027165,3.7360108703324837,3.7360108703324837,27710
1987-06-23,3.864349365234375,3.935647453550224,3.807310996342343,3.807310996342343,57759
1987-06-24,3.793050765991211,3.8358294068279233,3.764531587299548,3.80731022813626,12277
1987-06-25,3.8500871658325195,3.8500871658325195,3.764529673258463,3.764529673258463,78688
1987-06-26,3.8073103427886963,3.821570059764724,3.736012521113275,3.793050880214241,46885
1987-06-29,3.8215672969818115,3.8215672969818115,3.7645289791164114,3.8073075903147666,44898
1987-06-30,3.7217519283294678,3.850088333307129,3.6504541234319445,3.850088333307129,45015
1987-07-01,3.8073103427886963,3.850089239315207,3.721752804137247,3.721752804137247,193504
1987-07-02,3.664714813232422,3.8073107253115355,3.664714813232422,3.8073107253115355,32387
1987-07-06,3.6219356060028076,3.707493140002874,3.621935606002808,3.678973962002852,45950
1987-07-07,3.4793386459350586,3.6361939494936855,3.4793386459350586,3.593415322850962,55771
1987-07-08,3.5648982524871826,3.5648982524871826,3.522119346256521,3.536379066467285,57057
1987-07-09,3.5648982524871826,3.6219366245269775,3.5648982524871826,3.59341743850708,23735
1987-07-10,3.593416213989258,3.593416213989258,3.564897037687756,3.5791564986377344,27126
1987-07-13,3.579155445098877,3.621934324159766,3.5363768204394566,3.621934324159766,27827
1987-07-14,3.6076772212982178,3.636196409823902,3.536379377184834,3.536379377184834,52731
1987-07-15,3.6076772212982178,3.6504561312875707,3.5934177542362025,3.636196409823902,29815
1987-07-16,3.8215672969818115,3.8215672969818115,3.621933184452911,3.6647117956512663,141358
1987-07-17,3.7787926197052,3.8215715327200663,3.736013961092005,3.8215715327200663,53316
1987-07-20,3.764530658721924,3.793049830378908,3.7360114870649395,3.764530658721924,27476
1987-07-21,3.5648982524871826,3.793051740646362,3.536379066467285,3.7645325546264647,67697
1987-07-22,3.593416213989258,3.650454566592262,3.5363778613862538,3.5506373223362324,64190
1987-07-23,3.5363781452178955,3.6361951430837474,3.5363781452178955,3.621935680989296,46184
1987-07-24,3.522115468978882,3.593413482741896,3.522115468978882,3.593413482741896,45599
1987-07-27,3.593416213989258,3.593416213989258,3.5506373223362324,3.5506373223362324,85820
1987-07-28,3.5648982524871826,3.6219366245269775,3.536379066467285,3.6219366245269775,75882
1987-07-29,3.5363781452178955,3.5648973238083626,3.479339788036962,3.5363781452178955,112127
1987-07-30,3.7360117435455322,3.7645309171603833,3.550636987848238,3.5934158754712753,191283
1987-07-31,3.793050765991211,3.8215699446828744,3.693233513369607,3.764531587299548,169769
1987-08-03,3.764530658721924,3.807309289006649,3.764530658721924,3.764530658721924,38116
1987-08-04,3.9641640186309814,3.9641640186309814,3.8073084806211175,3.8073084806211175,150010
1987-08-05,4.078241348266602,4.163798859069398,3.9641646671962074,3.9641646671962074,64190
1987-08-06,4.135281562805176,4.1638007459969355,3.9926856468463767,4.078243196421656,48639
1987-08-07,4.192318439483643,4.2493567855990655,4.063982033523181,4.121020379638605,73777
1987-08-10,4.363432884216309,4.363432884216309,4.1637989427333295,4.1637989427333295,60214
1987-08-11,4.249355792999268,4.32065358178846,4.192317460207331,4.306393871389749,61150
1987-08-12,4.121021270751953,4.263617166874885,4.078242629115858,4.263617166874885,41039
1987-08-13,4.102087497711182,4.216831203940865,4.102087497711182,4.102087497711182,47119
1987-08-14,4.073400974273682,4.173801574568332,4.073400974273682,4.130772818981762,45599
1987-08-17,4.130777359008789,4.130777359008789,4.044719497362773,4.073405451244779,52030
1987-08-18,4.073400974273682,4.130772818981762,4.016029129565602,4.130772818981762,41039
1987-08-19,4.145116806030273,4.159459899144262,4.044716177788558,4.10208803846641,194557
1987-08-20,4.202490329742432,4.331576939405989,4.159461545150964,4.159461545150964,47821
1987-08-21,4.331576347351074,4.331576347351074,4.231175693101324,4.231175693101324,104995
1987-08-24,4.3889479637146,4.4176341556795435,4.274204475300338,4.274204475300338,42676
1987-08-25,4.417634010314941,4.5036915598215925,4.360262140051111,4.360262140051111,57525
1987-08-26,4.360262393951416,4.4463199484692435,4.331576201259995,4.4463199484692435,17187
1987-08-27,4.302889823913574,4.302889823913574,4.188146095275879,4.302889823913574,21163
1987-08-28,4.188144207000732,4.302887883904862,4.188144207000732,4.27420196467883,33556
1987-08-31,4.216831684112549,4.2455176139364434,4.130773894640864,4.188145754288654,21747
1987-09-01,4.016031742095947,4.231176171763657,3.9873458010809766,4.188147388185774,46651
1987-09-02,4.073400974273682,4.159458741335802,3.929971362503482,4.073400974273682,174680
1987-09-03,4.08774471282959,4.17380249895115,4.030372855415216,4.130773733834888,29581
1987-09-04,3.98734450340271,4.102088230119334,3.98734450340271,4.073402298440178,21163
1987-09-08,3.958658456802368,4.04471624934155,3.9299725259559746,4.04471624934155,93303
1987-09-09,3.82957124710083,4.001686814518598,3.7865424831909027,3.958658050608671,35778
1987-09-10,3.886944532394409,3.9586595064706867,3.886944532394409,3.886944532394409,32504
1987-09-11,4.073400974273682,4.073400974273682,3.901285440149442,3.9156282733819716,85586
1987-09-14,4.102087497711182,4.130773424268603,4.0160297180389195,4.130773424268603,33206
1987-09-15,3.98734450340271,4.073402298440178,3.9730014096186,4.073402298440178,64540
1987-09-16,3.9730024337768555,4.001688372850656,3.9586595921845196,3.973002433776855,85703
1987-09-17,4.016031742095947,4.016031742095947,3.9586598600660055,3.9586598600660055,42208
1987-09-18,4.030374050140381,4.130774958321928,3.9730021757192424,3.9873452722690836,36947
1987-09-21,4.016031742095947,4.0877464666888015,4.016031742095947,4.059060525673831,105814
1987-09-22,4.159460544586182,4.159460544586182,3.9443159057147645,3.9873449358446846,48405
1987-09-23,4.059060096740723,4.18814694561167,3.973002282789798,4.159461007628028,48171
1987-09-24,3.98734450340271,4.1451169996935375,3.9586585717235536,4.087745136335225,34842
1987-09-25,3.944314956665039,4.001686812441178,3.90128619277745,3.9586580485535885,15784
1987-09-28,3.98734450340271,4.130774161798491,3.9586585717235536,4.016030435081866,50159
1987-09-29,4.044715404510498,4.130773179074551,3.9873435548011296,4.030372314138655,66879
1987-09-30,3.958658456802368,4.102088111034338,3.9012865951095805,4.102088111034338,51562
1987-10-01,4.188144207000732,4.188144207000732,4.016028691644538,4.016028691644538,34609
1987-10-02,4.145116806030273,4.216831759822114,4.130773968805336,4.202488666708125,15784
1987-10-05,4.044715404510498,4.173801938412077,4.016029479655814,4.173801938412077,73894
1987-10-06,3.958658456802368,4.073402180187944,3.9586584568023686,4.073402180187944,61500
1987-10-07,3.958658456802368,4.016030318495156,3.9299725259559746,3.9586584568023686,65359
1987-10-08,3.886944532394409,3.9873454449233727,3.858258593941723,3.9873454449233727,138785
1987-10-09,3.82957124710083,3.8869431029067525,3.7865424831909027,3.872600266899787,36713
1987-10-12,3.815229654312134,3.8295724949928105,3.757857779811199,3.8295724949928105,125573
1987-10-13,3.82957124710083,3.8439143389968256,3.8008853191978687,3.8439143389968256,74362
1987-10-14,3.82957124710083,3.858257175003791,3.8008853191978687,3.858257175003791,74128
1987-10-15,3.757856845855713,3.843914636218821,3.757856845855713,3.8008856130927424,110607
1987-10-16,3.4279680252075195,3.7721991368211123,3.2701955603291295,3.7721991368211123,133524
1987-10-19,2.8112218379974365,3.427969358184971,2.8112218379974365,3.427969358184971,164625
1987-10-20,2.524362087249756,2.8112214153463193,2.409618356011131,2.753849549727007,103826
1987-10-21,2.9833359718322754,2.983335971832276,2.882935114066505,2.983335971832276,170354
1987-10-22,2.8829362392425537,2.9833371361936116,2.8685934001861653,2.9833371361936116,107684
1987-10-23,2.868593454360962,2.9116222282318316,2.782535650730133,2.782535650730133,49691
1987-10-26,2.6964759826660156,2.8399055562120803,2.667790067956803,2.8399055562120803,48756
1987-10-27,2.6964759826660156,2.7825337267936545,2.6964759826660156,2.7825337267936545,32387
1987-10-28,2.639105796813965,2.725163594536159,2.6104198642399,2.6677917293880298,40455
1987-10-29,2.7825331687927246,2.782533168792724,2.639103624009594,2.639103624009594,10640
1987-10-30,2.868593454360962,3.0120231270790097,2.868593454360962,2.925965323448181,86405
1987-11-02,3.069394588470459,3.1554523806705657,2.8829359107590347,2.8972790040702465,94355
1987-11-03,3.1841368675231934,3.184136867523193,2.8972776902688513,3.0980791143468904,81962
1987-11-04,3.1267664432525635,3.1554523739246054,3.0407086512364376,3.0980805125805215,23150
1987-11-05,3.1841368675231934,3.212822785248627,3.012021361170588,3.0980791143468904,36596
1987-11-06,3.1267664432525635,3.184138304596647,3.1267664432525635,3.1554523739246054,16603
1987-11-09,3.0980803966522217,3.155452255849485,3.0837373039083835,3.1267663262508534,13446
1987-11-10,2.9833359718322754,3.0693937402505145,2.954650049026196,3.0407078174444346,15784
1987-11-11,2.9833359718322754,3.1267655858626733,2.983335971832276,3.0120218946383552,18824
1987-11-12,3.1257312297821045,3.1257312297821045,3.0533762111173686,3.0533762111173686,48522
1987-11-13,3.053375482559204,3.125730483959497,3.0533754825592037,3.082317431484755,42208
1987-11-16,3.067847490310669,3.067847490310669,3.038905532854908,3.038905532854908,20578
1987-11-17,2.937608242034912,3.038905211504847,2.92313739392371,3.038905211504847,25956
1987-11-18,2.9520790576934814,2.952079057693482,2.8073692999634092,2.894195154601453,24904
1987-11-19,2.7929000854492188,2.995493883394816,2.7929000854492188,2.9520810557787027,20578
1987-11-20,2.7205424308776855,2.8652521346477755,2.6771293906602796,2.8652521346477755,100669
1987-11-23,2.6337177753448486,2.7350144837716757,2.6337177753448486,2.7350144837716757,39285
1987-11-24,2.7494874000549316,2.836313317951403,2.7205454274227745,2.7205454274227745,123936
1987-11-25,2.908665895462036,2.908665895462036,2.8218400439829776,2.83631114831591,26190
1987-11-27,2.9231364727020264,2.952078417976304,2.8941945274277487,2.8941945274277487,27710
1987-11-30,2.836310863494873,2.894194758668238,2.662659177974779,2.894194758668238,34726
1987-12-01,2.7929000854492188,2.8363131712383614,2.7494872578331058,2.807371200103276,41975
1987-12-02,2.8218395709991455,2.8652526185484013,2.7928976253572424,2.7928976253572424,39169
1987-12-03,2.894195795059204,2.894195795059204,2.7350148972444916,2.792898813145676,74479
1987-12-04,2.8218395709991455,2.836310672906498,2.7928976253572424,2.8218395709991455,23852
1987-12-07,2.8218395709991455,2.8652526185484013,2.807368727264595,2.807368727264595,19058
1987-12-08,2.894195795059204,2.923137753009796,2.8218407710962676,2.8218407710962676,36947
1987-12-09,3.009963035583496,3.009963035583496,2.8652532742573666,2.8941952265225925,98564
1987-12-10,3.038905620574951,3.0967895371573313,2.9520797457013814,2.9520797457013814,65593
1987-12-11,3.067847490310669,3.067847490310669,2.981021617943386,3.067847490310669,29581
1987-12-14,3.1836154460906982,3.212557404691523,2.9810217358849265,3.009963694485751,141241
1987-12-15,3.154672622680664,3.2270273702612284,3.1257306720138693,3.2125565240142544,68516
1987-12-16,3.198086977005005,3.198086977005005,3.067848264666951,3.154674158949978,67113
1987-12-17,3.067847490310669,3.1980861697751397,3.038905532854908,3.1980861697751397,59630
1987-12-18,3.067847490310669,3.125731405222191,3.038905532854908,3.09678944776643,89795
1987-12-21,3.1257312297821045,3.1402020786113156,3.038905362288157,3.067847318119473,46301
1987-12-22,3.2125587463378906,3.2125587463378906,3.125732834274704,3.1691456612197846,48288
1987-12-23,3.3717379570007324,3.3862090649974332,3.227028167898278,3.241499275894979,52498
1987-12-24,3.328324317932129,3.371737114731777,3.328324317932129,3.3427951641410627,15550
1987-12-28,3.2125587463378906,3.241500717025619,3.1691456612197846,3.241500717025619,33439
1987-12-29,3.1257312297821045,3.212557097276052,3.1257312297821045,3.183615141444736,29347
1987-12-30,3.227027177810669,3.2704402303082563,3.125730485604351,3.125730485604351,41039
1987-12-31,3.2704405784606934,3.2704405784606934,3.1402016652762716,3.1980855693198236,53199
1988-01-04,3.458561658859253,3.4585616588592534,3.183613361288862,3.2704391802331036,56590
1988-01-05,3.342794895172119,3.5309176879613933,3.299382101865564,3.4875046364820124,19058
1988-01-06,3.3717379570007324,3.4151510228179243,3.2993831915359606,3.357267107176942,74713
1988-01-07,3.2559688091278076,3.313852701362727,3.241497965155481,3.313852701362727,38818
1988-01-08,3.067847490310669,3.270441192500996,3.067847490310669,3.2559700846866617,47470
1988-01-11,2.9810211658477783,3.096788978113712,2.894195306648329,3.096788978113712,63956
1988-01-12,3.038905620574951,3.0678475788661412,2.9520797457013814,3.009963662283761,57408
1988-01-13,3.009963035583496,3.038904987848722,2.9520791310530443,3.009963035583496,98448
1988-01-14,2.9665520191192627,3.038907078649826,2.923139189939356,3.038907078649826,13329
1988-01-15,3.009963035583496,3.038904987848722,3.009963035583496,3.009963035583496,129432
1988-01-18,2.9954922199249268,3.0678472366686496,2.9520794164170026,3.0389052816057376,26541
1988-01-19,2.9810211658477783,3.0678470250472283,2.952079212781295,3.009963118914262,18006
1988-01-20,2.894195795059204,2.952079710960388,2.894195795059204,2.923137753009796,56356
1988-01-21,2.908665895462036,2.9810209007810076,2.908665895462036,2.9810209007810076,44664
1988-01-22,2.9520790576934814,2.952079057693482,2.894195154601453,2.9231371061474674,24320
1988-01-25,3.1112613677978516,3.1112613677978516,2.9520806761135225,2.9520806761135225,51562
1988-01-26,3.067847490310669,3.09678944776643,3.038905532854908,3.067847490310669,39052
1988-01-27,3.067847490310669,3.154673362677952,3.0244344250405737,3.154673362677952,34492
1988-01-28,3.1112613677978516,3.1257324805907882,3.0389065783521554,3.0389065783521554,64073
1988-01-29,3.1257312297821045,3.1691440344426316,3.038905362288157,3.1257312297821045,67931
1988-02-01,3.0823190212249756,3.140202948930355,3.082319021224976,3.111260985077666,63956
1988-02-02,3.1257312297821045,3.1402020786113156,3.067847318119473,3.067847318119473,59980
1988-02-03,3.1112613677978516,3.1112613677978516,3.0389065783521554,3.067848545765033,108269
1988-02-04,3.1402015686035156,3.140201568603516,3.0823176663419503,3.111259617472733,13914
1988-02-05,3.1112613677978516,3.140203335210729,3.0823194003849737,3.140203335210729,22098
1988-02-08,3.096789836883545,3.1112606883432594,3.08231872725089,3.08231872725089,17889
1988-02-09,3.1257312297821045,3.1257312297821045,3.067847318119473,3.1257312297821045,21864
1988-02-10,3.2125587463378906,3.2125587463378906,3.125732834274704,3.125732834274704,33206
1988-02-11,3.1836154460906982,3.212557404691523,3.125731528889049,3.212557404691523,61033
1988-02-12,3.2993829250335693,3.32832488051632,3.183615103102567,3.183615103102567,29347
1988-02-16,3.2993829250335693,3.2993829250335693,3.241499014068068,3.2993829250335693,55304
1988-02-17,3.2414982318878174,3.299382128885814,3.212556283388819,3.270440180386816,41156
1988-02-18,3.1836154460906982,3.241499363292347,3.1546734874898736,3.241499363292347,14732
1988-02-19,3.328324317932129,3.328324317932129,3.154672614387844,3.183614564978558,23384
1988-02-22,3.429621696472168,3.444092803725531,3.313853871136856,3.342795827470684,77051
1988-02-23,3.5164477825164795,3.5164477825164795,3.4151510581822753,3.429621908155913,27243
1988-02-24,3.50197696685791,3.5309189252616946,3.4585639001657755,3.50197696685791,49107
1988-02-25,3.4730353355407715,3.6177451411883035,3.4730353355407715,3.4875061870190542,28996
1988-02-26,3.5164477825164795,3.5598608487832193,3.473034974422653,3.473034974422653,29230
1988-02-29,3.6032731533050537,3.6032731533050537,3.559860351278342,3.5888023053537754,40689
1988-03-01,3.5888025760650635,3.588802576065063,3.545389512590731,3.57433146884932,18123
1988-03-02,3.5888025760650635,3.6177445323236523,3.5598606198064737,3.6177445323236523,7717
1988-03-03,3.6032731533050537,3.6032731533050537,3.530918397202908,3.559860351278342,47236
1988-03-04,3.5888025760650635,3.588802576065063,3.545389512590731,3.57433146884932,36246
1988-03-07,3.6466872692108154,3.6466872692108154,3.5598613818486533,3.5598613818486533,14849
1988-03-08,3.7624552249908447,3.762455224990845,3.6177454086450433,3.6177454086450433,19058
1988-03-09,3.7045719623565674,3.733513930812478,3.7045719623565674,3.733513930812478,48055
1988-03-10,3.5888025760650635,3.7190412501422663,3.588802576065063,3.675628444840831,34024
1988-03-11,3.5888025760650635,3.588802576065063,3.530918663547885,3.588802576065063,35193
1988-03-14,3.6032731533050537,3.6466862135046427,3.5888023053537754,3.5888023053537754,38818
1988-03-15,3.617745876312256,3.6322167307310083,3.6032747637205103,3.6322167307310083,12978
1988-03-16,3.7045719623565674,3.7045719623565674,3.603274943674377,3.6177460569888353,55187
1988-03-17,3.8203377723693848,3.8203377723693848,3.7190408084095212,3.7190408084095212,33907
1988-03-18,3.849280595779419,3.849280595779419,3.8203386364126564,3.849280595779419,92017
1988-03-21,3.7335119247436523,3.8348086308246825,3.7335119247436523,3.8348086308246825,47353
1988-03-22,3.617745876312256,3.70457177734375,3.617745876312256,3.70457177734375,11341
1988-03-23,3.6756277084350586,3.6756277084350586,3.559859906594584,3.588801857054703,15434
1988-03-24,3.5888025760650635,3.70457040109942,3.588802576065063,3.675628444840831,23267
1988-03-25,3.4730353355407715,3.588803180058797,3.458564225889548,3.588803180058797,21513
1988-03-28,3.415151834487915,3.5019777285850657,3.415151834487915,3.4730357638860156,44430
1988-03-29,3.4875049591064453,3.5019760636625503,3.4151502108444705,3.4440921617838303,21630
1988-03-30,3.415151834487915,3.516448581848105,3.415151834487915,3.516448581848105,10172
1988-03-31,3.5598621368408203,3.5598621368408203,3.371739211905005,3.4440942624720132,55771
1988-04-04,3.50197696685791,3.588802842069263,3.48750585856956,3.50197696685791,29230
1988-04-05,3.5888025760650635,3.588802576065063,3.4730347510307062,3.4730347510307062,17421
1988-04-06,3.617745876312256,3.6611586977415063,3.55986194229126,3.588803909301758,83014
1988-04-07,3.6611552238464355,3.6611552238464355,3.5888005040606195,3.6177424436094956,90146
1988-04-08,3.7045719623565674,3.7479847859539306,3.690100849042109,3.690100849042109,36362
1988-04-11,3.7479817867279053,3.7479817867279053,3.6756270525746464,3.733510943166373,15550
1988-04-12,3.805868148803711,3.805868148803711,3.704571403573725,3.7479842206228717,35544
1988-04-13,3.7624552249908447,3.7913971882600053,3.675629335183364,3.762455224990845,18824
1988-04-14,3.530916452407837,3.675626143080289,3.5309164524078365,3.6466842049457986,54953
1988-04-15,3.5164477825164795,3.5598608487832193,3.473034974422653,3.5598608487832193,63839
1988-04-18,3.5598621368408203,3.588804105433022,3.530920168248618,3.530920168248618,16954
1988-04-19,3.4875049591064453,3.5888019164806297,3.4875049591064453,3.5888019164806297,31218
1988-04-20,3.458561658859253,3.473032757769668,3.4440908181215875,3.4440908181215875,32972
1988-04-21,3.6032731533050537,3.6756281675800766,3.5019764431274747,3.5019764431274747,30399
1988-04-22,3.632214307785034,3.6322143077850337,3.603272360080879,3.6322143077850337,42208
1988-04-25,3.617745876312256,3.6322167307310083,3.6032747637205103,3.6322167307310083,8184
1988-04-26,3.632214307785034,3.6322143077850337,3.603272360080879,3.6322143077850337,53316
1988-04-27,3.632214307785034,3.6322143077850337,3.603272360080879,3.6322143077850337,20344
1988-04-28,3.617745876312256,3.6322167307310083,3.55986194229126,3.6032747637205103,28646
1988-04-29,3.574329376220703,3.6032713155349305,3.5453874369064757,3.6032713155349305,21747
1988-05-02,3.574329376220703,3.5888004749641897,3.5598585356499624,3.574329376220703,20110
1988-05-03,3.632214307785034,3.6466854107235216,3.5888015153152115,3.5888015153152115,23150
1988-05-04,3.5888025760650635,3.6466864885822416,3.588802576065063,3.6466864885822416,15784
1988-05-05,3.5888025760650635,3.6466864885822416,3.530918663547885,3.588802576065063,52848
1988-05-06,3.5888025760650635,3.6466864885822416,3.5598606198064737,3.6177445323236523,11341
1988-05-09,3.50197696685791,3.588802842069263,3.4440930500503413,3.588802842069263,33673
1988-05-10,3.6017138957977295,3.6162958640345195,3.5579685113888013,3.5579685113888013,13680
1988-05-11,3.3975696563720703,3.630879169604516,3.3829879418704603,3.630879169604516,43261
1988-05-12,3.353825092315674,3.4121524852255116,3.353825092315674,3.3975705069226017,30516
1988-05-13,3.3829891681671143,3.412152867892693,3.3829891681671143,3.3829891681671143,26541
1988-05-16,3.4413163661956787,3.4413163661956787,3.368406991073703,3.4121526681770713,32036
1988-05-17,3.3246593475341797,3.4704777399698896,3.32465934753418,3.4704777399698896,32036
1988-05-18,3.2663333415985107,3.3829881037984575,3.1788422699485506,3.3829881037984575,52614
1988-05-19,3.3829891681671143,3.412152867892693,3.2371706695392217,3.2954980689903786,38818
1988-05-20,3.4121532440185547,3.4121532440185547,3.353825838137896,3.4121532440185547,44079
1988-05-23,3.353825092315674,3.382988788770593,3.324661395860755,3.382988788770593,22800
1988-05-24,3.36840558052063,3.3829875534990457,3.3392418947146036,3.3538238676930194,35895
1988-05-25,3.3246593475341797,3.3684047351895225,3.295495669047038,3.3684047351895225,85235
1988-05-26,3.295498847961426,3.3538262611996807,3.2954988479614253,3.3392442778146214,8301
1988-05-27,3.208005905151367,3.3246606653386896,3.208005905151367,3.3246606653386896,10172
1988-05-31,3.36840558052063,3.36840558052063,3.2371691244689145,3.2371691244689145,75414
1988-06-01,3.3975696563720703,3.441315320178572,3.3829879418704603,3.3829879418704603,48055
1988-06-02,3.3975696563720703,3.3975696563720703,3.3538242527164046,3.3684059672180147,47587
1988-06-03,3.353825092315674,3.4121524852255116,3.339243114012764,3.4121524852255116,36947
1988-06-06,3.36840558052063,3.3829875534990457,3.3538238676930194,3.3829875534990457,39987
1988-06-07,3.339243173599243,3.3829888491376834,3.3392431735992436,3.3829888491376834,29932
1988-06-08,3.485059976577759,3.485059976577759,3.339241562073443,3.3684052449743063,120312
1988-06-09,3.4704785346984863,3.5288059050295533,3.4704785346984863,3.4996422198640196,30399
1988-06-10,3.485059976577759,3.557969313905307,3.441314582301854,3.441314582301854,33790
1988-06-13,3.4996442794799805,3.5433897028980037,3.470480577150981,3.4996442794799805,26541
1988-06-14,3.57255220413208,3.6162978729937274,3.5288067954212985,3.5288067954212985,28529
1988-06-15,3.57255220413208,3.5871341804695844,3.543388511607937,3.5579704879454415,19993
1988-06-16,3.4558980464935303,3.543389139571226,3.4413163277227032,3.543389139571226,14966
1988-06-17,3.4558980464935303,3.528807420800399,3.45589804649353,3.499643723107834,55304
1988-06-20,3.4996442794799805,3.4996442794799805,3.4267348935820046,3.455898595911004,23618
1988-06-21,3.4996442794799805,3.5579716841379803,3.470480577150981,3.5579716841379803,53199
1988-06-22,3.57255220413208,3.5871341804695844,3.5288067954212985,3.5579704879454415,69217
1988-06-23,3.6308794021606445,3.674625068769035,3.587133995703106,3.601715711138668,56590
1988-06-24,3.616297721862793,3.660043128745383,3.616297721862793,3.645461413168138,16837
1988-06-27,3.5579702854156494,3.645461358007837,3.5579702854156494,3.645461358007837,120896
1988-06-28,3.5433905124664307,3.5579724970379942,3.47048137006165,3.514226803474316,24904
1988-06-29,3.5579702854156494,3.5579702854156494,3.499642903687524,3.499642903687524,87223
1988-06-30,3.6017138957977295,3.6746232166802377,3.5288048350659422,3.5288048350659422,44547
1988-07-01,3.5579702854156494,3.6600430733644433,3.5579702854156494,3.645461358007837,39402
1988-07-05,3.616297721862793,3.616297721862793,3.5288066479467575,3.5433883635240027,48873
1988-07-06,3.616297721862793,3.630879437440038,3.557970339252103,3.616297721862793,91198
1988-07-07,3.58713698387146,3.6163006991874878,3.543391280821883,3.5579732685554317,31335
1988-07-08,3.6017138957977295,3.6454595403573786,3.5288048350659422,3.5579685113888013,63839
1988-07-11,3.5579702854156494,3.6162976671437748,3.5579702854156494,3.572552000772255,40572
1988-07-12,3.5433905124664307,3.60171793045066,3.54339051246643,3.587136206030109,11575
1988-07-13,3.5433905124664307,3.572554221458545,3.499645079053765,3.499645079053765,29932
1988-07-14,3.5579702854156494,3.5579702854156494,3.5142246190441297,3.543388309908192,25255
1988-07-15,3.528808832168579,3.587136250882109,3.4996451228118137,3.528808832168579,39285
1988-07-18,3.514226198196411,3.528808180256426,3.4704807723183033,3.4996444762873646,36012
1988-07-19,3.6746253967285156,3.6746253967285156,3.587134315854027,3.6454617031036864,294407
1988-07-20,3.7037882804870605,3.7912793422308493,3.70378828048706,3.70378828048706,111309
1988-07-21,3.6746253967285156,3.7183708070903223,3.6454617031036864,3.7183708070903223,81845
1988-07-22,3.645463228225708,3.6746269340515134,3.616299522399902,3.6746269340515134,71205
1988-07-25,3.6892056465148926,3.718369328543274,3.645460253547706,3.645460253547706,74829
1988-07-26,3.6746253967285156,3.7037890903533452,3.660043419840663,3.6892071134654927,50744
1988-07-27,3.6308794021606445,3.674625068769035,3.6162976867250824,3.6454613777470586,32387
1988-07-28,3.6746253967285156,3.6746253967285156,3.6017160325910043,3.6017160325910043,19643
1988-07-29,3.718369245529175,3.7183692455291752,3.645460172161332,3.6746238535386224,70386
1988-08-01,3.7329530715942383,3.7329530715942383,3.6600437018392156,3.6600437018392156,34609
1988-08-02,3.7621169090270996,3.791280605996302,3.7329532120578977,3.7621169090271,58577
1988-08-03,3.8641910552978516,3.8933547623572733,3.732954503605953,3.7621182106653746,57057
1988-08-04,3.805861711502075,3.878771072259069,3.8058617115020756,3.878771072259069,47938
1988-08-05,3.8204445838928223,3.8204445838928227,3.791280884779137,3.791280884779137,13095
1988-08-08,3.8204445838928223,3.8496082830065084,3.791280884779137,3.791280884779137,54719
1988-08-09,3.7329530715942383,3.8204441592097282,3.6162982881069183,3.8204441592097282,56122
1988-08-10,3.6308794021606445,3.718370475226574,3.630879402160644,3.718370475226574,19877
1988-08-11,3.7313642501831055,3.7313642501831055,3.6579120669702814,3.6579120669702814,23150
1988-08-12,3.7313642501831055,3.760745071050689,3.716673708705448,3.7313642501831055,14381
1988-08-15,3.716672658920288,3.7460534714891742,3.7019823836796735,3.7019823836796735,18123
1988-08-16,3.6726009845733643,3.804814488974198,3.6726009845733643,3.731362600326538,75414
1988-08-17,3.6726009845733643,3.7019817924499514,3.6726009845733643,3.7019817924499514,22566
1988-08-18,3.6726009845733643,3.7019817924499514,3.6579104495912635,3.6726009845733643,9237
1988-08-19,3.687291383743286,3.716672192626052,3.672601110345715,3.701981919228481,10406
1988-08-22,3.584458589553833,3.687291286898864,3.584458589553833,3.687291286898864,26541
1988-08-23,3.5110063552856445,3.555077697454924,3.4963160826209583,3.555077697454924,37649
1988-08-24,3.584458589553833,3.584458589553833,3.481625630121185,3.481625630121185,39519
1988-08-25,3.4963135719299316,3.5844559308861488,3.466932785611193,3.5844559308861488,77285
1988-08-26,3.5256965160369873,3.54038678714335,3.4816251785427332,3.496315711736679,24436
1988-08-29,3.613839626312256,3.628529900253448,3.5256971964022004,3.5256971964022004,14031
1988-08-30,3.657907009124756,3.672597530289598,3.584455189562648,3.584455189562648,33556
1988-08-31,3.657907009124756,3.6872877893670726,3.584455189562648,3.657907009124756,27476
1988-09-01,3.643221139907837,3.6726019555522553,3.599149785397368,3.6432211399078374,32153
1988-09-02,3.687291383743286,3.701981919228481,3.6432203014629496,3.672601110345715,23852
1988-09-06,3.643221139907837,3.6726019555522553,3.628530601041786,3.657911416686204,30049
1988-09-07,3.7313642501831055,3.7313642501831055,3.6579120669702814,3.672602608447938,16486
1988-09-08,3.687291383743286,3.701981919228481,3.672601110345715,3.701981919228481,22683
1988-09-09,3.6726009845733643,3.6726009845733643,3.6432201766967776,3.6726009845733643,16720
1988-09-12,3.6285293102264404,3.731362259443886,3.613839038674,3.731362259443886,62202
1988-09-13,3.643221139907837,3.657911416686204,3.599149785397368,3.6432211399078374,9471
1988-09-14,3.701982259750366,3.716672534499202,3.6432206365797253,3.6726014481650457,14147
1988-09-15,3.6285293102264404,3.7019814542514147,3.6285293102264404,3.7019814542514147,17304
1988-09-16,3.657907009124756,3.672597530289598,3.599145448640122,3.599145448640122,43261
1988-09-19,3.613839626312256,3.6579107102234665,3.6138396263122554,3.6432204362822738,14966
1988-09-20,3.54038667678833,3.6285290869418265,3.5403866767883296,3.6138388162933643,39169
1988-09-21,3.569767951965332,3.5697679519653316,3.540387144697767,3.5697679519653316,9237
1988-09-22,3.4963135719299316,3.569765406683068,3.496313571929932,3.569765406683068,16252
1988-09-23,3.555079936981201,3.555079936981201,3.422866089272723,3.496318285130272,64891
1988-09-26,3.584458589553833,3.599148862565573,3.584458589553833,3.584458589553833,7834
1988-09-27,3.569767951965332,3.613839293910484,3.555077679375354,3.613839293910484,18123
1988-09-28,3.555079936981201,3.5697702189000453,3.540389392974581,3.540389392974581,11224
1988-09-29,3.584458589553833,3.584458589553833,3.511006438232282,3.555077781442736,24787
1988-09-30,3.613839626312256,3.731362866192329,3.6138396263122554,3.6138396263122554,28646
1988-10-03,3.54038667678833,3.5550772095243666,3.481625070019332,3.5550772095243666,47821
1988-10-04,3.5256965160369873,3.555077320337295,3.4375541031360624,3.4816251785427332,24553
1988-10-05,3.555079936981201,3.555079936981201,3.5110085670491165,3.555079936981201,21981
1988-10-06,3.569767951965332,3.5697679519653316,3.525696872107789,3.525696872107789,9354
1988-10-07,3.643221139907837,3.6432211399078374,3.5403881541085322,3.56976896975295,45248
1988-10-10,3.6726009845733643,3.7019817924499514,3.6138393688201904,3.6138393688201904,16720
1988-10-11,3.687291383743286,3.701981919228481,3.584458683697418,3.6432203014629496,17655
1988-10-12,3.6285293102264404,3.657910115418912,3.540386894649026,3.540386894649026,16252
1988-10-13,3.613839626312256,3.628529900253448,3.5991490902834298,3.5991490902834298,18941
1988-10-14,3.569767951965332,3.6285295665004615,3.5697679519653316,3.613839293910484,44079
1988-10-17,3.569767951965332,3.613839293910484,3.555077679375354,3.555077679375354,14615
1988-10-18,3.584458589553833,3.584458589553833,3.555077781442736,3.584458589553833,12394
1988-10-19,3.569767951965332,3.613839293910484,3.540387144697767,3.613839293910484,58227
1988-10-20,3.613839626312256,3.6138396263122554,3.540387470343393,3.540387470343393,29581
1988-10-21,3.643221139907837,3.6432211399078374,3.599149785397368,3.6138403242634194,13680
1988-10-24,3.5256965160369873,3.6285292000442744,3.5256965160369873,3.613838928937912,59279
1988-10-25,3.555079936981201,3.5697702189000453,3.5256991110557365,3.555079936981201,5261
1988-10-26,3.584458589553833,3.584458589553833,3.5256969733316392,3.540387246343379,43378
1988-10-27,3.54038667678833,3.5844580129088657,3.5403866767883296,3.5697674801728287,87925
1988-10-28,3.584458589553833,3.62852967067667,3.555077781442736,3.5697680544544763,77285
1988-10-31,3.54038667678833,3.5550772095243666,3.5403866767883296,3.5550772095243666,73777
1988-11-01,3.569767951965332,3.5697679519653316,3.555077679375354,3.555077679375354,87223
1988-11-02,3.555079936981201,3.5697702189000453,3.540389392974581,3.5697702189000453,55537
1988-11-03,3.555079936981201,3.5697702189000453,3.540389392974581,3.540389392974581,30867
1988-11-04,3.5256965160369873,3.555077320337295,3.5256965160369873,3.5256965160369873,19993
1988-11-07,3.5110063552856445,3.5403871627026273,3.4963160826209583,3.525696890037941,30984
1988-11-08,3.5256965160369873,3.5256965160369873,3.5110059828430416,3.5110059828430416,14147
1988-11-09,3.5268800258636475,3.526880025863648,3.4972423785874827,3.5120610700362067,20344
1988-11-10,3.615795135498047,3.6157951354980464,3.526882140362849,3.526882140362849,41390
1988-11-11,3.5565195083618164,3.571338207457231,3.5565195083618164,3.571338207457231,98214
1988-11-14,3.541701316833496,3.5713389858629765,3.5417013168334956,3.5713389858629765,165093
1988-11-15,3.541701316833496,3.5565202835376915,3.5417013168334956,3.5565202835376915,48990
1988-11-16,3.5565195083618164,3.5565195083618164,3.541700544887549,3.5565195083618164,128496
1988-11-17,3.5565195083618164,3.5565195083618164,3.541700544887549,3.5565195083618164,19643
1988-11-18,3.5565195083618164,3.5861571709314983,3.541700544887549,3.541700544887549,43612
1988-11-21,3.5565195083618164,3.571338207457231,3.541700544887549,3.5565195083618164,72725
1988-11-22,3.5565195083618164,3.5861571709314983,3.526881845792135,3.526881845792135,37882
1988-11-23,3.5268800258636475,3.5565176731398127,3.5120610700362067,3.5565176731398127,18824
1988-11-25,3.5268800258636475,3.541698717312372,3.5120610700362067,3.5120610700362067,13329
1988-11-28,3.541701316833496,3.5417013168334956,3.5268826145082106,3.5268826145082106,18123
1988-11-29,3.6454334259033203,3.6454334259033203,3.5268827453861396,3.556520415515435,18824
1988-11-30,3.6306145191192627,3.645433486620189,3.5861581453743323,3.6009768484963343,23735
1988-12-01,3.5713376998901367,3.645431977973311,3.5417000415326303,3.645431977973311,32504
1988-12-02,3.5268800258636475,3.541698717312372,3.5120610700362067,3.526880025863648,24904
1988-12-05,3.615795135498047,3.6157951354980464,3.541700840695944,3.541700840695944,68282
1988-12-06,3.615795135498047,3.6157951354980464,3.5861574704529806,3.5861574704529806,19643
1988-12-07,3.615795135498047,3.6157951354980464,3.5861574704529806,3.600976170786076,13095
1988-12-08,3.5861599445343018,3.6009786550907825,3.5861599445343018,3.5861599445343018,4209
1988-12-09,3.615795135498047,3.630613835831142,3.600976170786076,3.600976170786076,63722
1988-12-12,3.600975751876831,3.61579471486488,3.6009757518768315,3.61579471486488,8184
1988-12-13,3.541701316833496,3.6009766548924573,3.5268826145082106,3.5861579525671723,13095
1988-12-14,3.5268800258636475,3.541698717312372,3.5120610700362067,3.526880025863648,43962
1988-12-15,3.5268800258636475,3.541698717312372,3.4972423785874827,3.4972423785874827,37882
1988-12-16,3.541701316833496,3.5417013168334956,3.5120636478040153,3.5120636478040153,82195
1988-12-19,3.5120620727539062,3.55651868855018,3.5120620727539067,3.5268810328122617,49691
1988-12-20,3.4972453117370605,3.5565206560037903,3.4972453117370605,3.5417016877476386,39052
1988-12-21,3.4676079750061035,3.4824266803166477,3.4527890053165953,3.4676079750061035,26307
1988-12-22,3.4527878761291504,3.482425541436606,3.437969175664861,3.482425541436606,32972
1988-12-23,3.4972453117370605,3.4972453117370605,3.4527886713475437,3.4527886713475437,16018
1988-12-27,3.5268800258636475,3.5565176731398127,3.4972423785874827,3.4972423785874827,11458
1988-12-28,3.5268800258636475,3.5565176731398127,3.526880025863648,3.526880025863648,22332
1988-12-29,3.615795135498047,3.630613835831142,3.556519805407915,3.556519805407915,30516
1988-12-30,3.675071954727173,3.704709631781424,3.6750719547271724,3.6750719547271724,53550
1989-01-03,3.6454334259033203,3.6750710960326156,3.6454334259033203,3.6750710960326156,29464
1989-01-04,3.734346628189087,3.7343466281890874,3.6454336132322043,3.6454336132322043,56707
1989-01-05,3.7936220169067383,3.8232596889138226,3.749165376706644,3.763984344899655,57291
1989-01-06,3.7936220169067383,3.808440720720812,3.7936220169067387,3.808440720720812,194674
1989-01-09,3.808441638946533,3.8232606107124387,3.8084416389465336,3.8232606107124387,9938
1989-01-10,3.7936220169067383,3.8232596889138226,3.778803048713728,3.808440720720812,50042
1989-01-11,3.808441638946533,3.8232606107124387,3.76398525240682,3.793622931559629,21630
1989-01-12,3.8973519802093506,3.8973519802093506,3.823257965775209,3.83807666291051,53784
1989-01-13,3.8973519802093506,3.8973519802093506,3.86771432155993,3.8825332830740495,43027
1989-01-16,3.9121718406677246,3.912171840667724,3.88253417520812,3.912171840667724,12978
1989-01-17,3.9121718406677246,3.941809506127328,3.912171840667724,3.912171840667724,24320
1989-01-18,3.9121718406677246,3.941809506127328,3.8973528757484828,3.9269905412080868,40572
1989-01-19,3.9269919395446777,3.941810909740708,3.8973542635315894,3.91217323372762,18240
1989-01-20,3.9269919395446777,3.9269919395446773,3.91217323372762,3.91217323372762,7600
1989-01-23,3.8973519802093506,3.94180860037289,3.8973519802093506,3.94180860037289,27827
1989-01-24,3.94180965423584,3.9566283553329966,3.926990688759795,3.926990688759795,58344
1989-01-25,3.9566256999969482,3.9566256999969482,3.926988053313905,3.926988053313905,30984
1989-01-26,3.986264705657959,4.015902362444929,3.9418083526669063,3.9418083526669063,21981
1989-01-27,4.015901565551758,4.030720523194052,3.9862639146459196,4.015901565551758,18357
1989-01-30,4.089998722076416,4.1048174258365,4.0159044101391865,4.0159044101391865,20929
1989-01-31,4.119635105133057,4.119635105133057,4.045540816376488,4.045540816376488,39636
1989-02-01,4.104817867279053,4.149274512098159,4.060361486838913,4.119636837011743,30516
1989-02-02,4.075178623199463,4.104816286875018,4.045540959523907,4.104816286875018,24203
1989-02-03,4.045542240142822,4.104817586257581,4.045542240142822,4.089998881918365,8886
1989-02-06,4.075178623199463,4.075178623199463,4.045540959523907,4.045540959523907,14381
1989-02-07,4.119635105133057,4.119635105133057,4.060359779879343,4.060359779879343,16369
1989-02-08,4.134455680847168,4.1937310330054,4.119636974997097,4.134455680847168,17538
1989-02-09,4.135649681091309,4.165509968558989,4.1207196705398434,4.1207196705398434,38116
1989-02-10,4.1057868003845215,4.15057733647845,4.075926531776763,4.15057733647845,8886
1989-02-13,4.075928211212158,4.105788492123474,4.060998203938846,4.075928211212158,22098
1989-02-14,4.031137943267822,4.075928231677341,4.031137943267822,4.075928231677341,16135
1989-02-15,4.1057868003845215,4.1057868003845215,4.016205994561245,4.031136262047415,18006
1989-02-16,4.1207170486450195,4.135647049696951,4.090856780176577,4.090856780176577,33790
1989-02-17,4.1207170486450195,4.1207170486450195,4.090856780176577,4.1207170486450195,13212
1989-02-21,4.09085750579834,4.09085750579834,4.07592723573355,4.09085750579834,11809
1989-02-22,4.016205787658691,4.090856588514599,3.971415520236801,4.075926321797591,66294
1989-02-23,4.016205787658691,4.016205787658691,3.9415552531673512,3.971415520236801,77285
1989-02-24,3.8967645168304443,4.001275579323407,3.8967645168304443,4.001275579323407,35895
1989-02-27,3.8967645168304443,3.8967645168304443,3.851974251736713,3.8818345172540516,29347
1989-02-28,3.911696672439575,3.926626679228378,3.8818363924972887,3.8967663992860913,64423
1989-03-01,3.881838321685791,3.9266286306766816,3.8669080411122847,3.9116986164679894,43027
1989-03-02,4.031137943267822,4.031137943267822,3.8370459831873958,3.8519762569003633,65593
1989-03-03,4.06099796295166,4.06099796295166,4.001277404672959,4.001277404672959,52147
1989-03-06,4.06099796295166,4.06099796295166,4.03113768381231,4.06099796295166,24787
1989-03-07,4.075928211212158,4.105788492123474,4.031137923027531,4.060998203938846,83482
1989-03-08,4.165509223937988,4.180439498185287,4.090858651795601,4.090858651795601,32738
1989-03-09,4.150576591491699,4.1655065899335035,4.1207163282435575,4.1655065899335035,29464
1989-03-10,4.1057868003845215,4.13564706899228,4.060996530655174,4.13564706899228,32153
1989-03-13,4.150576591491699,4.1655065899335035,4.135646326685362,4.135646326685362,30166
1989-03-14,4.1057868003845215,4.13564706899228,4.090856799262933,4.120717067870691,9471
1989-03-15,4.1057868003845215,4.120717067870691,4.1057868003845215,4.1057868003845215,58344
1989-03-16,4.075928211212158,4.1207187657614766,4.060998203938846,4.090858484850162,158311
1989-03-17,3.926626443862915,4.001277272426337,3.89676616571048,4.001277272426337,68633
1989-03-20,3.911696672439575,3.926626679228378,3.822115832612715,3.926626679228378,32504
1989-03-21,3.8370471000671387,3.9415582473847244,3.807186810314224,3.9415582473847244,47704
1989-03-22,3.792257308959961,3.851977896502637,3.792257308959961,3.822117602731299,19760
1989-03-23,3.792257308959961,3.822117602731299,3.777327028891889,3.822117602731299,21747
1989-03-27,3.70267391204834,3.792254732501122,3.70267391204834,3.7773244625766798,22917
1989-03-28,3.7623939514160156,3.762393951416016,3.7176034140501977,3.732533681960333,14381
1989-03-29,3.7623939514160156,3.762393951416016,3.7176034140501977,3.762393951416016,37999
1989-03-30,3.732534646987915,3.777324929569441,3.7026743698120113,3.777324929569441,34375
1989-03-31,3.8071858882904053,3.8071858882904053,3.7176050407263403,3.7325353151693705,49458
1989-04-03,3.777327060699463,3.807187354722245,3.7325367528476945,3.807187354722245,22917
1989-04-04,3.777327060699463,3.8519779289388207,3.7325367528476945,3.807187354722245,40338
1989-04-05,3.777327060699463,3.8221176349160393,3.7773270606994633,3.792257340893258,20929
1989-04-06,3.792257308959961,3.8370476164345653,3.777327028891889,3.777327028891889,29113
1989-04-07,3.8221170902252197,3.8221170902252197,3.7623965106904507,3.7623965106904507,16369
1989-04-10,3.777327060699463,3.8519779289388207,3.7773270606994633,3.8221176349160393,24553
1989-04-11,3.792257308959961,3.822117602731299,3.777327028891889,3.807187322663227,20461
1989-04-12,3.8221170902252197,3.8221170902252197,3.7773265223917583,3.792256800457835,51445
1989-04-13,3.777327060699463,3.792257340893258,3.7474667666766814,3.792257340893258,25138
1989-04-14,3.926626443862915,3.926626443862915,3.7773250531007383,3.807185331253174,123235
1989-04-17,3.941555976867676,3.9564859799613816,3.926625707409354,3.9564859799613816,53082
1989-04-18,3.9863440990448,4.016204355465976,3.9714141040164477,3.9714141040164477,91900
1989-04-19,4.06099796295166,4.090858242091011,4.016207411060297,4.016207411060297,128379
1989-04-20,4.1057868003845215,4.1057868003845215,4.031136262047415,4.060996530655174,83715
1989-04-21,4.165509223937988,4.195369506067883,4.120718933925496,4.1356489418080935,73543
1989-04-24,4.150576591491699,4.1655065899335035,4.135646326685362,4.135646326685362,26307
1989-04-25,4.1804375648498535,4.21029783317021,4.150577296529498,4.1804375648498535,32387
1989-04-26,4.1804375648498535,4.240158101490566,4.150577296529498,4.195367565827743,78922
1989-04-27,4.210297584533691,4.210297584533691,4.150577051419738,4.180437317976715,128613
1989-04-28,4.210297584533691,4.255087851186874,4.180437317976715,4.195367318072922,43495
1989-05-01,4.1804375648498535,4.21029783317021,4.1804375648498535,4.21029783317021,24670
1989-05-02,4.150576591491699,4.180436854739841,4.135646326685362,4.180436854739841,15200
1989-05-03,4.135649681091309,4.180440245475203,4.135649681091309,4.180440245475203,112244
1989-05-04,4.09085750579834,4.180438327093194,4.09085750579834,4.120717779563291,33907
1989-05-05,4.1207170486450195,4.1655073181653925,4.090856780176577,4.1207170486450195,63137
1989-05-08,3.9714181423187256,4.105789299665935,3.971418142318726,4.090859289456131,48522
1989-05-09,3.941555976867676,3.9863462525134095,3.926625707409354,3.9863462525134095,72842
1989-05-10,3.956489086151123,4.001279663325991,3.896768494161183,3.9415590713360507,27360
1989-05-11,3.926626443862915,3.971416994273901,3.89676616571048,3.971416994273901,60916
1989-05-12,3.926626443862915,3.941556716121466,3.89676616571048,3.941556716121466,34258
1989-05-15,3.926626443862915,3.926626443862915,3.89676616571048,3.926626443862915,78922
1989-05-16,3.95792818069458,3.9579281806945796,3.9127808436655336,3.9127808436655336,108970
1989-05-17,4.01812219619751,4.033171477746464,3.957925606977413,3.957925606977413,91900
1989-05-18,4.12346887588501,4.13851789812233,4.018124646271673,4.0331739369970165,88509
1989-05-19,4.213762283325195,4.243860585348947,4.153565679277692,4.183663981301444,102306
1989-05-22,4.213762283325195,4.273958887372698,4.183663981301444,4.213762283325195,42325
1989-05-23,4.168618679046631,4.2438646402454285,4.153569647899781,4.2438646402454285,82429
1989-05-24,4.243860721588135,4.243860721588135,4.1836641156081615,4.1836641156081615,23735
1989-05-25,4.273961067199707,4.304059384574352,4.228813456893707,4.243862749825061,43378
1989-05-26,4.289010047912598,4.289010047912598,4.258911730844832,4.273961023622745,20110
1989-05-30,4.304059982299805,4.304059982299805,4.27396166074526,4.289010687278482,66411
1989-05-31,4.394354343414307,4.394354343414307,4.304059391152369,4.304059391152369,70854
1989-06-01,4.5448455810546875,4.5749441664271355,4.409403289318966,4.42445258200519,113180
1989-06-02,4.514746189117432,4.544844228556903,4.484647881189982,4.544844228556903,34258
1989-06-05,4.424455165863037,4.514750169247996,4.424455165863037,4.4846518347863435,65943
1989-06-06,4.484650135040283,4.499699162323207,4.409404193161323,4.42445348893236,40805
1989-06-07,4.484650135040283,4.529797753865283,4.484650135040283,4.484650135040283,38233
1989-06-08,4.484650135040283,4.499699162323207,4.454551811986322,4.499699162323207,29113
1989-06-09,4.45455265045166,4.484650979170929,4.439503351847944,4.484650979170929,44547
1989-06-12,4.424455165863037,4.424455165863037,4.36425849693973,4.424455165863037,66879
1989-06-13,4.34920597076416,4.409402595054931,4.334156948935476,4.409402595054931,133992
1989-06-14,4.304059982299805,4.379305651942114,4.27396166074526,4.379305651942114,61617
1989-06-15,4.198715686798096,4.273961624286628,4.183666660393248,4.273961624286628,56590
1989-06-16,4.213762283325195,4.213762283325195,4.063270773206439,4.063270773206439,116453
1989-06-19,4.304059982299805,4.304059982299805,4.243863339190717,4.243863339190717,16603
1989-06-20,4.273961067199707,4.319108409017644,4.243862749825061,4.304059384574352,16369
1989-06-21,4.198715686798096,4.304059945584421,4.153568339095456,4.304059945584421,26073
1989-06-22,4.228813171386719,4.2589114867292865,4.1836658326168905,4.198714856044151,27593
1989-06-23,4.304059982299805,4.334158303854348,4.228814044169394,4.228814044169394,56473
1989-06-26,4.319107532501221,4.319107532501221,4.2890092212347035,4.2890092212347035,37298
1989-06-27,4.334158897399902,4.349207925994027,4.319109600317639,4.334158897399902,82663
1989-06-28,4.289010047912598,4.319108364980364,4.273961023622745,4.304059340690511,18941
1989-06-29,4.1836652755737305,4.304058520913982,4.1836652755737305,4.273960209578919,38818
1989-06-30,4.1836652755737305,4.198714296997258,4.153566964238668,4.1686159856621945,23852
1989-07-03,4.168618679046631,4.213766309463546,4.168618679046631,4.168618679046631,25138
1989-07-05,4.168618679046631,4.168618679046631,4.078323686700983,4.153569647899781,84651
1989-07-06,4.304059982299805,4.319109008833026,4.213765017636172,4.213765017636172,74713
1989-07-07,4.273961067199707,4.334157701948999,4.273961067199707,4.334157701948999,50978
1989-07-10,4.273961067199707,4.304059384574352,4.258911774268352,4.304059384574352,22098
1989-07-11,4.319107532501221,4.319107532501221,4.243861888578932,4.243861888578932,14381
1989-07-12,4.304059982299805,4.319109008833026,4.27396166074526,4.304059982299805,9471
1989-07-13,4.138519287109375,4.289010902431317,4.138519287109375,4.273961875143181,63371
1989-07-14,4.213762283325195,4.243860585348947,4.123467377253942,4.1385163940218535,89562
1989-07-17,4.243860721588135,4.243860721588135,4.1836641156081615,4.228811435849174,42325
1989-07-18,4.213762283325195,4.228811300093108,4.168614696045605,4.1987129980693565,36830
1989-07-19,4.258911609649658,4.273960901999316,4.228813293438396,4.228813293438396,22449
1989-07-20,4.213762283325195,4.2589096021168595,4.1987129980693565,4.213762283325195,36246
1989-07-21,4.228813171386719,4.243862463302025,4.1836658326168905,4.213764147959457,45248
1989-07-24,4.138519287109375,4.213765229014403,4.138519287109375,4.198715933238152,24904
1989-07-25,4.153567314147949,4.1987146507098885,4.153567314147949,4.153567314147949,19175
1989-07-26,4.153567314147949,4.153567314147949,4.093370686406674,4.153567314147949,62436
1989-07-27,4.213762283325195,4.213762283325195,4.183663981301444,4.183663981301444,15667
1989-07-28,4.273961067199707,4.273961067199707,4.213764432450415,4.213764432450415,21747
1989-07-31,4.364254474639893,4.364254474639893,4.273959554474929,4.273959554474929,76466
1989-08-01,4.409403324127197,4.484649251176198,4.364255982688246,4.364255982688246,63020
1989-08-02,4.439503192901611,4.454552490966521,4.364257508041525,4.37930653761828,55537
1989-08-03,4.5448455810546875,4.5448455810546875,4.42445258200519,4.45455089888958,125807
1989-08-04,4.6351423263549805,4.6351423263549805,4.514749019176929,4.514749019176929,114232
1989-08-07,4.6351423263549805,4.6351423263549805,4.5749456727659545,4.6351423263549805,47470
1989-08-08,4.650189399719238,4.650189399719238,4.544844903594567,4.63514010927628,68633
1989-08-09,4.574944496154785,4.650190428032949,4.55989520238392,4.62009184049122,52614
1989-08-10,4.606462001800537,4.606462001800537,4.530697688970477,4.530697688970477,45365
1989-08-11,4.561004161834717,4.651920915284309,4.545851189367941,4.636767942817533,25606
1989-08-14,4.470087051391602,4.561004349252643,4.454934348639947,4.561004349252643,111426
1989-08-15,4.500391960144043,4.53069763081955,4.454933589299647,4.454933589299647,23969
1989-08-16,4.485241413116455,4.500394120559404,4.4700884353356445,4.4700884353356445,6080
1989-08-17,4.43978214263916,4.500393504793537,4.424629437269478,4.500393504793537,18474
1989-08-18,4.485241413116455,4.485241413116455,4.439782750111885,4.454935727892694,17538
1989-08-21,4.454934597015381,4.50039297814256,4.439781623081126,4.485240274546098,32972
1989-08-22,4.485241413116455,4.500394120559404,4.454935727892694,4.454935727892694,16486
1989-08-23,4.515544414520264,4.530697112957186,4.485238747308718,4.515544414520264,32036
1989-08-24,4.561004161834717,4.561004161834717,4.515545514772154,4.515545514772154,41507
1989-08-25,4.54585075378418,4.561003724798997,4.54585075378418,4.561003724798997,16603
1989-08-28,4.485241413116455,4.515547098340215,4.454935727892694,4.515547098340215,34492
1989-08-29,4.470087051391602,4.545851376163211,4.439781375550514,4.515545700322122,19292
1989-08-30,4.485241413116455,4.515547098340215,4.454935727892694,4.4700884353356445,22332
1989-08-31,4.500391960144043,4.500391960144043,4.439780618793027,4.500391960144043,16252
1989-09-01,4.54585075378418,4.54585075378418,4.500392111077468,4.515545082092285,27944
1989-09-05,4.424629211425781,4.5155462500167225,4.409476236491719,4.5155462500167225,10991
1989-09-06,4.364018440246582,4.379171146884071,4.303407073020935,4.364018440246582,19058
1989-09-07,4.33371114730835,4.364016819667149,4.318558175960076,4.364016819667149,30633
1989-09-08,4.288252830505371,4.333711477677868,4.257947155836295,4.3034058030087925,46885
1989-09-11,4.257946968078613,4.2882526414113356,4.24279426658113,4.24279426658113,23735
1989-09-12,4.288252830505371,4.3034058030087925,4.182183104332489,4.257947155836295,26892
1989-09-13,4.1518778800964355,4.318558973690533,4.0609608462257105,4.303406269880977,25021
1989-09-14,4.197336196899414,4.197336196899414,4.121572138348665,4.151877815836523,69100
1989-09-15,4.167029857635498,4.182182829141842,4.136724184960557,4.167029857635498,71790
1989-09-18,4.242793083190918,4.242793083190918,4.151876088551112,4.182181753431047,11926
1989-09-19,4.257946968078613,4.257946968078613,4.227641294745891,4.24279426658113,18474
1989-09-20,4.197336196899414,4.242794848300097,4.197336196899414,4.227641874387271,28412
1989-09-21,4.273097515106201,4.288250208005152,4.197333239598638,4.242791858970696,23852
1989-09-22,4.197336196899414,4.242794848300097,4.197336196899414,4.242794848300097,15200
1989-09-25,4.1518778800964355,4.227641939819808,4.1518778800964355,4.227641939819808,41858
1989-09-26,4.13672399520874,4.197335337778376,4.1215712947352,4.182182637304835,32621
1989-09-27,4.060962677001953,4.121574060240788,4.060962677001953,4.1064210792621205,31452
1989-09-28,4.1518778800964355,4.1518778800964355,4.045807872078359,4.0609608462257105,31218
1989-09-29,4.121571063995361,4.212488072759965,4.121571063995361,4.1670294332088025,35661
1989-10-02,4.167029857635498,4.167029857635498,4.121571483791961,4.121571483791961,23735
1989-10-03,4.197336196899414,4.257947551875129,4.167030519411556,4.167030519411556,41390
1989-10-04,4.212487697601318,4.303404698268972,4.19733472898786,4.227640395877079,53667
1989-10-05,4.1518778800964355,4.212489236010252,4.1518778800964355,4.212489236010252,22215
1989-10-06,4.257946968078613,4.2882526414113356,4.1670299480804465,4.1670299480804465,53550
1989-10-09,4.303406715393066,4.303406715393066,4.242795353204432,4.242795353204432,28996
1989-10-10,4.318558692932129,4.318558692932129,4.273100314121008,4.303405990107682,37181
1989-10-11,4.318558692932129,4.318558692932129,4.273100314121008,4.318558692932129,76349
1989-10-12,4.33371114730835,4.379169520677676,4.288252503601277,4.288252503601277,44664
1989-10-13,4.212487697601318,4.348863063433951,4.212487697601318,4.333710365158191,52030
1989-10-16,3.8791255950927734,4.151876613497734,3.8791255950927734,3.8791255950927734,216070
1989-10-17,4.197336196899414,4.227641874387271,4.121572138348665,4.121572138348665,73076
1989-10-18,4.13672399520874,4.197335337778376,4.13672399520874,4.151876966020017,62670
1989-10-19,4.106417655944824,4.167028988654988,4.076111989589742,4.151876290646293,92718
1989-10-20,4.030654430389404,4.030654430389404,3.9700430855715187,4.030654430389404,89912
1989-10-23,4.121571063995361,4.136723763620601,4.000348385642557,4.060959724818959,48756
1989-10-24,4.076111793518066,4.091264761135556,3.985194798826165,4.060959096238256,40689
1989-10-25,4.015503883361816,4.091268245295503,4.015503883361816,4.045809574067709,20344
1989-10-26,4.000349521636963,4.015502225565173,3.9397381652485244,4.000349521636963,18123
1989-10-27,3.9548885822296143,4.015499903569054,3.9397358870635752,3.9548885822296143,16252
1989-10-30,3.924586296081543,3.9851976695371487,3.9094335878865785,3.9851976695371487,20695
1989-10-31,4.13672399520874,4.212488308589653,4.030654280880747,4.030654280880747,122066
1989-11-01,4.197336196899414,4.212489170812239,4.182183493324381,4.212489170812239,31686
1989-11-02,4.212487697601318,4.273099031379754,4.1821820307121,4.227640395877079,13563
1989-11-03,4.1518778800964355,4.242794913967161,4.121572202139527,4.182183558053344,32972
1989-11-06,4.015503883361816,4.16703233689128,4.000351173177825,4.16703233689128,16252
1989-11-07,4.060962677001953,4.060962677001953,4.0155040044038675,4.030656985382535,58577
1989-11-08,4.227641582489014,4.227641582489014,4.060960502983216,4.091266178378613,32855
1989-11-09,4.157332897186279,4.1879015214302955,4.126764272942262,4.1879015214302955,14498
1989-11-10,4.142049312591553,4.142049312591553,4.126765133623551,4.142049312591553,22332
1989-11-13,4.142049312591553,4.142049312591553,4.126765133623551,4.142049312591553,24670
1989-11-14,4.142049312591553,4.142049312591553,4.111480681972119,4.142049312591553,70270
1989-11-15,3.9433541297912598,4.1114814951072844,3.94335412979126,4.1114814951072844,48055
1989-11-16,4.050345420837402,4.050345420837402,3.973923942892785,3.973923942892785,8068
1989-11-17,4.035058498382568,4.080911299522499,3.973921248407075,4.080911299522499,18824
1989-11-20,4.0656280517578125,4.080912231400143,4.004490787821604,4.035059419789708,37649
1989-11-21,4.004490852355957,4.035059484816689,3.9739222198952247,4.035059484816689,21046
1989-11-22,4.050345420837402,4.0656298800364645,4.004492588607345,4.004492588607345,46651
1989-11-24,4.126765251159668,4.126765251159668,4.05034353609277,4.065627988179524,16135
1989-11-27,4.111481189727783,4.157334277661369,4.111481189727783,4.1267656432668,35895
1989-11-28,4.126765251159668,4.1420494305629845,4.0961966196695965,4.0961966196695965,38818
1989-11-29,4.126765251159668,4.1420494305629845,4.0961966196695965,4.0961966196695965,23033
1989-11-30,4.111481189727783,4.1267656432668,4.111481189727783,4.111481189727783,30633
1989-12-01,4.187901020050049,4.218469640634356,4.126763778881435,4.126763778881435,29113
1989-12-04,4.249038219451904,4.264322393252149,4.187900978884251,4.187900978884251,54836
1989-12-05,4.249038219451904,4.310175460019558,4.249038219451904,4.264322393252149,31101
1989-12-06,4.2643232345581055,4.279607684057148,4.249039057742454,4.279607684057148,48288
1989-12-07,4.27960729598999,4.2948914714196995,4.264322847876914,4.2948914714196995,22098
1989-12-08,4.356029510498047,4.3713139613900704,4.3101767031888105,4.3101767031888105,30633
1989-12-11,4.310176849365234,4.3254610280921915,4.2490395890905495,4.2490395890905495,35778
1989-12-12,4.340746879577637,4.386599703231418,4.325462423237367,4.340746879577637,17889
1989-12-13,4.356029510498047,4.3713139613900704,4.325460881397417,4.325460881397417,69451
1989-12-14,4.401882648468018,4.432451277971268,4.3713140189647675,4.3713140189647675,112595
1989-12-15,4.386598587036133,4.401883039487186,4.371314407268525,4.401883039487186,68983
1989-12-18,4.356029510498047,4.417166768699307,4.3407453322894405,4.386598139598677,45015
1989-12-19,4.294892311096191,4.356029570134454,4.294892311096191,4.356029570134454,48873
1989-12-20,4.340746879577637,4.356031063234393,4.279609599583586,4.310178239580611,14498
1989-12-21,4.401882648468018,4.432451277971268,4.3713140189647675,4.3713140189647675,37999
1989-12-22,4.417168617248535,4.417168617248535,4.356031333461819,4.3865999753551765,34842
1989-12-26,4.386598587036133,4.432451671705846,4.386598587036133,4.432451671705846,47938
1989-12-27,4.432452201843262,4.432452201843262,4.371314930093699,4.371314930093699,25840
1989-12-28,4.554725170135498,4.554725170135498,4.463019294226729,4.463019294226729,28646
1989-12-29,4.493589878082275,4.554727155335095,4.463021239455865,4.554727155335095,7132
1990-01-02,4.677000522613525,4.677000522613525,4.463020366753975,4.4935889994029745,78220
1990-01-03,4.677000522613525,4.677000522613525,4.615863257315525,4.631147709981749,100669
1990-01-04,4.692283630371094,4.692283630371094,4.554724959219571,4.676999182085718,32621
1990-01-05,4.661717414855957,4.692285780064358,4.646432959568261,4.661717414855957,60799
1990-01-08,4.677000522613525,4.707569427945973,4.585294897349974,4.585294897349974,21630
1990-01-09,4.692283630371094,4.753420878145853,4.676999182085718,4.676999182085718,44196
1990-01-10,4.6005778312683105,4.707567873878413,4.585293383647805,4.707567873878413,35310
1990-01-11,4.631146430969238,4.631146430969238,4.5852936310009165,4.631146430969238,29464
1990-01-12,4.447736740112305,4.600580204426528,4.447736740112305,4.600580204426528,19058
1990-01-15,4.294892311096191,4.3713140212357295,4.218470873640075,4.3713140212357295,67113
1990-01-16,4.325460910797119,4.356029540105521,4.233755022871914,4.264323652180316,39519
1990-01-17,4.340746879577637,4.401884159571688,4.325462423237367,4.356031063234393,38701
1990-01-18,4.432452201843262,4.432452201843262,4.310177658344137,4.310177658344137,19409
1990-01-19,4.478304862976074,4.5241579515292525,4.447736228168444,4.463020681913993,60448
1990-01-22,4.310176849365234,4.478304178778902,4.310176849365234,4.463020000051944,92835
1990-01-23,4.27960729598999,4.2948914714196995,4.249038672447205,4.2948914714196995,52731
1990-01-24,4.310176849365234,4.340745479502576,4.157333698678523,4.2184709589532075,63722
1990-01-25,4.340746879577637,4.401884159571688,4.325462423237367,4.325462423237367,73543
1990-01-26,4.294892311096191,4.340745391716599,4.249039503159206,4.340745391716599,48756
1990-01-29,4.27960729598999,4.2948914714196995,4.218470048904419,4.2948914714196995,42559
1990-01-30,4.187901020050049,4.294891055753452,4.157332399465742,4.294891055753452,60331
1990-01-31,4.2643232345581055,4.2948918608727995,4.187901805113067,4.187901805113067,25489
1990-02-01,4.325460910797119,4.340745361793029,4.279608103176226,4.279608103176226,23267
1990-02-02,4.371313571929932,4.463019451061329,4.3254604960225365,4.3407449455527995,37181
1990-02-05,4.432452201843262,4.463020837718043,4.40188356596848,4.40188356596848,25956
1990-02-06,4.478304862976074,4.478304862976074,4.432452047106363,4.432452047106363,42793
1990-02-07,4.570008277893066,4.585292723312435,4.447733805271402,4.463018250690769,21280
1990-02-08,4.483726978302002,4.591583094476313,4.468319118785673,4.591583094476313,110023
1990-02-09,4.5299506187438965,4.5299506187438965,4.4991346281401965,4.4991346281401965,37181
1990-02-12,4.483726978302002,4.514542972224662,4.468319118785673,4.514542972224662,12043
1990-02-13,4.483726978302002,4.499135112708333,4.468319118785673,4.483726978302002,34258
1990-02-14,4.5299506187438965,4.5299506187438965,4.4991346281401965,4.4991346281401965,28295
1990-02-15,4.653212547302246,4.653212547302246,4.499132927417541,4.499132927417541,68399
1990-02-16,4.6378045082092285,4.668620209204865,4.622396382821569,4.622396382821569,19877
1990-02-20,4.4991302490234375,4.622394091462436,4.468314288413688,4.622394091462436,49691
1990-02-21,4.5299506187438965,4.5299506187438965,4.4375026469327965,4.4375026469327965,22449
1990-02-22,4.5299506187438965,4.591582599951296,4.5299506187438965,4.5607666093475965,48756
1990-02-23,4.560765266418457,4.606989101268293,4.499133303358748,4.499133303358748,34959
1990-02-26,4.6686201095581055,4.6686201095581055,4.545356208647134,4.545356208647134,41507
1990-02-27,4.699438095092773,4.714845676061631,4.66862183359531,4.684029964344042,59980
1990-02-28,4.76107120513916,4.76107120513916,4.6994392172078445,4.6994392172078445,32621
1990-03-01,4.730250835418701,4.761067077558391,4.69943514305854,4.7148427143488565,75414
1990-03-02,4.76107120513916,4.791886924214816,4.730254936283499,4.74566307071133,36479
1990-03-05,4.7764763832092285,4.807292636538441,4.761068806324349,4.776476383209228,45950
1990-03-06,4.853516101837158,4.853516101837158,4.745660322853589,4.776476024086172,59045
1990-03-07,4.884334087371826,4.899741668569807,4.868925956393964,4.868925956393964,133290
1990-03-08,4.868924140930176,4.899739841615844,4.853516015697503,4.884332266162849,64657
1990-03-09,4.791885852813721,4.868925957947738,4.761070140628044,4.853517826964958,41507
1990-03-12,4.853516101837158,4.853516101837158,4.791884149592306,4.791884149592306,25372
1990-03-13,4.822700023651123,4.853515722475079,4.807291899349323,4.853515722475079,30750
1990-03-14,4.961372375488281,4.961372375488281,4.822700881446059,4.822700881446059,77051
1990-03-15,4.915147304534912,4.961371124224618,4.915147304534912,4.961371124224618,32855
1990-03-16,5.069227695465088,5.084635269628906,4.945963803476755,5.007595749470921,66528
1990-03-19,5.146268367767334,5.1770846225533615,5.053820702968758,5.084636407975032,242494
1990-03-20,5.161673545837402,5.1924897830153744,5.146265427248416,5.146265427248416,83248
1990-03-21,5.1770830154418945,5.223306833492015,5.1770830154418945,5.1770830154418945,69568
1990-03-22,5.130859375,5.161675071506926,5.069227432206546,5.161675071506926,56824
1990-03-23,5.05381965637207,5.1308597276031405,5.05381965637207,5.1308597276031405,67697
1990-03-26,5.007599353790283,5.084638929399037,5.007599353790283,5.053823209111541,17187
1990-03-27,5.05381965637207,5.05381965637207,4.945963886516357,5.0384115321699285,45716
1990-03-28,5.05381965637207,5.084635354996714,5.023003407967787,5.05381965637207,34258
1990-03-29,5.05381965637207,5.069227780574213,5.007595833545285,5.05381965637207,50159
1990-03-30,5.069227695465088,5.084635269628906,4.992187625527472,4.992187625527472,85352
1990-04-02,5.023003578186035,5.069227952358901,4.976779753792828,5.053819827634612,71439
1990-04-03,5.069227695465088,5.084635269628906,5.007595749470921,5.02300332363474,38233
1990-04-04,5.084640979766846,5.161681136221862,5.084640979766846,5.100049121013899,75180
1990-04-05,5.007599353790283,5.11545519946656,4.9767830837227605,5.084638929399037,45599
1990-04-06,4.930556297302246,5.0075963768925185,4.9151481714282514,5.0075963768925185,115986
1990-04-09,4.868924140930176,4.93055609208119,4.868924140930176,4.93055609208119,51796
1990-04-10,4.7764763832092285,4.838108340087926,4.745660679659744,4.838108340087926,64190
1990-04-11,4.6686201095581055,4.74566018507238,4.653211984499316,4.74566018507238,34492
1990-04-12,4.7764763832092285,4.807292636538441,4.637804892566954,4.668620596116439,73660
1990-04-16,4.838107109069824,4.868923354558087,4.745659472164212,4.745659472164212,55654
1990-04-17,4.868924140930176,4.899739841615844,4.807292189779161,4.822700315011834,16135
1990-04-18,4.8072943687438965,4.899742062483624,4.776478104310703,4.899742062483624,81377
1990-04-19,4.730250835418701,4.745658956488547,4.69943514305854,4.745658956488547,52264
1990-04-20,4.514542102813721,4.684030174193322,4.514542102813721,4.684030174193322,42325
1990-04-23,4.5299506187438965,4.591582599951296,4.3450546751216965,4.4991346281401965,107918
1990-04-24,4.560765266418457,4.606989101268293,4.529949284888603,4.529949284888603,101604
1990-04-25,4.653212547302246,4.653212547302246,4.591580864282285,4.606988716314809,101955
1990-04-26,4.622397422790527,4.6994375172819876,4.606989293936274,4.684029388427734,43378
1990-04-27,4.653212547302246,4.668620674224638,4.606988716314809,4.653212547302246,133992
1990-04-30,4.6686201095581055,4.699436359675683,4.653211984499316,4.653211984499316,23501
1990-05-01,4.7764763832092285,4.776476383209228,4.668620596116439,4.668620596116439,49458
1990-05-02,4.822700023651123,4.838107598173279,4.745659951921768,4.791883775047523,121013
1990-05-03,4.868924140930176,4.868924140930176,4.822700315011834,4.822700315011834,36012
1990-05-04,4.945963382720947,4.945963382720947,4.868923319337172,4.868923319337172,51796
1990-05-07,4.945963382720947,4.961370955574035,4.945963382720947,4.945963382720947,86755
1990-05-08,4.976778984069824,4.992187106411048,4.9151470444845025,4.930555166825727,79156
1990-05-09,5.007599353790283,5.053823209111541,4.9459673634352646,4.9459673634352646,54836
1990-05-10,5.069227695465088,5.1000433935723555,5.007595749470921,5.007595749470921,58110
1990-05-11,5.161673545837402,5.161673545837402,5.084633502671911,5.100041621260898,71790
1990-05-14,5.161673545837402,5.1924897830153744,5.146265427248416,5.161673545837402,102774
1990-05-15,5.074771881103516,5.152367921979769,5.043733797001331,5.152367921979769,41741
1990-05-16,5.043733596801758,5.090290997980641,5.043733596801758,5.074771679671955,28646
1990-05-17,5.012690544128418,5.043729153401546,5.012690544128418,5.043729153401546,86171
1990-05-18,5.043733596801758,5.090290997980641,5.028214278493072,5.090290997980641,39519
1990-05-21,5.0282135009765625,5.043732816885484,4.981656106996884,5.01269418506764,19760
1990-05-22,5.090287685394287,5.105806993603534,5.0282110063041126,5.0282110063041126,97629
1990-05-23,5.059248447418213,5.090287060023437,5.012691082257124,5.090287060023437,55421
1990-05-24,5.090287685394287,5.090287685394287,5.0282110063041126,5.0282110063041126,42793
1990-05-25,5.059248447418213,5.121325118881914,5.043729694862348,5.059248447418213,23969
1990-05-29,5.214441776275635,5.214441776275635,5.183403155495786,5.214441776275635,105229
1990-05-30,5.229964256286621,5.261002342130217,5.1989256166957984,5.214444936491209,41507
1990-05-31,5.276519298553467,5.276519298553467,5.229961913767681,5.260999985709212,54836
1990-06-01,5.307553291320801,5.338591893154277,5.26099594231714,5.26099594231714,69217
1990-06-04,5.447228908538818,5.447228908538818,5.276518165161485,5.3230755399467835,42208
1990-06-05,5.416192054748535,5.462749439947706,5.338596043585259,5.447230126965654,48288
1990-06-06,5.416192054748535,5.447230126965654,5.369634115802379,5.400672741766483,83482
1990-06-07,5.416192054748535,5.416192054748535,5.385153428784431,5.416192054748535,55537
1990-06-08,5.369630336761475,5.431706991254362,5.369630336761475,5.431706991254362,134810
1990-06-11,5.431711196899414,5.431711196899413,5.369634494342009,5.400673122494223,44079
1990-06-12,5.524820804595947,5.524820804595947,5.447224868341976,5.46274416634206,41507
1990-06-13,5.509307861328125,5.524827177229024,5.493788545427226,5.524827177229024,30166
1990-06-14,5.462751388549805,5.509308790356331,5.462751388549805,5.478270707067707,60799
1990-06-15,5.462751388549805,5.478270707067707,5.447232070031902,5.462751388549805,94005
1990-06-18,5.462751388549805,5.493789471838428,5.431712751513999,5.478270707067707,41390
1990-06-19,5.478271007537842,5.478271007537842,5.44723236879964,5.462751688168741,29464
1990-06-20,5.478271007537842,5.49378977315973,5.462751688168741,5.462751688168741,22215
1990-06-21,5.369630336761475,5.462745595374104,5.307553682268588,5.462745595374104,48171
1990-06-22,5.307553291320801,5.4161878439914135,5.26099594231714,5.369629941241199,39753
1990-06-25,5.183403968811035,5.307557363917251,5.183403968811035,5.245480666364143,40455
1990-06-26,5.1523637771606445,5.183401836294261,5.1523637771606445,5.183401836294261,18357
1990-06-27,5.167882919311523,5.214440283405244,5.152363613364705,5.152363613364705,41858
1990-06-28,5.167882919311523,5.214440283405244,5.152363613364705,5.1989209774584255,13446
1990-06-29,5.043733596801758,5.136848399159524,4.966137559005503,5.136848399159524,72140
1990-07-02,5.090287685394287,5.090287685394287,5.012691698094866,5.04373031451336,35661
1990-07-03,5.090287685394287,5.121325748065967,5.090287685394287,5.105806993603534,46184
1990-07-05,4.888538837432861,5.074768893656465,4.8730195276441775,5.074768893656465,31686
1990-07-06,4.935094356536865,4.9506136604874,4.857498944277519,4.857498944277519,59396
1990-07-09,4.888538837432861,4.919577457010231,4.8730195276441775,4.904058147221546,40572
1990-07-10,4.826464653015137,4.919580006251132,4.826464653015137,4.919580006251132,47119
1990-07-11,5.012690544128418,5.028209848764982,4.857499159002843,4.857499159002843,64657
1990-07-12,5.043733596801758,5.090290997980641,4.981656877314189,5.012694960184386,32270
1990-07-13,5.059248447418213,5.090287060023437,5.043729694862348,5.043729694862348,30867
1990-07-16,5.074771881103516,5.090291200028205,5.059252562178825,5.090291200028205,18590
1990-07-17,5.167882919311523,5.214440283405244,5.090286943324166,5.090286943324166,77285
1990-07-18,5.136846542358398,5.152365855057363,5.105808470707443,5.136846542358398,32387
1990-07-19,5.105808258056641,5.136846328414896,5.090288946004036,5.121327016362293,22215
1990-07-20,5.090287685394287,5.1678836726937085,5.090287685394287,5.121325748065967,47236
1990-07-23,4.997171878814697,5.07476785817822,4.966133819317342,5.059248551556164,38584
1990-07-24,4.904056549072266,4.966133214250395,4.904056549072266,4.966133214250395,31335
1990-07-25,4.966134071350098,4.997172132422643,4.904057395458222,4.904057395458222,53901
1990-07-26,4.981654167175293,5.01269223316004,4.935096237577861,4.950615547443672,12394
1990-07-27,4.981654167175293,5.059249609010599,4.981654167175293,5.01269223316004,100903
1990-07-30,5.090287685394287,5.090287685394287,4.981653635423186,5.012691698094866,61267
1990-07-31,5.136846542358398,5.167885167756327,5.105808470707443,5.121327229659434,170705
1990-08-01,5.136846542358398,5.167885167756327,5.136846542358398,5.167885167756327,58461
1990-08-02,5.105808258056641,5.121327016362293,5.059250321898829,5.121327016362293,50159
1990-08-03,5.0282135009765625,5.105809526774084,5.028213500976562,5.105809526774084,23852
1990-08-06,4.857499122619629,4.873017873393269,4.841979818099306,4.873017873393269,22917
1990-08-07,4.826464653015137,4.919580006251132,4.810945335184611,4.873022052759556,49925
1990-08-08,4.748867511749268,4.85750215751823,4.748867511749268,4.85750215751823,93303
1990-08-09,4.717828750610352,4.764386132738848,4.717828750610352,4.733348062568833,12394
1990-08-10,4.6247124671936035,4.702308175521897,4.562635789781609,4.702308175521897,21747
1990-08-13,4.615326881408691,4.615326881408691,4.568391491942612,4.584036528724153,12511
1990-08-14,4.615326881408691,4.6309721973116895,4.599681844627151,4.615326881408691,20929
1990-08-15,4.630971431732178,4.662261779243882,4.630971431732178,4.630971431732178,49224
1990-08-16,4.584036350250244,4.6309720170103965,4.584036350250244,4.6309720170103965,19526
1990-08-17,4.552746295928955,4.630972319260987,4.537101258735428,4.615327002945995,19643
1990-08-20,4.505810737609863,4.537101089954376,4.490165421876879,4.537101089954376,24787
1990-08-21,4.3806471824646,4.505808530535017,4.365001874395139,4.505808530535017,37999
1990-08-22,4.192905426025391,4.396292489965955,4.192905426025391,4.396292489965955,28178
1990-08-23,3.9269399642944336,4.099037080518168,3.9269399642944336,4.099037080518168,49107
1990-08-24,4.161616325378418,4.192906673689534,3.9582289217954556,3.9582289217954556,126275
1990-08-27,4.286776542663574,4.3180668823910455,4.224195863208631,4.255486202936103,35427
1990-08-28,4.224197864532471,4.2554882190845635,4.224197864532471,4.2554882190845635,15901
1990-08-29,4.286776542663574,4.302421572966638,4.192905523481159,4.192905523481159,44313
1990-08-30,4.255487442016602,4.318068139693317,4.208551779198355,4.318068139693317,21280
1990-08-31,4.27113151550293,4.318067167756616,4.27113151550293,4.318067167756616,16954
1990-09-04,4.130325794219971,4.239841868899949,4.099035447294061,4.239841868899949,11809
1990-09-05,4.083390235900879,4.130325897018615,4.067745201609242,4.130325897018615,13095
1990-09-06,3.9269399642944336,4.005166002338363,3.9269399642944336,3.98952068308097,118792
1990-09-07,3.9738736152648926,4.020808990845129,3.9112929284103273,3.9112929284103273,34959
1990-09-10,3.942582607269287,4.005163283575149,3.942582607269287,3.98951797493802,20227
1990-09-11,3.8800041675567627,3.9425848799367107,3.8800041675567627,3.9425848799367107,62085
1990-09-12,3.8330681324005127,3.880003801821994,3.770487425919513,3.880003801821994,54836
1990-09-13,3.942582607269287,3.942582607269287,3.817421254657564,3.8330662841733654,30750
1990-09-14,3.9269399642944336,3.9269399642944336,3.880004564765289,3.9112949241585575,47821
1990-09-17,3.942582607269287,3.942582607269287,3.9112922691163563,3.9112922691163563,47236
1990-09-18,3.942582607269287,3.973872945422218,3.895646960479227,3.942582607269287,27009
1990-09-19,3.9269399642944336,3.942585283551826,3.880004564765289,3.942585283551826,24436
1990-09-20,3.9269399642944336,3.9738756429450945,3.895649604901165,3.958230323687702,27243
1990-09-21,3.9112930297851562,4.0051640625,3.880002685546875,4.0051640625,56005
1990-09-24,3.7235512733459473,3.8800030075201466,3.6609705796762673,3.8800030075201466,31101
1990-09-25,3.6609718799591064,3.692262237907475,3.59839116406237,3.676616919372539,51796
1990-09-26,3.5514538288116455,3.7235508567075555,3.5514538288116455,3.6922605133738786,19760
1990-09-27,3.61403489112854,3.6140348911285396,3.5670995108101597,3.5827445445424857,57174
1990-09-28,3.6609718799591064,3.707907277320907,3.5671008061140013,3.5827458455274335,69568
1990-10-01,3.8487136363983154,3.8487136363983154,3.6922618625609855,3.6922618625609855,30633
1990-10-02,3.8487136363983154,4.005165410235645,3.8487136363983154,3.8800039911657813,34258
1990-10-03,3.8800041675567627,3.9425848799367107,3.817423455176815,3.848713811366789,46535
1990-10-04,3.8800041675567627,3.9738752361266845,3.8330684937110577,3.8800041675567627,35193
1990-10-05,3.8330681324005127,3.864358485641013,3.7861327421004938,3.833068132400513,40572
1990-10-08,3.8330681324005127,3.864358485641013,3.817423095340994,3.848713448581494,5261
1990-10-09,3.7391958236694336,3.817421820201459,3.7391958236694336,3.817421820201459,17889
1990-10-10,3.645324468612671,3.801776168534274,3.6453244686126713,3.754840798118465,22917
1990-10-11,3.2854862213134766,3.6296800159272693,3.2854862213134766,3.6296800159272693,111777
1990-10-12,3.097745656967163,3.3167781781668615,3.097745656967163,3.3167781781668615,106398
1990-10-15,3.1603236198425293,3.191613952712258,3.0977429541030737,3.1290332869728017,110490
1990-10-16,2.972583770751953,3.1290355481599508,2.9412934152703536,3.1290355481599508,54134
1990-10-17,2.9256467819213867,2.988227464733837,2.910001750778952,2.988227464733837,94706
1990-10-18,3.003871440887451,3.0977424234151845,2.9256454825537244,2.9412907858689628,78805
1990-10-19,2.956937313079834,3.05080834332239,2.8943566262514633,3.035163311175985,156207
1990-10-22,2.941291093826294,2.9569361196583563,2.878710432255522,2.9569361196583563,85119
1990-10-23,2.9882280826568604,3.0664540919091268,2.910002352526008,2.9412927004026317,48405
1990-10-24,3.0195205211639404,3.0664562150365273,2.9725851064129603,3.0038754759541493,102423
1990-10-25,3.035163640975952,3.0508086748223424,2.9569376343797873,3.003873294161767,27593
1990-10-26,3.003871440887451,3.019516465081457,2.9882261375722132,3.0038714408874516,63839
1990-10-29,3.003871440887451,3.0038714408874516,2.9882261375722132,3.0038714408874516,45716
1990-10-30,2.956937313079834,3.0195179999082047,2.956937313079834,3.003872967761799,60097
1990-10-31,2.941291093826294,2.9882264504437424,2.9256457888729703,2.9882264504437424,49575
1990-11-01,2.941291093826294,2.9882264504437424,2.910000763040908,2.941291093826294,209289
1990-11-02,3.0820987224578857,3.191615065237509,2.9569373473505327,2.9569373473505327,74829
1990-11-05,3.191615581512451,3.191615581512451,3.050808872179132,3.1133895698558467,26073
1990-11-06,3.2072594165802,3.2072594165802,3.1290337133081554,3.144678742314037,134693
1990-11-07,3.233253240585327,3.2649518017675363,3.217403818612809,3.2649518017675363,32504
1990-11-08,3.233253240585327,3.233253240585327,3.201554679403118,3.201554679403118,38350
1990-11-09,3.233253240585327,3.2808009409772274,3.201554679403118,3.2649518017675363,76817
1990-11-12,3.28080153465271,3.28080153465271,3.2332538256568424,3.2332538256568424,5963
1990-11-13,3.42344331741333,3.42344331741333,3.2332520220014787,3.2332520220014787,38818
1990-11-14,3.486842632293701,3.5026917756044953,3.4234454935247247,3.4234454935247247,44781
1990-11-15,3.486842632293701,3.5026917756044953,3.455144062909213,3.4709932062200073,56356
1990-11-16,3.42344331741333,3.486840415883947,3.375895352179007,3.486840415883947,66411
1990-11-19,3.4392943382263184,3.4709929048586474,3.4075957715939884,3.4709929048586474,71322
1990-11-20,3.4551427364349365,3.47099187366104,3.423444179219937,3.47099187366104,110023
1990-11-21,3.4075958728790283,3.4234452980477283,3.3758973053045125,3.3917467304732125,51913
1990-11-23,3.4551427364349365,3.455142736434936,3.3917456220049376,3.3917456220049376,20578
1990-11-26,3.4075958728790283,3.4234452980477283,3.3917467304732125,3.4234452980477283,24553
1990-11-27,3.4075958728790283,3.4234452980477283,3.3917467304732125,3.4234452980477283,34258
1990-11-28,3.486842632293701,3.486842632293701,3.407596067451031,3.407596067451031,36246
1990-11-29,3.486842632293701,3.5185412016781896,3.4709932062200073,3.4709932062200073,92835
1990-11-30,3.550236940383911,3.5819354844944815,3.455141308052199,3.455141308052199,106047
1990-12-03,3.5977888107299805,3.6294873918058523,3.550241080497674,3.566090229654108,46301
1990-12-04,3.581936836242676,3.581936836242676,3.486841168023844,3.566087416824813,34609
1990-12-05,3.581936836242676,3.61363539231562,3.566087416824813,3.597785972897757,23033
1990-12-06,3.5977888107299805,3.6453368237252906,3.5819396615735464,3.6294873918058523,27593
1990-12-07,3.566086530685425,3.645333042557153,3.566086530685425,3.645333042557153,18707
1990-12-10,3.581936836242676,3.597785972897757,3.4234440558779555,3.597785972897757,34141
1990-12-11,3.5343894958496094,3.597786619387386,3.4868417945776935,3.5660880576184977,24086
1990-12-12,3.581936836242676,3.581936836242676,3.534388860751869,3.5502382801697316,32855
1990-12-13,3.740431070327759,3.7404310703277592,3.5026916660017524,3.55023965997211,124872
1990-12-14,3.6928815841674805,3.708731003340924,3.645333892172703,3.677032447756814,37181
1990-12-17,3.740431070327759,3.7404310703277592,3.645335365149935,3.6611845079647933,27593
1990-12-18,3.7245795726776123,3.740428989437954,3.6770318879220563,3.7087304386800053,72374
1990-12-19,3.566086530685425,3.7245792716661703,3.566086530685425,3.7245792716661703,38233
1990-12-20,3.581936836242676,3.629484528970701,3.534388860751869,3.534388860751869,17070
1990-12-21,3.677032947540283,3.6770329475402828,3.581937267862517,3.6770329475402828,63605
1990-12-24,3.661184549331665,3.661184549331665,3.581938268836205,3.645335406337731,10406
1990-12-26,3.7087316513061523,3.7404302124284268,3.6770330901838775,3.6770330901838775,15317
1990-12-27,3.629485607147217,3.6928827381258835,3.629485607147217,3.6928827381258835,7600
1990-12-28,3.7087316513061523,3.708731651306152,3.6136359679393277,3.6453345290616026,26424
1990-12-31,3.677032947540283,3.7404300673254602,3.6136358277551057,3.7404300673254602,35193
1991-01-02,3.661184549331665,3.7404311125900196,3.661184549331665,3.6770339750884937,27710
1991-01-03,3.5977888107299805,3.6294873918058523,3.5819396615735464,3.6136382426494182,47236
1991-01-04,3.7245795726776123,3.7721275401959025,3.5660868188878685,3.5977853696458175,34959
1991-01-07,3.581936836242676,3.6770325044615078,3.581936836242676,3.6770325044615078,20227
1991-01-08,3.5977888107299805,3.6136382426494182,3.550241080497674,3.59778881072998,48522
1991-01-09,3.581936836242676,3.6770325044615078,3.581936836242676,3.629484528970701,64657
1991-01-10,3.5977888107299805,3.59778881072998,3.550241080497674,3.5819396615735464,23150
1991-01-11,3.566086530685425,3.5977850788815737,3.566086530685425,3.5977850788815737,19526
1991-01-14,3.6136367321014404,3.6453352999268915,3.5185410286250867,3.5502395964505378,48873
1991-01-15,3.677032947540283,3.6770329475402828,3.5502387079699282,3.629484966319992,37415
1991-01-16,3.7087316513061523,3.708731651306152,3.6294851071190517,3.6453345290616026,26073
1991-01-17,3.819676637649536,3.898923185234917,3.803827497790163,3.835526060271748,72140
1991-01-18,3.962319850921631,3.9623198509216313,3.835525615692139,3.8513747537144227,59864
1991-01-21,3.994018316268921,3.9940183162689205,3.9306212001376677,3.9306212001376677,12160
1991-01-22,3.994018316268921,4.009867453920334,3.9623197582032943,3.9940183162689205,104527
1991-01-23,4.152514457702637,4.152514457702637,3.994021539469712,3.994021539469712,63956
1991-01-24,4.152514457702637,4.279308792288977,4.057418706762882,4.120815874056052,88509
1991-01-25,4.0257158279418945,4.120811477420837,3.930620178462952,4.120811477420837,90965
1991-01-28,4.041565418243408,4.152510496555664,4.009866864834586,4.0574148363291975,29113
1991-01-29,4.104962348937988,4.104962348937988,4.025716110197365,4.057414662246163,20578
1991-01-30,4.184209823608398,4.24760694214792,4.120812705068878,4.120812705068878,47002
1991-01-31,4.184209823608398,4.184209823608398,4.152511264338638,4.152511264338638,31569
1991-02-01,4.073266506195068,4.215910226674546,4.073266506195068,4.215910226674546,38233
1991-02-04,4.0574164390563965,4.0574164390563965,3.9940193071961403,4.041567014709898,55537
1991-02-05,4.0574164390563965,4.089115004986525,4.025717873126268,4.089115004986525,41624
1991-02-06,4.089115142822266,4.136662851938759,4.025718008825021,4.025718008825021,341643
1991-02-07,4.067335605621338,4.195440664066104,4.067335605621338,4.115374859695094,47587
1991-02-08,4.115375995635986,4.131389275204657,4.03531045485106,4.03531045485106,27710
1991-02-11,4.17943000793457,4.243482577295148,4.099364439076969,4.147403723254281,61150
1991-02-12,4.163415908813477,4.243481456524499,4.163415908813477,4.211455180302857,38818
1991-02-13,4.1954426765441895,4.211455673687899,4.17942939371428,4.211455673687899,24436
1991-02-14,4.1954426765441895,4.227468956517809,4.163416396570569,4.1954426765441895,112595
1991-02-15,4.1954426765441895,4.227468956517809,4.163416396570569,4.227468956517809,30633
1991-02-19,4.339560508728027,4.339560508728027,4.163416123278563,4.163416123278563,132472
1991-02-20,4.323546409606934,4.323546409606934,4.2434805925119,4.323546409606934,78337
1991-02-21,4.307534217834473,4.419626332888503,4.307534217834473,4.32354749956484,69568
1991-02-22,4.2274675369262695,4.323546344583685,4.163414998487993,4.291520075364547,27126
1991-02-25,4.147401332855225,4.2915196736955,4.099362076365851,4.259493407473892,20344
1991-02-26,4.0192952156066895,4.115373989115447,3.9552426999341845,4.115373989115447,30283
1991-02-27,4.003283500671387,4.019296491831026,3.9712572326660154,4.019296491831026,47002
1991-02-28,4.08335018157959,4.099363462949825,4.035310908841233,4.035310908841233,46768
1991-03-01,4.051322937011719,4.147401745229619,4.035309945151788,4.115375475823652,64657
1991-03-04,4.099362373352051,4.147401633321722,4.01929655915447,4.035309836268425,93069
1991-03-05,4.115375995635986,4.131389275204657,4.099363001753457,4.099363001753457,77402
1991-03-06,4.211455345153809,4.25949490420979,4.163416071784004,4.163416071784004,89562
1991-03-07,4.1954426765441895,4.2594952364914285,4.1954426765441895,4.227468956517809,66177
1991-03-08,4.243481636047363,4.259494917678718,4.195442362525655,4.227468640102186,69451
1991-03-11,4.211455345153809,4.291521181685051,4.195442349259267,4.275507900104332,33673
1991-03-12,4.1313886642456055,4.211454193190262,4.099362395530523,4.19544120167577,104995
1991-03-13,4.08335018157959,4.179429012742476,4.08335018157959,4.115376458633886,15083
1991-03-14,4.067335605621338,4.163414399454913,4.051322330472711,4.09936187023253,73426
1991-03-15,4.08335018157959,4.099363462949825,4.035310908841233,4.0673371858955285,50978
1991-03-18,4.163415908813477,4.227468461256761,4.115376351637931,4.115376351637931,43728
1991-03-19,4.099362373352051,4.1954411789774895,4.099362373352051,4.131388641893864,13212
1991-03-20,3.971257448196411,4.06733625742697,3.9072049087093728,4.06733625742697,187541
1991-03-21,4.035309314727783,4.083348568488655,3.9712567859225802,3.9712567859225802,83014
1991-03-22,3.987269878387451,4.035309419076635,3.9872698783874507,4.035309419076635,16135
1991-03-25,3.987269878387451,3.9872698783874507,3.9712568886151014,3.9712568886151014,46535
1991-03-26,3.971257448196411,4.003283717939931,3.939231178452892,3.9552441704815977,133524
1991-03-27,3.971257448196411,3.9712574481964116,3.9552441704815977,3.9712574481964116,43027
1991-03-28,3.9072060585021973,3.9712586168382993,3.9072060585021977,3.955245334411178,98448
1991-04-01,3.87518048286438,3.9232197674947833,3.8591671975300827,3.9072067678467297,25606
1991-04-02,3.9072060585021973,3.9872716135792285,3.8751797793341467,3.9072060585021977,82195
1991-04-03,3.9072060585021973,3.923219055243127,3.8911927760750764,3.923219055243127,50393
1991-04-04,3.87518048286438,3.9072067678467297,3.8751804828643794,3.891193482512433,37181
1991-04-05,3.87518048286438,3.891193482512433,3.8591671975300827,3.891193482512433,95641
1991-04-08,3.9072060585021973,3.923219055243127,3.8751797793341467,3.8751797793341467,43612
1991-04-09,3.8911919593811035,3.939231510893604,3.8911919593811035,3.8911919593811035,42442
1991-04-10,3.939232587814331,3.9392325878143315,3.8911930231686127,3.9072063066125886,41039
1991-04-11,3.8911919593811035,3.9712577833398934,3.8911919593811035,3.939231510893604,42793
1991-04-12,3.971257448196411,3.9712574481964116,3.891191630994559,3.9232179007380785,54485
1991-04-15,3.939232587814331,3.98727186677384,3.8911930231686127,3.971258869016074,18824
1991-04-16,4.051322937011719,4.051322937011719,3.9072048675279216,3.9232178593878526,102189
1991-04-17,4.307534217834473,4.32354749956484,4.03531099959385,4.03531099959385,189178
1991-04-18,4.211455345153809,4.291521181685051,4.195442349259267,4.24348162262907,117739
1991-04-19,4.115375995635986,4.227468095558253,4.115375995635986,4.227468095558253,167782
1991-04-22,4.1313886642456055,4.1794279244751795,4.115375387045015,4.1313886642456055,50978
1991-04-23,4.115375995635986,4.131389275204657,4.067336728302259,4.131389275204657,141825
1991-04-24,4.259494304656982,4.259494304656982,4.115375933460858,4.147402206428204,63254
1991-04-25,4.307534217834473,4.355573777339393,4.259494944015731,4.259494944015731,67113
1991-04-26,4.339560508728027,4.387600068378178,4.2915212347640574,4.2915212347640574,28996
1991-04-29,4.1954426765441895,4.339560793582378,4.1954426765441895,4.275508233635139,62553
1991-04-30,4.3555731773376465,4.371586171175965,4.1954418105237625,4.1954418105237625,52264
1991-05-01,4.483675956726074,4.483675956726074,4.307531401297411,4.339557658131168,46768
1991-05-02,4.46766471862793,4.515704268583582,4.451651725766794,4.451651725766794,73426
1991-05-03,4.387598991394043,4.467664523576427,4.355572721383868,4.467664523576427,14147
1991-05-06,4.419626235961914,4.435639231654921,4.355573681817538,4.355573681817538,23150
1991-05-07,4.595771312713623,4.643810878437115,4.515705750756092,4.547732032676348,80325
1991-05-08,4.611782550811768,4.77191388938162,4.611782550811768,4.723874344967619,85703
1991-05-09,4.627795696258545,4.675835242275659,4.579756435927529,4.643808973492949,23969
1991-05-10,4.595771312713623,4.643810878437115,4.595771312713623,4.595771312713623,63722
1991-05-13,4.5477294921875,4.595768745388705,4.483676964128521,4.595768745388705,45132
1991-05-14,4.461094856262207,4.5257484049036885,4.412604550597736,4.5257484049036885,27827
1991-05-15,4.54191255569458,4.622729651833092,4.461095747922844,4.461095747922844,45482
1991-05-16,4.832850933074951,4.91366798490472,4.558073591260299,4.574236828606281,200286
1991-05-17,4.9783244132995605,5.107631540917731,4.897507314354811,4.92983438462614,444768
1991-05-20,5.09146785736084,5.09146785736084,4.978324268176579,5.059141364765432,336616
1991-05-21,5.689517021179199,5.689517021179199,5.07530750893494,5.07530750893494,445352
1991-05-22,5.36624813079834,5.786496190024069,5.333921046462763,5.689516090484987,514219
1991-05-23,5.52787971496582,5.592533282256261,5.20461187851362,5.285428981810071,373914
1991-05-24,5.915799617767334,6.077433783350841,5.641022459048906,5.65718541422049,570458
1991-05-28,5.36624813079834,5.495555314672999,5.317758081028799,5.463228230337422,493290
1991-05-29,5.2531023025512695,5.463225956335796,5.17228520208529,5.414735926749643,551750
1991-05-30,5.38240909576416,5.4308991223157355,5.269264931499088,5.3015920003558366,265294
1991-05-31,5.52787971496582,5.592533282256261,5.430899652396962,5.430899652396962,293472
1991-06-03,5.430896759033203,5.4793867644841034,5.366243226187569,5.430896759033203,151062
1991-06-04,5.479389667510986,5.560206770568936,5.463226131552676,5.479389667510986,90146
1991-06-05,5.4470624923706055,5.511716051399534,5.3985718905487605,5.511716051399534,107334
1991-06-06,5.4470624923706055,5.511716051399534,5.4147354244893755,5.479388983518304,94940
1991-06-07,5.430896759033203,5.527876769935004,5.382406753582302,5.430896759033203,140422
1991-06-10,5.36624813079834,5.430901722735669,5.333921046462763,5.430901722735669,41039
1991-06-11,5.350082874298096,5.382409948275075,5.301592840066265,5.317756377054756,80676
1991-06-12,5.2046098709106445,5.333916955613187,5.139956328559373,5.333916955613187,149074
1991-06-13,5.2046098709106445,5.285426943033079,5.139956328559373,5.1722833881017,61150
1991-06-14,5.350082874298096,5.4147364455184155,5.220775731857455,5.220775731857455,160533
1991-06-17,5.350082874298096,5.447063519495396,5.269265766089285,5.317756377054756,210692
1991-06-18,5.31775426864624,5.3985707680789,5.301590738066343,5.333917222492725,81611
1991-06-19,5.285426139831543,5.301589667146411,5.220772607305368,5.301589667146411,83715
1991-06-20,5.301590919494629,5.301590919494629,5.2046103094298415,5.269263857228556,56356
1991-06-21,5.2207746505737305,5.3339182325925165,5.188448160025586,5.253101717855395,162286
1991-06-24,5.172281265258789,5.253098304211744,5.172281265258789,5.220771257937304,108620
1991-06-25,5.0429768562316895,5.204610441462136,5.026813324688611,5.204610441462136,85235
1991-06-26,5.156120300292969,5.172283831449607,4.929833171033764,5.0591402668200045,75882
1991-06-27,5.236937046051025,5.236937046051025,5.139956442016716,5.139956442016716,57642
1991-06-28,5.495553493499756,5.495553493499756,5.188449177752296,5.22077567464136,206950
1991-07-01,5.4470624923706055,5.624859635516776,5.366245399401062,5.463225449577689,129899
1991-07-02,5.333919525146484,5.463226672140746,5.333919525146484,5.463226672140746,93420
1991-07-03,5.31775426864624,5.317754268646239,5.204610131320376,5.301590738066343,38233
1991-07-05,5.285426139831543,5.301589667146411,5.220772607305368,5.285426139831544,18006
1991-07-08,5.31775426864624,5.333917222492725,5.204610131320376,5.220773661900272,27944
1991-07-09,5.301590919494629,5.333917405027272,5.269263857228556,5.333917405027272,66645
1991-07-10,5.31775426864624,5.430897829238693,5.26926367690655,5.301590738066343,98681
1991-07-11,5.2531023025512695,5.350082361723577,5.2531023025512695,5.28542879669751,66996
1991-07-12,5.333919525146484,5.333919525146484,5.2046123781522216,5.269265951649353,56824
1991-07-15,5.398571968078613,5.44706257059684,5.253101890724551,5.285428382336496,63488
1991-07-16,5.31775426864624,5.430897829238693,5.317754268646239,5.430897829238693,25372
1991-07-17,5.333919525146484,5.350083062704182,5.253102990825315,5.253102990825315,47938
1991-07-18,5.31775426864624,5.350080753072621,5.301590738066343,5.301590738066343,63956
1991-07-19,5.301590919494629,5.317754450627666,5.269263857228556,5.317754450627666,47002
1991-07-22,5.333919525146484,5.350083062704182,5.301593026764748,5.301593026764748,14615
1991-07-23,5.301590919494629,5.3662444672933445,5.301590919494629,5.3662444672933445,49458
1991-07-24,5.285426139831543,5.317753194461279,5.285426139831544,5.317753194461279,55888
1991-07-25,5.2046098709106445,5.301590472804243,5.1722833881017,5.301590472804243,17187
1991-07-26,5.156120300292969,5.204610317029451,5.139956769136331,5.204610317029451,24203
1991-07-29,5.059142112731934,5.1561221815896845,5.059142112731934,5.139958644535512,64190
1991-07-30,5.0753045082092285,5.0753045082092285,4.978324450144628,5.059141549687514,103241
1991-07-31,5.2046098709106445,5.2046098709106445,5.042976303399158,5.042976303399158,59396
1991-08-01,5.09146785736084,5.172284953949693,5.075304322696358,5.172284953949693,33907
1991-08-02,5.0268144607543945,5.107631560001097,5.0106509255583385,5.107631560001097,58344
1991-08-05,4.994487285614014,5.042977307852296,4.97832375262342,5.042977307852296,48990
1991-08-06,5.0268144607543945,5.0268144607543945,4.9459973615076915,4.978324431899803,65593
1991-08-07,4.994487285614014,5.107630863081171,4.97832375262342,5.01065024187111,139721
1991-08-08,5.0212225914001465,5.037525407577267,5.004919775223027,5.004919775223027,34842
1991-08-09,5.053825855255127,5.086431476081547,5.021220816131783,5.037523626544993,52848
1991-08-12,5.0212225914001465,5.053827642051104,5.004919775223027,5.0212225914001465,37415
1991-08-13,5.070133686065674,5.119041584030355,5.021225788100993,5.021225788100993,33439
1991-08-14,5.1516432762146,5.167946090236017,5.0538269737893025,5.0538269737893025,49224
1991-08-15,5.102737903594971,5.167948609769655,5.102737903594971,5.135342965830569,14732
1991-08-16,4.907104015350342,5.135341113797518,4.8255905166035165,5.135341113797518,76233
1991-08-19,4.727776527404785,4.809289770382434,4.6951711720433735,4.6951711720433735,61617
1991-08-20,4.695167064666748,4.792983045180639,4.662561737828785,4.760377718342675,93537
1991-08-21,4.727776527404785,4.809289770382434,4.711473704298197,4.727776527404785,101020
1991-08-22,4.858196258544922,4.907104419996373,4.71147206504223,4.727774882476602,208938
1991-08-23,5.0212225914001465,5.15164395741054,4.9560119083949505,4.9560119083949505,188477
1991-08-26,4.939707279205322,5.070128597347397,4.907102240521337,4.988615128082833,83248
1991-08-27,4.92340612411499,4.92340612411499,4.890801074470155,4.890801074470155,29464
1991-08-28,5.053825855255127,5.053825855255127,4.8907994962322565,4.956010156182019,36713
1991-08-29,5.0212225914001465,5.053827642051104,5.0212225914001465,5.0212225914001465,40221
1991-08-30,4.988616943359375,5.053827626159519,4.923406260559231,5.053827626159519,74245
1991-09-03,4.890801906585693,5.0538283459535345,4.890801906585693,4.988617653865726,46651
1991-09-04,4.809289932250977,4.858198112365103,4.727776686529798,4.858198112365103,54953
1991-09-05,4.858196258544922,4.890801602562002,4.825590914527842,4.8418934411105505,47587
1991-09-06,4.874497890472412,4.874497890472412,4.841892552439648,4.858195366881835,25489
1991-09-09,4.858196258544922,4.8744987851276305,4.8418934411105505,4.8744987851276305,33089
1991-09-10,4.727776527404785,4.825592593489023,4.727776527404785,4.825592593489023,62085
1991-09-11,4.809289932250977,4.809289932250977,4.760382042988624,4.760382042988624,14732
1991-09-12,4.792987823486328,4.8418957170755945,4.744079639045261,4.8418957170755945,25255
1991-09-13,4.62995719909668,4.825589193424708,4.62995719909668,4.792983861036704,132121
1991-09-16,4.6462602615356445,4.678865597724848,4.597352402677637,4.662563075056043,46651
1991-09-17,4.727776527404785,4.744079059659609,4.662565816681961,4.6951711720433735,50627
1991-09-18,4.760379791259766,4.760379791259766,4.678866293243883,4.711471634279908,132939
1991-09-19,4.776684761047363,4.809290118770731,4.727776869888206,4.727776869888206,14264
1991-09-20,4.82559061050415,4.858195952467016,4.760379926578418,4.82559061050415,79272
1991-09-23,4.841894626617432,4.874499978617724,4.825592096043153,4.858197448043445,24670
1991-09-24,4.858196258544922,4.907104419996373,4.8418934411105505,4.890801602562002,53199
1991-09-25,4.907104015350342,4.907104015350342,4.841893041841898,4.841893041841898,18123
1991-09-26,4.890801906585693,4.923406961777916,4.8744990881379,4.8744990881379,20227
1991-09-27,4.92340612411499,4.988616805107926,4.890801074470155,4.907103890144205,35895
1991-09-30,4.972314834594727,4.972314834594727,4.890801333608757,4.923406384981169,56941
1991-10-01,4.988616943359375,4.988616943359375,4.956011892810943,4.972314708936799,22800
1991-10-02,5.053825855255127,5.053825855255127,4.988615195305363,4.988615195305363,30399
1991-10-03,5.070133686065674,5.184252308551147,5.070133686065674,5.086436512621785,78337
1991-10-04,4.956012725830078,5.070131294485847,4.956012725830078,5.070131294485847,32036
1991-10-07,4.956012725830078,4.972315544696153,4.956012725830078,4.956012725830078,49808
1991-10-08,4.972314834594727,4.972314834594727,4.956012018056874,4.972314834594727,28996
1991-10-09,4.841894626617432,4.972316325470333,4.841894626617432,4.95601350404432,8652
1991-10-10,4.82559061050415,4.841893136059761,4.792985268541284,4.841893136059761,31335
1991-10-11,4.792987823486328,4.8418957170755945,4.776684998388706,4.825593182829773,38701
1991-10-14,4.809289932250977,4.825592755906277,4.711473862874498,4.760382042988624,95641
1991-10-15,4.92340612411499,4.92340612411499,4.809287577803169,4.82559039347722,48639
1991-10-16,5.004920959472656,5.053828837873171,4.923407441002851,4.923407441002851,62670
1991-10-17,5.0212225914001465,5.037525407577267,4.9560119083949505,4.988616959045908,48873
1991-10-18,5.0212225914001465,5.053827642051104,5.004919775223027,5.0212225914001465,40221
1991-10-21,5.053825855255127,5.11903651520489,5.021220816131783,5.021220816131783,16018
1991-10-22,4.956012725830078,5.021223419591,4.923407088097928,5.021223419591,51328
1991-10-23,4.956012725830078,4.956012725830078,4.923407088097928,4.956012725830078,31335
1991-10-24,4.939707279205322,4.939707279205322,4.923404469011795,4.923404469011795,12043
1991-10-25,4.858196258544922,4.93970947316179,4.825590914527842,4.93970947316179,19526
1991-10-28,4.809289932250977,4.890803468823929,4.77668457579215,4.890803468823929,48639
1991-10-29,4.841894626617432,4.858197448043445,4.792986744042862,4.825592096043153,38701
1991-10-30,4.82559061050415,4.890801294429882,4.82559061050415,4.874498478022627,85235
1991-10-31,4.92340612411499,4.9560117554630905,4.792985052980752,4.792985052980752,37532
1991-11-01,4.82559061050415,4.956011978355614,4.82559061050415,4.923406345541102,29698
1991-11-04,4.792987823486328,4.825593182829773,4.792987823486328,4.80929035773215,120078
1991-11-05,4.82559061050415,4.890801294429882,4.809287794096894,4.82559061050415,99851
1991-11-06,4.888132095336914,4.921048810772278,4.8552153799015505,4.871673884433838,62436
1991-11-07,4.871674060821533,4.904590777448706,4.855215555693336,4.888132272320509,17538
1991-11-08,4.871674060821533,4.888132272320509,4.855215555693336,4.888132272320509,19409
1991-11-11,4.871674060821533,4.888132272320509,4.83875734419436,4.855215555693336,59045
1991-11-12,4.838759422302246,4.904592883830168,4.838759422302246,4.871676153066208,23150
1991-11-13,4.904589653015137,4.904589653015137,4.838756234853859,4.838756234853859,47119
1991-11-14,4.921047687530518,4.921047687530518,4.855214271686436,4.904589480384069,23852
1991-11-15,4.690633773803711,4.921050878676192,4.690633773803711,4.921050878676192,37882
1991-11-18,4.591883659362793,4.7070923604543164,4.5754254412807684,4.7070923604543164,72257
1991-11-19,4.542505264282227,4.575421969095866,4.49313006024721,4.558963469874488,116336
1991-11-20,4.542505264282227,4.674172083536784,4.542505264282227,4.608338673909506,90497
1991-11-21,4.558964252471924,4.591880962936086,4.542506044054425,4.542506044054425,23852
1991-11-22,4.5260491371154785,4.575424367027533,4.493132415050532,4.5260491371154785,22098
1991-11-25,4.476673126220703,4.526048050651185,4.476673126220703,4.526048050651185,72725
1991-11-26,4.558964252471924,4.575422754518589,4.476672623126101,4.476672623126101,21163
1991-11-27,4.5260491371154785,4.591882581245371,4.493132415050532,4.575424367027533,23735
1991-11-29,4.5260491371154785,4.558965859180425,4.493132415050532,4.50959092289764,5846
1991-12-02,4.57542085647583,4.591879058065897,4.476670766048294,4.493128967638361,44547
1991-12-03,4.57542085647583,4.57542085647583,4.5260456644475395,4.5425041596666516,18824
1991-12-04,4.558964252471924,4.575422754518589,4.509589333590263,4.5260475420077615,37064
1991-12-05,4.509591102600098,4.575424549353384,4.509591102600098,4.542507825976741,29581
1991-12-06,4.493133068084717,4.558966521782876,4.443758124625754,4.443758124625754,56005
1991-12-09,4.427298545837402,4.52604870255083,4.427298545837402,4.509590489913213,63956
1991-12-10,4.361464977264404,4.476673636790543,4.361464977264404,4.427298413099559,58344
1991-12-11,4.1968793869018555,4.394379600253216,4.114587778153336,4.361462898027989,101371
1991-12-12,4.295631408691406,4.312089913956233,4.279173197055804,4.279173197055804,163689
1991-12-13,4.427298545837402,4.427298545837402,4.3120901764863575,4.345006895390833,53433
1991-12-16,4.493133068084717,4.5095915783239136,4.410841397776674,4.443758124625754,24904
1991-12-17,4.328546524047852,4.493130047654787,4.312088318501716,4.476671842108651,63722
1991-12-18,4.31209135055542,4.345008078422255,4.279174622688585,4.328549567674177,57174
1991-12-19,4.410841464996338,4.410841464996338,4.3120912829441815,4.3120912829441815,37882
1991-12-20,4.377923965454102,4.509590851633173,4.345007243909334,4.509590851633173,121949
1991-12-23,4.657717704772949,4.674176218554378,4.4108423470865255,4.4108423470865255,106632
1991-12-24,4.707091808319092,4.740008534251393,4.67417508238679,4.67417508238679,41273
1991-12-26,4.740005016326904,4.772921717829174,4.690629817258956,4.723546518761226,64073
1991-12-27,4.72354793548584,4.8222980696105875,4.70708972661297,4.740006437987885,99149
1991-12-30,4.805840969085693,4.888132619686923,4.772924250119353,4.789382462787902,70971
1991-12-31,5.036258697509766,5.036258697509766,4.772925187680814,4.805841913113095,174797
1992-01-02,4.921047687530518,5.036256018443088,4.838756064539988,5.036256018443088,43495
1992-01-03,5.200838565826416,5.200838565826416,4.8881297710666205,4.8881297710666205,85703
1992-01-06,5.118551731109619,5.167926682795816,5.10209321812798,5.167926682795816,38584
1992-01-07,5.167925834655762,5.167925834655762,5.036258926928753,5.085634457770352,24670
1992-01-08,5.25021505355835,5.29958997132408,5.069173296911794,5.069173296911794,71906
1992-01-09,5.25021505355835,5.29958997132408,5.233756551883666,5.25021505355835,36830
1992-01-10,5.217300891876221,5.233758813404093,5.102091917629669,5.184383874303327,35895
1992-01-13,5.151468753814697,5.250218657124633,5.135010240843466,5.200843705469665,26775
1992-01-14,5.25021505355835,5.266673555233033,5.167923132443254,5.184381634117937,36246
1992-01-15,5.464176177978516,5.464176177978516,5.233758816603147,5.2666758341961595,29815
1992-01-16,5.497091293334961,5.562924725514173,5.431257861155749,5.464174870874572,56824
1992-01-17,5.530007839202881,5.562924258902277,5.33250755923135,5.4970908322451,74362
1992-01-20,5.497091293334961,5.595841735232995,5.497091293334961,5.530008303053783,39753
1992-01-21,5.497091293334961,5.530008303053783,5.464174870874572,5.464174870874572,59630
1992-01-22,5.546467304229736,5.579383729635598,5.4970917852332155,5.513550291565389,25840
1992-01-23,5.398341655731201,5.57938345468806,5.398341655731201,5.57938345468806,42559
1992-01-24,5.480635643005371,5.513552079082884,5.398343671923574,5.398343671923574,18707
1992-01-27,5.562922477722168,5.579380975931247,5.497089072144046,5.530006068562205,54602
1992-01-28,5.579384803771973,5.612301822773465,5.530009862528334,5.54646837202908,92134
1992-01-29,5.414799690246582,5.579382969366072,5.398341186157111,5.579382969366072,86288
1992-01-30,5.332510471343994,5.414802446420151,5.299593446410049,5.414802446420151,22683
1992-01-31,5.233755588531494,5.365422403177043,5.217297677144459,5.365422403177043,24553
1992-02-03,5.200838565826416,5.266671965393838,5.167921572413633,5.2502134686874475,25840
1992-02-04,5.480635643005371,5.480635643005371,5.299593189173683,5.299593189173683,66762
1992-02-05,5.530007839202881,5.5958412658600585,5.513549335723991,5.513549335723991,64891
1992-02-06,5.493496894836426,5.576480381901195,5.476900078984767,5.5266905265397455,33322
1992-02-07,5.443706035614014,5.576479353555819,5.443706035614014,5.5266895073759965,52848
1992-02-10,5.526691913604736,5.543288141428116,5.443708405713129,5.443708405713129,34024
1992-02-11,5.526691913604736,5.576481781462229,5.443708405713129,5.51009509358768,60331
1992-02-12,5.510093688964844,5.5266905047510715,5.443707018013461,5.5266905047510715,26892
1992-02-13,5.476900577545166,5.576480889526357,5.443707535013824,5.526691029632553,49107
1992-02-14,5.543285369873047,5.543285369873047,5.443705683946329,5.443705683946329,10172
1992-02-18,5.526691913604736,5.609674829302666,5.51009509358768,5.543288141428116,102540
1992-02-19,5.692652702331543,5.725846309509021,5.593073065185293,5.593073065185293,79506
1992-02-20,5.974797248840332,5.974797248840332,5.742443726399934,5.7590405334727945,119961
1992-02-21,5.94160795211792,6.041188274721136,5.94160795211792,5.9748015903835405,98564
1992-02-24,5.974797248840332,6.024587077865697,5.908410612742107,5.908410612742107,73309
1992-02-25,5.742445945739746,5.9582027444929455,5.742445945739746,5.9582027444929455,66879
1992-02-26,5.842027187347412,5.891817043736646,5.742446882375401,5.742446882375401,51094
1992-02-27,5.808834075927734,5.875220754465158,5.808834075927734,5.858624528975998,59980
1992-02-28,5.875218391418457,5.891815202425878,5.792235520768062,5.792235520768062,28412
1992-03-02,6.007991313934326,6.007991313934326,5.842024990969356,5.875218018685023,56824
1992-03-03,6.157361030578613,6.207150865106791,6.007990934800798,6.007990934800798,70620
1992-03-04,6.024588584899902,6.140765079084724,5.991395554644253,6.140765079084724,34609
1992-03-05,6.090976715087891,6.190557014396681,5.9913970079726075,6.024590046279866,85352
1992-03-06,5.958202838897705,6.074379350761939,5.958202838897705,6.05778312920523,41507
1992-03-09,5.991394519805908,6.007990735970539,5.9582009030901215,5.9582009030901215,62787
1992-03-10,5.974797248840332,6.024587077865697,5.974797248840332,6.007990270792837,47821
1992-03-11,5.958202838897705,6.024589501704904,5.958202838897705,5.991396466398032,145801
1992-03-12,5.974797248840332,5.974797248840332,5.941603634694611,5.941603634694611,29932
1992-03-13,6.107572555541992,6.107572555541992,5.974799239117167,6.007992272126667,37532
1992-03-16,6.057783603668213,6.1407664945315785,5.99139693566142,6.074379826524786,48873
1992-03-17,6.223748683929443,6.240345495529729,6.090975375513917,6.107572187114203,63488
1992-03-18,6.323329448699951,6.3565224822654525,6.256942789375525,6.256942789375525,53901
1992-03-19,6.306731700897217,6.373118350380346,6.306731700897217,6.356521539961229,31803
1992-03-20,6.422906398773193,6.422906398773193,6.32332674840743,6.32332674840743,112829
1992-03-23,6.3399271965026855,6.389717647134243,6.306734154941879,6.373120830257057,37064
1992-03-24,6.256943702697754,6.373120225425359,6.256943702697754,6.356523410123271,101604
1992-03-25,6.14076566696167,6.240345951648516,6.14076566696167,6.240345951648516,26190
1992-03-26,6.306731700897217,6.306731700897217,6.157361591511844,6.17395840193096,33206
1992-03-27,6.240346431732178,6.2901362818093345,6.240346431732178,6.2901362818093345,79623
1992-03-30,6.173956394195557,6.240343022090133,6.140762784151698,6.240343022090133,59279
1992-03-31,6.107572555541992,6.140765588551492,6.107572555541992,6.140765588551492,51328
1992-04-01,6.057783603668213,6.074379826524786,6.007993158517993,6.007993158517993,45833
1992-04-02,6.007991313934326,6.074377961558978,5.97479828621866,6.057781743797804,58344
1992-04-03,6.007991313934326,6.024588123888819,5.991395096173153,6.007991313934326,19526
1992-04-06,5.94160795211792,6.057785093853946,5.94160795211792,6.041188274721136,62904
1992-04-07,5.9250102043151855,6.007993094291449,5.9084133894425355,5.941606426994341,58928
1992-04-08,5.875218391418457,5.908412013433299,5.875218391418456,5.908412013433299,63371
1992-04-09,5.94160795211792,5.9748015903835405,5.8586250408411615,5.875221267780326,51094
1992-04-10,6.090976715087891,6.090976715087891,5.9913970079726075,5.9913970079726075,37882
1992-04-13,6.306731700897217,6.373118350380346,6.240345051414089,6.240345051414089,73894
1992-04-14,6.4726972579956055,6.4726972579956055,6.339923974834739,6.339923974834739,92017
1992-04-15,6.622068881988525,6.622068881988525,6.472698755819042,6.489295568103074,94472
1992-04-16,6.572281837463379,6.622071703335142,6.406314828299295,6.605474883980003,91198
1992-04-20,6.622068881988525,6.638665694272557,6.539085412761768,6.539085412761768,67931
1992-04-21,6.622068881988525,6.638665694272557,6.572279037329832,6.638665694272557,44079
1992-04-22,6.456103324890137,6.622069691437147,6.456103324890137,6.622069691437147,96577
1992-04-23,6.456103324890137,6.555683026379648,6.439506510577393,6.472699547009406,94706
1992-04-24,6.456103324890137,6.4892963613221495,6.456103324890137,6.472699547009406,24320
1992-04-27,6.4726972579956055,6.4726972579956055,6.439504233302022,6.4561010417454465,30984
1992-04-28,6.422906398773193,6.472696223956076,6.422906398773193,6.472696223956076,25956
1992-04-29,6.4395060539245605,6.472699088002713,6.406312427652975,6.4395060539245605,48171
1992-04-30,6.373119354248047,6.439506014188131,6.33992572818129,6.439506014188131,32387
1992-05-01,6.306731700897217,6.4229081894443585,6.290134890478101,6.406311379025242,27360
1992-05-04,6.406313419342041,6.439507050751957,6.30673370949934,6.30673370949934,30283
1992-05-05,6.290129661560059,6.37311305247909,6.207146270641026,6.37311305247909,109321
1992-05-06,6.124171257019043,6.27354083992191,6.107574439298637,6.27354083992191,70971
1992-05-07,6.07437801361084,6.107571633804264,6.024588175514028,6.107571633804264,56590
1992-05-08,6.107572555541992,6.173959213754405,6.07437893033908,6.07437893033908,61851
1992-05-11,6.173956394195557,6.173956394195557,6.1241665713229105,6.1241665713229105,26658
1992-05-12,6.13716983795166,6.170615204343686,6.087002385048241,6.137169837951659,53316
1992-05-13,6.087000370025635,6.1204451286615855,6.070277692365447,6.070277692365447,37181
1992-05-14,6.087000370025635,6.103723047685822,6.087000370025635,6.087000370025635,22332
1992-05-15,6.036834239959717,6.070279005832336,6.036834239959717,6.05355632455375,28178
1992-05-18,6.087000370025635,6.087000370025635,6.0535550147052595,6.070277692365447,4092
1992-05-19,6.1538920402526855,6.1538920402526855,6.070279227491152,6.120446676474242,13797
1992-05-20,5.969944477081299,6.120446827750466,5.969944477081299,6.120446827750466,87574
1992-05-21,5.936497688293457,5.986665126481202,5.919775010002727,5.986665126481202,29230
1992-05-22,6.003390312194824,6.003390312194823,5.919777482503232,5.919777482503232,10523
1992-05-26,5.9030537605285645,5.953221205788231,5.886331079880498,5.953221205788231,60097
1992-05-27,5.9030537605285645,5.9197758444921,5.903053760528564,5.903053760528564,20461
1992-05-28,6.003390312194824,6.003390312194823,5.90305539391267,5.90305539391267,27243
1992-05-29,5.953221797943115,5.969944480254552,5.919776433320241,5.936499115631678,57174
1992-06-01,5.969944477081299,6.003389245001807,5.936499112476202,5.936499112476202,28178
1992-06-02,6.003390312194824,6.020112997470081,5.9699455383290045,5.9699455383290045,66060
1992-06-03,5.936497688293457,5.986665126481202,5.936497688293457,5.986665126481202,28178
1992-06-04,5.969944477081299,6.003389245001807,5.903054344555695,5.903054344555695,37765
1992-06-05,5.986670017242432,5.986670017242432,5.9365025380707745,5.9365025380707745,67580
1992-06-08,5.969944477081299,6.003389245001807,5.969944477081299,5.969944477081299,19058
1992-06-09,5.9030537605285645,5.986665970399832,5.903053760528564,5.986665970399832,21163
1992-06-10,5.8863325119018555,5.9030551966182,5.8863325119018555,5.9030551966182,48990
1992-06-11,5.819441795349121,5.886331930927847,5.8027191122832855,5.886331930927847,95174
1992-06-12,5.91977596282959,5.91977596282959,5.85288583558471,5.85288583558471,30516
1992-06-15,5.869607925415039,5.919775366624997,5.869607925415039,5.886330604713185,22215
1992-06-16,5.8361663818359375,5.919778631065377,5.8361663818359375,5.886333850710563,32855
1992-06-17,5.602049827575684,5.869610423480012,5.602049827575684,5.869610423480012,93420
1992-06-18,5.618771076202393,5.6689385259259115,5.602048394066359,5.618771076202393,69685
1992-06-19,5.719106674194336,5.802719498402586,5.618771762492161,5.618771762492161,62202
1992-06-22,5.668939113616943,5.735829252410904,5.668939113616943,5.685661797486595,9821
1992-06-23,5.6522135734558105,5.685658924293829,5.635491494721146,5.66893624887482,15434
1992-06-24,5.819441795349121,5.852886564796176,5.719106293638725,5.719106293638725,20110
1992-06-25,5.802718639373779,5.886331451204071,5.80271863937378,5.852886087798127,13797
1992-06-26,5.8528876304626465,5.8863330026838945,5.819442854926123,5.8528876304626465,30984
1992-06-29,5.869607925415039,5.869607925415039,5.836163163503228,5.852885246116893,15317
1992-06-30,5.91977596282959,6.020111452039181,5.8863311975494215,5.8863311975494215,36479
1992-07-01,5.8528876304626465,5.953223150441667,5.836165541036747,5.919777778220418,31335
1992-07-02,5.802718639373779,5.852886087798127,5.752551190949433,5.852886087798127,37649
1992-07-06,5.802718639373779,5.819441321076751,5.752551190949433,5.80271863937378,24670
1992-07-07,5.719106674194336,5.852886954253672,5.719106674194336,5.836164866759748,67113
1992-07-08,5.6522135734558105,5.719103678447503,5.6522135734558105,5.719103678447503,45716
1992-07-09,5.78599739074707,5.78599739074707,5.6522170973577195,5.6522170973577195,41273
1992-07-10,5.78599739074707,5.819442762436766,5.78599739074707,5.78599739074707,11458
1992-07-13,5.769271373748779,5.785993451524178,5.735826024829362,5.785993451524178,6080
1992-07-14,5.769271373748779,5.769271373748779,5.752548699289071,5.752548699289071,25723
1992-07-15,5.719106674194336,5.852886954253672,5.719106674194336,5.785996814224004,50276
1992-07-16,5.702383518218994,5.769273645715156,5.702383518218994,5.75255096466998,29932
1992-07-17,5.668939113616943,5.719106568541251,5.668939113616943,5.702384481356246,44898
1992-07-20,5.602049827575684,5.635495200406092,5.551882365014806,5.635495200406092,64540
1992-07-21,5.518436431884766,5.652216716253908,5.484991659134818,5.61877194350396,40104
1992-07-22,5.50171422958374,5.551881686009041,5.484991545213752,5.518436317269066,18357
1992-07-23,5.551882266998291,5.551882266998291,5.484992119203131,5.484992119203131,6431
1992-07-24,5.551882266998291,5.551882266998291,5.518436894758348,5.518436894758348,20227
1992-07-27,5.551882266998291,5.60204972867348,5.551882266998291,5.585327042553508,5963
1992-07-28,5.585325717926025,5.635493764387982,5.551880950302639,5.551880950302639,11341
1992-07-29,5.769271373748779,5.819438800443595,5.618768496980023,5.618768496980023,75063
1992-07-30,5.953221797943115,5.953221797943115,5.785996168197923,5.785996168197923,21046
1992-07-31,5.9030537605285645,5.936498525140165,5.886331079880498,5.9197758444921,39753
1992-08-03,5.802718639373779,5.886331451204071,5.80271863937378,5.886331451204071,7717
1992-08-04,5.8361663818359375,5.852888473670939,5.7859983162765,5.802721004796313,74479
1992-08-05,5.8361663818359375,5.852888473670939,5.819443693316125,5.852888473670939,10757
1992-08-06,5.869607925415039,5.869607925415039,5.852885246116893,5.852885246116893,22917
1992-08-07,5.8863325119018555,5.953222654082558,5.869609827185511,5.869609827185511,53199
1992-08-10,5.8528876304626465,5.8863330026838945,5.819442854926123,5.8528876304626465,10757
1992-08-11,5.8863325119018555,5.8863325119018555,5.869609827185511,5.869609827185511,6664
1992-08-12,5.8863325119018555,5.9030551966182,5.8863325119018555,5.8863325119018555,41039
1992-08-13,5.882962226867676,5.916675175855151,5.882962226867676,5.899818400626823,76700
1992-08-14,5.899818420410156,5.899818420410156,5.882962246594486,5.899818420410156,5846
1992-08-17,5.882962226867676,5.899818400626823,5.882962226867676,5.882962226867676,16954
1992-08-18,5.899818420410156,5.899818420410156,5.882962246594486,5.899818420410156,36012
1992-08-19,5.882962226867676,5.899818400626823,5.882962226867676,5.882962226867676,12511
1992-08-20,5.899818420410156,5.916675195695008,5.882962246594486,5.916675195695008,36362
1992-08-21,5.866103649139404,5.899816587767778,5.832390109042037,5.899816587767778,28529
1992-08-24,5.815533638000488,5.849246574875475,5.815533638000488,5.849246574875475,12861
1992-08-25,5.798674583435059,5.849244269551322,5.798674583435059,5.849244269551322,42910
1992-08-26,5.7649664878845215,5.849249778436335,5.7649664878845215,5.798680044692964,153517
1992-08-27,5.866103649139404,5.882960419188088,5.781820400364981,5.781820400364981,46067
1992-08-28,5.866103649139404,5.882960419188088,5.866103649139405,5.866103649139405,25840
1992-08-31,5.7649664878845215,5.933533068988149,5.7649664878845215,5.933533068988149,25840
1992-09-01,5.849246501922607,5.866103270884342,5.764963258582893,5.764963258582893,44547
1992-09-02,5.882962226867676,5.899818400626823,5.798678952195218,5.832391901182693,34492
1992-09-03,5.849246501922607,5.899816207338855,5.849246501922607,5.899816207338855,15317
1992-09-04,5.832390785217285,5.866104329223216,5.832390785217285,5.8492475572202505,3625
1992-09-08,5.748104095458984,5.83238669340577,5.748104095458984,5.83238669340577,15784
1992-09-09,5.815533638000488,5.8323898057035,5.748107162781553,5.748107162781553,8886
1992-09-10,5.798674583435059,5.832387507022992,5.748104897318795,5.815531345963389,21981
1992-09-11,5.866103649139404,5.933530127865145,5.832390109042037,5.832390109042037,42442
1992-09-14,6.0515265464782715,6.068383317171001,5.899816813181742,5.899816813181742,29581
1992-09-15,6.03466796875,6.068381500040198,6.00095503892864,6.017811804573739,25840
1992-09-16,6.03466796875,6.102094429861558,6.00095503892864,6.00095503892864,43962
1992-09-17,6.0515265464782715,6.102096257087442,6.0346697757855425,6.102096257087442,26775
1992-09-18,6.1695237159729,6.1695237159729,6.068384278728646,6.068384278728646,60799
1992-09-21,6.135807037353516,6.169519962099106,6.135807037353516,6.169519962099106,51562
1992-09-22,6.118953704833984,6.1358104773918924,6.118953704833984,6.1358104773918924,11926
1992-09-23,6.0683794021606445,6.135805839962429,6.000952964358859,6.118949080144826,38233
1992-09-24,6.0515265464782715,6.068383317171001,6.0515265464782715,6.0515265464782715,3975
1992-09-25,6.017812728881836,6.017812728881836,5.933529489179665,5.933529489179665,49458
1992-09-28,6.1526665687561035,6.169522737978693,6.017813606161279,6.017813606161279,32153
1992-09-29,6.135807037353516,6.169519962099106,6.118950274246347,6.135807037353516,27710
1992-09-30,6.203237056732178,6.203237056732178,6.085240850042045,6.135810566985088,31452
1992-10-01,6.135807037353516,6.203233488313445,6.102093511139178,6.203233488313445,50393
1992-10-02,5.933534145355225,6.102100155568115,5.933534145355224,6.102100155568115,16837
1992-10-05,5.899818420410156,5.9503887462647125,5.764965421069705,5.9503887462647125,47587
1992-10-06,5.849246501922607,5.933529745262323,5.798676796506361,5.866103270884342,12627
1992-10-07,5.849246501922607,5.882960039846076,5.849246501922607,5.849246501922607,12627
1992-10-08,5.899818420410156,5.93353197097986,5.882962246594486,5.882962246594486,43144
1992-10-09,5.882962226867676,5.882962226867676,5.866105451639348,5.866105451639348,22215
1992-10-12,5.984097957611084,5.984097957611084,5.88295857201346,5.899814735300526,8068
1992-10-13,6.03466796875,6.03466796875,5.967241507638442,5.967241507638442,10055
1992-10-14,5.9672417640686035,6.051524994447162,5.916672066429014,6.0346682280776776,21397
1992-10-15,6.0515265464782715,6.0515265464782715,5.933530354567202,5.933530354567202,7132
1992-10-16,6.118953704833984,6.1358104773918924,5.9672439547509795,6.034670443513527,20812
1992-10-19,6.253809452056885,6.253809452056885,6.118956414807845,6.118956414807845,35193
1992-10-20,6.321230888366699,6.3380876548372065,6.169521193069869,6.2032347260108835,37064
1992-10-21,6.220093250274658,6.2875197337424895,6.2032364790404415,6.2875197337424895,24670
1992-10-22,6.1526665687561035,6.253805989967712,6.1526665687561035,6.220093050053515,19526
1992-10-23,6.253809452056885,6.253809452056885,6.169526153408897,6.186382933432365,7483
1992-10-26,6.220093250274658,6.220093250274659,6.2032364790404415,6.220093250274659,3274
1992-10-27,6.287516117095947,6.287516117095947,6.203232910874502,6.203232910874502,5729
1992-10-28,6.220093250274658,6.253806191274055,6.169522936572008,6.253806191274055,22098
1992-10-29,6.405517101287842,6.405517101287843,6.236950561045694,6.236950561045694,35895
1992-10-30,6.354943752288818,6.405513444907731,6.338086987592913,6.405513444907731,25956
1992-11-02,6.3380913734436035,6.3380913734436035,6.203238365497995,6.203238365497995,36246
1992-11-03,6.287516117095947,6.371798721848703,6.287516117095947,6.3380858002413385,16603
1992-11-04,6.1695237159729,6.304376699944648,6.152667544078267,6.304376699944648,18474
1992-11-05,6.236948490142822,6.236948490142822,6.1695220167279325,6.1695220167279325,7249
1992-11-06,6.1863789558410645,6.203235725026312,6.169522186655818,6.203235725026312,26307
1992-11-09,6.1863789558410645,6.203235725026312,6.169522186655818,6.169522186655818,25021
1992-11-10,6.135807037353516,6.169519962099106,6.135807037353516,6.152663800460685,52848
1992-11-11,6.1695237159729,6.203237262700394,6.102097223987027,6.13581077071452,60448
1992-11-12,6.186516761779785,6.203512838559415,6.152524608220526,6.186516761779785,68516
1992-11-13,6.186516761779785,6.203512838559415,6.186516761779785,6.186516761779785,36012
1992-11-16,6.169522762298584,6.186518844800849,6.169522762298584,6.186518844800849,11341
1992-11-17,6.220510005950928,6.237506087367351,6.169522368141441,6.169522368141441,26190
1992-11-18,6.2545037269592285,6.2545037269592285,6.186519990796628,6.186519990796628,36713
1992-11-19,6.20351505279541,6.254502694893825,6.186518969949327,6.254502694893825,14147
1992-11-20,6.169522762298584,6.237506485867824,6.152526679796318,6.237506485867824,12043
1992-11-23,6.118527412414551,6.169514989241574,6.118527412414551,6.169514989241574,23150
1992-11-24,6.135531425476074,6.135531425476074,6.050551616333341,6.118535342359558,35427
1992-11-25,6.135531425476074,6.16952298526926,6.135531425476074,6.135531425476074,22917
1992-11-27,6.20351505279541,6.220510529201658,6.1185352450048285,6.135531327850912,50393
1992-11-30,6.288492679595947,6.288492679595947,6.203513499522795,6.220508971673615,81845
1992-12-01,6.356479644775391,6.356479644775391,6.254504333856424,6.27150042115625,31101
1992-12-02,6.390469551086426,6.4074656323535155,6.356477388552246,6.356477388552246,34609
1992-12-03,6.373474597930908,6.407466766481736,6.356478513655493,6.390470682206322,35544
1992-12-04,6.373474597930908,6.424462244317263,6.373474597930908,6.373474597930908,22800
1992-12-07,6.373474597930908,6.390470682206322,6.356478513655493,6.373474597930908,47236
1992-12-08,6.356479644775391,6.3734757320752164,6.356479644775391,6.356479644775391,31452
1992-12-09,6.373474597930908,6.373474597930908,6.288494782993724,6.322486951544553,20344
1992-12-10,6.305490016937256,6.3904698204144195,6.288493934953862,6.339482180904043,68750
1992-12-11,6.322486877441406,6.356478439153946,6.305490793365196,6.305490793365196,24436
1992-12-14,6.33948278427124,6.373474345033407,6.322486700670226,6.322486700670226,36479
1992-12-15,6.4244585037231445,6.4244585037231445,6.322483270324771,6.322483270324771,50042
1992-12-16,6.407464981079102,6.458452613258051,6.3904689015395455,6.441456533718496,61500
1992-12-17,6.407464981079102,6.407464981079102,6.373472821999989,6.407464981079102,40338
1992-12-18,6.4244585037231445,6.4244585037231445,6.407463035783105,6.4244585037231445,51211
1992-12-21,6.407464981079102,6.42446045417894,6.3904689015395455,6.42446045417894,22917
1992-12-22,6.407464981079102,6.42446045417894,6.3904689015395455,6.42446045417894,28996
1992-12-23,6.373474597930908,6.424462244317263,6.322486951544553,6.407466766481736,33322
1992-12-24,6.390469551086426,6.390469551086426,6.373473469819336,6.373473469819336,30750
1992-12-28,6.135531425476074,6.356478080231396,6.118535342359558,6.356478080231396,34258
1992-12-29,6.0845417976379395,6.135530035435803,5.91458282429752,6.135530035435803,86522
1992-12-30,6.169522762298584,6.169522762298584,6.067547480164635,6.084542956227078,37415
1992-12-31,6.2545037269592285,6.2545037269592285,6.169523905145994,6.186519990796628,25606
1993-01-04,6.169522762298584,6.220510403365558,6.050551397662369,6.220510403365558,33439
1993-01-05,6.305490016937256,6.322486098920649,6.220510213460091,6.220510213460091,110373
1993-01-06,6.288492679595947,6.288492679595947,6.254501128854623,6.271497207445128,36479
1993-01-07,6.288492679595947,6.305488758186452,6.254501128854623,6.271497207445128,69802
1993-01-08,6.2545037269592285,6.288495291820561,6.2545037269592285,6.288495291820561,61033
1993-01-11,6.322486877441406,6.322486877441405,6.254503147576444,6.254503147576444,35427
1993-01-12,6.288492679595947,6.288492679595947,6.254501128854623,6.288492679595947,31686
1993-01-13,6.169522762298584,6.271498650872355,6.152526679796318,6.271498650872355,12160
1993-01-14,6.118527412414551,6.135523473503246,6.050543774498834,6.135523473503246,60448
1993-01-15,6.186516761779785,6.186516761779785,6.084540907541627,6.118533061100886,115518
1993-01-18,6.20351505279541,6.220510529201658,6.186518969949327,6.220510529201658,7132
1993-01-19,6.152526378631592,6.186518541972215,6.135530903401074,6.186518541972215,10640
1993-01-20,6.050552845001221,6.118536584832695,6.050552845001221,6.118536584832695,49224
1993-01-21,6.10153865814209,6.10153865814209,6.016558857371252,6.050551020255502,112712
1993-01-22,6.2545037269592285,6.2545037269592285,6.118536254634027,6.135532340284662,50744
1993-01-25,6.322486877441406,6.356478439153946,6.271499231652655,6.271499231652655,18707
1993-01-26,6.288492679595947,6.4244600954406135,6.254501128854623,6.33948091536746,85469
1993-01-27,6.186516761779785,6.2714965392383135,6.118533061100886,6.254500462458684,87106
1993-01-28,6.20351505279541,6.220510529201658,6.1525268042571595,6.1525268042571595,59279
1993-01-29,6.288492679595947,6.288492679595947,6.220508971673615,6.237505050264119,33439
1993-02-01,6.33948278427124,6.356478261432392,6.288494533468197,6.288494533468197,53433
1993-02-02,6.441452503204346,6.441452503204346,6.3394773026538696,6.3394773026538696,49341
1993-02-03,6.526435852050781,6.560427402227042,6.458452145258585,6.458452145258585,44898
1993-02-04,6.611415386199951,6.645406935085987,6.526435604325385,6.594419308537107,31686
1993-02-05,6.696396350860596,6.696396350860596,6.594421070515825,6.594421070515825,49341
1993-02-08,6.662405967712402,6.7473857872778975,6.628413797310237,6.7473857872778975,44547
1993-02-09,6.713787078857422,6.782295110274335,6.679532757590544,6.782295110274335,102072
1993-02-10,6.730912685394287,6.782293544314464,6.696658372036368,6.713785528715327,71205
1993-02-11,6.83367395401001,6.885054809552568,6.6966579318187485,6.6966579318187485,115050
1993-02-12,6.987819194793701,7.004946355403289,6.850803132150688,6.850803132150688,134225
1993-02-16,6.83367395401001,7.004944287307418,6.782293098467453,6.987817131754345,276518
1993-02-17,6.713787078857422,6.833675981057808,6.696659918223983,6.782295110274335,138435
1993-02-18,6.782299041748047,6.782299041748047,6.64528289949051,6.748044700625065,111309
1993-02-19,6.713787078857422,6.782295110274335,6.679532757590544,6.748040789007457,34375
1993-02-22,6.987819194793701,6.987819194793702,6.748040779610006,6.748040779610006,40572
1993-02-23,6.919308185577393,7.004943340653287,6.919308185577393,6.987816187414793,38818
1993-02-24,6.919308185577393,6.919308185577393,6.816545877263003,6.919308185577393,55421
1993-02-25,6.8850555419921875,6.919309856742345,6.850801838358757,6.919309856742345,107567
1993-02-26,6.782299041748047,6.867934283438307,6.782299041748047,6.850807112876815,25840
1993-03-01,6.748040199279785,6.799421676689749,6.748040199279785,6.782294517553095,9237
1993-03-02,6.748040199279785,6.7651673584164405,6.7137864921232655,6.7137864921232655,61500
1993-03-03,6.81654691696167,6.81654691696167,6.748038904675036,6.765166060525863,70971
1993-03-04,6.782299041748047,6.816552771753833,6.748044700625065,6.816552771753833,48171
1993-03-05,6.782299041748047,6.799426212309538,6.765171871186555,6.782299041748047,42793
1993-03-08,7.004944324493408,7.022070869020737,6.782293134471492,6.782293134471492,102657
1993-03-09,7.0392022132873535,7.107710265511845,6.987821326898241,7.004948492733621,87106
1993-03-10,6.970689296722412,7.022070147256541,6.919308446188284,7.022070147256541,100903
1993-03-11,6.936436653137207,7.004944667955558,6.936436653137207,7.004944667955558,61617
1993-03-12,6.85080099105835,6.885054690455316,6.833673835801541,6.867928146315158,54953
1993-03-15,6.902180194854736,6.93643449717544,6.867926503650538,6.885053043694385,49107
1993-03-16,6.8679304122924805,6.902184122990978,6.850803251384805,6.902184122990978,31452
1993-03-17,6.81654691696167,6.8679283845141486,6.799420372227516,6.850801228663323,24436
1993-03-18,6.8679304122924805,6.8679304122924805,6.816548929569455,6.816548929569455,33673
1993-03-19,6.83367395401001,6.867928265116157,6.833673954010011,6.867928265116157,57174
1993-03-22,6.85080099105835,6.85080099105835,6.748038670634148,6.799420136404574,65359
1993-03-23,6.83367395401001,6.885054809552568,6.833673954010011,6.850801109563084,61150
1993-03-24,6.81654691696167,6.850801228663323,6.782293216376689,6.850801228663323,45482
1993-03-25,6.8850555419921875,6.885055541992188,6.816547523608601,6.833674680983679,28646
1993-03-26,6.782299041748047,6.850807112876815,6.765171871186555,6.850807112876815,41156
1993-03-29,6.64527702331543,6.7822930444147165,6.61102271248228,6.7822930444147165,29347
1993-03-30,6.611024379730225,6.628151539466134,6.576770671375217,6.593897831111127,28061
1993-03-31,6.64527702331543,6.64527702331543,6.61102271248228,6.64527702331543,24086
1993-04-01,6.62814998626709,6.662404297711968,6.611022830544652,6.611022830544652,24670
1993-04-02,6.542516708374023,6.645279061271698,6.525390158821781,6.645279061271698,31218
1993-04-05,6.64527702331543,6.713785033865073,6.576769012765786,6.576769012765786,36830
1993-04-06,6.662402629852295,6.730910624475156,6.662402629852295,6.679529170170625,41156
1993-04-07,6.593896865844727,6.679531429754791,6.5938968658447275,6.628150569185408,24436
1993-04-08,6.559643745422363,6.593898066114991,6.508262875500253,6.593898066114991,10991
1993-04-12,6.559643745422363,6.576770905768677,6.559643745422363,6.559643745422363,23150
1993-04-13,6.713787078857422,6.713787078857422,6.525390145240124,6.54251669475672,45599
1993-04-14,6.696656703948975,6.7137838563616885,6.6795295515362625,6.7137838563616885,30399
1993-04-15,6.7994184494018555,6.833672140300144,6.6966561544739935,6.6966561544739935,76466
1993-04-16,6.782299041748047,6.816552771753833,6.748044700625065,6.799426212309538,26307
1993-04-19,6.782299041748047,6.799426212309538,6.782299041748047,6.799426212309538,27009
1993-04-20,6.81654691696167,6.81654691696167,6.730912359940882,6.782293216376689,74829
1993-04-21,6.83367395401001,6.919309120658714,6.833673954010011,6.850801109563084,51445
1993-04-22,6.782299041748047,6.816552771753833,6.713790970619279,6.748044700625065,25956
1993-04-23,6.782299041748047,6.816552771753833,6.713790970619279,6.713790970619279,54134
1993-04-26,6.782299041748047,6.782299041748047,6.748044700625065,6.748044700625065,50744
1993-04-27,6.782299041748047,6.799426212309538,6.748044700625065,6.765171871186555,66879
1993-04-28,6.64527702331543,6.816546744131211,6.64527702331543,6.7822930444147165,35778
1993-04-29,6.611024379730225,6.713786727028868,6.5425163519034,6.713786727028868,69100
1993-04-30,6.62814998626709,6.713785153762617,6.5938962859388806,6.64527714198953,72959
1993-05-03,6.748040199279785,6.7651673584164405,6.6624056258300905,6.679532173849957,36362
1993-05-04,6.3369903564453125,6.765165553954444,6.3369903564453125,6.748038399386088,208470
1993-05-05,6.43975305557251,6.43975305557251,6.3712450443430155,6.43975305557251,193154
1993-05-06,6.3369903564453125,6.405498363602108,6.3369903564453125,6.405498363602108,101838
1993-05-07,6.217103004455566,6.302738186948737,6.199975845733578,6.302738186948737,79623
1993-05-10,6.234227657318115,6.234227657318115,6.182846812921549,6.182846812921549,73543
1993-05-11,6.2684831619262695,6.285610318714967,6.23422945946558,6.2684831619262695,23618
1993-05-12,6.19997501373291,6.285610184734338,6.19997501373291,6.268483028310714,23735
1993-05-13,6.113622665405273,6.199973426431688,6.113622665405273,6.199973426431688,39753
1993-05-14,6.079085826873779,6.130896063387811,6.079085826873778,6.113625779141914,26073
1993-05-17,6.079085826873779,6.096356111119675,6.079085826873778,6.079085826873778,33439
1993-05-18,6.182704448699951,6.199974727774847,6.079084006697525,6.113623948623843,71322
1993-05-19,6.303596019744873,6.320865683236672,6.11362417532361,6.165435014469497,76116
1993-05-20,6.251786231994629,6.303597079853819,6.1999760003590385,6.303597079853819,47353
1993-05-21,6.234515190124512,6.269055131520085,6.199974632505474,6.269055131520085,46535
1993-05-24,6.2690558433532715,6.2863261241237804,6.182705055724259,6.182705055724259,52147
1993-05-25,6.32086706161499,6.320867061614989,6.217246593173907,6.217246593173907,14849
1993-05-26,6.389946937561035,6.389946937561035,6.338136708543905,6.355406990290804,34959
1993-05-27,6.303596019744873,6.3726765223825605,6.234515517107185,6.355406242667264,22098
1993-05-28,6.338134765625,6.338134765625001,6.303594828942789,6.338134765625001,32036
1993-06-01,6.441758155822754,6.441758155822755,6.3381370755645685,6.3381370755645685,58577
1993-06-02,6.372673988342285,6.441754463510702,6.372673988342285,6.407213917814868,43027
1993-06-03,6.355406761169434,6.355406761169434,6.338136480045152,6.355406761169434,22800
1993-06-04,6.286324977874756,6.355405472137115,6.26905470025331,6.355405472137115,40572
1993-06-07,6.303596019744873,6.303596019744873,6.269055460314281,6.286325740029577,27360
1993-06-08,6.130894660949707,6.303596231455989,6.130894660949707,6.303596231455989,67931
1993-06-09,6.079085826873779,6.130896063387811,6.0618155426278815,6.130896063387811,117272
1993-06-10,6.079085826873779,6.096356111119675,6.079085826873778,6.079085826873778,33673
1993-06-11,6.148163795471191,6.148163795471191,6.079083303387246,6.079083303387246,36479
1993-06-14,6.113622665405273,6.130892940855225,6.096353006178666,6.130892940855225,42793
1993-06-15,6.044544696807861,6.1308954937911855,6.044544696807861,6.096355544732016,9354
1993-06-16,6.027272701263428,6.096353188910506,6.010002425295817,6.079082912942895,39870
1993-06-17,6.0618133544921875,6.0618133544921875,6.027273414691951,6.044543076480352,49458
1993-06-18,6.0618133544921875,6.130893850316097,6.0618133544921875,6.0618133544921875,33089
1993-06-21,6.0618133544921875,6.096353910515861,6.0100031366801145,6.079083632504024,17304
1993-06-22,5.8718438148498535,6.06181507833321,5.8718438148498535,6.06181507833321,30516
1993-06-23,5.8718438148498535,5.906383764472459,5.8718438148498535,5.8891140977729615,36713
1993-06-24,5.8545732498168945,5.871843531907812,5.820033301858639,5.871843531907812,27944
1993-06-25,5.8545732498168945,5.8545732498168945,5.837302967725976,5.8545732498168945,21747
1993-06-28,5.820033073425293,5.854573020027873,5.802762792012225,5.854573020027873,19058
1993-06-29,5.630059242248535,5.837300698090016,5.630059242248535,5.837300698090016,29581
1993-06-30,5.768222808837891,5.768222808837891,5.664602342393718,5.664602342393718,92485
1993-07-01,6.130894660949707,6.148164941245039,5.940923426371611,6.01000393132942,240740
1993-07-02,6.044544696807861,6.096355544732016,6.0272750303900775,6.079085262090631,70854
1993-07-06,5.940921783447266,6.010002269301304,5.92365150792792,6.010002269301304,68633
1993-07-07,5.940921783447266,6.010002269301304,5.9409217834472665,5.9409217834472665,48522
1993-07-08,6.079085826873779,6.113625779141914,5.94092478535392,5.94092478535392,43027
1993-07-09,6.148163795471191,6.165434072548028,6.079083303387246,6.079083303387246,76817
1993-07-12,6.0618133544921875,6.130893850316097,6.044543076480352,6.113623572304261,30283
1993-07-13,5.975465297698975,6.044545824933781,5.95819562805806,6.027276155292867,37765
1993-07-14,6.010006427764893,6.0272767152339535,5.975465852826771,5.975465852826771,44781
1993-07-15,6.027272701263428,6.044542361007674,5.906381385713518,6.010002425295817,52614
1993-07-16,6.044544696807861,6.044544696807861,6.0272750303900775,6.044544696807861,18357
1993-07-19,6.010006427764893,6.0272767152339535,5.992736140295832,6.010006427764893,20344
1993-07-20,5.923651218414307,6.010001975567367,5.90638094373903,6.010001975567367,58461
1993-07-21,5.889111042022705,5.940921247685066,5.871840768060821,5.940921247685066,96460
1993-07-22,5.889111042022705,5.940921247685066,5.871840768060821,5.889111042022705,29698
1993-07-23,5.940921783447266,5.958192058966612,5.906381232408574,5.906381232408574,27126
1993-07-26,5.958195209503174,5.958195209503174,5.906384355548921,5.940924924851756,82546
1993-07-27,5.940921783447266,5.958192058966612,5.871841297593228,5.958192058966612,23384
1993-07-28,6.010006427764893,6.010006427764893,5.940925894112422,5.975465852826771,50393
1993-07-29,6.010006427764893,6.010006427764893,5.958196181581483,6.010006427764893,19526
1993-07-30,5.958195209503174,6.010005447233753,5.889114687121176,6.010005447233753,30867
1993-08-02,5.8545732498168945,5.923653761956986,5.837302967725976,5.923653761956986,65476
1993-08-03,5.785491466522217,5.854571963484343,5.7509515261528765,5.854571963484343,169536
1993-08-04,5.820033073425293,5.854573020027873,5.785492510599156,5.802762792012225,52965
1993-08-05,5.785491466522217,5.83730168518795,5.768221188225824,5.83730168518795,34726
1993-08-06,5.750955581665039,5.7854955463915925,5.733685291189823,5.7854955463915925,41741
1993-08-09,5.699140548706055,5.785491321804606,5.699140548706055,5.7509513822992435,53667
1993-08-10,5.647329807281494,5.73368057236696,5.595519594719564,5.716410296105192,217590
1993-08-11,5.509170055389404,5.647331063776747,5.491899775285109,5.630060783672452,124521
1993-08-12,5.422000885009766,5.526605717728921,5.334830294756117,5.526605717728921,132238
1993-08-13,5.491736888885498,5.491736888885497,5.387132684790912,5.439434786838205,132588
1993-08-16,5.613772869110107,5.631207102827713,5.456866631872356,5.491734477234002,161117
1993-08-17,5.613772869110107,5.631207102827713,5.5963392574660675,5.613772869110107,13680
1993-08-18,5.735813617706299,5.770681473612814,5.613774566849115,5.613774566849115,88042
1993-08-19,5.735813617706299,5.735813617706299,5.718379378716165,5.718379378716165,13797
1993-08-20,5.753249168395996,5.753249168395996,5.718381300769747,5.735815545619852,65710
1993-08-23,5.753249168395996,5.770683413246101,5.718381300769747,5.735815545619852,45599
1993-08-24,5.718377113342285,5.753244955435668,5.7009428812588405,5.73581134542573,44781
1993-08-25,5.8229827880859375,5.840417024739453,5.735812848965699,5.735812848965699,88392
1993-08-26,6.067063808441162,6.101931680211278,5.857854711598364,5.857854711598364,155388
1993-08-27,5.979889392852783,6.0321914782822255,5.945021543257701,6.0321914782822255,46067
1993-08-30,5.962459564208984,5.979893812929983,5.945025937562085,5.979893812929983,37532
1993-08-31,5.997323989868164,6.032191841563117,5.927587664404581,5.945021901288896,31218
1993-09-01,5.92758846282959,5.997324797686408,5.92758846282959,5.997324797686408,49458
1993-09-02,5.92758846282959,5.962456319221118,5.857852127972771,5.875286367205416,139370
1993-09-03,5.979889392852783,6.0321914782822255,5.945021543257701,5.945021543257701,29113
1993-09-07,5.979889392852783,5.979889392852783,5.945021543257701,5.979889392852783,45833
1993-09-08,5.997323989868164,6.032191841563117,5.945021901288896,5.962455516099534,108503
1993-09-09,5.910155773162842,6.049628479444407,5.857853663825736,5.962457882499948,145333
1993-09-10,6.032190322875977,6.032190322875977,5.892717707062965,5.927586172052978,17070
1993-09-13,5.979889392852783,6.0321914782822255,5.962455157018422,6.0321914782822255,11224
1993-09-14,5.92758846282959,5.962456319221118,5.910154223596945,5.945022702062235,21397
1993-09-15,5.92758846282959,5.945022702062235,5.822983649507481,5.92758846282959,22917
1993-09-16,5.997323989868164,5.997323989868164,5.89271919063595,5.927587664404581,29464
1993-09-17,6.049624443054199,6.067058675225524,5.927586062001948,5.927586062001948,88392
1993-09-20,5.92758846282959,6.032192654077937,5.92758846282959,6.014759036919053,19760
1993-09-21,5.840420722961426,5.9624592126648785,5.822986475268343,5.945025587045859,10757
1993-09-22,5.92758846282959,5.962456319221118,5.840417888740126,5.840417888740126,39402
1993-09-23,5.857851982116699,5.927588315237137,5.8578519821167,5.927588315237137,12627
1993-09-24,5.718377113342285,5.875283957946273,5.718377113342285,5.857849725862829,108152
1993-09-27,5.805550575256348,5.840418434908554,5.735814233878115,5.735814233878115,56590
1993-09-28,5.8229827880859375,5.822982788085937,5.788114936852575,5.788114936852575,26541
1993-09-29,5.840420722961426,5.875289218347591,5.822986475268343,5.822986475268343,158545
1993-09-30,5.910155773162842,5.910155773162842,5.84041942002206,5.84041942002206,16252
1993-10-01,5.805550575256348,5.997325358528033,5.805550575256348,5.910154776286787,69451
1993-10-04,5.892717361450195,5.892717361450195,5.822981057633783,5.840415289106256,34375
1993-10-05,5.92758846282959,5.945022702062235,5.8927199843643,5.92758846282959,32972
1993-10-06,5.840420722961426,5.927591339352777,5.805552849649323,5.927591339352777,74128
1993-10-07,5.8229827880859375,5.857851261392968,5.822982788085937,5.840417024739453,19175
1993-10-08,5.770683765411377,5.875288618821728,5.683513157915084,5.85785437290767,14615
1993-10-11,5.805550575256348,5.822984194045541,5.735814233878115,5.770682093530321,8886
1993-10-12,5.718377113342285,5.82298126169594,5.718377113342285,5.82298126169594,15550
1993-10-13,5.718377113342285,5.770679187519113,5.718377113342285,5.73581134542573,11809
1993-10-14,5.596341133117676,5.735813805456598,5.5789068935568675,5.735813805456598,31452
1993-10-15,5.596341133117676,5.613774750604711,5.5789068935568675,5.613774750604711,35544
1993-10-18,5.631208419799805,5.648642657594759,5.596340566283605,5.596340566283605,57057
1993-10-19,5.857851982116699,5.8578519821167,5.648642982755389,5.666077221553935,119727
1993-10-20,5.875286102294922,5.945022434007402,5.840417625401815,5.857851863848368,70036
1993-10-21,5.770683765411377,5.9450249804039625,5.753249519497318,5.892722242661787,26892
1993-10-22,5.770683765411377,5.875288618821728,5.770683765411377,5.805552257239494,81026
1993-10-25,5.840420722961426,5.840420722961426,5.78811860195624,5.805552849649323,85820
1993-10-26,6.049624443054199,6.049624443054199,5.8927175976593,5.8927175976593,36246
1993-10-27,5.979889392852783,6.10192779954603,5.962455157018422,6.10192779954603,39285
1993-10-28,6.1367998123168945,6.171667682031696,5.962458597520893,5.979892843415293,47353
1993-10-29,6.1367998123168945,6.2065361738204965,6.119365566422495,6.154234058211295,83131
1993-11-01,6.206533908843994,6.206533908843995,6.101929093725468,6.101929093725468,63956
1993-11-02,6.380871772766113,6.415740237266273,6.171662851985691,6.206531316485851,71088
1993-11-03,6.380871772766113,6.433174469516353,6.311135465839306,6.363438162589546,63488
1993-11-04,6.415744304656982,6.415744304656983,6.346007953519407,6.346007953519407,31452
1993-11-05,6.450610637664795,6.468044876828374,6.206533777669719,6.380874303084236,80559
1993-11-08,6.346004962921143,6.43317551628187,6.346004962921143,6.415741281195001,17304
1993-11-09,6.206533908843994,6.415742917007275,6.206533908843995,6.3634408204848985,37298
1993-11-10,6.243820667266846,6.296585193394458,6.226232282699694,6.226232282699694,21981
1993-11-11,6.366940021514893,6.437292953396682,6.226234157751314,6.226234157751314,75531
1993-11-12,6.683524131774902,6.718700260786907,6.384524211091567,6.384524211091567,66762
1993-11-15,6.577997207641602,6.70111527899046,6.507644292973916,6.683526893430068,63605
1993-11-16,6.490056991577148,6.507644750800997,6.402115685162209,6.507644750800997,80091
1993-11-17,6.472467422485352,6.490055806070341,6.437290655315374,6.490055806070341,18941
1993-11-18,6.490056991577148,6.52523313759877,6.472468604779376,6.472468604779376,40572
1993-11-19,6.454878330230713,6.525231229272938,6.437289948576722,6.525231229272938,60565
1993-11-22,6.472467422485352,6.4724674224853525,6.419702899304196,6.454879038900363,11926
1993-11-23,6.454878330230713,6.472466711884705,6.437289948576722,6.472466711884705,16837
1993-11-24,6.472467422485352,6.490055806070341,6.402114515719207,6.437290655315374,29464
1993-11-26,6.542819499969482,6.542819499969482,6.490054983476065,6.490054983476065,4794
1993-11-29,6.472467422485352,6.542820329251497,6.4724674224853525,6.542820329251497,33089
1993-11-30,6.595582008361816,6.648346508790473,6.419700131075114,6.454876255503039,73777
1993-12-01,6.613171577453613,6.648347708227711,6.577994819105864,6.595583198279739,34842
1993-12-02,6.5604047775268555,6.613169269056823,6.4900519129624215,6.613169269056823,32153
1993-12-03,6.525232315063477,6.630761994973692,6.507643930482799,6.595585225812338,38935
1993-12-06,6.454878330230713,6.5955841283151635,6.437289948576722,6.525231229272938,32036
1993-12-07,6.437290191650391,6.472466956286658,6.384525672269756,6.454878573968524,64423
1993-12-08,6.419703960418701,6.437291719336965,6.402115573926523,6.437291719336965,14615
1993-12-09,6.384527206420898,6.454880125024913,6.366938819876416,6.454880125024913,29698
1993-12-10,6.454878330230713,6.472466711884705,6.3845254311884885,6.3845254311884885,56473
1993-12-13,6.525232315063477,6.577996841231661,6.472467788895291,6.490056173475968,66879
1993-12-14,6.437290191650391,6.525231475667292,6.4372901916503915,6.507643093349159,14732
1993-12-15,6.419703960418701,6.47246849232132,6.349351042023904,6.47246849232132,23384
1993-12-16,6.472467422485352,6.50764356208152,6.454879038900363,6.454879038900363,11692
1993-12-17,6.595582008361816,6.613170384362548,6.490053007504502,6.490053007504502,47938
1993-12-20,6.472467422485352,6.577996468847665,6.4724674224853525,6.560408712836486,15317
1993-12-21,6.437290191650391,6.472466956286658,6.384525672269756,6.454878573968524,20812
1993-12-22,6.490056991577148,6.507644750800997,6.454880217981603,6.472468604779376,44313
1993-12-23,6.454878330230713,6.507642847618947,6.454878330230714,6.507642847618947,7249
1993-12-27,6.542819499969482,6.542819499969482,6.490054983476065,6.490054983476065,9237
1993-12-28,6.577997207641602,6.613173978762384,6.542821064094698,6.542821064094698,7015
1993-12-29,6.64835262298584,6.64835262298584,6.525235132902093,6.525235132902093,35193
1993-12-30,6.683524131774902,6.718700260786907,6.648347375189276,6.683524131774902,29113
1993-12-31,6.630764007568359,6.683528549751839,6.630764007568359,6.683528549751839,27827
1994-01-03,6.64835262298584,6.683529407337834,6.54282352507809,6.613176466207962,59513
1994-01-04,6.771470546722412,6.789058310820615,6.630764668492202,6.630764668492202,106164
1994-01-05,6.894586086273193,6.894586086273193,6.806644780320106,6.806644780320106,114466
1994-01-06,6.894586086273193,6.964939005520879,6.8418215537309095,6.85940931286239,88743
1994-01-07,6.947348117828369,6.947348117828368,6.894583604280867,6.894583604280867,182865
1994-01-10,6.947348117828369,6.947348117828368,6.8769952239071355,6.9121719846545995,95641
1994-01-11,6.824230194091797,6.947347592246433,6.806641815048664,6.9297592132033,110023
1994-01-12,6.753880023956299,6.82423294087251,6.753880023956298,6.82423294087251,25489
1994-01-13,6.771470546722412,6.806646702492916,6.683529215935006,6.71870537170551,55888
1994-01-14,6.824230194091797,6.84181857313493,6.771465684536046,6.806641815048664,44664
1994-01-17,6.789056777954102,6.824233553356318,6.789056777954101,6.824233553356318,22449
1994-01-18,6.806639194488525,6.841815939031724,6.7714630775187326,6.824227566760125,46885
1994-01-19,6.841822624206543,6.841822624206543,6.80664584529196,6.824234234749251,125690
1994-01-20,6.824230194091797,6.859406324604415,6.806641815048664,6.859406324604415,30283
1994-01-21,6.806639194488525,6.841815939031724,6.806639194488525,6.841815939031724,23735
1994-01-24,6.753880023956299,6.841821326995038,6.753880023956298,6.789056168627454,25138
1994-01-25,6.753880023956299,6.789056168627454,6.73629163783377,6.753880023956298,23033
1994-01-26,6.701114654541016,6.8242320868431845,6.64834950277681,6.753879178731399,87691
1994-01-27,6.595582008361816,6.736287761220594,6.595582008361816,6.6835232607919375,40922
1994-01-28,6.577997207641602,6.648350122309286,6.577997207641601,6.630762364322774,88158
1994-01-31,6.630764007568359,6.6483517699134955,6.595587227730016,6.613175617649188,92134
1994-02-01,6.71870231628418,6.736290699957924,6.630761653063086,6.648349409163017,47236
1994-02-02,6.789056777954102,6.789056777954101,6.7362922424247325,6.753880630125841,47119
1994-02-03,6.824230194091797,6.824230194091797,6.718700547406646,6.771465684536046,119493
1994-02-04,6.64835262298584,6.789058505245584,6.64835262298584,6.789058505245584,36362
1994-02-07,6.665932655334473,6.683521025452681,6.595579802434971,6.613168172553179,64190
1994-02-08,6.683524131774902,6.718700260786907,6.665935753482089,6.665935753482089,67580
1994-02-09,6.685654163360596,6.7388554959256135,6.685654163360596,6.685654163360596,169769
1994-02-10,6.650184154510498,6.703385470819879,6.632450171484383,6.685652120562729,142994
1994-02-11,6.650184154510498,6.650184154510498,6.650184154510498,6.650184154510498,52030
1994-02-14,6.685654163360596,6.703387519036163,6.650186186471145,6.650186186471145,27476
1994-02-15,6.809788703918457,6.862990019975579,6.70338543903525,6.70338543903525,24436
1994-02-16,6.792056560516357,6.809790548261406,6.756589217795397,6.809790548261406,92134
1994-02-17,6.809788703918457,6.845256037033551,6.7743207380344,6.792054720976429,34726
1994-02-18,6.774322509765625,6.827524472505954,6.738855167374534,6.809790484925845,23033
1994-02-22,6.792056560516357,6.8629918787274145,6.721121242305301,6.809790548261406,46418
1994-02-23,6.756588935852051,6.827524251103071,6.721120961841986,6.827524251103071,28763
1994-02-24,6.667923450469971,6.756592803482417,6.650189453313587,6.756592803482417,60214
1994-02-25,6.596982955932617,6.667918256534042,6.596982955932616,6.667918256534042,6781
1994-02-28,6.596982955932617,6.650184273191442,6.561514989247415,6.614716939275217,37181
1994-03-01,6.596982955932617,6.596982955932616,6.561514989247415,6.596982955932616,45833
1994-03-02,6.4905805587768555,6.561515868887909,6.472847205825889,6.561515868887909,11809
1994-03-03,6.579254150390625,6.579254150390625,6.455117434836145,6.455117434836145,17889
1994-03-04,6.579254150390625,6.614722144988748,6.579254150390625,6.579254150390625,180292
1994-03-07,6.561517238616943,6.579251228038975,6.543783881964105,6.579251228038975,10757
1994-03-08,6.596982955932617,6.614716939275217,6.579248972590016,6.596982955932616,28646
1994-03-09,6.632451057434082,6.650185042829068,6.579249734018174,6.59698371941316,31335
1994-03-10,6.561517238616943,6.632452563535879,6.543783881964105,6.6147192068830405,14498
1994-03-11,6.52604866027832,6.561515999656166,6.455113348753557,6.561515999656166,35778
1994-03-14,6.455112934112549,6.508314256146493,6.437378949178224,6.508314256146493,14031
1994-03-15,6.401909828186035,6.455111135395431,6.348707888207781,6.455111135395431,137616
1994-03-16,6.348711967468262,6.384179950243134,6.33097860885009,6.366445958855698,37882
1994-03-17,6.277775764465332,6.348711087412789,6.277775764465332,6.348711087412789,31919
1994-03-18,6.277775764465332,6.29550975339449,6.26004240830535,6.277775764465332,91666
1994-03-21,6.135903835296631,6.2423071138490345,6.118170482845434,6.2423071138490345,102891
1994-03-22,6.1536383628845215,6.18910633645107,6.0117677341565265,6.135904376101248,148957
1994-03-23,6.135903835296631,6.189105790957354,6.118170482845434,6.189105790957354,105930
1994-03-24,6.118172645568848,6.135906004288641,6.064970671101666,6.135906004288641,38818
1994-03-25,6.064966201782227,6.118168137044499,6.04723285613027,6.118168137044499,57174
1994-03-28,6.029501438140869,6.047235424092374,5.958566127103918,6.047235424092374,24904
1994-03-29,5.958566665649414,6.029501983097621,5.958566665649414,6.011767995543288,56941
1994-03-30,5.763491630554199,5.887628211766722,5.7457576524470415,5.887628211766722,126275
1994-03-31,5.94083309173584,5.976301069314027,5.7634951021524214,5.7634951021524214,139136
1994-04-04,5.852160930633545,5.9230962184761875,5.816693603096656,5.887628890939298,62904
1994-04-05,5.94083309173584,5.976301069314027,5.923099102946747,5.958567080524934,66177
1994-04-06,5.958566665649414,5.958566665649414,5.923098690540747,5.958566665649414,42092
1994-04-07,5.94083309173584,5.94083309173584,5.852163780559546,5.94083309173584,20812
1994-04-08,5.887631416320801,5.9230987590706965,5.763494767542465,5.905365404080316,54134
1994-04-11,5.958566665649414,5.958566665649414,5.887631348201206,5.887631348201206,34842
1994-04-12,5.923099040985107,5.976301006795841,5.923099040985107,5.958567018192263,23969
1994-04-13,5.869896411895752,5.923097733190698,5.8521624272077615,5.923097733190698,26892
1994-04-14,5.728024482727051,5.869895062068705,5.728024482727051,5.869895062068705,11692
1994-04-15,5.674825191497803,5.728026519475819,5.674825191497803,5.728026519475819,48990
1994-04-18,5.586159706115723,5.674829068503474,5.586159706115723,5.674829068503474,42793
1994-04-19,5.639357566833496,5.657091554847222,5.568422247547734,5.603890223575187,35778
1994-04-20,5.621623992919922,5.639357347474716,5.568422030948184,5.60389000559601,45716
1994-04-21,5.674825191497803,5.674825191497803,5.621623863519787,5.621623863519787,32972
1994-04-22,5.710294246673584,5.745762231151761,5.674826894964702,5.69256088720379,40221
1994-04-25,5.728024482727051,5.728024482727051,5.674823173666151,5.692557154276077,42910
1994-04-26,5.781227111816406,5.781227111816406,5.674824469399674,5.72802579060804,18240
1994-04-28,5.7457594871521,5.7457594871521,5.6748241848415795,5.7457594871521,64540
1994-04-29,5.781227111816406,5.798961096475535,5.71029180594891,5.74575977526717,35076
1994-05-02,5.798962116241455,5.8166961040191625,5.710292810122049,5.745760785677466,42676
1994-05-03,5.763491630554199,5.816692932106882,5.728023674339885,5.781224975892567,25372
1994-05-04,5.763491630554199,5.781224975892567,5.7457576524470415,5.763491630554199,30283
1994-05-05,5.852160930633545,5.852160930633545,5.7634922954068895,5.7634922954068895,18240
1994-05-06,5.763491630554199,5.83442691021404,5.763491630554199,5.816692932106882,19993
1994-05-09,5.674825191497803,5.728026519475819,5.6038898766040806,5.728026519475819,24203
1994-05-10,5.692559719085693,5.692559719085693,5.657091741885576,5.657091741885576,15434
1994-05-11,5.692559719085693,5.710293074916588,5.674825730485635,5.674825730485635,26892
1994-05-12,5.676801681518555,5.74843324646207,5.6588936305376984,5.6947090935195,25606
1994-05-13,5.676801681518555,5.6947090935195,5.6588936305376984,5.676801681518555,39169
1994-05-16,5.658890247344971,5.712613729188806,5.658890247344971,5.676798287619426,54485
1994-05-17,5.748433589935303,5.748433589935303,5.6588939686608715,5.6588939686608715,40805
1994-05-18,5.784245491027832,5.802153532044463,5.6767985228871565,5.730522006957494,24086
1994-05-19,5.891695499420166,5.945419005386537,5.73052434254124,5.820063945138401,208236
1994-05-20,5.873786449432373,5.909601900975644,5.873786449432373,5.909601900975644,57759
1994-05-23,5.981236934661865,5.981236934661865,5.837973766897748,5.873789878328816,29347
1994-05-24,5.891695499420166,6.017050559668302,5.891695499420166,5.981234463037511,8184
1994-05-25,5.909602165222168,5.909602165222168,5.811109189839303,5.873786712077417,35544
1994-05-26,5.963329315185547,5.981236731312187,5.873789678632116,5.873789678632116,20578
1994-05-27,5.927511692047119,5.963327793118892,5.891696229955241,5.945419742583005,17655
1994-05-31,5.855877876281738,5.8916939635760075,5.730522848711096,5.8916939635760075,62319
1994-06-01,5.730526924133301,5.8558820408536905,5.730526924133301,5.8558820408536905,33089
1994-06-02,5.820065021514893,5.873788537417016,5.730525402358064,5.748433453985417,34726
1994-06-03,5.873786449432373,5.873786449432373,5.820062952627613,5.820062952627613,37649
1994-06-06,5.837968349456787,5.891692466749192,5.802152910241337,5.802152910241337,42559
1994-06-07,5.837968349456787,5.891692466749192,5.837968349456787,5.837968349456787,23150
1994-06-08,5.820065021514893,5.891696589044368,5.766340866632835,5.873788537417016,43144
1994-06-09,5.766341686248779,5.829019875853462,5.748434271056038,5.802157794594312,30283
1994-06-10,5.837968349456787,5.8737844276517235,5.802152910241337,5.802152910241337,40455
1994-06-13,5.837968349456787,5.927507905964642,5.820060949338806,5.820060949338806,16252
1994-06-14,5.873786449432373,5.909601900975644,5.820062952627613,5.820062952627613,64190
1994-06-15,5.9454193115234375,5.9454193115234375,5.891695802790778,5.909603213048432,32036
1994-06-16,5.927511692047119,6.052866767838534,5.891696229955241,5.909603641511232,85352
1994-06-17,5.766341686248779,5.963329004189161,5.766341686248779,5.963329004189161,89211
1994-06-20,5.873786449432373,5.873786449432373,5.730523365299876,5.766338816843147,21630
1994-06-21,5.820065021514893,5.873788537417016,5.658893834828588,5.873788537417016,34024
1994-06-22,5.784245491027832,5.837968975098169,5.784245491027832,5.820061573061094,66879
1994-06-23,5.694708347320557,5.766339902877921,5.623076791763192,5.74843249322345,29230
1994-06-24,5.587260723114014,5.712615771900479,5.587260723114014,5.712615771900479,60448
1994-06-27,5.605169296264648,5.658892802364931,5.587261247904615,5.587261247904615,43845
1994-06-28,5.551444053649902,5.62307559394848,5.551444053649902,5.62307559394848,36129
1994-06-29,5.443994998931885,5.587258025219566,5.443994998931885,5.533534550106547,26073
1994-06-30,5.515629291534424,5.515629291534424,5.443997742293717,5.443997742293717,43144
1994-07-01,5.5693559646606445,5.587264021911806,5.479816317384973,5.533540489138456,58227
1994-07-05,5.605169296264648,5.6230767056448645,5.551445151184549,5.551445151184549,35427
1994-07-06,5.533538818359375,5.587262334911617,5.4798146628271915,5.587262334911617,36830
1994-07-07,5.479815483093262,5.515631592142649,5.461908067548606,5.497723537617955,34609
1994-07-08,5.479815483093262,5.479815483093262,5.444000013023913,5.479815483093262,44547
1994-07-11,5.461906909942627,5.515630423150415,5.443998859213397,5.515630423150415,55187
1994-07-12,5.461906909942627,5.479814321691955,5.443998859213397,5.461906909942627,21981
1994-07-13,5.461906909942627,5.479814321691955,5.443998859213397,5.461906909942627,22683
1994-07-14,5.623075008392334,5.623075008392334,5.461904538738711,5.461904538738711,19409
1994-07-15,5.551444053649902,5.712615179066624,5.551444053649902,5.587260143289037,92952
1994-07-18,5.605169296264648,5.6230767056448645,5.569353199544582,5.587261247904615,220045
1994-07-19,5.623075008392334,5.658891094301778,5.569351518507793,5.605167604417237,502877
1994-07-20,5.658890247344971,5.658890247344971,5.58725872522668,5.658890247344971,59279
1994-07-21,5.694708347320557,5.730524444589152,5.605169382108722,5.64098484039749,238870
1994-07-22,5.712618350982666,5.712618350982666,5.676802880436779,5.6947102962197,27593
1994-07-25,5.640985488891602,5.748433154069867,5.623077438198574,5.694709001990784,37064
1994-07-26,5.676801681518555,5.676801681518555,5.60517011657504,5.623077528575985,33673
1994-07-27,5.658890247344971,5.676798287619426,5.623074166796061,5.676798287619426,127210
1994-07-28,5.676801681518555,5.712617144500357,5.640985579556842,5.640985579556842,14615
1994-07-29,5.748433589935303,5.748433589935303,5.676802020711747,5.676802020711747,34141
1994-08-01,5.927511692047119,5.927511692047119,5.7305250530920535,5.7305250530920535,44079
1994-08-02,6.070774078369141,6.124497584448204,5.927510969505091,5.927510969505091,101254
1994-08-03,6.052868843078613,6.070776899754319,6.034961425383023,6.052868843078613,61734
1994-08-04,5.909602165222168,6.070773301822885,5.909602165222168,6.052865255760642,28178
1994-08-05,5.873786449432373,5.891694494693862,5.820062952627613,5.891694494693862,23033
1994-08-08,5.873786449432373,5.873786449432373,5.837970358909395,5.837970358909395,40689
1994-08-09,5.909602165222168,5.909602165222168,5.855878666015174,5.855878666015174,12043
1994-08-10,5.963329315185547,5.981236731312187,5.8916977337388134,5.909605149865453,38467
1994-08-11,5.947419166564941,6.00165078955206,5.929341743894806,5.983573366881925,66177
1994-08-12,5.929340839385986,5.947418259298448,5.911263419473524,5.947418259298448,27476
1994-08-15,5.9654951095581055,5.9654951095581055,5.929340914299585,5.929340914299585,29113
1994-08-16,6.001650810241699,6.001650810241699,5.947419187067627,5.947419187067627,58344
1994-08-17,5.9654951095581055,6.001649949839824,5.947418334440444,6.001649949839824,67347
1994-08-18,5.947419166564941,5.947419166564941,5.929341743894806,5.947419166564941,24203
1994-08-19,5.8208794593811035,5.94742080797246,5.8208794593811035,5.94742080797246,31101
1994-08-22,5.8208794593811035,5.857034314699624,5.8208794593811035,5.857034314699624,7600
1994-08-23,5.947419166564941,5.983573366881925,5.820877852897282,5.8570326982375525,26190
1994-08-24,6.146267890930176,6.146267890930176,5.965494983391226,5.965494983391226,52498
1994-08-25,6.037807464599609,6.164348830133081,6.0378074645996085,6.1462714000535055,80559
1994-08-26,6.146267890930176,6.200499505182587,6.0016498229082895,6.0016498229082895,53433
1994-08-29,6.236653804779053,6.2908854143365165,6.182421550198461,6.182421550198461,48639
1994-08-30,6.2728071212768555,6.308961952621416,6.254729705604576,6.254729705604576,86054
1994-08-31,6.363198757171631,6.399352973052869,6.308967110837991,6.308967110837991,51445
1994-09-01,6.308963298797607,6.3270400733039835,6.308963298797607,6.3270400733039835,16135
1994-09-02,6.200498580932617,6.308962438292937,6.182421163868716,6.308962438292937,37649
1994-09-06,6.164346694946289,6.200500897558909,6.092037644697721,6.200500897558909,36479
1994-09-07,6.218581199645996,6.25473541899259,6.146272115929182,6.164349548114293,44664
1994-09-08,6.3270416259765625,6.363196473908162,6.236655796194231,6.236655796194231,58110
1994-09-09,6.290884971618652,6.327039160438253,6.272807554697311,6.327039160438253,47938
1994-09-12,6.200498580932617,6.272807604165134,6.182421163868716,6.272807604165134,62085
1994-09-13,6.182424068450928,6.218578919564744,6.164347287917411,6.200501494007836,46768
1994-09-14,6.07396125793457,6.146270320529029,6.07396125793457,6.146270320529029,44781
1994-09-15,6.218581199645996,6.236658631831107,6.073963032212369,6.073963032212369,34609
1994-09-16,6.218581199645996,6.236658631831107,6.110117251558962,6.110117251558962,78922
1994-09-19,6.254735469818115,6.290890334482127,6.200503817845729,6.218581250177735,20227
1994-09-20,6.110116958618164,6.21858090150505,6.110116958618164,6.21858090150505,32738
1994-09-21,6.019730567932129,6.0739622121417955,6.019730567932129,6.0739622121417955,29698
1994-09-22,6.05588436126709,6.073961789754375,6.019730149316014,6.019730149316014,25138
1994-09-23,6.092038631439209,6.09203863143921,6.019729569478576,6.019729569478576,18824
1994-09-26,6.07396125793457,6.11011546672008,6.055883831030096,6.07396125793457,10874
1994-09-27,6.001650810241699,6.0739598561482255,6.001650810241699,6.0739598561482255,34609
1994-09-28,6.037807464599609,6.092039754838334,5.983575819384437,6.001653249464011,82429
1994-09-29,5.9654951095581055,6.055881565239203,5.9654951095581055,6.055881565239203,12277
1994-09-30,5.9654951095581055,6.019727369980683,5.947418334440444,5.983572529698964,25255
1994-10-03,5.893183708190918,5.98357012758626,5.893183708190918,5.98357012758626,40104
1994-10-04,5.8208794593811035,5.893188524994679,5.8208794593811035,5.893188524994679,22215
1994-10-05,5.857032299041748,5.857032299041748,5.694336796145888,5.74856841543676,75180
1994-10-06,5.784726142883301,5.89318943555058,5.784726142883301,5.875112650121744,56005
1994-10-07,5.712411880493164,5.784720891638647,5.676257052408932,5.784720891638647,26073
1994-10-10,5.676258087158203,5.712412921833254,5.676258087158203,5.712412921833254,36596
1994-10-11,5.766648292541504,5.820879934926352,5.694339221020534,5.712416650156656,25723
1994-10-12,5.766648292541504,5.766648292541504,5.712416650156656,5.748570863405382,22800
1994-10-13,5.676258087158203,5.802799363497782,5.658181314843776,5.802799363497782,75414
1994-10-14,5.73049259185791,5.73049259185791,5.6039512657742625,5.712415167414053,66645
1994-10-17,5.766648292541504,5.784725721677626,5.712416650156656,5.712416650156656,39402
1994-10-18,5.694337844848633,5.7485694741271205,5.676260420081349,5.7485694741271205,13095
1994-10-19,5.694337844848633,5.766646898894404,5.658183640337429,5.694337844848633,34258
1994-10-20,5.603949546813965,5.658181803510287,5.56779535403957,5.658181803510287,41624
1994-10-21,5.6401047706604,5.658182190796522,5.549718315002992,5.585873155275235,37532
1994-10-24,5.603949546813965,5.676258577385908,5.603949546813965,5.622026965712739,25372
1994-10-25,5.513565540313721,5.622028799029406,5.495488115519985,5.567797169671564,43144
1994-10-26,5.45933198928833,5.531641026530713,5.45933198928833,5.513564250987527,38350
1994-10-27,5.513565540313721,5.531642320084092,5.441256486162142,5.477410690726249,95992
1994-10-28,5.567796230316162,5.603950428780614,5.495487188364004,5.513564610107857,203326
1994-10-31,5.531643390655518,5.622029887093861,5.477411750801907,5.585875675532617,119493
1994-11-01,5.45933198928833,5.513564250987527,5.441255213745144,5.513564250987527,106866
1994-11-02,5.45933198928833,5.477409409854729,5.423177793178745,5.441255213745144,244482
1994-11-03,5.45933198928833,5.495486830421128,5.45933198928833,5.495486830421128,50393
1994-11-04,5.423178672790527,5.513565145259532,5.423178672790527,5.495487721761068,169302
1994-11-07,5.441256523132324,5.459333303025517,5.423179098215763,5.423179098215763,30633
1994-11-08,5.495484352111816,5.5677933567448665,5.45932952728383,5.45932952728383,50627
1994-11-09,5.553949356079102,5.553949356079102,5.517409889636006,5.553949356079102,42442
1994-11-10,5.553949356079102,5.553949356079102,5.535679622857554,5.535679622857554,35895
1994-11-11,5.499138832092285,5.535677633519402,5.499138832092285,5.517407906863386,34141
1994-11-14,5.553949356079102,5.572219089300649,5.499140808299608,5.499140808299608,78220
1994-11-15,5.62702751159668,5.62702751159668,5.517409766597034,5.535679499411164,55187
1994-11-16,5.535678386688232,5.62702638051195,5.535678386688232,5.62702638051195,37181
1994-11-17,5.499138832092285,5.572217086831436,5.462599378780252,5.553947360175419,32387
1994-11-18,5.480870246887207,5.517409055923929,5.4626005164263205,5.480870246887207,136330
1994-11-21,5.462601661682129,5.5174102126705655,5.462601661682129,5.499141130264546,20695
1994-11-22,5.298176288604736,5.444332875876591,5.298176288604736,5.444332875876591,70503
1994-11-23,5.261634826660156,5.316443359799956,5.188556565178765,5.298173957400851,34141
1994-11-25,5.316447734832764,5.334717478208967,5.243369413213462,5.243369413213462,9588
1994-11-28,5.389523029327393,5.389523029327393,5.279905608467081,5.279905608467081,29464
1994-11-29,5.334714889526367,5.352984298094542,5.261636603368472,5.352984298094542,38350
1994-11-30,5.480870246887207,5.4991399773480945,5.352983111488576,5.352983111488576,23501
1994-12-01,5.334714889526367,5.517410278978508,5.334714889526367,5.480871461842159,53784
1994-12-02,5.389523029327393,5.444331902728835,5.352983889040622,5.352983889040622,34726
1994-12-05,5.389523029327393,5.426062169614163,5.352983889040622,5.407792762442065,22566
1994-12-06,5.371254920959473,5.389524332549233,5.316446034304887,5.371254920959473,69451
1994-12-07,5.480870246887207,5.480870246887207,5.3347137069702155,5.3347137069702155,18707
1994-12-08,5.40778923034668,5.4808674631892025,5.389519509164869,5.426058625586131,25372
1994-12-09,5.316447734832764,5.389526056452064,5.316447734832764,5.371256639018617,26307
1994-12-12,5.352982521057129,5.352982521057129,5.2981739876048755,5.334713118553875,37532
1994-12-13,5.371254920959473,5.4626026307935796,5.35298518342706,5.35298518342706,36596
1994-12-14,5.44433069229126,5.462600095401524,5.352982698912438,5.352982698912438,25723
1994-12-15,5.572221279144287,5.5904903676603075,5.517412057940007,5.517412057940007,55304
1994-12-16,5.553949356079102,5.608757903858595,5.535679622857554,5.608757903858595,104294
1994-12-19,5.572221279144287,5.572221279144287,5.517412057940007,5.55395153874286,42325
1994-12-20,5.499138832092285,5.572217086831436,5.499138832092285,5.572217086831436,43495
1994-12-21,5.553949356079102,5.553949356079102,5.499140808299608,5.535679622857554,43612
1994-12-22,5.499138832092285,5.553947360175419,5.499138832092285,5.553947360175419,94005
1994-12-23,5.535678386688232,5.553948115829977,5.517408657546488,5.517408657546488,18941
1994-12-27,5.608757019042969,5.627026749382355,5.5356787495704705,5.553948479909857,22917
1994-12-28,5.5174102783203125,5.5904885644694895,5.499141195696915,5.5904885644694895,11926
1994-12-29,5.462601661682129,5.5174102126705655,5.444332253333515,5.5174102126705655,27593
1994-12-30,5.44433069229126,5.480869824454288,5.3895218310754665,5.480869824454288,39987
1995-01-03,5.535678386688232,5.535678386688232,5.426060989665272,5.4443307188070165,21046
1995-01-04,5.62702751159668,5.62702751159668,5.535679499411164,5.535679499411164,57525
1995-01-05,5.572221279144287,5.627029848463161,5.572221279144287,5.608760108061734,86171
1995-01-06,5.645297050476074,5.663566130777465,5.553949041428666,5.5722187736151705,141825
1995-01-09,5.700109481811523,5.718379226455386,5.663569992523799,5.663569992523799,56239
1995-01-10,5.754917621612549,5.827995942686631,5.700109043778364,5.718378787018262,146619
1995-01-11,5.718378067016602,5.791456378889385,5.70010832607705,5.791456378889385,85703
1995-01-12,5.7366461753845215,5.754915913200841,5.700107351637197,5.700107351637197,21397
1995-01-13,5.846264839172363,5.901073409068251,5.773186528682708,5.773186528682708,74479
1995-01-16,5.7366461753845215,5.901072511960769,5.7366461753845215,5.88280277414445,51094
1995-01-17,5.718378067016602,5.736647156070728,5.70010832607705,5.718378067016602,123235
1995-01-18,5.809725761413574,5.8279955032759965,5.700108614009959,5.736647445849345,105346
1995-01-19,5.809725761413574,5.809725761413574,5.754917187711766,5.773186929574188,19058
1995-01-20,5.809725761413574,5.8279955032759965,5.754917187711766,5.8279955032759965,75531
1995-01-23,5.718378067016602,5.809725467943511,5.70010832607705,5.791456378889385,12978
1995-01-24,5.681837558746338,5.754915857417948,5.681837558746338,5.754915857417948,25723
1995-01-25,5.7366461753845215,5.773185651017161,5.700107351637197,5.718377089453516,22566
1995-01-26,5.791451930999756,5.84626045983952,5.7549124771832965,5.809721006023061,24904
1995-01-27,5.700109481811523,5.8828049725934735,5.700109481811523,5.809726645903582,37765
1995-01-30,5.62702751159668,5.700105790968065,5.62702751159668,5.681836058153935,78922
1995-01-31,5.718378067016602,5.791456378889385,5.645299755143819,5.663568844197946,120663
1995-02-01,5.754917621612549,5.773187364852446,5.718378787018262,5.754917621612549,45599
1995-02-02,5.827993392944336,5.827993392944336,5.736645368595043,5.736645368595043,43261
1995-02-03,5.8828020095825195,5.901071745024402,5.827993455142102,5.827993455142102,90146
1995-02-06,5.9924211502075195,5.9924211502075195,5.901073103848865,5.901073103848865,31919
1995-02-07,5.9924211502075195,5.9924211502075195,5.955881670909906,5.9924211502075195,106983
1995-02-08,6.014558792114258,6.051458256981424,5.959210253121238,5.959210253121238,43378
1995-02-09,5.977658271789551,6.0145570677702835,5.940758817501277,6.0145570677702835,21864
1995-02-10,5.996111869812012,6.014560950558683,5.959212391702736,6.014560950558683,48405
1995-02-13,6.106804847717285,6.106804847717285,5.977658078499425,6.014556873287019,69217
1995-02-14,6.0883612632751465,6.0883612632751465,6.051462431263,6.0883612632751465,33556
1995-02-15,6.0883612632751465,6.143710498755641,6.051462431263,6.0883612632751465,107100
1995-02-16,6.069907188415527,6.0883562601067975,5.99610892672752,6.0883562601067975,62553
1995-02-17,6.069907188415527,6.069907188415527,6.051457458416615,6.069907188415527,24787
1995-02-21,6.2544050216674805,6.2544050216674805,6.069909622613633,6.088358701703482,68282
1995-02-22,6.328200817108154,6.328200817108154,6.2175037529963495,6.254402554931069,102774
1995-02-23,6.4019999504089355,6.438899415672233,6.3651011434533755,6.383550217777287,50159
1995-02-24,6.4019999504089355,6.438899415672233,6.383550217777287,6.438899415672233,96226
1995-02-27,6.438898086547852,6.438898086547852,6.346650100739276,6.365099829562511,135278
1995-02-28,6.3651041984558105,6.494251072247353,6.3651041984558105,6.494251072247353,155739
1995-03-01,6.383549690246582,6.457347956366818,6.383549690246582,6.457347956366818,136447
1995-03-02,6.346650123596191,6.383548923067949,6.328200394706511,6.383548923067949,132121
1995-03-03,6.328200817108154,6.328200817108154,6.309751086986971,6.328200817108154,9237
1995-03-06,6.291304111480713,6.32820292571038,6.2728543752119466,6.32820292571038,21513
1995-03-07,6.180604457855225,6.291302183231722,6.180604457855225,6.272852452617696,47938
1995-03-08,6.1990556716918945,6.217505406720314,6.180605936663476,6.1990556716918945,72959
1995-03-09,6.309749603271484,6.309749603271484,6.1990525651897,6.1990525651897,37064
1995-03-10,6.328200817108154,6.346650547229337,6.2728522850522515,6.309751086986971,31218
1995-03-13,6.272851467132568,6.346649719687068,6.254401739417053,6.346649719687068,25489
1995-03-14,6.2544050216674805,6.291304496462994,6.2544050216674805,6.291304496462994,19409
1995-03-15,6.217502593994141,6.25440138905057,6.199052867312164,6.199052867312164,39169
1995-03-16,6.1252546310424805,6.143704357761056,6.106804904323905,6.143704357761056,50978
1995-03-17,6.1252546310424805,6.143704357761056,6.106804904323905,6.1252546310424805,75882
1995-03-20,6.162159442901611,6.180609187634508,6.125260611743984,6.125260611743984,41039
1995-03-21,6.106804847717285,6.180603095599994,6.0883551211697275,6.162153369052437,155973
1995-03-22,6.106804847717285,6.125254574264842,6.0883551211697275,6.106804847717285,42208
1995-03-23,6.1252546310424805,6.143704357761056,6.088355177605329,6.1252546310424805,17070
1995-03-24,6.1990556716918945,6.254404218469331,6.143707124914458,6.143707124914458,31569
1995-03-27,6.143705368041992,6.217503628744276,6.106805908537034,6.217503628744276,24086
1995-03-28,6.162159442901611,6.180609187634508,6.143710356476882,6.180609187634508,15434
1995-03-29,6.106804847717285,6.162153369052437,6.106804847717285,6.162153369052437,50042
1995-03-30,6.180604457855225,6.199054188469252,6.1252559243208085,6.143705654934836,155154
1995-03-31,6.217502593994141,6.217502593994141,6.069906097153375,6.143704345573758,60097
1995-04-03,6.180604457855225,6.254402722003668,6.162154727241198,6.254402722003668,91666
1995-04-04,6.2544050216674805,6.2544050216674805,6.18060673038436,6.18060673038436,58227
1995-04-05,6.1990556716918945,6.254404218469331,6.180605936663476,6.254404218469331,57993
1995-04-06,6.1990556716918945,6.254404218469331,6.180605936663476,6.235954483440912,19877
1995-04-07,6.217502593994141,6.217502593994141,6.16215341394821,6.217502593994141,80091
1995-04-10,6.328200817108154,6.328200817108154,6.235952824809885,6.235952824809885,23384
1995-04-11,6.291304111480713,6.32820292571038,6.291304111480713,6.309753189441613,32387
1995-04-12,6.328200817108154,6.328200817108154,6.291302015173435,6.291302015173435,22098
1995-04-13,6.383549690246582,6.494247418580777,6.328201155233325,6.328201155233325,152816
1995-04-17,6.328200817108154,6.420448809406422,6.309751086986971,6.420448809406422,216772
1995-04-18,6.1990556716918945,6.328202500275187,6.1252573898860385,6.328202500275187,108035
1995-04-19,6.235952854156494,6.235952854156494,6.125255789523746,6.18060432184012,51796
1995-04-20,6.180604457855225,6.235952991389642,6.180604457855225,6.235952991389642,16018
1995-04-21,6.217502593994141,6.272851115732546,6.180603140630187,6.217502593994141,27243
1995-04-24,6.291304111480713,6.291304111480713,6.199056088444747,6.235954902674414,37181
1995-04-25,6.291304111480713,6.365102398247912,6.25440463894318,6.309753189441613,128613
1995-04-26,6.328200817108154,6.346650547229337,6.254402554931069,6.309751086986971,46885
1995-04-27,6.235952854156494,6.309751116680877,6.235952854156494,6.309751116680877,15083
1995-04-28,6.291304111480713,6.32820292571038,6.143707537946314,6.235954902674414,79740
1995-05-01,6.2544050216674805,6.291304496462994,6.235955284269724,6.291304496462994,22215
1995-05-02,6.2544050216674805,6.272854759065237,6.18060673038436,6.235955284269724,25138
1995-05-03,6.272851467132568,6.272851467132568,6.254401739417053,6.272851467132568,25489
1995-05-04,6.2544050216674805,6.272854759065237,6.217506205179873,6.272854759065237,75882
1995-05-05,6.162159442901611,6.2728572529908275,6.162159442901611,6.2728572529908275,30049
1995-05-08,6.328200817108154,6.328200817108154,6.1621545626328,6.1806042927539835,50276
1995-05-09,6.346650123596191,6.494246638098429,6.328200394706511,6.494246638098429,106164
1995-05-10,6.331751346588135,6.350374310788545,6.238637190074923,6.350374310788545,23618
1995-05-11,6.331751346588135,6.3689966105001155,6.313128382387724,6.3689966105001155,22683
1995-05-12,6.406243324279785,6.406243324279785,6.35037508931818,6.35037508931818,52965
1995-05-15,6.406243324279785,6.480734525724899,6.35037508931818,6.368997391312768,36830
1995-05-16,6.48073673248291,6.499359705307733,6.387622532847938,6.387622532847938,13680
1995-05-17,6.424867630004883,6.46211290624663,6.368998718908675,6.46211290624663,50861
1995-05-18,6.406243324279785,6.46211155924139,6.368997391312768,6.424866290763294,40104
1995-05-19,6.406243324279785,6.406243324279785,6.368997391312768,6.406243324279785,27944
1995-05-22,6.350378036499023,6.387623322262484,6.331755061372679,6.369000347136139,26658
1995-05-23,6.350378036499023,6.369000347136139,6.29450911111999,6.369000347136139,22449
1995-05-24,6.331751346588135,6.387619574700526,6.294505418187314,6.387619574700526,50627
1995-05-25,6.331751346588135,6.331751346588135,6.294505418187314,6.331751346588135,48405
1995-05-26,6.220016956329346,6.331754126093203,6.18277167606748,6.313131153717705,44547
1995-05-30,6.257262229919434,6.275885200297411,6.220016289163479,6.220016289163479,25840
1995-05-31,6.387618541717529,6.387618541717529,6.238636181184824,6.257259142373595,79039
1995-06-01,6.406243324279785,6.406243324279785,6.331752122834671,6.368997391312768,32738
1995-06-02,6.3131303787231445,6.443489840370551,6.3131303787231445,6.443489840370551,59747
1995-06-05,6.387618541717529,6.4434867607951105,6.294504400262406,6.313127361451177,26424
1995-06-06,6.499357223510742,6.517979524735444,6.368997128004475,6.368997128004475,51328
1995-06-07,6.368998050689697,6.499358165081408,6.350375746767158,6.499358165081408,34024
1995-06-08,6.387618541717529,6.424864464095071,6.350373283828719,6.368995580528758,59980
1995-06-09,6.331751346588135,6.387619574700526,6.331751346588135,6.387619574700526,25723
1995-06-12,6.3131303787231445,6.3689986245021695,6.3131303787231445,6.35037631890186,19409
1995-06-13,6.387618541717529,6.387618541717529,6.313127361451177,6.331750322639948,100786
1995-06-14,6.350378036499023,6.387623322262484,6.313132086246335,6.387623322262484,74245
1995-06-15,6.331751346588135,6.3689966105001155,6.313128382387724,6.331751346588135,50159
1995-06-16,6.368998050689697,6.406243987512754,6.3317527783556296,6.350375746767158,86054
1995-06-19,6.387618541717529,6.424864464095071,6.350373283828719,6.350373283828719,37999
1995-06-20,6.331751346588135,6.387619574700526,6.294505418187314,6.387619574700526,21163
1995-06-21,6.275886058807373,6.331754313094745,6.275886058807373,6.331754313094745,59513
1995-06-22,6.331751346588135,6.350374310788545,6.238637190074923,6.313128382387724,274998
1995-06-23,6.368998050689697,6.387621019101226,6.3317527783556296,6.368998050689697,147788
1995-06-26,6.220016956329346,6.27588587345584,6.201394648442978,6.220016956329346,85586
1995-06-27,6.238637447357178,6.275883377294026,6.201392181909197,6.257260412325602,66294
1995-06-28,6.238637447357178,6.294505677773583,6.201392181909197,6.275883377294026,162988
1995-06-29,6.164145469665527,6.257259618201435,6.14552250706059,6.257259618201435,68750
1995-06-30,6.220016956329346,6.27588587345584,6.201394648442978,6.201394648442978,105112
1995-07-03,6.220016956329346,6.238639928704844,6.201394648442978,6.238639928704844,34141
1995-07-05,6.294507026672363,6.294507026672363,6.182770541894675,6.220015815324235,117739
1995-07-06,6.368998050689697,6.368998050689697,6.2758845376100325,6.313129809944101,120663
1995-07-07,6.350378036499023,6.387623322262484,6.331755061372679,6.369000347136139,225307
1995-07-10,6.555224895477295,6.555224895477295,6.368996583247727,6.368996583247727,213498
1995-07-11,6.499357223510742,6.517979524735444,6.462111292083554,6.517979524735444,199000
1995-07-12,6.517979145050049,6.573848038936356,6.462110915652595,6.462110915652595,143930
1995-07-13,6.536605358123779,6.536605358123779,6.46211412707824,6.536605358123779,88158
1995-07-14,6.48073673248291,6.555227959293058,6.424868478497585,6.517982013643411,150244
1995-07-17,6.499357223510742,6.517979524735444,6.424866025145258,6.480734257797148,28646
1995-07-18,6.499357223510742,6.536602490449038,6.44348832636996,6.480734257797148,172342
1995-07-19,6.350378036499023,6.462114558278633,6.313132086246335,6.462114558278633,87106
1995-07-20,6.4621124267578125,6.480735395741391,6.294507034883628,6.350375941834362,68750
1995-07-21,6.350378036499023,6.499360508531322,6.313132086246335,6.499360508531322,46535
1995-07-24,6.275886058807373,6.406245540307624,6.275886058807373,6.387622567382117,23618
1995-07-25,6.275886058807373,6.29450836724373,6.275886058807373,6.29450836724373,19526
1995-07-26,6.3131303787231445,6.331753348812502,6.275885103033478,6.294507408633787,57759
1995-07-27,6.368998050689697,6.368998050689697,6.201393328452908,6.3317527783556296,62904
1995-07-28,6.350378036499023,6.369000347136139,6.29450911111999,6.350378036499023,37064
1995-07-31,6.294507026672363,6.368998238020492,6.294507026672363,6.368998238020492,30984
1995-08-01,6.294507026672363,6.313129995631647,6.220015815324235,6.313129995631647,121949
1995-08-02,6.368998050689697,6.387621019101226,6.2758845376100325,6.294506841532572,110724
1995-08-03,6.406243324279785,6.406243324279785,6.368997391312768,6.368997391312768,62319
1995-08-04,6.368998050689697,6.406243987512754,6.368998050689697,6.406243987512754,36129
1995-08-07,6.387618541717529,6.387618541717529,6.350373283828719,6.387618541717529,40805
1995-08-08,6.331751346588135,6.387619574700526,6.294505418187314,6.387619574700526,54368
1995-08-09,6.257262229919434,6.29450750618633,6.257262229919434,6.29450750618633,22800
1995-08-10,6.089653015136719,6.275881273413422,6.0710300564113195,6.275881273413422,81494
1995-08-11,6.201394081115723,6.2200163872984495,6.089656921574008,6.108279892245806,68048
1995-08-14,6.148742198944092,6.205152511638253,6.129938537733932,6.129938537733932,56239
1995-08-15,6.148742198944092,6.148742198944092,6.0547245638296125,6.148742198944092,22800
1995-08-16,6.12993860244751,6.186349586673516,6.111135611975165,6.12993860244751,178655
1995-08-17,6.12993860244751,6.12993860244751,6.0923319505664955,6.111135611975165,19643
1995-08-18,6.148742198944092,6.1675458601542505,6.11113554746009,6.148742198944092,43612
1995-08-21,6.148742198944092,6.205152511638253,6.148742198944092,6.148742198944092,38818
1995-08-22,6.12993860244751,6.1675459252648475,6.111135611975165,6.1675459252648475,46184
1995-08-23,6.111136436462402,6.1487430934171385,6.092332772516826,6.1487430934171385,135511
1995-08-24,6.035922527313232,6.0923328489209885,5.979511534769054,6.0923328489209885,24320
1995-08-25,6.073531627655029,6.0923352993996955,6.017121283357724,6.073531627655029,35076
1995-08-28,6.0923309326171875,6.111134590884009,6.017116970486111,6.073527274350366,32972
1995-08-29,6.05472469329834,6.05472469329834,6.017118041010192,6.0359217026224306,61734
1995-08-30,6.035922527313232,6.054725520558203,6.01711886313184,6.035922527313232,36596
1995-08-31,5.960707664489746,6.073528291105288,5.960707664489746,6.017117977797517,46885
1995-09-01,5.979513168334961,6.035924176290276,5.94190650063469,5.94190650063469,36830
1995-09-05,6.05472469329834,6.0923320165228185,5.960707727109804,6.017118041010192,86638
1995-09-06,6.148742198944092,6.148742198944092,6.073528225039771,6.09233188624993,124755
1995-09-07,6.12993860244751,6.186349586673516,6.111135611975165,6.148742263856178,85119
1995-09-08,6.167547225952148,6.167547225952149,6.111136900765971,6.148743560577935,31803
1995-09-11,6.167547225952148,6.186350891326363,6.111136900765971,6.186350891326363,28178
1995-09-12,6.223957061767578,6.223957061767578,6.148743077121032,6.167546741016771,38818
1995-09-13,6.205157279968262,6.261568306947583,6.148746923925773,6.24276463128781,52264
1995-09-14,6.205157279968262,6.223960955628035,6.167550599585547,6.205157279968262,76700
1995-09-15,6.186349391937256,6.242759703451234,6.129938409486976,6.242759703451234,106515
1995-09-18,6.186349391937256,6.2051523818177134,6.111135419606518,6.2051523818177134,131302
1995-09-19,6.205157279968262,6.205157279968262,6.129943248265999,6.167550599585547,189412
1995-09-20,6.186349391937256,6.242759703451234,6.186349391937256,6.2051523818177134,63605
1995-09-21,6.167547225952148,6.205153885764112,6.12993989520372,6.205153885764112,97161
1995-09-22,6.167547225952148,6.186350891326363,6.12993989520372,6.12993989520372,83248
1995-09-25,6.12993860244751,6.186349586673516,6.12993860244751,6.1675459252648475,227411
1995-09-26,6.148742198944092,6.1675458601542505,6.129938537733932,6.129938537733932,42442
1995-09-27,6.111136436462402,6.1487430934171385,6.073529108571251,6.1299394294715635,95174
1995-09-28,6.167547225952148,6.205153885764112,6.12993989520372,6.12993989520372,43612
1995-09-29,6.148742198944092,6.205152511638253,6.129938537733932,6.1675458601542505,128029
1995-10-02,6.12993860244751,6.205152577145861,6.073528289157826,6.148742263856178,87340
1995-10-03,6.148742198944092,6.1675458601542505,6.073528225039771,6.148742198944092,130484
1995-10-04,6.12993860244751,6.148742263856178,6.12993860244751,6.148742263856178,37532
1995-10-05,6.148742198944092,6.148742198944092,6.11113554746009,6.11113554746009,44196
1995-10-06,6.223957061767578,6.223957061767578,6.111136420265965,6.148743077121032,111192
1995-10-09,6.148742198944092,6.280366485542572,6.129938537733932,6.205152511638253,237233
1995-10-10,6.05472469329834,6.111135678135058,6.05472469329834,6.111135678135058,194323
1995-10-11,6.167547225952148,6.167547225952149,6.073529570017542,6.073529570017542,43728
1995-10-12,6.261565685272217,6.31797601769608,6.242762017485412,6.31797601769608,55771
1995-10-13,6.299170970916748,6.299170970916748,6.242760650842036,6.261564314512408,89211
1995-10-16,6.261565685272217,6.31797601769608,6.261565685272217,6.31797601769608,36947
1995-10-17,6.261565685272217,6.299172349909275,6.242762017485412,6.280368682122471,39402
1995-10-18,6.299170970916748,6.317974634587121,6.223956987171664,6.242760650842036,52264
1995-10-19,6.223957061767578,6.2991710464141235,6.205153397871838,6.2991710464141235,80909
1995-10-20,6.299170970916748,6.299170970916748,6.223956987171664,6.223956987171664,22332
1995-10-23,6.167547225952148,6.2803678763245046,6.148743560577935,6.2803678763245046,28295
1995-10-24,6.2427592277526855,6.261562887136606,6.167545261153256,6.186348920537176,24904
1995-10-25,6.2427592277526855,6.317973194352115,6.2239555683687655,6.261562887136606,52731
1995-10-26,6.205157279968262,6.223960955628035,6.148746923925773,6.205157279968262,35076
1995-10-27,6.33677864074707,6.355581634497301,6.167547000439914,6.167547000439914,41273
1995-10-30,6.299170970916748,6.336778298257493,6.280367307246376,6.336778298257493,101020
1995-10-31,6.33677864074707,6.355581634497301,6.299171311373729,6.299171311373729,147087
1995-11-01,6.33677864074707,6.355581634497301,6.3179749760604,6.336778640747071,70270
1995-11-02,6.3179755210876465,6.336779187396436,6.223957860480193,6.336779187396436,36947
1995-11-03,6.299170970916748,6.317974634587121,6.280367307246376,6.299170970916748,32153
1995-11-06,6.280370235443115,6.3179775803181295,6.280370235443115,6.299173907880623,101137
1995-11-07,6.280370235443115,6.299173907880623,6.261567233942325,6.280370235443115,65943
1995-11-08,6.299170970916748,6.299170970916748,6.223956987171664,6.299170970916748,54485
1995-11-09,6.148742198944092,6.280366485542572,6.11113554746009,6.280366485542572,179708
1995-11-10,6.12993860244751,6.148742263856178,6.111135611975165,6.12993860244751,30516
1995-11-13,6.097271919250488,6.1542555979406055,6.05928234828651,6.1542555979406055,68282
1995-11-14,6.059279918670654,6.078274696536225,6.040285140805084,6.078274696536225,41975
1995-11-15,6.059279918670654,6.059279918670654,6.002296262829522,6.021291040695092,69685
1995-11-16,6.078275680541992,6.097270461482608,6.0402861186607595,6.0402861186607595,62787
1995-11-17,6.097271919250488,6.097271919250489,5.907325419942298,6.078277133768499,123702
1995-11-20,6.097271919250488,6.116266026976627,6.05928234828651,6.097271919250489,44196
1995-11-21,6.078275680541992,6.097270461482608,6.0402861186607595,6.097270461482608,50978
1995-11-22,6.078275680541992,6.097270461482608,6.0402861186607595,6.059280899601376,112946
1995-11-24,6.02128791809082,6.116260402655346,5.983298382060828,6.116260402655346,23735
1995-11-27,6.040284633636475,6.097268962448534,5.964306206309252,6.040284633636475,117155
1995-11-28,6.078275680541992,6.097270461482608,5.983302453594601,6.0402861186607595,49458
1995-11-29,6.097271919250488,6.116266026976627,6.05928234828651,6.097271919250489,33206
1995-11-30,6.135257720947266,6.2112361468344,6.116262945036604,6.116262945036604,144514
1995-12-01,6.15425443649292,6.15425443649292,6.116264872698435,6.15425443649292,90380
1995-12-04,6.15425443649292,6.173249218390162,6.135259654595678,6.15425443649292,139370
1995-12-05,6.230230331420898,6.230230331420898,6.116262364529379,6.135257138637207,72959
1995-12-06,6.268220901489258,6.306210460005661,6.2112372414702826,6.2112372414702826,232322
1995-12-07,6.268220901489258,6.268220901489258,6.230232020728485,6.249226799986686,150594
1995-12-08,6.268220901489258,6.268220901489258,6.173248360709509,6.249226799986686,81026
1995-12-11,6.230230331420898,6.2682192018811085,6.230230331420898,6.249225105528726,57291
1995-12-12,6.040284633636475,6.15425261350507,6.02129053512131,6.116263060963698,114816
1995-12-13,6.059279918670654,6.059279918670654,5.983301484963952,5.983301484963952,115050
1995-12-14,6.059279918670654,6.059279918670654,6.040285140805084,6.040285140805084,109906
1995-12-15,6.040284633636475,6.059279409907161,6.02129053512131,6.059279409907161,124755
1995-12-18,5.8883280754089355,6.040284937713109,5.8883280754089355,6.040284937713109,37415
1995-12-19,5.964306354522705,5.964306354522705,5.8693338263202435,5.907322702050121,50159
1995-12-20,6.059279918670654,6.116263574511787,5.983301484963952,5.983301484963952,214316
1995-12-21,6.059279918670654,6.116263574511787,6.059279918670654,6.078274696536225,93654
1995-12-22,6.097271919250488,6.097271919250489,6.0402875628045205,6.0402875628045205,22098
1995-12-26,6.078275680541992,6.097270461482608,6.078275680541992,6.097270461482608,40338
1995-12-27,6.002293109893799,6.09726627157776,6.002293109893799,6.0782715036899235,58344
1995-12-28,5.983303070068359,6.059281523903373,5.983303070068359,6.059281523903373,33907
1995-12-29,6.078275680541992,6.078275680541992,6.002297234535217,6.002297234535217,104410
1996-01-02,6.116263389587402,6.116263389587402,6.078274512760429,6.097269290051695,67931
1996-01-03,6.230230331420898,6.2682192018811085,6.116262364529379,6.116262364529379,81260
1996-01-04,6.21123743057251,6.268221092326362,6.097270107064804,6.2492269902455115,77986
1996-01-05,6.1732497215271,6.211238610662061,6.0782764820560296,6.211238610662061,34141
1996-01-08,6.1732497215271,6.192243827216691,6.15425493808173,6.15425493808173,12627
1996-01-09,6.1732497215271,6.192243827216691,6.15425493808173,6.15425493808173,90146
1996-01-10,6.097271919250488,6.1352608124586165,6.078277133768499,6.1352608124586165,85586
1996-01-11,6.097271919250488,6.1352608124586165,6.078277133768499,6.078277133768499,30633
1996-01-12,6.078275680541992,6.135259345608151,6.059280899601376,6.116264564667535,38116
1996-01-15,6.059279918670654,6.097269474401795,6.040285140805084,6.040285140805084,56590
1996-01-16,6.02128791809082,6.059276776365585,5.907319987756071,6.059276776365585,104294
1996-01-17,6.040284633636475,6.059279409907161,5.983300982579938,6.040284633636475,24553
1996-01-18,5.983303070068359,6.059281523903373,5.983303070068359,6.002297852966053,53316
1996-01-19,5.9453125,5.9453125,5.85033929013681,5.85033929013681,94940
1996-01-22,6.002293109893799,6.021287877781636,5.926314716097675,5.926314716097675,93537
1996-01-23,5.831345081329346,6.002296740204457,5.831345081329346,6.002296740204457,104060
1996-01-24,5.983303070068359,5.983303070068359,5.812351379500639,5.831346162398333,94005
1996-01-25,6.040284633636475,6.135257837234384,5.926317331523402,6.02129053512131,90146
1996-01-26,6.078275680541992,6.078275680541992,6.021292015475833,6.059280899601376,46301
1996-01-29,6.1732497215271,6.211238610662061,6.05928169861066,6.05928169861066,98915
1996-01-30,6.230230331420898,6.249225105528726,6.1732466868528615,6.1732466868528615,189178
1996-01-31,6.21123743057251,6.21123743057251,6.173248548655158,6.21123743057251,87808
1996-02-01,6.287214756011963,6.3252043089407906,6.1922415514454245,6.211236327909838,100201
1996-02-02,6.192244052886963,6.268222511681623,6.192244052886963,6.24922840529981,38818
1996-02-05,6.192244052886963,6.211238837024578,6.17324994650515,6.211238837024578,36479
1996-02-06,6.3252034187316895,6.363192288558434,6.173246583913843,6.192240679949499,42559
1996-02-07,6.382190704345703,6.439174380481264,6.325207028210143,6.344201135084783,77519
1996-02-08,6.420175075531006,6.439169846787618,6.36319143951651,6.382186210773123,142293
1996-02-09,6.4646830558776855,6.5414151969430625,6.407133436719459,6.407133436719459,53550
1996-02-12,6.503047943115234,6.541414350925361,6.503047943115234,6.503047943115234,50627
1996-02-13,6.407129287719727,6.5222277670240985,6.3879467782344,6.407129287719727,115869
1996-02-14,6.3879475593566895,6.4646796601162935,6.3879475593566895,6.407130071187665,81143
1996-02-15,6.407129287719727,6.426312481683535,6.3879467782344,6.3879467782344,89328
1996-02-16,6.445502758026123,6.503051718674405,6.407136327941112,6.445502758026123,78571
1996-02-20,6.42631721496582,6.445500423058957,6.407134006872683,6.42631721496582,135862
1996-02-21,6.6181464195251465,6.637328938770096,6.426315751244993,6.426315751244993,81962
1996-02-22,6.714062690734863,6.733245899091682,6.637330541786585,6.637330541786585,93303
1996-02-23,6.483864784240723,6.733244383301978,6.368766928968662,6.714061179263687,118909
1996-02-26,6.42631721496582,6.464683631152093,6.311219335364975,6.464683631152093,64657
1996-02-27,6.3879475593566895,6.426313267497208,6.368764363047147,6.426313267497208,45833
1996-02-28,6.330400466918945,6.445499005688516,6.311217947523048,6.387950078543149,70386
1996-02-29,6.311219692230225,6.349585426106884,6.234487539997878,6.292036483052382,124989
1996-03-01,6.330400466918945,6.368766874668414,6.272851539773579,6.330400466918945,69802
1996-03-04,6.483864784240723,6.522231192317305,6.311218001332632,6.330400520892081,67230
1996-03-05,6.368765354156494,6.464680666152014,6.311216440750652,6.464680666152014,84183
1996-03-06,6.368765354156494,6.426314267562336,6.349582154861656,6.3879485534513325,64774
1996-03-07,6.5605950355529785,6.5797782340930855,6.368765103587848,6.368765103587848,92718
1996-03-08,6.349581718444824,6.5605948427487615,6.349581718444825,6.541412329251041,51796
1996-03-11,6.445502758026123,6.483868503631899,6.3112216216870545,6.3112216216870545,31335
1996-03-12,6.4646830558776855,6.503048784170911,6.3879509148123095,6.407133436719459,34609
1996-03-13,6.541412830352783,6.598961744211705,6.407131118710397,6.44549751760213,36012
1996-03-14,6.598962783813477,6.675694909206657,6.541413860888288,6.579779581345485,61500
1996-03-15,6.675698757171631,6.675698757171632,6.522234417926306,6.560600160498047,59513
1996-03-18,6.6948771476745605,6.714059662901661,6.675693947968772,6.675693947968772,46768
1996-03-19,6.675698757171631,6.694881970697092,6.637332330120709,6.694881970697092,67931
1996-03-20,6.6181464195251465,6.67569534621766,6.522231085385069,6.67569534621766,39870
1996-03-21,6.541412830352783,6.637327458624759,6.50304643146105,6.618144943657571,17772
1996-03-22,6.541412830352783,6.598961744211705,6.50304643146105,6.579778544765838,21397
1996-03-25,6.579779148101807,6.618145550511565,6.560595946896928,6.560595946896928,21046
1996-03-26,6.6181464195251465,6.656512142493878,6.560596808353802,6.598963215801365,24904
1996-03-27,6.656510353088379,6.656510353088379,6.618144640433131,6.637327154521431,29932
1996-03-28,6.637327194213867,6.694876790258866,6.598961481329186,6.656510392895534,44547
1996-03-29,6.5605950355529785,6.675693542314974,6.5605950355529785,6.675693542314974,36830
1996-04-01,6.579779148101807,6.579779148101807,6.4071317062153765,6.54141343017079,39987
1996-04-02,6.541412830352783,6.579778544765838,6.522229630906917,6.560595345319972,24787
1996-04-03,6.5605950355529785,6.5989614326331925,6.483862925871198,6.522229322951411,23735
1996-04-04,6.522228717803955,6.541411914564201,6.522228717803955,6.522228717803955,14615
1996-04-08,6.4646830558776855,6.503048784170911,6.4646830558776855,6.483865577784836,29932
1996-04-09,6.483864784240723,6.579780119953335,6.407132652566402,6.483864784240723,52614
1996-04-10,6.483864784240723,6.560596915915045,6.407132652566402,6.445499060642984,54719
1996-04-11,6.483864784240723,6.483864784240723,6.330400520892081,6.426315856604693,105697
1996-04-12,6.3879475593566895,6.483862171947269,6.368764363047147,6.4646796601162935,49341
1996-04-15,6.483864784240723,6.483864784240723,6.311218001332632,6.311218001332632,22800
1996-04-16,6.675698757171631,6.733247713268833,6.522234417926306,6.522234417926306,74596
1996-04-17,6.5605950355529785,6.675693542314974,6.44549721326963,6.675693542314974,43962
1996-04-18,6.522228717803955,6.579777623606109,6.483862324283464,6.579777623606109,26307
1996-04-19,6.4646830558776855,6.560597718850212,6.4646830558776855,6.5414151969430625,78805
1996-04-22,6.445502758026123,6.503051718674405,6.407136327941112,6.483868503631899,174329
1996-04-23,6.445502758026123,6.445502758026123,6.407136327941112,6.4263195429836175,93771
1996-04-24,6.330400466918945,6.445499005688516,6.311217947523048,6.445499005688516,37765
1996-04-25,6.503047943115234,6.598963278161713,6.311217957501115,6.311217957501115,279558
1996-04-26,6.483864784240723,6.541414396355596,6.464682264681275,6.541414396355596,39052
1996-04-29,6.522228717803955,6.560594426845864,6.464679812001801,6.464679812001801,89912
1996-04-30,6.541412830352783,6.541412830352783,6.426314318156264,6.522229630906917,57993
1996-05-01,6.522228717803955,6.541411914564201,6.50304552104371,6.541411914564201,107217
1996-05-02,6.579779148101807,6.598962349306686,6.445498108625135,6.483863826556153,227996
1996-05-03,6.5605950355529785,6.675693542314974,6.522229322951411,6.5797782340930855,76700
1996-05-06,6.541412830352783,6.598961744211705,6.4646807170479965,6.579778544765838,42910
1996-05-07,6.522228717803955,6.541411914564201,6.464679812001801,6.522228717803955,67347
1996-05-08,6.522228717803955,6.522228717803955,6.42631341848131,6.483862324283464,44430
1996-05-09,6.503047943115234,6.503047943115234,6.4646822197839455,6.503047943115234,39169
1996-05-10,6.56736421585083,6.56736421585083,6.509246119736722,6.547991286729976,30283
1996-05-13,6.644855976104736,6.644855976104736,6.5092468397553,6.567364942298125,55304
1996-05-14,6.625483512878418,6.644856445510746,6.509247299581607,6.644856445510746,38467
1996-05-15,6.625483512878418,6.625483512878418,6.528620232213934,6.625483512878418,38701
1996-05-16,6.606111526489258,6.625483768620773,6.586738593109139,6.625483768620773,24553
1996-05-17,6.644855976104736,6.644855976104736,6.567364942298125,6.606110804825695,48756
1996-05-20,6.586737632751465,6.664228663725011,6.509246601777918,6.625482802613987,101254
1996-05-21,6.664228439331055,6.664228439331055,6.567364481063541,6.567364481063541,75999
1996-05-22,6.683602809906006,6.702975052736472,6.644856941747814,6.664229875826909,52381
1996-05-23,6.606111526489258,6.722347744272764,6.528620484217386,6.68360256876113,35076
1996-05-24,6.606111526489258,6.68360256876113,6.56736565972902,6.56736565972902,16135
1996-05-28,6.451127052307129,6.644854240601725,6.393008273695237,6.644854240601725,57408
1996-05-29,6.431755542755127,6.470500712448679,6.431755542755128,6.470500712448679,47821
1996-05-30,6.451127052307129,6.489872213466709,6.431754126103165,6.431754126103165,36947
1996-05-31,6.393012046813965,6.451130859727244,6.373639800424961,6.451130859727244,95758
1996-06-03,6.354267597198486,6.412385725580166,6.334894657321648,6.354267597198486,29581
1996-06-04,6.334894180297852,6.45113111955729,6.315521241879814,6.393012304303179,27126
1996-06-05,6.37363862991333,6.393010872744642,6.334892761753446,6.354265695833388,114349
1996-06-06,6.315518379211426,6.373637168121727,6.276773211186362,6.373637168121727,73309
1996-06-07,6.334894180297852,6.334894180297852,6.257403117874487,6.276776056292523,107567
1996-06-10,6.296146392822266,6.37363742322239,6.27677346241011,6.37363742322239,88977
1996-06-11,6.238027572631836,6.2961463635985435,6.238027572631836,6.2961463635985435,139019
1996-06-12,6.218660354614258,6.238032609329499,6.199287408649964,6.218660354614258,156323
1996-06-13,6.179908275604248,6.218654128742011,6.141163113714847,6.218654128742011,56005
1996-06-14,6.160536766052246,6.199282628102145,6.141164526275817,6.179909697077195,53433
1996-06-17,6.199283599853516,6.2186565339152144,6.121792554855346,6.121792554855346,64073
1996-06-18,6.276772975921631,6.315518142494455,6.199281951527536,6.199281951527536,83949
1996-06-19,6.218660354614258,6.315523701937624,6.199287408649964,6.276778501258089,36129
1996-06-20,6.199283599853516,6.238028776728285,6.179910665791816,6.2186565339152144,49925
1996-06-21,6.179908275604248,6.238026364062531,6.160535349035367,6.238026364062531,128847
1996-06-24,6.160536766052246,6.179909697077195,6.121791595250868,6.179909697077195,51796
1996-06-25,6.044302463531494,6.160538703744269,5.966811406306731,6.160538703744269,155271
1996-06-26,6.044302463531494,6.083047646519506,6.024929526413119,6.044302463531494,71790
1996-06-27,6.044302463531494,6.083047646519506,6.024929526413119,6.044302463531494,132121
1996-06-28,6.063675403594971,6.063675403594971,6.024929529339402,6.044302466467187,110257
1996-07-01,6.121792316436768,6.160537491802573,6.063674207763759,6.063674207763759,76583
1996-07-02,6.044302463531494,6.141166457874632,6.005556589294744,6.141166457874632,50627
1996-07-03,6.044302463531494,6.063675400649869,6.024929526413119,6.044302463531494,24904
1996-07-05,5.9861836433410645,6.063674691503251,5.9861836433410645,6.005555886945118,99617
1996-07-08,5.908692359924316,6.005555647833946,5.869946491761562,5.9861834050011975,51445
1996-07-09,5.908692359924316,5.928064602757065,5.811828380766058,5.908692359924316,202040
1996-07-10,5.889318466186523,5.908691397111109,5.753708986587204,5.908691397111109,103007
1996-07-11,5.908692359924316,5.966810470919819,5.811828380766058,5.889319425842939,206132
1996-07-12,5.831202030181885,5.889320148306946,5.81182909372396,5.889320148306946,77051
1996-07-15,5.753711223602295,5.908693694382633,5.753711223602295,5.869947817469254,135979
1996-07-16,5.656845569610596,5.773082122410813,5.443745049998061,5.773082122410813,84417
1996-07-17,5.831202030181885,5.889320148306946,5.676219575391555,5.676219575391555,117506
1996-07-18,5.792458534240723,5.831204423056211,5.734340392266487,5.831204423056211,45248
1996-07-19,5.7343363761901855,5.792454477461066,5.7343363761901855,5.792454477461066,37532
1996-07-22,5.7343363761901855,5.753708961405726,5.676217929295048,5.7343363761901855,46651
1996-07-23,5.7343363761901855,5.753708961405726,5.714963445350388,5.7343363761901855,25372
1996-07-24,5.618100166320801,5.71496378947971,5.618100166320801,5.695591203097639,121598
1996-07-25,5.598727226257324,5.676218262922646,5.579354639903133,5.6181001582357935,29347
1996-07-26,5.637472152709961,5.637472152709961,5.54060853986019,5.618099568389703,78337
1996-07-29,5.695592403411865,5.792456046984245,5.637473940768957,5.637473940768957,108853
1996-07-30,5.773083209991455,5.773083209991455,5.695592160192912,5.695592160192912,75999
1996-07-31,5.811829090118408,5.811829090118408,5.734338035583495,5.753710626405045,38350
1996-08-01,5.792458534240723,5.928067762596937,5.792458534240723,5.928067762596937,40104
1996-08-02,5.811829090118408,5.8312020265643145,5.773083562850952,5.8312020265643145,73894
1996-08-05,5.850572109222412,5.869945038507529,5.79245401261552,5.79245401261552,52147
1996-08-06,5.831202030181885,5.869947211849021,5.81182909372396,5.869947211849021,31218
1996-08-07,5.8699493408203125,5.908695227788904,5.831204145100686,5.831204145100686,39753
1996-08-08,5.850572109222412,5.908690897077762,5.831199871185754,5.869945038507529,34141
1996-08-09,5.889318466186523,5.947436567711762,5.869945535261939,5.869945535261939,52498
1996-08-12,6.013105869293213,6.013105869293213,5.836826062267144,5.915172371380557,34726
1996-08-13,5.915171146392822,5.993517788721739,5.856411339366352,5.993517788721739,20227
1996-08-14,5.934762954711914,5.954349806427104,5.915176102996724,5.915176102996724,23150
1996-08-15,5.934762954711914,5.934762954711914,5.915176102996724,5.915176102996724,23384
1996-08-16,5.934762954711914,5.954349806427104,5.915176102996724,5.954349806427104,85586
1996-08-19,5.954346179962158,5.973933019748081,5.934759340176235,5.954346179962158,14498
1996-08-20,6.0326948165893555,6.052281662792103,5.973934976862371,5.973934976862371,59279
1996-08-21,5.954346179962158,6.0522796800107415,5.856412679913576,6.0326928402248186,89445
1996-08-22,5.973933696746826,6.032693523882548,5.954346854741216,5.954346854741216,20812
1996-08-23,6.013105869293213,6.0718656884883995,5.97393288945676,6.013105869293213,29932
1996-08-26,6.0326948165893555,6.091454656316339,6.0326948165893555,6.0326948165893555,66528
1996-08-27,5.973933696746826,6.032693523882548,5.895587027605495,6.032693523882548,22566
1996-08-28,5.973933696746826,6.032693523882548,5.954346854741216,5.954346854741216,31919
1996-08-29,5.89558744430542,5.99352026349314,5.817240420185968,5.99352026349314,34024
1996-08-30,5.89558744430542,5.89558744430542,5.817240420185968,5.876000600915412,36362
1996-09-03,5.817242622375488,5.856415974544484,5.738895918037497,5.856415974544484,159246
1996-09-04,5.934762954711914,5.993522810976028,5.797656390468497,5.797656390468497,40922
1996-09-05,5.856416702270508,5.934763416343965,5.836830198472522,5.895590408747992,52965
1996-09-06,5.89558744430542,5.915173588814269,5.856413757525404,5.856413757525404,74946
1996-09-09,5.973933696746826,5.973933696746826,5.856413343594274,5.915173170729995,47119
1996-09-10,6.013105869293213,6.032692708651947,5.97393288945676,5.993519029934478,50978
1996-09-11,5.973933696746826,5.993519839871326,5.954346854741216,5.993519839871326,52848
1996-09-12,6.052281856536865,6.091454851315101,5.973935168099111,5.973935168099111,133758
1996-09-13,6.130629062652588,6.130629062652588,6.071868517201496,6.071868517201496,80792
1996-09-16,6.150214195251465,6.169801040496268,6.130628048887887,6.150214195251465,45365
1996-09-17,6.150214195251465,6.228560877349453,6.111041203643084,6.169801040496268,39402
1996-09-18,6.091454982757568,6.169801672885901,6.032695139881643,6.169801672885901,53901
1996-09-19,6.071867942810059,6.0914547894408635,6.052281795060529,6.0914547894408635,45950
1996-09-20,6.052281856536865,6.11104169814486,5.9935213160475875,6.11104169814486,87223
1996-09-23,6.0326948165893555,6.052281662792103,5.973934976862371,6.052281662792103,26658
1996-09-24,5.9935197830200195,6.091453293238017,5.9935197830200195,6.03269346665966,61968
1996-09-25,5.934762954711914,6.032696514406409,5.934762954711914,6.032696514406409,69217
1996-09-26,5.915171146392822,5.9543448169977164,5.895585009971247,5.915171146392822,53082
1996-09-27,5.9935197830200195,6.01310662483984,5.895586971683126,5.934759956441662,48171
1996-09-30,6.071867942810059,6.150214630452004,5.9935212551681145,5.9935212551681145,64774
1996-10-01,6.071867942810059,6.071867942810059,6.052281795060529,6.071867942810059,39402
1996-10-02,6.0326948165893555,6.130628348721835,6.013107970386607,6.091454656316339,19760
1996-10-03,6.150214195251465,6.150214195251465,6.013107676300292,6.032694521545095,164976
1996-10-04,6.208974361419678,6.248147350696432,6.15021382918277,6.15021382918277,79039
1996-10-07,6.208974361419678,6.208974361419678,6.189387517340709,6.189387517340709,55304
1996-10-08,6.18938684463501,6.22855982965417,6.169800002684875,6.18938684463501,124404
1996-10-09,6.228560447692871,6.228560447692871,6.130627625986876,6.208974302680379,90380
1996-10-10,6.169797420501709,6.208971088007019,6.130624451877217,6.208971088007019,37181
1996-10-11,6.1110429763793945,6.16980283027807,6.0914561254526935,6.16980283027807,55888
1996-10-14,6.150214195251465,6.1893878857410725,6.111041203643084,6.111041203643084,61033
1996-10-15,6.130629062652588,6.150215212254944,6.071868517201496,6.130629062652588,46885
1996-10-16,6.248145580291748,6.26773241882081,6.1110391083502895,6.130625946879351,96928
1996-10-17,6.248145580291748,6.26773241882081,6.228558741762686,6.248145580291748,39753
1996-10-18,6.32649564743042,6.38525549582603,6.267735799034809,6.287322648127134,40922
1996-10-21,6.267734050750732,6.365667570014005,6.2481472071218445,6.365667570014005,139954
1996-10-22,6.32649564743042,6.32649564743042,6.248148949942484,6.287322648127134,355089
1996-10-23,6.346078872680664,6.365665710588191,6.26773221993152,6.365665710588191,66879
1996-10-24,6.346078872680664,6.365665710588191,6.30690519686561,6.346078872680664,62319
1996-10-25,6.346078872680664,6.365665710588191,6.30690519686561,6.346078872680664,105930
1996-10-28,6.444014549255371,6.4636006949258835,6.365667869929716,6.385254015600228,153517
1996-10-29,6.5811238288879395,6.5811238288879395,6.444017257173148,6.444017257173148,113530
1996-10-30,6.600708961486816,6.600708961486816,6.52236226965576,6.581122113808725,83599
1996-10-31,6.6986403465271,6.6986403465271,6.581120683757721,6.581120683757721,68516
1996-11-01,6.6986403465271,6.71822718994905,6.659467358564361,6.6986403465271,117506
1996-11-04,6.776987552642822,6.776987552642822,6.62029419074494,6.62029419074494,102540
1996-11-05,6.659465789794922,6.816159102495979,6.639878950987041,6.796572263688097,91666
1996-11-06,6.718225479125977,6.718225479125977,6.679052501138793,6.679052501138793,375200
1996-11-07,6.776987552642822,6.796574397600362,6.718227716651421,6.718227716651421,85352
1996-11-08,6.725555419921875,6.8442413391297405,6.64643123851103,6.784898379525808,207769
1996-11-11,6.765115261077881,6.765115261077881,6.7057723181111015,6.7057723181111015,155739
1996-11-12,6.745340347290039,6.745340347290039,6.685996649268764,6.745340347290039,60799
1996-11-13,6.8046770095825195,6.8046770095825195,6.725552858308304,6.7453340725809925,35193
1996-11-14,6.844241619110107,6.844241619110107,6.804679879694719,6.804679879694719,47704
1996-11-15,6.864023208618164,6.923366173821632,6.844241984944717,6.883804432291611,63722
1996-11-18,6.864023208618164,6.903585655965058,6.844241984944717,6.864023208618164,67580
1996-11-19,6.923369884490967,6.923369884490967,6.8442456532064,6.883808121757308,112478
1996-11-20,6.903587818145752,6.92336834219752,6.8640253584080275,6.92336834219752,48873
1996-11-21,6.923369884490967,6.943151118766421,6.864026887481854,6.923369884490967,53199
1996-11-22,6.903587818145752,6.92336834219752,6.903587818145751,6.903587818145751,31101
1996-11-25,6.962931156158447,6.962931156158447,6.903588169350016,6.903588169350016,38233
1996-11-26,6.943150997161865,7.002493993131626,6.883808001192105,6.962932231090865,78220
1996-11-27,6.923369884490967,6.962932353041875,6.9035893560327635,6.962932353041875,25606
1996-11-29,7.002492904663086,7.0222741355172875,6.943149917917609,6.943149917917609,12861
1996-12-02,7.061836242675781,7.1013979965808005,6.98271202904865,7.022273782953668,64891
1996-12-03,7.002492904663086,7.081617122262766,6.923368687063406,7.081617122262766,96109
1996-12-04,6.962931156158447,7.002492912091692,6.864025707599642,7.002492912091692,61968
1996-12-05,7.022270202636719,7.081613156146684,7.002488982861153,7.002488982861153,59513
1996-12-06,6.943150997161865,6.982713465019865,6.923369763232866,6.982713465019865,69685
1996-12-09,7.002492904663086,7.0222741355172875,6.943149917917609,6.943149917917609,39285
1996-12-10,7.002492904663086,7.0618365972256925,6.96293114877181,7.002492904663086,58577
1996-12-11,6.923369884490967,6.98271358731733,6.765121421921833,6.962932353041875,74011
1996-12-12,6.903587818145752,6.943149572066382,6.844244128539165,6.92336834219752,59279
1996-12-13,6.883805751800537,6.9629299558442215,6.864024524335364,6.883805751800537,40572
1996-12-16,6.765115261077881,6.9233635795336985,6.765115261077881,6.9233635795336985,26658
1996-12-17,6.8046770095825195,6.844238732311359,6.725552858308304,6.725552858308304,65593
1996-12-18,6.943150997161865,6.962932231090865,6.8640267672631055,6.8640267672631055,75765
1996-12-19,6.903587818145752,6.982712031804106,6.844244128539165,6.982712031804106,30166
1996-12-20,6.923369884490967,7.101399581335555,6.824465124748197,7.101399581335555,125807
1996-12-23,6.883805751800537,6.9233675009138755,6.804681547756853,6.903586979265711,74596
1996-12-24,6.943150997161865,6.943150997161865,6.883808001192105,6.883808001192105,12043
1996-12-26,6.943150997161865,7.002493993131626,6.8640267672631055,6.943150997161865,52848
1996-12-27,6.923369884490967,6.943151118766421,6.883808121757308,6.943151118766421,28412
1996-12-30,6.923369884490967,6.98271358731733,6.9035893560327635,6.923369884490967,80559
1996-12-31,6.8046770095825195,6.962925312130951,6.8046770095825195,6.9233628835855745,39285
1997-01-02,6.7848968505859375,6.7848968505859375,6.705772687005295,6.765115633236615,95875
1997-01-03,6.8046770095825195,6.903582375129424,6.784895795309832,6.824458223855208,90614
1997-01-06,6.7848968505859375,6.824459285284583,6.74533512170394,6.80467806793526,207418
1997-01-07,6.923369884490967,6.962932353041875,6.74534089346363,6.784902656197287,116570
1997-01-08,6.864023208618164,6.962928621168526,6.784899019741249,6.943147397495079,48873
1997-01-09,6.883805751800537,6.9431487283790485,6.844243296870191,6.903586979265711,38350
1997-01-10,6.883805751800537,6.883805751800537,6.745338571178342,6.78490032029168,255706
1997-01-13,6.962931156158447,6.982712387033635,6.883806938474828,6.923368694408073,86872
1997-01-14,6.864023208618164,6.943147397495079,6.844241984944717,6.883804432291611,86054
1997-01-15,6.962931156158447,6.982712387033635,6.824463951666397,6.844244476724454,190114
1997-01-16,7.081614017486572,7.121176461849703,6.96292809603082,7.061833501121827,97044
1997-01-17,7.101396083831787,7.180520276146952,7.101396083831787,7.101396083831787,140773
1997-01-20,6.923369884490967,7.101399581335555,6.923369884490967,7.101399581335555,76934
1997-01-21,6.943150997161865,7.002493993131626,6.8640267672631055,6.8640267672631055,78571
1997-01-22,6.883805751800537,6.982711183309395,6.864024524335364,6.9431487283790485,35778
1997-01-23,6.765115261077881,6.9233635795336985,6.765115261077881,6.883801852828048,59747
1997-01-24,6.844241619110107,6.92336580375772,6.6859932498148815,6.725555695047106,75648
1997-01-27,6.705774307250977,6.824460934207265,6.705774307250977,6.824460934207265,36012
1997-01-28,6.626654624938965,6.745341332499434,6.626654624938965,6.725560096936473,44313
1997-01-29,6.705774307250977,6.725555529379828,6.62665012455239,6.62665012455239,59630
1997-01-30,6.7848968505859375,6.7848968505859375,6.685991469655972,6.705772687005295,44313
1997-01-31,6.725555419921875,6.784898379525808,6.685992976308049,6.784898379525808,103007
1997-02-03,6.824459552764893,6.844240065072852,6.666211219401165,6.725554167958395,68048
1997-02-04,6.824459552764893,6.844240065072852,6.804678334640258,6.804678334640258,27827
1997-02-05,6.7848968505859375,6.883802231515903,6.705772687005295,6.80467806793526,50393
1997-02-06,6.824459552764893,6.824459552764893,6.765115898390989,6.804678334640258,76233
1997-02-07,6.892388343811035,6.912365745891286,6.832453999043744,6.832453999043744,63605
1997-02-10,6.832451820373535,6.912363541739553,6.832451820373535,6.87240803747752,49224
1997-02-11,6.892388343811035,6.892388343811034,6.832453999043744,6.832453999043744,52030
1997-02-12,6.892388343811035,6.912365745891286,6.852432113966174,6.912365745891286,50861
1997-02-13,6.912363529205322,6.912363529205322,6.8724080250157416,6.892386133531508,20812
1997-02-14,6.932341575622559,6.992275187791033,6.892386071790891,6.912363467285752,51328
1997-02-18,6.912363529205322,6.912363529205322,6.852429916499975,6.8724080250157416,61734
1997-02-19,6.892388343811035,6.912365745891286,6.812476596963493,6.892388343811034,47119
1997-02-20,6.872406482696533,6.912361977919222,6.852428378664293,6.892384586728773,63722
1997-02-21,6.912363529205322,6.912363529205322,6.892386133531508,6.892386133531508,37999
1997-02-24,7.032235622406006,7.092169270522737,6.912367613330172,6.932345733649873,52381
1997-02-25,6.912363529205322,7.032231467457968,6.8724080250157416,7.032231467457968,40689
1997-02-26,6.992278099060059,7.012256215714851,6.89238894147058,6.932344461937923,70503
1997-02-27,6.932341575622559,6.992275187791033,6.912363467285752,6.972297792296171,29347
1997-02-28,6.912363529205322,6.972297854752621,6.892386133531508,6.892386133531508,50276
1997-03-03,6.932341575622559,6.952319683959365,6.792496242948805,6.8724079634540844,68633
1997-03-04,6.852427959442139,6.9123615550304125,6.832449856632132,6.8724060622521455,131068
1997-03-05,6.912363529205322,6.912363529205322,6.832451807984209,6.832451807984209,128964
1997-03-06,6.852427959442139,6.932339657840419,6.832449856632132,6.932339657840419,57993
1997-03-07,6.8124775886535645,6.8724112293031965,6.772521352992288,6.852433111472558,76934
1997-03-10,6.952317714691162,6.972295817369101,6.752538113595258,6.752538113595258,91432
1997-03-11,6.832451820373535,6.932341650291545,6.792496316111502,6.932341650291545,107100
1997-03-12,6.912363529205322,6.952319746236855,6.812474412310394,6.832451807984209,56824
1997-03-13,6.852427959442139,6.9123615550304125,6.832449856632132,6.9123615550304125,21163
1997-03-14,6.872406482696533,6.902373638744893,6.792494779409364,6.832450274632053,61384
1997-03-17,6.912363529205322,6.9323416377210885,6.832451807984209,6.832451807984209,88509
1997-03-18,6.892388343811035,6.932343860813716,6.832453999043744,6.892388343811034,56473
1997-03-19,6.892388343811035,6.912365745891286,6.852432113966174,6.892388343811034,98564
1997-03-20,6.872406482696533,6.912361977919222,6.752538571344884,6.832450274632053,78571
1997-03-21,6.772522449493408,6.912367871264897,6.772522449493408,6.912367871264897,70386
1997-03-24,6.872406482696533,6.872406482696533,6.772516675377124,6.772516675377124,110140
1997-03-25,6.752540588378906,6.872408535536001,6.71258508122121,6.872408535536001,141358
1997-03-26,6.692607402801514,6.752541023823945,6.692607402801514,6.732563625377835,124053
1997-03-27,6.692607402801514,6.712585514089675,6.652651893067243,6.712585514089675,82312
1997-03-31,6.572739124298096,6.692606347441035,6.572739124298096,6.6526508440073675,74829
1997-04-01,6.472850322723389,6.55276205510269,6.432894100112713,6.492828434028726,70153
1997-04-02,6.4129180908203125,6.472851724877142,6.333006341130471,6.4328954936111185,65943
1997-04-03,6.352978706359863,6.392934905942826,6.3130232196185405,6.372956806151344,120429
1997-04-04,6.372959136962891,6.4129153511592225,6.273069314313961,6.313025528510293,83365
1997-04-07,6.372959136962891,6.392937244061057,6.313025528510293,6.333003635608459,64540
1997-04-08,6.452872276306152,6.452872276306152,6.372960543123284,6.392938654629515,84183
1997-04-09,6.352978706359863,6.4728465922671115,6.333001319410021,6.4728465922671115,76583
1997-04-10,6.392940044403076,6.4129181602523895,6.3130282938480375,6.352983812704451,82663
1997-04-11,6.313025951385498,6.372959563852721,6.2930478429491075,6.372959563852721,75531
1997-04-14,6.293048858642578,6.293048858642578,6.233115236502112,6.293048858642578,76116
1997-04-15,6.293048858642578,6.333005081964264,6.253093348162955,6.333005081964264,41039
1997-04-16,6.452872276306152,6.472850387812384,6.233115188263778,6.273070698434183,116570
1997-04-17,6.492831230163574,6.6326766438412035,6.472853110254668,6.472853110254668,61851
1997-04-18,6.532782554626465,6.552760661683536,6.472848946297151,6.512804447569394,20578
1997-04-21,6.4129180908203125,6.552763474566984,6.372961859554289,6.532785358933972,38233
1997-04-22,6.372959136962891,6.432892745415488,6.352981029864725,6.4129153511592225,62904
1997-04-23,6.352978706359863,6.412913005734307,6.352978706359863,6.372956806151344,164391
1997-04-24,6.452872276306152,6.5327840094890215,6.333005032952878,6.333005032952878,67814
1997-04-25,6.372959136962891,6.472848959611819,6.23311381295953,6.472848959611819,136447
1997-04-28,6.4129180908203125,6.4328954936111185,6.3529837439212775,6.372961859554289,33673
1997-04-29,6.4129180908203125,6.472851724877142,6.3529837439212775,6.45287360924413,58811
1997-04-30,6.552760601043701,6.612694208818383,6.432892672652443,6.432892672652443,50510
1997-05-01,6.492831230163574,6.592720404023391,6.472853110254668,6.552764877047936,23267
1997-05-02,6.572739124298096,6.572739124298096,6.452871188313219,6.492827404588824,51211
1997-05-05,6.8124775886535645,6.83245499364192,6.552764195382117,6.552764195382117,129432
1997-05-06,6.672630310058594,6.832453799076071,6.61269667988758,6.832453799076071,78337
1997-05-07,6.572739124298096,6.7125844555788365,6.552761016160293,6.672628239303232,49575
1997-05-08,6.712584495544434,6.792496215729486,6.552761055174328,6.552761055174328,52614
1997-05-09,6.700474262237549,6.740838204957682,6.680291930813052,6.740838204957682,83482
1997-05-12,6.841752529144287,6.861934870560593,6.7610238836082805,6.7610238836082805,61617
1997-05-13,6.90229606628418,6.90229606628418,6.761021173262492,6.90229606628418,63137
1997-05-14,6.801389217376709,7.003210490467686,6.781206874028825,6.902299493857554,62904
1997-05-15,6.841752529144287,6.861934870560593,6.801388566440892,6.801388566440892,36713
1997-05-16,6.761022090911865,6.882115387172393,6.74083975484694,6.861933051107467,41624
1997-05-19,6.861935615539551,6.922481926232576,6.761024617631645,6.781206961239086,36129
1997-05-20,6.861935615539551,6.861935615539551,6.740842274024206,6.861935615539551,30049
1997-05-21,6.801389217376709,6.8821178706389565,6.740842187333059,6.861935527291073,36479
1997-05-22,6.861935615539551,6.902299582625136,6.781206961239086,6.781206961239086,26658
1997-05-23,6.90229606628418,6.922478399609829,6.84174978643616,6.882114453087458,44781
1997-05-27,6.882116794586182,6.922480754841559,6.861934454393906,6.922480754841559,34726
1997-05-28,6.90229606628418,6.90229606628418,6.80138583991379,6.861932119761809,16603
1997-05-29,6.942663192749023,6.983027153572508,6.882116891449206,6.9022985117963565,31101
1997-05-30,6.922477722167969,6.922477722167969,6.8619314482450795,6.882113779595661,50744
1997-06-02,6.983024597167969,7.003206930255784,6.942660651121258,6.9628429842090735,61617
1997-06-03,7.003210067749023,7.003210067749023,6.9426637614892766,6.962846103618939,63020
1997-06-04,6.922477722167969,7.003206327441441,6.902295390817387,6.983023996090858,47119
1997-06-05,7.003210067749023,7.06375637400877,6.9426637614892766,6.9426637614892766,34258
1997-06-06,7.043572425842285,7.063754041177653,6.962843804113803,7.023390090377914,40805
1997-06-09,7.06375789642334,7.083940242902798,7.023393923593821,7.06375789642334,25840
1997-06-10,7.124305248260498,7.1444868754955175,7.083940553531602,7.10412290089605,29932
1997-06-11,7.24539041519165,7.34630132774783,7.184844155709416,7.184844155709416,86522
1997-06-12,7.346303462982178,7.366485795385231,7.205028576418591,7.205028576418591,86054
1997-06-13,7.366487503051758,7.4875800852834375,7.346305165970124,7.366487503051758,95641
1997-06-16,7.326120853424072,7.346303185063607,7.305938521784538,7.326120853424072,52731
1997-06-17,7.346303462982178,7.386667407659391,7.285757185901911,7.285757185901911,111309
1997-06-18,7.406852722167969,7.447217403225478,7.366488761239644,7.386670381639214,132822
1997-06-19,7.447216033935547,7.487579987442312,7.406851360299729,7.406851360299729,51913
1997-06-20,7.427036762237549,7.487583077549539,7.406854417090436,7.4472191073846625,94121
1997-06-23,7.265573978424072,7.467395117760337,7.245391648451803,7.447213507916876,72725
1997-06-24,7.457308769226074,7.467399219626116,7.265577969428807,7.265577969428807,57525
1997-06-25,7.437127113342285,7.507764593425561,7.427035941883351,7.4673999075898205,158311
1997-06-26,7.336213111877441,7.467396846814793,7.3261219445547265,7.467396846814793,43728
1997-06-27,7.346303462982178,7.427032072465498,7.326121130579124,7.366485795385231,41858
1997-06-30,7.305942058563232,7.356397912087554,7.2554869251681255,7.326124399972961,43027
1997-07-01,7.336213111877441,7.366486613845588,7.225210991456546,7.265575660747408,56707
1997-07-02,7.416942119598389,7.427033287450725,7.336213496908707,7.3463046647610435,22800
1997-07-03,7.376582145690918,7.4976747849527685,7.36649097239753,7.477492438365993,37415
1997-07-07,7.366487503051758,7.41694262562678,7.336213997429307,7.376578671592575,36947
1997-07-08,7.578399181365967,7.588490348973812,7.366486821988209,7.366486821988209,96460
1997-07-09,7.6187663078308105,7.739858917903136,7.467399465046564,7.6187663078308105,101371
1997-07-10,7.770125389099121,7.8710355660035605,7.628849845201472,7.628849845201472,120078
1997-07-11,7.689399719238281,7.749945992270684,7.6490350571307815,7.749945992270684,50627
1997-07-14,7.66921854019165,7.749947156404194,7.628853872020901,7.699492041319712,84066
1997-07-15,7.649035930633545,7.709582210580197,7.598580817366155,7.709582210580197,73426
1997-07-16,7.780224323272705,7.800405946737925,7.649039810037662,7.649039810037662,46768
1997-07-17,7.689399719238281,7.770128323324434,7.669217388184531,7.770128323324434,74362
1997-07-18,7.588489055633545,7.719672771919309,7.50776044865872,7.689399994384295,83365
1997-07-21,7.437127113342285,7.5481285591320315,7.38667125604761,7.5481285591320315,38701
1997-07-22,7.608673572540283,7.628855189983283,7.416942805863693,7.447216312221811,57057
1997-07-23,7.7095842361450195,7.729766574806121,7.608673983097754,7.608673983097754,82312
1997-07-24,7.6187663078308105,7.719676576181339,7.588492795248116,7.719676576181339,19760
1997-07-25,7.568308353424072,7.6389458097202025,7.538035569370889,7.608673025667019,57408
1997-07-28,7.649035930633545,7.689400597350599,7.578398484007629,7.588489650686892,68633
1997-07-29,7.7095842361450195,7.749948913467221,7.659129109621387,7.669220278951937,66996
1997-07-30,7.7196760177612305,7.71967601776123,7.669220887235751,7.709584847630299,34024
1997-07-31,7.7196760177612305,7.749949528154022,7.699494397628544,7.739858358023091,21630
1997-08-01,7.588489055633545,7.719672771919309,7.517851614546682,7.709581606031346,32270
1997-08-04,7.689399719238281,7.689399719238281,7.598579949625253,7.598579949625253,19292
1997-08-05,7.69949197769165,7.719673591481291,7.649036142895177,7.659127309854472,21280
1997-08-06,7.8004021644592285,7.830675665171907,7.68940076877063,7.699491935674856,44079
1997-08-07,7.7095842361450195,7.800404039990854,7.6894026176130374,7.7802224214588716,37999
1997-08-08,7.517856597900391,7.709586716476998,7.467400735014955,7.679313918875086,90146
1997-08-11,7.709314346313477,7.75005085034926,7.413977599104933,7.413977599104933,82429
1997-08-12,7.648208141326904,7.811152657591559,7.627839895103194,7.811152657591559,50393
1997-08-13,7.699127674102783,7.729680042025555,7.6074720238594296,7.68894427822434,62904
1997-08-14,7.750054836273193,7.770423098766669,7.688950775555863,7.729686573779719,67463
1997-08-15,7.475081443786621,7.709314155919454,7.464897318029188,7.709314155919454,58344
1997-08-18,7.475081443786621,7.485265569544053,7.312136885193111,7.475081443786621,61617
1997-08-19,7.597286701202393,7.668574821666189,7.53618197500854,7.53618197500854,72959
1997-08-20,7.760231971740723,7.770416093806566,7.607471594277955,7.638023233713045,41273
1997-08-21,7.576919078826904,7.800967579574728,7.576919078826904,7.800967579574728,77402
1997-08-22,7.475081443786621,7.556553723083376,7.342689262465407,7.4954496953014855,53316
1997-08-25,7.576919078826904,7.627838961390638,7.4648944650717795,7.485262708802243,23969
1997-08-26,7.638025760650635,7.770418664544559,7.576921734802575,7.587105860237698,60799
1997-08-27,7.658393859863281,7.719497884501311,7.576921584758352,7.6787621103301795,41858
1997-08-28,7.658393859863281,7.7602343854351075,7.617657358929484,7.638025609396382,33322
1997-08-29,7.607471942901611,7.658391828801867,7.566735452771429,7.6176553386716845,47704
1997-09-02,7.790786266326904,7.790786266326904,7.597290061418427,7.597290061418427,97161
1997-09-03,7.760231971740723,7.933360593335178,7.719495483477351,7.821335977373343,143930
1997-09-04,7.719494342803955,7.790782459968507,7.719494342803955,7.770414945608873,90029
1997-09-05,7.811152935028076,7.82133705850165,7.729680674002017,7.729680674002017,40572
1997-09-08,7.668574810028076,7.78059868768873,7.638022446977517,7.770415293434241,54018
1997-09-09,7.800971984863281,7.821340240095906,7.6787639069932005,7.709315563079302,32738
1997-09-10,7.770419120788574,7.831523150224388,7.770419120788574,7.80097077212512,36246
1997-09-11,7.658393859863281,7.750050260201658,7.65839385986328,7.72968200973476,34959
1997-09-12,7.688945293426514,7.688945293426514,7.526000763182475,7.6380246734986414,29113
1997-09-15,7.943543434143066,7.984279919562847,7.67875918596405,7.67875918596405,71790
1997-09-16,7.882439136505127,7.96391137752007,7.872255015532964,7.96391137752007,60214
1997-09-17,8.137043952941895,8.187963855898913,7.923179488407159,7.923179488407159,227879
1997-09-18,8.279619216918945,8.46293200723222,8.218515195735396,8.238883445050787,165677
1997-09-19,8.106491088867188,8.249068116767685,8.035202938298276,8.2388839914346,68165
1997-09-22,8.00464916229248,8.167593670803459,7.953728549156249,8.147225425548967,81494
1997-09-23,8.065752029418945,8.116671908583932,8.014832150253959,8.014832150253959,48055
1997-09-24,8.014838218688965,8.208334487431518,7.984285831999806,8.147230440816129,54953
1997-09-25,8.065752029418945,8.075936150604418,7.97409566551207,8.014832150253959,102540
1997-09-26,8.137043952941895,8.157412204829788,8.075939924040929,8.086124049984877,38584
1997-09-29,8.29998779296875,8.29998779296875,8.106490870380648,8.116674995439249,33089
1997-09-30,8.19814682006836,8.33053971181531,8.167595173328765,8.299987338313104,63020
1997-10-01,8.218515396118164,8.299987668603551,8.157411373444784,8.167595498350787,39987
1997-10-02,8.157411575317383,8.249067974977008,8.116675074685256,8.249067974977008,73309
1997-10-03,8.177778244018555,8.269433899188952,8.106489381699882,8.228698133197945,64423
1997-10-06,8.350909233093262,8.350909233093262,8.137044747670808,8.137044747670808,63137
1997-10-07,8.361091613769531,8.391643988204322,8.32035584128578,8.371275738581128,22917
1997-10-08,8.29998779296875,8.3610918165577,8.2490678944384,8.340724293203152,38701
1997-10-09,8.371274948120117,8.412011443519944,8.340723303332814,8.412011443519944,47704
1997-10-10,8.29998779296875,8.330540168144552,8.269435417792948,8.330540168144552,21630
1997-10-13,8.381463050842285,8.43238296750235,8.320359005497624,8.33054313418222,34024
1997-10-14,8.279619216918945,8.422196235364062,8.249067569708483,8.412012110706366,47236
1997-10-15,8.34072494506836,8.371276595869256,8.279620189941145,8.279620189941145,81845
1997-10-16,8.401823997497559,8.46292798967355,8.381455757851468,8.381455757851468,106983
1997-10-17,8.361091613769531,8.47311625993446,8.350907488957935,8.371275738581128,99500
1997-10-20,8.320353507995605,8.361089269055762,8.26943289821737,8.320353507995605,71205
1997-10-21,8.503668785095215,8.513852183324675,8.228699590596229,8.228699590596229,86522
1997-10-22,8.595318794250488,8.595318794250488,8.371270372306084,8.473110828376148,105814
1997-10-23,8.269433975219727,8.564771370110627,8.238882332136203,8.55458724682861,94238
1997-10-24,8.19814682006836,8.432379503297442,8.187962695567624,8.299987338313104,66879
1997-10-27,7.790786266326904,8.228700030589847,7.780602140790244,8.228700030589847,171874
1997-10-28,8.391644477844238,8.391644477844238,7.5565534621933415,7.678762240300568,144631
1997-10-29,8.116676330566406,8.350909065155635,8.1064922038326,8.350909065155635,69919
1997-10-30,7.902807712554932,8.228696690392248,7.902807712554931,8.075936322876304,145216
1997-10-31,8.126859664916992,8.147227916398665,7.963915106589019,7.974099232329855,92017
1997-11-03,8.422194480895996,8.432377876669715,8.26943336961559,8.26943336961559,60799
1997-11-04,8.218515396118164,8.462932213574327,8.198147146306157,8.462932213574327,91549
1997-11-05,8.228700637817383,8.289804668783757,8.198148258952825,8.249068890393755,38467
1997-11-06,8.33053970336914,8.340723827859552,8.18796268726601,8.18796268726601,39285
1997-11-07,8.04252815246582,8.299313947925052,7.99117128657371,8.299313947925052,83832
1997-11-10,8.176060676574707,8.217146776959364,8.134975309189771,8.1555183593821,62436
1997-11-11,8.155516624450684,8.258230387562481,8.134973578628498,8.217145028917676,22800
1997-11-12,8.02198314666748,8.134969103535717,7.9911693278846245,8.134969103535717,52498
1997-11-13,8.124700546264648,8.18632893928197,8.021986069236162,8.021986069236162,28879
1997-11-14,8.001442909240723,8.124699682166455,7.991171389330353,8.124699682166455,50978
1997-11-17,8.114428520202637,8.196599950111016,8.073343171748139,8.093885479475697,110607
1997-11-18,8.176060676574707,8.196603726767036,8.104160733901278,8.176060676574707,60097
1997-11-19,8.206871032714844,8.247957111977168,8.155514166636282,8.155514166636282,30633
1997-11-20,8.114428520202637,8.206871470474487,8.063071651384668,8.206871470474487,68983
1997-11-21,8.04252815246582,8.10415653813622,8.001442806352001,8.09388501835793,58227
1997-11-24,7.847372055053711,8.042529497480233,7.785743659076718,8.032257975984155,114700
1997-11-25,7.950087070465088,7.970630114835677,7.888458670352835,7.888458670352835,63137
1997-11-26,7.878184795379639,8.032256116147254,7.847370238026397,7.960356215322319,108853
1997-11-28,7.991171836853027,8.032257185796022,7.878185844510858,7.878185844510858,31335
1997-12-01,7.970628261566162,8.052799686943132,7.878185316392152,7.980899781363201,139721
1997-12-02,8.289044380187988,8.309587424582384,7.970630124072901,7.9809016462701,218409
1997-12-03,8.124700546264648,8.350671809327777,8.07334367425012,8.289043416310456,131185
1997-12-04,7.929539203643799,8.28903932949645,7.888453872888705,8.124696540477936,205430
1997-12-05,7.785741806030273,8.073342140471663,7.765198767927469,7.908999301647809,101604
1997-12-08,7.7343854904174805,7.908999860633996,7.693299411308021,7.806285395859691,99149
1997-12-09,7.611133575439453,7.837105710488847,7.590591253798501,7.754934224925399,75531
1997-12-10,7.282444000244141,7.611129778528777,7.241358644458319,7.600858256332443,103709
1997-12-11,7.2413554191589355,7.333798344752354,6.984569677621483,6.984569677621483,174680
1997-12-12,7.210543155670166,7.282443068849284,7.128371721608399,7.282443068849284,43728
1997-12-15,7.2310872077941895,7.333801697972965,7.2310872077941895,7.2310872077941895,54836
1997-12-16,7.20027494430542,7.3132609929477805,7.179732626097519,7.20027494430542,111660
1997-12-17,7.20027494430542,7.323532518551609,7.179732626097519,7.179732626097519,143696
1997-12-18,7.025655746459961,7.2413561729648395,7.015384960768587,7.220813135583563,162286
1997-12-19,6.738052845001221,6.964023946187511,6.6969667904224925,6.902395597318323,352049
1997-12-22,6.984575271606445,7.00511832330229,6.758603901951474,6.758603901951474,112127
1997-12-23,6.881857395172119,7.025657221023619,6.881857395172119,7.015386433176585,42208
1997-12-24,6.9332170486450195,6.984573935057343,6.902402476997844,6.9229455247626275,28763
1997-12-26,6.922943592071533,6.984571985161335,6.881857508012046,6.953757422116719,17187
1997-12-29,6.922943592071533,6.984571985161335,6.881857508012046,6.953757422116719,56473
1997-12-30,7.005114555358887,7.005114555358888,6.9024000851279705,6.93321464609706,53550
1997-12-31,7.0667405128479,7.0667405128479,6.943483044380058,6.984569111535715,98331
1998-01-02,7.210543155670166,7.210543155670166,7.056471808429281,7.0667433293119295,58811
1998-01-05,7.2413554191589355,7.354340646995967,7.231083901537535,7.231083901537535,88860
1998-01-06,7.169456481933594,7.282441724791163,7.138641924972828,7.261899419816604,62085
1998-01-07,7.025655746459961,7.169456275129635,6.974298886006033,7.169456275129635,95057
1998-01-08,6.779146671295166,7.087290268217537,6.779146671295166,7.0051187889715365,54719
1998-01-09,6.5326247215271,6.8202249346692705,6.491539395649065,6.8202249346692705,119259
1998-01-12,6.830494403839111,6.8510374271255365,6.4709944283217204,6.4709944283217204,110958
1998-01-13,6.892129898071289,6.90240142038132,6.789415407970496,6.82022997490059,119493
1998-01-14,6.892129898071289,6.90240142038132,6.799686930280527,6.90240142038132,65359
1998-01-15,6.861311912536621,6.902397981305877,6.830498093958836,6.851041128343464,194790
1998-01-16,7.07701301574707,7.107826837408279,6.902398672003042,6.902398672003042,53433
1998-01-20,7.2413554191589355,7.251626936780336,7.1489124935655175,7.1489124935655175,51445
1998-01-21,7.128371238708496,7.2208141873905145,7.056471330400121,7.2208141873905145,49925
1998-01-22,7.046196460723877,7.1283678501579715,7.0256534301155975,7.118096334853832,72491
1998-01-23,6.994844913482666,7.118101724460547,6.922944984912307,7.046201795890187,49691
1998-01-26,7.046196460723877,7.107824819549692,7.015382647810481,7.015382647810481,62904
1998-01-27,7.07701301574707,7.107826837408279,7.025655424646338,7.046198461086631,37064
1998-01-28,7.385155200958252,7.39542671858118,7.066741086644238,7.077012604267166,50861
1998-01-29,7.282444000244141,7.4365153671901245,7.261901688850987,7.3646154448153,39636
1998-01-30,7.313256740570068,7.323528260201404,7.261899875412725,7.272170662044728,154920
1998-02-02,7.539228916168213,7.600857308662919,7.395429089347425,7.395429089347425,233959
1998-02-03,7.54949951171875,7.54949951171875,7.487871126778022,7.498142646434699,113530
1998-02-04,7.54949951171875,7.6008563770028,7.498142646434699,7.518684952748719,132939
1998-02-05,7.54949951171875,7.621399416316153,7.528956472405397,7.539227992062073,106749
1998-02-06,7.549082279205322,7.652778649360865,7.549082279205322,7.590560383263642,111543
1998-02-09,7.59056282043457,7.694259223884859,7.559454417404196,7.632041677817379,91432
1998-02-10,7.632042407989502,7.725369106022833,7.611302977313917,7.67352052933387,107450
1998-02-11,7.663151741027832,7.6735207166118835,7.590563731891718,7.6527820254369585,58461
1998-02-12,7.528343200683594,7.663148710038787,7.48686509473267,7.663148710038787,66762
1998-02-13,7.497232437133789,7.528340821765254,7.42464447964568,7.42464447964568,73894
1998-02-17,7.466126918792725,7.569823310999842,7.445387492349971,7.4868663452354784,28178
1998-02-18,7.3935418128967285,7.476498802746892,7.310584823046565,7.435019937818377,72842
1998-02-19,7.289844036102295,7.403910153454939,7.2691046074915,7.403910153454939,37999
1998-02-20,7.320953845977783,7.331323561227891,7.269105269727246,7.331323561227891,64891
1998-02-23,7.217257022857666,7.33132314411226,7.144669760243563,7.310583714792015,66060
1998-02-24,7.12393045425415,7.217257147804189,7.0617129052230485,7.175778288445609,75882
1998-02-25,7.165410995483398,7.196519407297355,7.082453997301276,7.144671560936132,44664
1998-02-26,7.217257022857666,7.237996452177912,7.09282118694295,7.155039474903686,33439
1998-02-27,7.186148643493652,7.237997222311027,7.165409951973537,7.186148643493652,43962
1998-03-02,7.3520636558532715,7.3520636558532715,7.2068890946392345,7.2172588118698,108269
1998-03-03,7.320953845977783,7.3831713974716315,7.300214415477568,7.352062251721309,139370
1998-03-04,7.258737087249756,7.32095539188857,7.2172589574975,7.32095539188857,33439
1998-03-05,7.082455158233643,7.196520586926946,6.989128427480082,7.196520586926946,73426
1998-03-06,7.237997531890869,7.269105940505012,7.082453268799553,7.082453268799553,50861
1998-03-09,7.248365879058838,7.300213710294201,7.196517307816749,7.248365879058838,84534
1998-03-10,7.445384502410889,7.445384502410889,7.269100928453253,7.289840346567411,86054
1998-03-11,7.59056282043457,7.663150820854486,7.393540467886427,7.414279896577832,122650
1998-03-12,7.569821834564209,7.611299939353078,7.486864884979961,7.54908241216652,29815
1998-03-13,7.3935418128967285,7.559455792597056,7.3935418128967285,7.559455792597056,54134
1998-03-16,7.549082279205322,7.590560383263642,7.424646487017371,7.424646487017371,52965
1998-03-17,7.424651145935059,7.517977863636274,7.383173015849497,7.486869451073842,47704
1998-03-18,7.289844036102295,7.414279867760337,7.237996204582037,7.414279867760337,50276
1998-03-19,7.34169340133667,7.34169340133667,7.24836743310532,7.24836743310532,43728
1998-03-20,7.362433910369873,7.393543064331812,7.341694474395247,7.362433910369873,87106
1998-03-23,7.227626323699951,7.341691698416976,7.227626323699951,7.341691698416976,39753
1998-03-24,7.248365879058838,7.279474281797365,7.206887022065167,7.258734853300529,32972
1998-03-25,7.237997531890869,7.258736224298009,7.196518667062857,7.2172580994768625,44079
1998-03-26,7.1965179443359375,7.217257374667139,7.134300393349126,7.217257374667139,48288
1998-03-27,7.165410995483398,7.2068891245709885,7.113562409115233,7.196519407297355,67347
1998-03-30,7.155038833618164,7.237995803457196,7.144669119887449,7.144669119887449,67113
1998-03-31,7.1446709632873535,7.175779372499106,7.134301246881144,7.155040679693564,121364
1998-04-01,7.165410995483398,7.279476405479477,7.113562409115233,7.113562409115233,146736
1998-04-02,7.300217151641846,7.300217151641847,7.196520700281528,7.196520700281528,59513
1998-04-03,7.206887722015381,7.320953849819626,7.186148291504282,7.300214419308527,67463
1998-04-06,7.030605792999268,7.217259234054137,7.030605792999268,7.217259234054137,106281
1998-04-07,7.0098652839660645,7.051344148963401,6.999496307723599,7.030604716464733,110373
1998-04-08,7.040974140167236,7.072083287622679,6.978756585263189,7.0306044243487555,78805
1998-04-09,7.258737087249756,7.269106804689558,7.103192805666628,7.175780087738291,199233
1998-04-13,7.3935418128967285,7.424650221586248,7.175779252035756,7.25873624188592,273595
1998-04-14,7.735735893249512,7.735735893249512,7.4350164823014815,7.4350164823014815,200052
1998-04-15,7.663151741027832,7.6942601477936305,7.611303163073465,7.6942601477936305,86054
1998-04-16,7.61130428314209,7.663152868726421,7.549086720447824,7.652783151609555,63371
1998-04-17,7.7149977684021,7.746106907873956,7.517974698426973,7.590561950521322,107217
1998-04-20,7.600930213928223,7.704626585716079,7.549082398037548,7.694256874536643,106983
1998-04-21,7.766844272613525,7.787583695399177,7.51797341920527,7.5698219761694,79740
1998-04-22,7.704626083374023,7.756473895884219,7.65277827086383,7.756473895884219,56590
1998-04-23,7.735735893249512,7.818692844544395,7.694257047598808,7.694257047598808,149074
1998-04-24,7.663151741027832,7.766847416922922,7.663151741027832,7.72536929456625,58811
1998-04-27,7.5179762840271,7.714999395555946,7.497237593345225,7.694259964867267,67931
1998-04-28,7.580195903778076,7.632043749574214,7.466129755018252,7.538717035135619,55537
1998-04-29,7.559450626373291,7.580190044663969,7.5076020806465955,7.528341498937274,54368
1998-04-30,7.860172748565674,7.880912176136126,7.580193436391336,7.580193436391336,91198
1998-05-01,7.839432239532471,7.912020226015421,7.756475280701405,7.8912808013060065,82079
1998-05-04,7.953497886657715,8.026085129038394,7.839431797198618,7.839431797198618,76583
1998-05-05,7.901652812957764,7.9846097959284315,7.880913382213396,7.901652812957764,174680
1998-05-06,7.766844272613525,7.912019492106566,7.694257032870266,7.912019492106566,191867
1998-05-07,7.673520088195801,7.756477066122278,7.6527813987192514,7.746108091387384,45015
1998-05-08,7.694039344787598,7.798720340228403,7.589358349346793,7.589358349346793,88977
1998-05-11,7.788248062133789,7.830119990026778,7.71497162804656,7.71497162804656,58110
1998-05-12,7.83012580871582,7.903403044289175,7.798722026217602,7.83012580871582,132004
1998-05-13,7.767315864562988,7.840592337705753,7.767315864562987,7.840592337705753,96343
1998-05-14,7.788248062133789,7.840588158758192,7.746375387208135,7.777779893402376,29230
1998-05-15,7.568417549133301,7.756842315057965,7.537013047962918,7.746374148001171,98097
1998-05-18,7.442804336547852,7.620761779165731,7.411399818309537,7.568421662468158,81962
1998-05-19,7.411402225494385,7.495146887630102,7.327657563358668,7.463743106224954,122066
1998-05-20,7.557949542999268,7.578885130526069,7.369524026030129,7.369524026030129,73660
1998-05-21,7.463740825653076,7.557953635147857,7.4428044797580215,7.557953635147857,59513
1998-05-22,7.442804336547852,7.495144453245424,7.432336163801747,7.474208854786166,39052
1998-05-26,7.317187309265137,7.463740224663976,7.317187309265137,7.463740224663976,88042
1998-05-27,7.28578519821167,7.306721549332636,7.139232234431218,7.296253373772153,156207
1998-05-28,7.2648468017578125,7.327655090404615,7.233443030950883,7.296251319597685,87340
1998-05-29,7.338126182556152,7.400935243225035,7.26484969214236,7.26484969214236,88977
1998-06-01,7.296254634857178,7.390467484152123,7.233446317671642,7.348594774672911,95291
1998-06-02,7.306722164154053,7.42187061094218,7.264849458388759,7.306722164154053,114115
1998-06-03,7.4218668937683105,7.495143345124522,7.327654100015227,7.327654100015227,141358
1998-06-04,7.505612373352051,7.516080545745797,7.327654936724232,7.4218677412350145,44430
1998-06-05,7.589357376098633,7.5998255490035955,7.4689745082410015,7.505612739891891,95057
1998-06-08,7.620762348175049,7.662634295252914,7.547485880514031,7.547485880514031,35895
1998-06-09,7.505612373352051,7.620761522650324,7.463740430809995,7.620761522650324,108152
1998-06-10,7.3799920082092285,7.495140351332516,7.3799920082092285,7.495140351332516,36362
1998-06-11,7.128764629364014,7.442806933177732,7.107828276567576,7.4009349746180675,90497
1998-06-12,7.202034950256348,7.275311375266512,7.1078221903768295,7.160162280517641,58694
1998-06-15,7.097357749938965,7.212506905155485,7.097357749938965,7.202038732223714,55654
1998-06-16,7.055486679077148,7.233444146891624,7.0345503306206085,7.118294977413711,104644
1998-06-17,7.296254634857178,7.411403091858448,7.0345524417119485,7.055488796451554,118792
1998-06-18,7.14970064163208,7.31718996195992,7.1182961139331695,7.31718996195992,66411
1998-06-19,7.00314474105835,7.191570354395842,6.992676568424828,7.191570354395842,96811
1998-06-22,7.024081230163574,7.055485748707235,6.982209285804985,7.003144884467801,49808
1998-06-23,7.055486679077148,7.076422280500632,7.013613982164069,7.024082156392339,32387
1998-06-24,7.065953254699707,7.065953254699707,6.9612722831331535,7.0554850828397635,37064
1998-06-25,6.887999057769775,7.086892175295305,6.835658173921027,7.0450202152495445,190464
1998-06-26,7.00314474105835,7.013612913691871,6.8879963361555046,6.8879963361555046,78454
1998-06-29,7.00314474105835,7.128762065627659,6.982209142824251,7.045017431592433,248691
1998-06-30,7.034548282623291,7.055484624984547,6.982208173752992,7.003143769081408,172459
1998-07-01,7.034548282623291,7.139229247396729,7.003143769081408,7.045016453803919,125456
1998-07-02,7.065953254699707,7.149697882546373,7.045016910979819,7.11829336696654,83365
1998-07-06,7.045018196105957,7.170634787274024,7.034550022336448,7.034550022336448,68399
1998-07-07,7.065953254699707,7.107825195106596,6.982208626853042,7.086888851386708,72257
1998-07-08,7.107827186584473,7.107827186584473,7.02408253527415,7.06595523444586,52614
1998-07-09,6.877525806427002,7.076418777199624,6.835653130243699,7.076418777199624,92017
1998-07-10,6.83565616607666,6.8984652082461935,6.814720565719834,6.8984652082461935,78922
1998-07-13,6.804251194000244,6.867059478078103,6.793783022148453,6.83565496252273,35076
1998-07-14,6.898467063903809,6.929870846403038,6.783317869318052,6.783317869318052,39636
1998-07-15,6.730976104736328,6.919400995227926,6.720507930759066,6.867060872374656,61384
1998-07-16,6.940337181091309,6.950805354824087,6.69957142633647,6.69957142633647,51211
1998-07-17,6.8670573234558105,6.940333756394093,6.835652817753981,6.929865587826816,39052
1998-07-20,6.908933162689209,6.908933162689209,6.783316562820188,6.825188513765503,69685
1998-07-21,6.814720153808594,6.9403367364888116,6.814720153808594,6.9403367364888116,35310
1998-07-22,6.825186252593994,6.8984634497795785,6.804250657573798,6.825186252593994,85469
1998-07-23,6.65769624710083,6.84612180991422,6.65769624710083,6.84612180991422,49107
1998-07-24,6.5844221115112305,6.678634925915535,6.542550164572098,6.678634925915535,54134
1998-07-27,6.65769624710083,6.668164416927435,6.490207023940649,6.584419805347344,82429
1998-07-28,6.5425519943237305,6.636764835076484,6.42740280072965,6.636764835076484,60448
1998-07-29,6.479741096496582,6.594889497096893,6.469272924254206,6.542549382917926,36596
1998-07-30,6.490207672119141,6.5844204629348875,6.45880390653577,6.500675842991203,39169
1998-07-31,6.395994186401367,6.521610714481065,6.375057849377201,6.469270618953299,56005
1998-08-03,6.301784038543701,6.490208909053264,6.301784038543701,6.416932446016274,68282
1998-08-04,6.165701389312744,6.34365891627536,6.1552335851217945,6.34365891627536,74479
1998-08-05,6.280849456787109,6.280849456787109,6.165700269941906,6.165700269941906,45950
1998-08-06,6.333186626434326,6.333186626434326,6.238974208787924,6.280846518914017,62787
1998-08-07,6.416932582855225,6.511145393635543,6.270379653656052,6.291315999836784,51094
1998-08-10,6.321212291717529,6.458860608993315,6.289447498857103,6.427095438326916,121598
1998-08-11,6.077682971954346,6.289448935747285,6.035329779195758,6.289448935747285,48756
1998-08-12,6.172977447509766,6.2047422460700625,6.06709428190072,6.130624256827356,68165
1998-08-13,6.045916557312012,6.236505684926971,6.035328167498414,6.15179932203011,43261
1998-08-14,6.003567695617676,6.120038933954057,5.961214483694788,6.06709732459889,45599
1998-08-17,6.130622863769531,6.151799265395814,5.982386541161727,5.982386541161727,30867
1998-08-18,6.247095584869385,6.257683977242546,6.056506411182744,6.088271210496176,70737
1998-08-19,6.098857402801514,6.268270108434889,6.077680625694384,6.268270108434889,65593
1998-08-20,5.982388973236084,6.109448945872438,5.971800957021479,6.098860551851724,53550
1998-08-21,5.876505374908447,5.982388167435327,5.834152182336484,5.95062336745787,30633
1998-08-24,5.908270359039307,6.077683134607546,5.897681966114774,5.918858751963839,63137
1998-08-25,5.908270359039307,6.014153532672491,5.908270359039307,5.950623552931366,93537
1998-08-26,5.844742774963379,5.929449191991834,5.823565981803165,5.90827239883162,84417
1998-08-27,5.685916423797607,5.887094002079005,5.685916423797607,5.855329200835852,67113
1998-08-28,5.632972717285156,5.738855474195821,5.62238432825231,5.6647375065777625,43728
1998-08-31,5.569444179534912,5.664738949492011,5.569444179534912,5.664738949492011,49575
1998-09-01,5.611800193786621,5.632976987907427,5.495328959540841,5.58003538041163,109087
1998-09-02,5.580033779144287,5.622386977425849,5.5270921868408065,5.590622173166205,65710
1998-09-03,5.294149875640869,5.5588570860683255,5.283561481438059,5.5588570860683255,119143
1998-09-04,5.357677459716797,5.389442252510085,5.251794691137179,5.325912666923508,115635
1998-09-08,5.654151439666748,5.654151439666748,5.357679069629381,5.4000322653490045,119026
1998-09-09,5.632972717285156,5.654149117544917,5.548266360634252,5.654149117544917,96460
1998-09-10,5.463562965393066,5.590622569239417,5.357679773284707,5.580034174467354,80676
1998-09-11,5.632972717285156,5.654149117544917,5.463560003983347,5.463560003983347,102189
1998-09-14,5.728267669677734,5.802386022664791,5.675326474723227,5.675326474723227,64774
1998-09-15,5.760035514831543,5.760035514831543,5.590622705571792,5.707093917486334,49808
1998-09-16,5.844742774963379,5.844742774963379,5.696506356260483,5.781212773288938,59980
1998-09-17,5.6435627937316895,5.791799161019729,5.590621584805883,5.791799161019729,42325
1998-09-18,5.74944543838501,5.781210236380112,5.65415066659367,5.781210236380112,80909
1998-09-21,5.897683620452881,5.9188604122421715,5.664741177607737,5.664741177607737,60916
1998-09-22,5.929447174072266,5.950623582219488,5.844740785871234,5.8976819951423245,75180
1998-09-23,6.098857402801514,6.098857402801514,5.9294446971681385,5.940033085721702,67931
1998-09-24,6.120034694671631,6.268271022623136,6.07768151208634,6.07768151208634,76349
1998-09-25,6.0353312492370605,6.151802463240858,6.024743231823008,6.077684452311728,79389
1998-09-28,6.045916557312012,6.077681348946845,5.96121019441515,6.077681348946845,72140
1998-09-29,6.056506156921387,6.088270954901284,5.982387791226914,6.088270954901284,34842
1998-09-30,5.770624160766602,6.014154990214596,5.76003576527595,6.014154990214596,99851
1998-10-01,5.781208515167236,5.897679658343543,5.728266949066762,5.728266949066762,76466
1998-10-02,5.887094497680664,5.908270907690132,5.802388102030583,5.8235645120400505,37298
1998-10-05,6.0141520500183105,6.0141520500183105,5.865915719037406,5.887092499665811,32153
1998-10-06,5.971803188323975,6.07768603467482,5.908273178268466,5.992979606471644,81845
1998-10-07,5.81297492980957,6.077682456554524,5.781210132385864,5.971799672540159,97746
1998-10-08,5.760035514831543,5.8659183317158154,5.685917505231939,5.812976734370607,56005
1998-10-09,5.897683620452881,5.897683620452881,5.749447589152548,5.8023891908196,67931
1998-10-12,5.971803188323975,6.056509616527151,5.9612147903470145,5.9823912084946835,77869
1998-10-13,5.897683620452881,6.014155219681629,5.844742396592006,6.014155219681629,102423
1998-10-14,5.971803188323975,5.9823912084946835,5.80239033191762,5.876508362143838,79156
1998-10-15,6.172977447509766,6.1835658396318784,5.897681519171079,5.929446695537417,89094
1998-10-16,6.247095584869385,6.289448776555978,6.225919177929114,6.225919177929114,47704
1998-10-19,6.458865165710449,6.522394796251335,6.225922305512639,6.225922305512639,82780
1998-10-20,6.363566875457764,6.501214459246468,6.342390091609634,6.458861647162277,66060
1998-10-21,6.300036430358887,6.363566399344012,6.2259184480479135,6.363566399344012,47119
1998-10-22,6.194155216217041,6.321214430652283,6.151801640997158,6.310626414653414,96694
1998-10-23,6.0353312492370605,6.225920851976141,5.971801633528135,6.225920851976141,87574
1998-10-26,6.109445571899414,6.172975145326944,6.003562445778995,6.077680407379748,34609
1998-10-27,5.971803188323975,6.183569258831917,5.929449974222386,6.141216044730329,102306
1998-10-28,6.024742126464844,6.109448517073115,5.961212144605598,5.961212144605598,35661
1998-10-29,5.992977619171143,6.024742802568533,5.929448007988613,6.024742802568533,34959
1998-10-30,6.183567047119141,6.257685050835136,6.035330661881035,6.035330661881035,138902
1998-11-02,6.162387847900391,6.268270992762195,6.109446653275456,6.268270992762195,65008
1998-11-03,6.194155216217041,6.247096429629691,6.120036837388347,6.120036837388347,34726
1998-11-04,6.257683277130127,6.331801259837798,6.194153685610982,6.194153685610982,42208
1998-11-05,6.405917644500732,6.416506033047839,6.194152140394079,6.268270104611999,50744
1998-11-06,6.405917644500732,6.458859587236267,6.352976457377026,6.405917644500732,30516
1998-11-09,6.276954650878906,6.405492975288062,6.212685679775852,6.3840701123213925,46768
1998-11-10,6.212684631347656,6.341222934065194,6.201973010570449,6.276953591604935,18941
1998-11-11,6.116279602050781,6.234106260744567,6.0841451282620955,6.212683405619745,46768
1998-11-12,6.105571269989014,6.1805522587950925,6.084148403332358,6.094860027762242,13446
1998-11-13,6.148416996002197,6.148416996002197,6.084148017900566,6.116282506951382,22449
1998-11-16,6.169835567474365,6.212681647804048,6.169835567474365,6.169835567474365,21981
1998-11-17,6.148416996002197,6.191263108804314,6.126994130702683,6.126994130702683,67931
1998-11-18,6.052011489868164,6.159126933651432,5.944896428287879,6.126992453397645,78337
1998-11-19,6.030589580535889,6.0948589333719045,6.019877958029379,6.0948589333719045,28879
1998-11-20,6.009164810180664,6.0627221413059225,5.998453191074444,6.0627221413059225,37181
1998-11-23,5.987743854522705,6.062724452443342,5.934186120778079,6.052012829253803,70386
1998-11-24,6.523320198059082,6.630435661779794,6.212685811912684,6.212685811912684,459734
1998-11-25,6.512607097625732,6.534030338390459,6.416203278590399,6.480472236478643,96343
1998-11-27,6.501899242401123,6.523322495571752,6.491187615815808,6.501899242401123,12511
1998-11-30,6.480471134185791,6.555451699702612,6.459048661470846,6.480471134185791,122650
1998-12-01,6.523320198059082,6.641146520186366,6.448339602776417,6.448339602776417,81143
1998-12-02,6.501899242401123,6.512610868986437,6.437630247295615,6.512610868986437,146151
1998-12-03,6.469759464263916,6.5233175566406105,6.459048610194377,6.469759464263916,51445
1998-12-04,6.534033298492432,6.555455784556214,6.448341061018453,6.491186797552301,83949
1998-12-07,6.566163063049316,6.587586299337389,6.534028973022985,6.5768746811933525,66879
1998-12-08,6.58759069442749,6.598302319718078,6.534033332380837,6.534033332380837,61734
1998-12-09,6.459047794342041,6.544739966915041,6.405489708730351,6.544739966915041,87340
1998-12-10,6.394776344299316,6.437622801081303,6.394776344299316,6.437622801081303,87340
1998-12-11,6.416202068328857,6.437625305052609,6.373355977084253,6.394778831605107,38818
1998-12-14,6.362646579742432,6.384069823944431,6.319800473541462,6.384069823944431,212679
1998-12-15,6.43762731552124,6.459050558935462,6.341223484563275,6.341223484563275,33322
1998-12-16,6.426915645599365,6.459050510479622,6.38406954129537,6.426915645599365,104878
1998-12-17,6.523320198059082,6.544743443684446,6.351935761868387,6.405493111525688,103475
1998-12-18,6.341221809387207,6.534029420368681,6.2662412416512625,6.534029420368681,143111
1998-12-21,6.362646579742432,6.416204308044401,6.255531505341523,6.255531505341523,93420
1998-12-22,6.201972484588623,6.3733568736771025,6.201972484588623,6.3733568736771025,72023
1998-12-23,6.169835567474365,6.244816112500611,6.169835567474365,6.2233928812343695,58694
1998-12-24,6.191260814666748,6.23410691159248,6.180549577087525,6.201972434448918,9588
1998-12-28,6.2341084480285645,6.2662433152949175,6.201973962965252,6.2341084480285645,28879
1998-12-29,6.394776344299316,6.394776344299316,6.244815274373355,6.276949734757097,35427
1998-12-30,6.2555317878723145,6.448339465586341,6.2555317878723145,6.38407011228065,70971
1998-12-31,6.319800853729248,6.384070207998544,6.23410863617222,6.2555318816630034,58344
1999-01-04,6.362646579742432,6.49118489834534,6.330512095642462,6.362646579742432,49458
1999-01-05,6.448337078094482,6.587586591327535,6.298375564039704,6.330510037693262,117739
1999-01-06,6.512607097625732,6.523318718008095,6.459049760119852,6.512607097625732,77285
1999-01-07,6.459047794342041,6.512605115548028,6.437624560097365,6.512605115548028,31686
1999-01-08,6.737546443939209,6.748258060524244,6.3626433032884915,6.459047470350971,292420
1999-01-11,6.609012603759766,6.769685421698683,6.59830098064302,6.737550552348447,89211
1999-01-12,6.641144275665283,6.673279133242646,6.598298563301317,6.63043342087868,130601
1999-01-13,6.523320198059082,6.523320198059082,6.373358625290697,6.426916357151053,76817
1999-01-14,6.362646579742432,6.50189652044634,6.309088851440463,6.50189652044634,40689
1999-01-15,6.555454730987549,6.555454730987549,6.341224553936033,6.341224553936033,53784
1999-01-19,6.426915645599365,6.587588441188596,6.362646298041865,6.587588441188596,34258
1999-01-20,6.341221809387207,6.491182944859095,6.341221809387207,6.469759707104303,46067
1999-01-21,6.201972484588623,6.42691459081799,6.1912608647198555,6.3733568736771025,155505
1999-01-22,5.859201431274414,6.244816156988681,5.859201431274414,6.244816156988681,188009
1999-01-25,6.073437213897705,6.169841076265133,5.902052739557007,5.902052739557007,50744
1999-01-26,6.105571269989014,6.116282894418898,5.998456172299507,6.116282894418898,35778
1999-01-27,5.859201431274414,6.191258460644333,5.837778582058355,6.148412380009414,88743
1999-01-28,5.934184551239014,5.977030650461689,5.880626831659928,5.902050072372749,94706
1999-01-29,5.923473358154297,5.934184596389237,5.762800198194559,5.934184596389237,51094
1999-02-01,5.880626678466797,5.966318874679824,5.848492200437651,5.923473158776267,68282
1999-02-02,5.869916915893555,5.923474647538237,5.794935938709778,5.891339779229596,42208
1999-02-03,5.859201431274414,5.912759127618763,5.805643734930065,5.827066966348926,53433
1999-02-04,6.052011489868164,6.169838554470356,5.859204226142457,5.859204226142457,96928
1999-02-05,6.04130220413208,6.1162828096964175,6.04130220413208,6.09485994333651,26541
1999-02-08,6.062724590301514,6.137705189927107,6.03059010220527,6.041301725638377,55421
1999-02-09,6.094822883605957,6.116512838926778,6.018908813905703,6.040598382265215,33322
1999-02-10,6.0297532081604,6.062287751032459,5.986373688677232,6.051442774421348,69451
1999-02-11,5.964683532714844,6.029753003208515,5.9538385564723555,5.98637348519982,70854
1999-02-12,5.9538397789001465,6.029754241222878,5.942995187392333,5.9646847573693,45599
1999-02-16,5.812854290008545,6.116510857397051,5.812854290008545,5.932147844742305,54953
1999-02-17,5.682718753814697,5.867081476599095,5.63933922134283,5.812857351230301,161468
1999-02-18,5.823702812194824,5.856237367496115,5.682719223274007,5.726098759329534,53082
1999-02-19,5.823702812194824,5.867081961288931,5.704408797821061,5.867081961288931,40338
1999-02-22,6.0080647468566895,6.029754705464945,5.780322116276844,5.845391605140243,47119
1999-02-23,5.921305179595947,5.986374662890643,5.856236083262586,5.964684706138633,51913
1999-02-24,5.9538397789001465,6.062288789668997,5.942995187392333,5.9646847573693,51679
1999-02-25,5.8345465660095215,5.910461033398633,5.78032205700626,5.910461033398633,53082
1999-02-26,6.018907070159912,6.018907070159912,5.8128544891144385,5.877923562303031,75180
1999-03-01,6.0731329917907715,6.0731329917907715,5.942994427680969,5.975528971968098,61033
1999-03-02,6.062290191650391,6.138204284567879,6.018910654703051,6.029755635680242,64423
1999-03-03,6.040603160858154,6.14905224933141,6.0189135753404726,6.051448147097803,45716
1999-03-04,6.094822883605957,6.203271886287441,5.9863742678857825,5.997219245546193,27009
1999-03-05,6.127358436584473,6.159893374912434,6.029754782484707,6.138203416027126,34492
1999-03-08,6.0731329917907715,6.1490470574478335,5.921304473515358,6.1490470574478335,38116
1999-03-09,5.975531578063965,6.051445676829282,5.96468659625136,6.02975610016553,43027
1999-03-10,6.051446914672852,6.051446914672852,5.953842832317086,5.997222768441015,34141
1999-03-11,6.018907070159912,6.116511066903999,5.986372533565615,6.094821117867003,29464
1999-03-12,6.018907070159912,6.138200628979797,6.008062095641414,6.062286581272706,56941
1999-03-15,6.203273296356201,6.268342403186931,6.008065201941216,6.008065201941216,74128
1999-03-16,6.1924262046813965,6.24665069985798,6.116512143610938,6.23580572343041,70620
1999-03-17,6.246649265289307,6.268338826202084,6.1165107389291125,6.192424782565598,39987
1999-03-18,6.203273296356201,6.268342403186931,6.116514229274296,6.224962869645978,179941
1999-03-19,6.083977699279785,6.2466508004683305,6.008063250025362,6.2466508004683305,188477
1999-03-22,6.105669975280762,6.116514956696116,6.051445455165435,6.051445455165435,42910
1999-03-23,5.899618148803711,6.051446363564232,5.856238603591919,6.051446363564232,108853
1999-03-24,5.780323505401611,5.942997073173065,5.747788946631905,5.921307109352286,83832
1999-03-25,5.845391273498535,5.856236252187367,5.747787239221743,5.823701703082218,47821
1999-03-26,5.867080211639404,5.8996151441997196,5.7586315973222675,5.856235621080604,118207
1999-03-29,5.964683532714844,6.008063050723538,5.877924496697455,5.899614449182431,40689
1999-03-30,5.975531578063965,5.986376559876569,5.867082533860835,5.942997019587609,86755
1999-03-31,5.88877010345459,5.997219103568664,5.867080148647255,5.975529148761329,95408
1999-04-01,5.9538397789001465,5.975529735838452,5.888770682007907,5.888770682007907,56707
1999-04-05,6.094822883605957,6.159892362607109,6.008063836245293,6.008063836245293,56824
1999-04-06,5.986374855041504,6.105668460122646,5.964684897593289,6.062288932187563,57057
1999-04-07,6.040603160858154,6.094827705094782,5.9755340173434925,6.0189135753404726,55304
1999-04-08,6.138205051422119,6.15989501608626,6.029756388985846,6.083980913684721,112010
1999-04-09,6.257495880126953,6.2683404699465255,6.08397779947845,6.127356932679297,139253
1999-04-12,6.420168876647949,6.441858442885719,6.203271279463897,6.224960845701666,78922
1999-04-13,6.387637615203857,6.452707125208458,6.333413474988433,6.431017546514587,119610
1999-04-14,6.864811897277832,6.9407259910647445,6.409326560633492,6.409326560633492,324690
1999-04-15,7.07086181640625,7.233535703788701,6.821429657506309,6.85396458976732,141825
1999-04-16,7.233537197113037,7.244381402849498,7.027484131433308,7.070863276147442,180526
1999-04-19,7.244383811950684,7.515506071824003,7.201004652810923,7.222694619342313,112829
1999-04-20,6.994948387145996,7.2226913859247315,6.940724269015316,7.2226913859247315,102891
1999-04-21,6.919034004211426,7.005793053712267,6.875654866422324,7.005793053712267,198415
1999-04-22,6.810585975646973,6.940724955524431,6.637067851758863,6.940724955524431,473998
1999-04-23,6.832273960113525,6.875653865510307,6.788894828639269,6.810584007415135,87457
1999-04-26,7.07086181640625,7.07086181640625,6.85396458976732,6.875654544607993,80559
1999-04-27,7.038330078125,7.146779115694849,6.984105172378642,7.060020040423543,132472
1999-04-28,7.211843490600586,7.2226884646248815,7.038325454056579,7.038325454056579,89328
1999-04-29,7.352831840515137,7.407056749246424,7.222693607405869,7.255227778721731,89912
1999-04-30,7.190158843994141,7.439591108697052,7.103399761753,7.396211954537947,97863
1999-05-03,7.331140995025635,7.417900064634949,7.157622855807007,7.157622855807007,70270
1999-05-04,7.125091552734375,7.417903046676008,7.0708666287280515,7.363678896592813,57642
1999-05-05,7.255224227905273,7.266069204343835,7.16846519031931,7.16846519031931,60682
1999-05-06,7.276914596557617,7.276914596557616,7.146776419704336,7.146776419704336,40572
1999-05-07,7.473732948303223,7.473732948303223,7.309354759705755,7.364147228560061,52381
1999-05-10,7.550442695617676,7.681944933300488,7.451815626338291,7.451815626338291,88860
1999-05-11,7.539480686187744,7.616190420996426,7.364143926043844,7.572356621977551,90614
1999-05-12,7.506607532501221,7.539483480475531,7.342229356698653,7.539483480475531,102774
1999-05-13,7.309352874755859,7.550440770390968,7.309352874755859,7.528523475687499,37649
1999-05-14,7.375106334686279,7.440857457783263,7.276479259023502,7.276479259023502,42910
1999-05-17,7.309352874755859,7.407979136852769,7.221684477976333,7.3641453294801815,32972
1999-05-18,7.090183258056641,7.309354695621392,7.0682659578932565,7.309354695621392,49458
1999-05-19,7.364147186279297,7.364147186279297,7.112100579741318,7.134017879971024,38701
1999-05-20,7.429901123046875,7.517569575183224,7.364149979453324,7.364149979453324,33206
1999-05-21,7.517565727233887,7.517565727233887,7.386063507357654,7.429897319971583,37882
1999-05-24,7.3860650062561035,7.583318376100261,7.3751063553701055,7.517567252818876,37415
1999-05-25,7.342229843139648,7.5942764482045995,7.33127119308884,7.429898261511568,49341
1999-05-26,7.287433624267578,7.331267419876152,7.1888066066056115,7.320308775465473,44664
1999-05-27,6.860051155090332,7.2655171326015,6.860051155090332,7.2655171326015,82546
1999-05-28,6.903883457183838,7.0682615416365415,6.86004966627901,6.86004966627901,66060
1999-06-01,7.155935287475586,7.155935287475586,6.794302916881481,6.871013477218717,80559
1999-06-02,7.14497184753418,7.232640218559348,6.991552393748665,7.112096697171067,59747
1999-06-03,6.991552352905273,7.1449718057945395,6.969635064768488,7.1449718057945395,44781
1999-06-04,7.090183258056641,7.090183258056641,6.991556189355957,6.991556189355957,22800
1999-06-07,7.068266868591309,7.090184171578588,6.980598438676837,7.057308217097669,31803
1999-06-08,7.177851676940918,7.177851676940918,7.013473489778551,7.046349440024843,44781
1999-06-09,7.0573039054870605,7.210724150632342,6.958677666368608,7.1668895714382135,73426
1999-06-10,7.134018898010254,7.134018898010254,7.013474511579484,7.013474511579484,31686
1999-06-11,7.123058319091797,7.221685375480332,7.046348560130592,7.155933483198344,104878
1999-06-14,7.265517234802246,7.276475880569432,7.144972913397444,7.144972913397444,41741
1999-06-15,7.517565727233887,7.517565727233887,7.29839510009535,7.29839510009535,98214
1999-06-16,7.331266403198242,7.5394790540585515,7.298391256559373,7.5394790540585515,89795
1999-06-17,7.309352874755859,7.3860626241836504,7.298394227404124,7.309352874755859,93186
1999-06-18,7.4079813957214355,7.418940046414722,7.309355103551037,7.342230273596307,114700
1999-06-21,7.462778091430664,7.484695402926703,7.386068283229476,7.386068283229476,92601
1999-06-22,7.517565727233887,7.5394830245580735,7.397022156019747,7.45181461729577,148139
1999-06-23,7.616199016571045,7.627157674202158,7.506613222295002,7.528530537557227,162286
1999-06-24,7.506607532501221,7.59427594506489,7.495648883176451,7.59427594506489,114700
1999-06-25,7.52852201461792,7.56139795029285,7.506604724167966,7.506604724167966,49925
1999-06-28,7.649068832397461,7.660027481207482,7.528524477521679,7.528524477521679,102072
1999-06-29,7.769614219665527,7.791531522403886,7.616194664566289,7.627153315935469,101604
1999-06-30,7.70386266708374,7.769613789624919,7.681945365558483,7.769613789624919,128262
1999-07-01,7.638111114501953,7.71482088348685,7.627152464356318,7.71482088348685,62202
1999-07-02,7.681941986083984,7.725776569850591,7.638108184351626,7.638108184351626,27009
1999-07-06,7.605233192443848,7.692901588846757,7.605233192443848,7.692901588846757,106515
1999-07-07,7.451815128326416,7.616193305461657,7.386064013879219,7.616193305461657,105229
1999-07-08,7.3860650062561035,7.451816129537489,7.3751063553701055,7.451816129537489,64774
1999-07-09,7.52852201461792,7.52852201461792,7.353185255086689,7.375102545536643,67230
1999-07-12,7.638111114501953,7.649069764647589,7.539484045225786,7.550442695371421,69334
1999-07-13,7.583317279815674,7.616193227720947,7.561400763246648,7.5942759291174315,74596
1999-07-14,7.572357177734375,7.583315041767672,7.506605301329044,7.583315041767672,28529
1999-07-15,7.298395156860352,7.5723590294401735,7.287436508113024,7.5723590294401735,56473
1999-07-16,7.4079813957214355,7.4079813957214355,7.221686680039337,7.320312972209735,112712
1999-07-19,7.353188514709473,7.418939633172197,7.276478746163871,7.418939633172197,47470
1999-07-20,7.397026538848877,7.572363457262762,7.364150573383183,7.364150573383183,50861
1999-07-21,7.397026538848877,7.451819032590126,7.375109228538414,7.407984411969201,54368
1999-07-22,7.429901123046875,7.495652266640425,7.364149979453324,7.397025942267521,95057
1999-07-23,7.287433624267578,7.429894437538119,7.287433624267578,7.41893579312744,37181
1999-07-26,7.188806533813477,7.265516261877342,7.166889245214049,7.254557617577628,63254
1999-07-27,7.232645511627197,7.254562815931764,7.199770337205042,7.2107289893573245,25723
1999-07-28,7.221686840057373,7.287437963639414,7.221686840057373,7.254562010831091,44781
1999-07-29,7.068266868591309,7.221687207467618,7.068266868591309,7.188811252986699,95057
1999-07-30,7.112100601196289,7.188810370197123,7.05730735045673,7.068266000604642,75180
1999-08-02,7.177851676940918,7.199768977105113,7.101141908400784,7.101141908400784,61617
1999-08-03,7.134018898010254,7.210728677726322,7.068266987938202,7.166894071011621,44547
1999-08-04,7.232645511627197,7.3641485554198995,7.177853032900476,7.177853032900476,92952
1999-08-05,7.309352874755859,7.320310740073243,7.155932593865926,7.254559637997186,84183
1999-08-06,7.177851676940918,7.3203125639390905,7.166893026858821,7.3203125639390905,36012
1999-08-09,7.133100509643555,7.254939486108019,7.133100509643555,7.188482221869831,28996
1999-08-10,7.055568695068359,7.15525501196255,6.989111413950081,7.133102321445276,48055
1999-08-11,7.332474231719971,7.343550575885677,7.0555679988777085,7.0555679988777085,47002
1999-08-12,7.35462760925293,7.421084890041408,7.277093983260781,7.33247491884559,93888
1999-08-13,7.365701198577881,7.443234795560817,7.321395834340063,7.3989294313229985,69685
1999-08-16,7.332474231719971,7.354626920051384,7.266016957159199,7.354626920051384,42442
1999-08-17,7.498620986938477,7.498620986938477,7.343553683857243,7.354630032710731,49458
1999-08-18,7.310323715209961,7.498620041100925,7.310323715209961,7.498620041100925,42559
1999-08-19,7.3767805099487305,7.3767805099487305,7.232788808629819,7.266017845188083,25138
1999-08-20,7.410004615783691,7.421080955114283,7.354623709563854,7.354623709563854,14732
1999-08-23,7.310323715209961,7.4100100518836305,7.288171810730914,7.4100100518836305,33439
1999-08-24,7.088798522949219,7.321399428070878,7.077722176452907,7.321399428070878,64073
1999-08-25,6.9115777015686035,7.1331022326841635,6.9115777015686035,7.088797642634465,72140
1999-08-26,6.989110946655273,7.022339980209479,6.966958257619137,7.000187291173342,32738
1999-08-27,6.9558820724487305,7.055568384961501,6.922653828566814,7.000187451535966,30984
1999-08-30,6.9669575691223145,7.0334156296631285,6.955881225698846,6.978033912545784,78805
1999-08-31,6.845118999481201,6.978033532456222,6.822966313840908,6.966957189636076,104761
1999-09-01,6.9669575691223145,7.066643869500122,6.856195715754452,6.856195715754452,48405
1999-09-02,6.878347873687744,6.922653249066142,6.82296694489819,6.922653249066142,36012
1999-09-03,7.055568695068359,7.066645040326997,6.88942509705589,6.911577787573164,32855
1999-09-07,6.9115777015686035,7.055568607272041,6.8894250113269875,7.055568607272041,47704
1999-09-08,7.011268138885498,7.022344490517681,6.900505412997674,6.922658116262038,40104
1999-09-09,7.0777177810668945,7.110946799920032,6.933726946902916,7.011260533793761,65827
1999-09-10,7.554002285003662,7.554002285003662,7.088799612804902,7.088799612804902,164274
1999-09-13,7.620456218719482,7.642608905335739,7.509693576071603,7.553998949304117,66645
1999-09-14,7.576148986816406,7.620454349179404,7.565073436658868,7.620454349179404,67463
1999-09-15,7.554002285003662,7.6869168825268765,7.542925936804435,7.576154190968362,85703
1999-09-16,7.454315185546875,7.509696130491919,7.410009797243901,7.465391532622618,49925
1999-09-17,7.421084880828857,7.465390261588536,7.398932190449018,7.465390261588536,51445
1999-09-20,7.443239688873291,7.46539238555576,7.421086992190823,7.46539238555576,38584
1999-09-21,7.254940986633301,7.443237266280905,7.2217119524248385,7.43216092154475,75180
1999-09-22,7.288168907165527,7.376778861081116,7.254939878034661,7.254939878034661,98214
1999-09-23,7.144180774688721,7.321400770250925,7.13310442616186,7.288172515104123,73660
1999-09-24,7.055568695068359,7.133102321445276,7.0444923498097225,7.133102321445276,36362
1999-09-27,7.155251502990723,7.266014110825003,7.06664157480993,7.0887942544634175,67580
1999-09-28,6.9669575691223145,7.166330169877929,6.767585758800114,7.166330169877929,53316
1999-09-29,7.088798522949219,7.199561197478709,6.978035848419729,6.978035848419729,43728
1999-09-30,7.299249172210693,7.32140107976712,7.088800122171061,7.110952820161298,54836
1999-10-01,7.055568695068359,7.277094019374015,7.000187759208718,7.277094019374015,43962
1999-10-04,7.155251502990723,7.188480522470954,7.0887942544634175,7.0887942544634175,28061
1999-10-05,7.000187873840332,7.177407820013506,6.9448069370738,7.177407820013506,58811
1999-10-06,7.144180774688721,7.155257123215581,6.955884430599656,7.000189824707095,50042
1999-10-07,7.122030258178711,7.155258519811155,7.099877556801127,7.155258519811155,29464
1999-10-08,7.2438645362854,7.365703536173239,7.133101880972229,7.133101880972229,20695
1999-10-11,7.199559211730957,7.254940138503985,7.0555675374276206,7.243863795062697,39519
1999-10-12,7.343549728393555,7.354626071280981,7.122025241945152,7.221710747065239,131419
1999-10-13,7.3767805099487305,7.421085101592852,7.3103224368322035,7.343551473390467,41624
1999-10-14,7.520771503448486,7.5540005403717645,7.33247520841705,7.33247520841705,70737
1999-10-15,7.332474231719971,7.576151432065114,7.321397887554265,7.565075878332874,65242
1999-10-18,7.465389251708984,7.465389251708984,7.2327876150529065,7.310321230460454,39870
1999-10-19,7.210638999938965,7.554002648921707,7.199562651206129,7.509697253990364,77051
1999-10-20,7.48754358291626,7.520772624793982,7.221713619195558,7.221713619195558,55304
1999-10-21,7.365701198577881,7.47646381873918,7.354624857518426,7.47646381873918,56239
1999-10-22,7.133100509643555,7.365702120127228,7.099872272741132,7.332473092791462,70971
1999-10-25,7.332474231719971,7.354626920051384,7.110949719706241,7.110949719706241,57876
1999-10-26,7.1774067878723145,7.376779396254906,7.066644139833825,7.343550364713326,55654
1999-10-27,7.254940986633301,7.398931887336288,7.17740736391373,7.17740736391373,48288
1999-10-28,7.144180774688721,7.387858861412085,7.13310442616186,7.387858861412085,45365
1999-10-29,7.47646951675415,7.47646951675415,7.188486801028833,7.188486801028833,272192
1999-11-01,7.554002285003662,7.576154190968362,7.487544195808301,7.509696892206755,48990
1999-11-02,7.59830379486084,7.6869137539566905,7.531846523147309,7.565075554220791,87340
1999-11-03,7.542928218841553,7.609385537709154,7.487546461090224,7.598309186158888,59980
1999-11-04,7.686914443969727,7.764448066334193,7.55399988861164,7.55399988861164,67580
1999-11-05,7.8752121925354,7.886288539288046,7.731221265618323,7.731221265618323,89094
1999-11-08,7.774097442626953,7.95306947238023,7.706983131031517,7.863583457503592,204378
1999-11-09,7.5615644454956055,7.774093934258314,7.382592496510528,7.774093934258314,265995
1999-11-10,7.684602737426758,7.718160254399212,7.5391884270406635,7.5391884270406635,59279
1999-11-11,7.695788860321045,7.7181605391279895,7.583931264533624,7.6846030209175735,25255
1999-11-12,7.729347229003906,7.785275633927859,7.639861302177149,7.729347229003906,31686
1999-11-15,8.00899600982666,8.00899600982666,7.729352978930841,7.74053802963837,36479
1999-11-16,7.97543478012085,7.97543478012085,7.841205466320956,7.964248937450231,42092
1999-11-17,7.89713716506958,7.953065597776998,7.852393780305418,7.953065597776998,43027
1999-11-18,8.12084674835205,8.143218427109229,7.897132355522149,7.94187491478921,54018
1999-11-19,7.796463489532471,8.132035602298473,7.796463489532471,8.132035602298473,44313
1999-11-22,7.774097442626953,7.807654997548758,7.72935483431272,7.807654997548758,23267
1999-11-23,7.293103218078613,7.729347844567973,7.181246399322448,7.729347844567973,128964
1999-11-24,7.281922340393066,7.315479085916927,7.225993100773454,7.281922340393066,45950
1999-11-26,7.293103218078613,7.30428905960372,7.259546491750744,7.259546491750744,21747
1999-11-29,7.21480655670166,7.304292533210741,7.203620709857046,7.2931066863661265,62670
1999-11-30,7.237176895141602,7.337848699643278,7.18124846963964,7.237176895141602,112712
1999-12-01,7.181247711181641,7.360219611782755,7.158876024044602,7.23717613077664,133173
1999-12-02,7.404962062835693,7.404962062835693,7.203618478495616,7.203618478495616,42793
1999-12-03,7.51682186126709,7.595121989207645,7.449707579924872,7.449707579924872,89328
1999-12-06,7.550379276275635,7.762907963388126,7.539193429862167,7.561564324441304,54134
1999-12-07,7.460890293121338,7.583932957532352,7.449704451220795,7.516818704376574,40922
1999-12-08,7.393775463104248,7.572747342376794,7.382589620868776,7.4273329898106635,101254
1999-12-09,7.427333354949951,7.528005141770878,7.404961669379181,7.404961669379181,55888
1999-12-10,7.3602190017700195,7.528005044896559,7.33784731648714,7.472075831689359,128262
1999-12-13,7.293103218078613,7.37140410875436,7.270732333275851,7.3602182672292535,52264
1999-12-14,7.460890293121338,7.539190388177659,7.248360893505982,7.248360893505982,92601
1999-12-15,7.639866352081299,7.695794793973604,7.472079429908554,7.472079429908554,98214
1999-12-16,7.606306076049805,7.639863608081121,7.561562700008051,7.639863608081121,58110
1999-12-17,7.606306076049805,7.66223449785437,7.337848214542165,7.337848214542165,162637
1999-12-20,7.583937644958496,7.628681040215346,7.539195047949617,7.561565947330071,121481
1999-12-21,7.572751045227051,7.740537164306551,7.572751045227051,7.583936892932069,59045
1999-12-22,7.438516139984131,7.572744601736373,7.337844394546344,7.572744601736373,51094
1999-12-23,7.762905597686768,7.807648969705351,7.483261917313293,7.483261917313293,52147
1999-12-27,7.5280070304870605,7.7964649299476045,7.5280070304870605,7.785279084355781,44547
1999-12-28,7.785276889801025,7.8412053037470075,7.516819066014783,7.516819066014783,74128
1999-12-29,7.8412065505981445,7.852392394815535,7.718163860702135,7.740534750889273,111192
1999-12-30,7.8188347816467285,7.88594904116041,7.7629055668457,7.8635773552399995,53199
1999-12-31,7.986622333526611,7.997808178593239,7.774092873756091,7.774092873756091,31803
2000-01-03,7.662233829498291,7.997806725797439,7.651047986463563,7.986620882762712,48639
2000-01-04,7.44970703125,7.729350780869109,7.42733533970101,7.628678967146409,58694
2000-01-05,7.695788860321045,7.751717259091106,7.449702788186557,7.449702788186557,199701
2000-01-06,7.844000816345215,7.908319603792522,7.59511844013614,7.651046848745612,101838
2000-01-07,7.941880226135254,7.95306607299468,7.7629082728801055,7.874765943226532,66645
2000-01-10,7.807650566101074,8.031365077193236,7.785278875517543,7.919507422523296,132822
2000-01-11,7.651047706604004,7.807648705114488,7.606305134349244,7.807648705114488,94355
2000-01-12,7.762905597686768,7.785277283696059,7.606305392116839,7.651047965887867,156791
2000-01-13,7.785276889801025,7.852391146185707,7.729348475855043,7.7629052049236265,82546
2000-01-14,7.740536212921143,7.807651290902176,7.729351164838763,7.740536212921143,60214
2000-01-18,7.505634784698486,7.7181642387434675,7.494448939933205,7.706978393978186,109906
2000-01-19,7.606306076049805,7.651048653843931,7.516820122213925,7.516820122213925,80676
2000-01-20,7.3602190017700195,7.583933459856229,7.3266614738457,7.583933459856229,77051
2000-01-21,7.248361587524414,7.449705164517536,7.225989901581277,7.360219218992543,120663
2000-01-24,7.203617572784424,7.393775289836227,7.203617572784424,7.293103510323656,303878
2000-01-25,7.158876419067383,7.337848329544067,7.102947996386284,7.203618997562733,265762
2000-01-26,7.27073335647583,7.762905663358531,7.136504037532099,7.158875723730648,313582
2000-01-27,7.259549140930176,7.449706919755113,7.214805758501841,7.337849261932019,140305
2000-01-28,7.349037170410156,7.4832657588775735,7.281922876176448,7.293107926675427,177486
2000-01-31,7.203617572784424,7.360218562163691,7.047017381652639,7.360218562163691,106398
2000-02-01,7.225986957550049,7.270730311206863,7.069386816245655,7.181244402140463,95291
2000-02-02,7.203617572784424,7.225989256731102,7.013460653980103,7.181246687085228,145567
2000-02-03,7.21480655670166,7.237178250390888,7.080577991061955,7.170063967571035,97980
2000-02-04,7.158876419067383,7.270734062677221,7.147690574881635,7.181248107438878,79039
2000-02-07,6.909631252288818,7.214966321778886,6.83046947143328,7.1471141737837485,96811
2000-02-08,6.988791465759277,7.113186922379166,6.954864991940868,6.954864991940868,75531
2000-02-09,6.864399433135986,7.1697354646306914,6.864399433135986,6.9887957734540445,215369
2000-02-10,6.853089809417725,6.954868474818134,6.706076629963918,6.875707469956529,309139
2000-02-11,6.69476318359375,6.92093721196009,6.626910652274386,6.875702729096283,245534
2000-02-14,6.9209394454956055,6.943557097738537,6.672147691895103,6.74000024511194,228230
2000-02-15,7.203657627105713,7.214966453148128,6.898322552056141,6.920939397117062,126041
2000-02-16,7.022716045379639,7.237582065585592,6.909629430872625,7.15842111262121,105463
2000-02-17,6.954867362976074,7.169733489696654,6.943558534514561,7.090572497490146,62436
2000-02-18,6.807854652404785,7.045337644560807,6.751310506398017,6.966176647175467,111426
2000-02-22,7.022716045379639,7.034024868235076,6.875702962306312,6.875702962306312,116220
2000-02-23,6.932248115539551,7.000101070740656,6.796543819185134,6.988792244873806,123118
2000-02-24,6.819162845611572,6.954867169322976,6.819162845611572,6.932249513029722,187541
2000-02-25,6.6834564208984375,6.864396022164804,6.6834564208984375,6.807852699403028,75180
2000-02-28,6.638224124908447,6.807855370279833,6.638224124908447,6.694767873365576,100552
2000-02-29,6.875703811645508,6.875703811645508,6.513824663664165,6.649529344157169,141708
2000-03-01,6.773925304412842,6.875703917223399,6.660837867176245,6.875703917223399,83715
2000-03-02,6.706075191497803,6.841779511573368,6.706075191497803,6.762618523691949,43962
2000-03-03,6.954867362976074,7.169733489696654,6.694766729433526,6.694766729433526,323170
2000-03-06,6.819162845611572,6.920940684883095,6.773927533025065,6.909632663760528,187658
2000-03-07,6.660841464996338,6.796546624385473,6.660841464996338,6.785237793851026,146502
2000-03-08,6.807854652404785,6.9548678179741135,6.649532254122037,6.649532254122037,188360
2000-03-09,6.9661760330200195,6.9661760330200195,6.638222839678407,6.807854052207398,117389
2000-03-10,7.045337200164795,7.169733506509052,6.9435585507966,6.9435585507966,83949
2000-03-13,7.135805130004883,7.237583752401005,6.966174361685968,6.966174361685968,244833
2000-03-14,6.853089809417725,7.1697346358883545,6.819164125633729,7.135808145080148,232439
2000-03-15,7.203657627105713,7.214966453148128,6.841778421844065,6.853087247886481,173394
2000-03-16,7.588152885437012,7.5994617090963725,7.226273756432422,7.226273756432422,196895
2000-03-17,7.407214641571045,7.588154238333159,7.350671320216841,7.588154238333159,125106
2000-03-20,7.429832935333252,7.723860007250331,7.407215282026411,7.407215282026411,96811
2000-03-21,7.542919158935547,7.542919158935547,7.418522893154211,7.486375034933203,107567
2000-03-22,7.271512508392334,7.565538835238885,7.192350705138438,7.520304326117925,128964
2000-03-23,7.418522357940674,7.588153103661957,7.305434925118565,7.305434925118565,197363
2000-03-24,7.248892307281494,7.429831894336808,7.248892307281494,7.429831894336808,119961
2000-03-27,7.260201930999756,7.486376036186974,7.2375842783738555,7.248893104686806,136564
2000-03-28,7.067953586578369,7.192349063536734,6.807852999182588,6.875705150889327,242611
2000-03-29,7.214967727661133,7.260203039821542,7.045336921107702,7.056645749147804,157259
2000-03-30,7.418522357940674,7.508992142793609,7.147113003381869,7.147113003381869,110841
2000-03-31,7.780407905578613,7.848260098347901,7.486380660879129,7.486380660879129,156674
2000-04-03,7.735167503356934,7.91610710351761,7.667315355052655,7.780402806909052,187424
2000-04-04,7.531611442565918,7.9274163337140156,7.429832811406711,7.746476724325189,157259
2000-04-05,7.429832935333252,7.769094506840061,7.39590645537299,7.531611568190086,172459
2000-04-06,7.328057765960693,7.6899371618106045,7.305440101963991,7.475070967890595,110958
2000-04-07,7.395906925201416,7.452451062060512,7.214967301300318,7.395906925201417,106749
2000-04-10,7.622084617614746,7.814333138477349,7.463761784123941,7.463761784123941,119026
2000-04-11,7.780407905578613,7.9613476243129995,7.757790238980708,7.769099072279661,198064
2000-04-12,7.780407905578613,8.051817483680193,7.735172572382803,7.780407905578613,179708
2000-04-13,7.701239585876465,7.848252665481916,7.644695472933089,7.814327004739553,115752
2000-04-14,7.328057765960693,7.712554825807308,7.19235258900481,7.712554825807308,158896
2000-04-17,7.328057765960693,7.395909950926468,7.067957051071612,7.316748933962342,171289
2000-04-18,7.169734477996826,7.395908657331441,7.101881497874667,7.3280564842334766,167314
2000-04-19,7.113186836242676,7.339361711578949,7.022717047512925,7.169730958588643,154453
2000-04-20,7.090576648712158,7.090576648712159,6.943562599666288,7.0340324733004564,160182
2000-04-24,7.056646347045898,7.135807343009744,6.977485351082052,7.090572834040741,127912
2000-04-25,7.373285293579102,7.3845941148513585,7.101876004115633,7.11318482538789,112712
2000-04-26,7.2828192710876465,7.554228699954713,7.214967115626875,7.361981060653193,97044
2000-04-27,7.124497413635254,7.203658397372712,7.056645257149431,7.192349570121077,60916
2000-04-28,7.135805130004883,7.248892577892116,7.02271768211765,7.169731606478213,144047
2000-05-01,7.248892307281494,7.282817975464465,7.090570370364055,7.101878388409152,85235
2000-05-02,7.271512508392334,7.41852567181561,7.192350705138438,7.21496836321098,88626
2000-05-03,7.147111892700195,7.248890485721033,7.07925976636085,7.248890485721033,106632
2000-05-04,7.169734477996826,7.294129994172397,7.0114116647359825,7.147116817956106,126392
2000-05-05,7.147111892700195,7.361977900969034,7.113185426018704,7.169729537154523,92368
2000-05-08,7.112353324890137,7.203830540695831,7.066615124992498,7.135222832844164,136915
2000-05-09,7.078049659729004,7.180960810313652,6.986572446756789,7.112353104587089,126041
2000-05-10,7.2610063552856445,7.3067445680631975,7.1237900849316915,7.1237900849316915,141708
2000-05-11,7.352486610412598,7.363920556285428,7.158097290409756,7.249574569469271,127561
2000-05-12,7.375349521636963,7.409653780327542,7.226699365998466,7.352480831853583,127678
2000-05-15,7.6497802734375,7.752692221798978,7.386783434740498,7.386783434740498,139838
2000-05-16,7.524001121520996,7.764128504374063,7.443958660569974,7.615478336323651,106281
2000-05-17,7.432529449462891,7.59261449074697,7.421094687083882,7.501137207725923,72023
2000-05-18,7.363918781280518,7.4897003156729856,7.329615319908597,7.432527336045928,67347
2000-05-19,7.283874034881592,7.4553937368257746,7.272439279283908,7.341047812870007,48639
2000-05-22,7.203830718994141,7.363915646613681,7.135223009444401,7.318177445584,66996
2000-05-23,6.91796350479126,7.089483166693979,6.906528751863033,7.089483166693979,116220
2000-05-24,6.9293975830078125,7.066613788775526,6.860789888129088,6.940832334822645,95992
2000-05-25,6.792181491851807,6.986571040291741,6.792181491851807,6.906527781045451,102306
2000-05-26,6.75787878036499,6.849355990278578,6.7235749286486906,6.769313533605485,67697
2000-05-30,6.906532287597656,6.9408365639440905,6.803620682574494,6.803620682574494,57642
2000-05-31,6.9293975830078125,7.009440029701369,6.90652807937815,6.90652807937815,70737
2000-06-01,6.872226715087891,6.906530164880423,6.815053346754741,6.883661470355571,55070
2000-06-02,7.032310485839844,7.043745239203484,6.917963768213817,6.952268028304737,76466
2000-06-05,7.009441375732422,7.112353345817945,6.94083366767888,7.0437456377644025,121364
2000-06-06,6.860790252685547,7.123787110370539,6.860790252685547,7.020875154578967,91432
2000-06-07,6.643530368804932,6.895093243886202,6.6206612761644115,6.860788992917804,136564
2000-06-08,6.654967308044434,6.712140670458512,6.5634900913839935,6.643532553960576,122884
2000-06-09,6.597797393798828,6.746447633363871,6.517754486334496,6.700709003957996,87574
2000-06-12,6.449143886566162,6.597794468222361,6.437709132283712,6.597794468222361,130250
2000-06-13,6.4948835372924805,6.4948835372924805,6.311929071453256,6.311929071453256,118090
2000-06-14,6.586357593536377,6.723573376735052,6.5520533417328926,6.5520533417328926,136798
2000-06-15,6.4948835372924805,6.643533734782888,6.403406304372869,6.597795526328366,83248
2000-06-16,6.420557498931885,6.552055959365341,6.346232406340659,6.449144386855626,96109
2000-06-19,6.391973495483398,6.4834507562703,6.334800105490232,6.414843014682829,79506
2000-06-20,6.289060115814209,6.380537356829727,6.24332149530645,6.369102599701457,73076
2000-06-21,6.174711227416992,6.380534730994983,6.151841722572131,6.311927032470703,93069
2000-06-22,6.1632771492004395,6.3004929692643,6.117538542512485,6.186146248541817,72023
2000-06-23,6.140408992767334,6.2776244258965095,6.071800868197486,6.209016709331922,70620
2000-06-26,6.094671249389648,6.277625742609721,6.060367383912221,6.151844630522257,81260
2000-06-27,6.289060115814209,6.346233493450239,6.071801770403684,6.071801770403684,104527
2000-06-28,6.317642688751221,6.334794813823046,6.117536602938598,6.3004909716844635,194323
2000-06-29,6.391973495483398,6.494885515870015,6.026064452335792,6.311930994296212,244365
2000-06-30,6.063227653503418,6.4148439081320445,6.037500052828873,6.3919743857473845,244950
2000-07-03,6.311926364898682,6.323361116111732,6.128971977510314,6.128971977510314,55070
2000-07-05,6.243318557739258,6.5406196551581,6.243318557739258,6.266188061235383,102423
2000-07-06,6.186146259307861,6.254754373461792,6.106103799465941,6.254754373461792,67931
2000-07-07,6.254751682281494,6.3462288564574765,6.094666423471015,6.220447843966757,77869
2000-07-10,6.449143886566162,6.5291863505328775,6.254754695785381,6.254754695785381,84417
2000-07-11,6.746446132659912,6.780750403087602,6.403406692425487,6.403406692425487,100786
2000-07-12,6.677837371826172,6.815053208233558,6.57492539251932,6.700706473891446,124872
2000-07-13,6.769311428070068,6.9522657909908805,6.632095655879459,6.632095655879459,72608
2000-07-14,6.574921607971191,6.883657368182352,6.506313933260941,6.81504928546709,69685
2000-07-17,6.643530368804932,6.677834619773329,6.506314996951654,6.6092265258416125,111075
2000-07-18,6.517752170562744,6.597795049587664,6.426274944253055,6.597795049587664,64073
2000-07-19,6.403405666351318,6.586360113961356,6.403405666351318,6.47201338020246,84066
2000-07-20,6.380538463592529,6.426277092034072,6.289061206709444,6.300495965821177,65943
2000-07-21,6.506317615509033,6.56349057412292,6.357667025501395,6.357667025501395,62553
2000-07-24,6.369101524353027,6.574925485889631,6.369101524353027,6.552055975494341,79506
2000-07-25,6.254751682281494,6.414836941091974,6.243316933508241,6.403402192318721,71322
2000-07-26,6.151839733123779,6.254751655634582,6.140405392404262,6.254751655634582,164976
2000-07-27,6.186146259307861,6.311927733922535,6.094669045772752,6.106103799465941,105930
2000-07-28,6.10610294342041,6.300492096931415,6.094668191330317,6.231884400401143,52848
2000-07-31,6.289060115814209,6.4948841121017855,6.106105633783173,6.106105633783173,107100
2000-08-01,6.414838790893555,6.494881239377556,6.300492086197718,6.300492086197718,58461
2000-08-02,6.357666969299316,6.4948828031690855,6.289058848361813,6.460578538697714,63956
2000-08-03,6.369101524353027,6.426274892336001,6.3119285643753065,6.334797666765344,92835
2000-08-04,6.357666969299316,6.403405580589239,6.186146870958176,6.391970825765449,57291
2000-08-07,6.449143886566162,6.540621104815328,6.3119280591924145,6.3119280591924145,74713
2000-08-08,6.622343063354492,6.680230780820416,6.460257537070514,6.483412789298104,75999
2000-08-09,6.738118648529053,6.830738838976896,6.668653712244714,6.668653712244714,98448
2000-08-10,6.518145561218262,6.78442849574598,6.518145561218262,6.78442849574598,63839
2000-08-11,6.738118648529053,6.8075839979164785,6.460258077185523,6.460258077185523,90146
2000-08-14,6.564456939697266,6.749697350080985,6.541301681847725,6.749697350080985,68983
2000-08-15,6.518145561218262,6.5644556547493025,6.494990721004276,6.552878028090775,125573
2000-08-16,6.483412265777588,6.552877190645124,6.460257015419731,6.541299565466196,140656
2000-08-17,6.4139485359191895,6.483413891306173,6.4139485359191895,6.483413891306173,91198
2000-08-18,6.4139485359191895,6.437103792082558,6.35606080861389,6.4139485359191895,185320
2000-08-21,6.240285396575928,6.4371034098655775,6.193975300102075,6.413948155077103,131653
2000-08-22,6.1129350662231445,6.379218119241142,6.1129350662231445,6.21713292630958,119143
2000-08-23,6.0550432205200195,6.182395844895812,6.031888385680318,6.136085762113435,95758
2000-08-24,6.217129230499268,6.321326615541679,6.043466095889231,6.055043720817169,95524
2000-08-25,6.240285396575928,6.321327962129396,6.193975300102075,6.193975300102075,96460
2000-08-28,6.1708221435546875,6.309752893319436,6.124512444437421,6.27501999932663,75414
2000-08-29,6.147665023803711,6.228707586986615,6.147665023803711,6.217130373034117,58110
2000-08-30,6.159241676330566,6.228706601466996,6.136086425883077,6.147664051106822,46885
2000-08-31,6.22870397567749,6.2981692846329524,6.159239079824872,6.159239079824872,84066
2000-09-01,6.205551624298096,6.275016547869331,6.136086287623851,6.275016547869331,71439
2000-09-05,6.298173904418945,6.321328748986558,6.182398442271435,6.205553699942196,175382
2000-09-06,6.298173904418945,6.367638851224933,6.275018646748183,6.298173904418945,126392
2000-09-07,6.1129350662231445,6.298175522775361,6.055047320274763,6.298175522775361,98564
2000-09-08,6.020312309265137,6.182397434116888,5.974002214578482,6.112932498638447,92368
2000-09-11,6.031890869140625,6.101355815362927,5.950847881077078,6.043468084775578,44898
2000-09-12,6.031890869140625,6.089778186624829,5.927693036704025,6.008735611664427,47587
2000-09-13,6.043466567993164,6.112931909884279,6.020311729431486,6.0318893552638455,83599
2000-09-14,5.881381034851074,6.089776219298229,5.858225784855273,6.0434661324096375,180877
2000-09-15,5.823494911193848,5.8698050107124935,5.811917283038405,5.858227382557051,114816
2000-09-18,5.835072040557861,5.9624247000720425,5.754029476603663,5.765606690666343,93771
2000-09-19,5.661409378051758,5.904537073889662,5.661409378051758,5.8582269775724765,77636
2000-09-20,5.696142673492432,5.788762879565479,5.6614101994908275,5.6614101994908275,84768
2000-09-21,5.661409378051758,5.788762039648245,5.649831750696687,5.649831750696687,70971
2000-09-22,5.684562683105469,5.788760474929954,5.615097350854817,5.6729850588798625,92251
2000-09-25,5.580365180969238,5.719295439579713,5.580365180969238,5.696140603029471,51094
2000-09-26,5.510898590087891,5.754026572338077,5.510898590087891,5.557208662273504,125339
2000-09-27,5.638253688812256,5.6729861550976075,5.545633503315943,5.545633503315943,91549
2000-09-28,5.8929572105407715,5.8929572105407715,5.638251983991857,5.638251983991857,100903
2000-09-29,5.858226299285889,5.974001733225504,5.858226299285889,5.892958764226554,96694
2000-10-02,5.684562683105469,5.869803018303227,5.603520139732195,5.869803018303227,91666
2000-10-03,5.800337791442871,5.974000918673411,5.63825270175129,5.696140410828137,162637
2000-10-04,5.8929572105407715,6.1360852272305095,5.823492298973955,5.823492298973955,219578
2000-10-05,5.719295501708984,5.904535848535235,5.7077178767565915,5.904535848535235,173979
2000-10-06,5.7424492835998535,6.008732110813637,5.730871661607192,5.730871661607192,129549
2000-10-09,5.719295501708984,5.950845935241798,5.696140664907208,5.696140664907208,141591
2000-10-10,5.615098476409912,5.904536661450483,5.591943636420261,5.742451542213726,103592
2000-10-11,5.811917304992676,5.892959876180659,5.638254534417534,5.638254534417534,116103
2000-10-12,5.603522777557373,5.811918046204198,5.5340574126063125,5.811918046204198,106164
2000-10-13,5.626676559448242,5.626676559448242,5.522478738283582,5.580366462608738,171406
2000-10-16,5.557210922241211,5.858226307311086,5.464590740203858,5.487745579161672,177369
2000-10-17,5.3603949546813965,5.638255605633821,5.314084846189325,5.568790649447317,100084
2000-10-18,5.661409378051758,5.672986592303732,5.29092860751427,5.325661076476385,169302
2000-10-19,5.777183532714844,5.788761158307216,5.615098013730726,5.6729857285895555,119844
2000-10-20,5.522475242614746,5.777180820557615,5.42985510756331,5.777180820557615,162871
2000-10-23,5.464592456817627,5.557212667950129,5.441437197482912,5.5456350382827715,106632
2000-10-24,5.823494911193848,5.83507253934929,5.499324214563332,5.499324214563332,168951
2000-10-25,5.765605926513672,5.869803730989403,5.684563373300563,5.869803730989403,187892
2000-10-26,5.846651554107666,5.9855814725093595,5.765608550902383,5.765608550902383,108620
2000-10-27,5.811917304992676,5.8582274046862555,5.638254534417534,5.8582274046862555,115050
2000-10-30,6.263439178466797,6.275016803902062,5.8698036315950235,5.8698036315950235,193037
2000-10-31,6.205551624298096,6.275016547869331,6.078198575912482,6.275016547869331,198064
2000-11-01,6.0550432205200195,6.251861175620864,6.008733137737643,6.19397346886715,149191
2000-11-02,6.031890869140625,6.066623342251776,5.904537779227828,6.031890869140625,134342
2000-11-03,6.18239688873291,6.205552140585123,5.892958719198515,6.043466616928766,98681
2000-11-06,6.18239688873291,6.251862231186505,6.101354333456254,6.228706979334292,69919
2000-11-07,6.287501811981201,6.334423467294494,6.205389019822546,6.205389019822546,57759
2000-11-08,6.252312183380127,6.404807714783157,6.1584688438334245,6.2992342717120335,117856
2000-11-09,6.146735668182373,6.322691737250297,5.982509696776189,6.228848444606291,115986
2000-11-10,5.9355902671813965,6.15846806580808,5.923860165138889,6.15846806580808,111309
2000-11-13,6.099815368652344,6.287501995380108,6.005972055288462,6.005972055288462,163806
2000-11-14,6.05289363861084,6.170197569614779,6.041163119942916,6.13500643216944,100318
2000-11-15,6.181929111480713,6.33442462372862,5.9238601694228725,5.9238601694228725,244365
2000-11-16,5.9473185539245605,6.170196268836688,5.900396907703147,6.158465752641748,85820
2000-11-17,5.900398254394531,6.146737057920259,5.865207116336125,6.005972087128192,108620
2000-11-20,5.912128448486328,5.947319584611523,5.794824103324454,5.947319584611523,79506
2000-11-21,5.865206241607666,6.00597119140625,5.853475724484856,5.935588507227768,111893
2000-11-22,5.888668537139893,5.994242384245199,5.841746873821812,5.912129578078182,81260
2000-11-24,5.912128448486328,5.912128448486328,5.8886674120305855,5.8886674120305855,22683
2000-11-27,5.888668537139893,5.982511863776055,5.818286251442021,5.912129578078182,95057
2000-11-28,5.9473185539245605,6.123274622615274,5.81828413145526,5.900396907703147,192920
2000-11-29,6.017702102661133,6.041162719884938,5.923858796649101,5.947319413872906,161234
2000-11-30,5.876936435699463,6.076353555795168,5.783093134308353,6.005971289031028,157960
2000-12-01,6.041164398193359,6.088086064234781,5.923860442369067,5.923860442369067,191400
2000-12-04,6.3109612464904785,6.3578828930017774,6.0411618836900995,6.064622497666575,337434
2000-12-05,6.32269287109375,6.416536180566601,6.158466870237049,6.334423389417461,192569
2000-12-06,6.181929111480713,6.369615766998598,6.17019859087122,6.287502959849149,139370
2000-12-07,6.017702102661133,6.240579849800107,5.935588895981801,6.181927678902985,121598
2000-12-08,6.041164398193359,6.088086064234781,5.982512211001953,5.982512211001953,110023
2000-12-11,6.017702102661133,6.088084372890954,5.912128278757995,6.088084372890954,129432
2000-12-12,5.9473185539245605,6.158465752641748,5.9473185539245605,6.005970716340913,97044
2000-12-13,5.8534770011901855,6.005972501372463,5.759633680856241,5.923859700719879,149776
2000-12-14,5.830015659332275,5.912128449829187,5.747902450276945,5.8886674133681165,48756
2000-12-15,5.759632587432861,5.841745372496944,5.724441453628024,5.783093203783289,137499
2000-12-18,5.806553363800049,5.865205523676395,5.665788431231816,5.724440591108161,93420
2000-12-19,5.9473185539245605,6.017701232535853,5.759631969038907,5.8300146476501995,103709
2000-12-20,5.830015659332275,5.93558906773184,5.794824104640669,5.93558906773184,94472
2000-12-21,6.064624309539795,6.135007009613522,5.724442584618609,5.724442584618609,203209
2000-12-22,6.346153259277344,6.381344812973577,5.947319417745699,6.088084376855409,169068
2000-12-26,6.369613170623779,6.393074202279606,6.146735462685086,6.346152138967952,85703
2000-12-27,6.3344221115112305,6.357882724867288,6.099813885158962,6.357882724867288,136681
2000-12-28,6.416534900665283,6.428265416649118,6.146735544387113,6.3813437712721175,251848
2000-12-29,6.29923152923584,6.451726575689036,6.28750101225994,6.451726575689036,161702
2001-01-02,6.146735668182373,6.346152351132125,6.135005151962285,6.25230905848812,158194
2001-01-03,6.3930768966674805,6.463459184181193,6.193659717781113,6.193659717781113,261786
2001-01-04,6.51038122177124,6.545572367544639,6.287503407128339,6.439998511665911,153517
2001-01-05,6.3344221115112305,6.533838789991905,6.170196143785474,6.510378176635847,129432
2001-01-08,6.287501811981201,6.463457914766441,6.2288496381999785,6.334423467294494,139136
2001-01-09,6.076353073120117,6.264039660993455,6.0646225567384455,6.252309144611783,94472
2001-01-10,6.111546516418457,6.12327661787729,5.91212935035803,6.005972673379587,181111
2001-01-11,6.064624309539795,6.123276489841489,5.947320367494879,6.123276489841489,129782
2001-01-12,5.9473185539245605,6.076352976393861,5.9238579400930265,6.076352976393861,131302
2001-01-16,6.146735668182373,6.146735668182373,5.876935887912096,5.912127436572359,257109
2001-01-17,6.017702102661133,6.2053887146851965,5.970780031096711,6.1936581967940905,120779
2001-01-18,5.959051132202148,6.076355079068615,5.8886684292354765,6.041163936864524,84417
2001-01-19,5.841745376586914,5.947319196633731,5.8300152776826835,5.935588679171109,102072
2001-01-22,5.982512474060059,6.064625288603512,5.783095279975779,5.8886691378508145,139019
2001-01-23,6.088083267211914,6.135004911696319,6.005970494003789,6.005970494003789,140656
2001-01-24,6.005972862243652,6.135007330816294,5.982511821471265,6.041164004843737,100435
2001-01-25,6.088083267211914,6.135004911696319,5.959048849519384,5.959048849519384,134225
2001-01-26,5.959051132202148,6.052894457118717,5.8652078072855796,6.052894457118717,108152
2001-01-29,6.020984172821045,6.043506373279154,5.940279028221977,5.977816168504907,105112
2001-01-30,6.129846096038818,6.137353780291961,5.945913482376904,6.039756814910778,174680
2001-01-31,6.127966403961182,6.240578258753342,6.043507198948337,6.176764860419174,160182
2001-02-01,6.176768779754639,6.272488937993052,6.005973864498284,6.156122959975601,227528
2001-02-02,6.0622782707214355,6.221812250880227,6.005972529393455,6.221812250880227,134459
2001-02-05,6.116706848144531,6.174889398372069,6.06978519363679,6.109199165772915,157025
2001-02-06,6.137353420257568,6.174890583645673,6.071663175049135,6.135476603944013,74479
2001-02-07,6.045098304748535,6.1554242218213,5.991837678100206,6.147815742672206,101020
2001-02-08,5.959500789642334,6.126891572834861,5.896729139894747,6.050804660383005,111309
2001-02-09,5.908143520355225,5.982327904358366,5.900534615415469,5.9461867724490585,57642
2001-02-12,5.955692768096924,5.999442771116037,5.801617334475156,5.91955166413394,91783
2001-02-13,6.012760162353516,6.085042820159304,5.9252605494322665,5.967108024402724,95408
2001-02-14,5.932868003845215,6.050802355062115,5.8301510293209535,6.012759125431217,288561
2001-02-15,6.045098304748535,6.0717288301734795,5.896729143527186,5.915750765601478,148957
2001-02-16,5.9633049964904785,6.022271982140719,5.932870231676749,5.997544000855536,97161
2001-02-20,5.936672687530518,6.046998570782036,5.925259972305533,5.944281588548602,102189
2001-02-21,5.972814083099365,5.995640363031007,5.917651350967222,5.93667296810929,217824
2001-02-22,5.991836071014404,6.060314061795821,5.95379241286805,5.974716573319051,122299
2001-02-23,6.003249168395996,6.039390282808051,5.9728139875734225,5.9918360286127115,297330
2001-02-26,6.159226894378662,6.178248511613516,6.027977268836578,6.029879388139919,177837
2001-02-27,6.124989032745361,6.180152199563185,6.067923746271961,6.163032274259942,90263
2001-02-28,6.105968952178955,6.172544853723574,6.067925276866577,6.16303382884507,139253
2001-03-01,6.107870101928711,6.176348536930853,6.067924312827331,6.104065862262361,144865
2001-03-02,6.282872676849365,6.315209577260209,6.115481812676208,6.124992416207772,138435
2001-03-05,6.381782531738281,6.41031517747096,6.282869755786455,6.282869755786455,183800
2001-03-06,6.330422401428223,6.410313534482373,6.182053275528074,6.410313534482373,100552
2001-03-07,6.514935493469238,6.514935493469238,6.336131119026234,6.336131119026234,132588
2001-03-08,6.438848972320557,6.47689222395252,6.277164516582252,6.46738162314535,125339
2001-03-09,6.381782531738281,6.495913114668999,6.353249886005602,6.4673804689363195,127795
2001-03-12,6.151618957519531,6.38178135226133,6.14971683804911,6.38178135226133,96226
2001-03-13,6.031782150268555,6.1497169532559255,5.944282531982549,6.1497169532559255,163456
2001-03-14,5.953793048858643,6.001347308470301,5.906238789246985,6.001347308470301,449795
2001-03-15,5.967106819152832,6.010856828877465,5.811128818709454,5.95379156191478,272894
2001-03-16,5.9633049964904785,6.067924129361313,5.953793973410605,5.967109236041806,171874
2001-03-19,6.024177551269531,6.096459835848852,5.974721139662162,6.001351254095811,108386
2001-03-20,6.069824695587158,6.202976430110782,5.822542418098808,5.8491729346841,278038
2001-03-21,5.906237602233887,6.043193995103024,5.877704967360975,6.043193995103024,118675
2001-03-22,5.774989128112793,5.88911926587837,5.6494458493102115,5.887217146405784,151764
2001-03-23,5.830152988433838,5.896728874760178,5.565751138627518,5.782598299113265,168016
2001-03-26,5.951890468597412,5.984227345661837,5.763575564209953,5.83015186187329,129665
2001-03-27,6.077434539794922,6.08694556191602,5.891022154354394,5.934771753187515,107217
2001-03-28,6.029876708984375,6.05840933425995,5.83965977274889,6.05840933425995,102072
2001-03-29,5.9690117835998535,6.0489029409110815,5.830153636412387,5.953794400102401,206132
2001-03-30,6.077434539794922,6.144010422038075,5.9728149932688845,5.9918370375110825,133992
2001-04-02,6.031782150268555,6.204879691536006,5.936673629756833,6.13449957300599,243079
2001-04-03,5.902432441711426,5.953790921936442,5.820639212271288,5.953790921936442,117506
2001-04-04,5.999444007873535,6.096454627478561,5.868194395961018,5.868194395961018,149893
2001-04-05,6.105968952178955,6.11357743272045,5.999447255186585,5.999447255186585,85119
2001-04-06,5.9442830085754395,6.083141137262599,5.906239342799639,6.083141137262599,164274
2001-04-09,6.04319429397583,6.134498560404141,5.951890027547519,5.953792146739597,129081
2001-04-10,6.376075744628906,6.4198257702045955,6.086945915453246,6.086945915453246,186606
2001-04-11,6.221999168395996,6.391292470028365,6.153521169624025,6.391292470028365,117272
2001-04-12,6.294281959533691,6.315205698654175,6.092651773876702,6.191564535066357,106164
2001-04-16,6.343738555908203,6.400803840797942,6.267651650789057,6.286673271018464,51913
2001-04-17,6.3075971603393555,6.343738706253445,6.163032249287579,6.343738706253445,63488
2001-04-18,6.543466567993164,6.570097092314099,6.191565089501913,6.286673620132064,141942
2001-04-19,6.478793621063232,6.486402100361674,6.362760918149474,6.473086837387835,141124
2001-04-20,6.353248119354248,6.467378670548618,6.2961832679585115,6.410313394951433,156908
2001-04-23,6.370367050170898,6.444551817003811,6.3532475538558275,6.3532475538558275,80676
2001-04-24,6.303791522979736,6.448356401969707,6.267650409282601,6.400802572916488,106281
2001-04-25,6.391289710998535,6.400800728589534,6.182051141808361,6.277159620913104,119727
2001-04-26,6.469283580780029,6.543467962018799,6.315207609558286,6.37227290977423,97980
2001-04-27,6.551074981689453,6.551074981689453,6.429335935831784,6.429335935831784,79506
2001-04-30,6.667107582092285,6.695640225434502,6.543466410410365,6.549173193599726,138435
2001-05-01,6.669009685516357,6.6728139245903355,6.46737949997598,6.638574500320025,146736
2001-05-02,6.630965232849121,6.6575957515999855,6.46547618661368,6.6575957515999855,146151
2001-05-03,6.552977561950684,6.6328687103610005,6.383684666629737,6.6328687103610005,91783
2001-05-04,6.67281436920166,6.67281436920166,6.425532025692551,6.533955815935752,103826
2001-05-07,6.589025497436523,6.743109872013722,6.548578617564652,6.652585248258689,133173
2001-05-08,6.5909576416015625,6.641035002632444,6.563993173063598,6.567845178636475,115050
2001-05-09,6.612141132354736,6.719999810117789,6.54858135496369,6.54858135496369,142059
2001-05-10,6.644886016845703,6.6718504796178095,6.600586673646742,6.606364680770535,88158
2001-05-11,6.53702974319458,6.698818308870897,6.481174361259437,6.6448889301547664,80091
2001-05-14,6.615997791290283,6.615997791290283,6.444578785989697,6.510064611256186,90614
2001-05-15,6.662217617034912,6.691108499347175,6.590953412029493,6.635252736273126,62436
2001-05-16,6.912608623504639,6.914534626270462,6.5774755516948815,6.644887366609997,226008
2001-05-17,6.92801570892334,6.94535015885043,6.876011929614354,6.877937931880951,182981
2001-05-18,6.9010515213012695,6.956906881306981,6.7797099299201165,6.866382617914585,152699
2001-05-21,6.885639667510986,6.981942320203448,6.741185688472295,6.866379222878003,137616
2001-05-22,6.77778434753418,6.876013056393773,6.75274588443762,6.876013056393773,87223
2001-05-23,6.77778434753418,6.827861703255083,6.741189439416555,6.77778434753418,108386
2001-05-24,6.6468119621276855,6.741188654838756,6.5793997319571105,6.741188654838756,133173
2001-05-25,6.5909576416015625,6.666073897911799,6.575549189782228,6.644887437733149,59279
2001-05-29,6.635257244110107,6.72192952040244,6.602514336452132,6.606366342170048,93303
2001-05-30,6.560140132904053,6.673777286077223,6.531249236608147,6.635255947840094,76116
2001-05-31,6.621770858764648,6.693035069827761,6.560137515327684,6.560137515327684,77519
2001-06-01,6.694960594177246,6.718073042627194,6.556284614894885,6.621770386618555,137499
2001-06-04,6.768149375915527,6.768149375915527,6.650660290328569,6.693033607364806,138201
2001-06-05,6.958829879760742,7.012759643550803,6.7219252361824475,6.750816119708898,246119
2001-06-06,6.949203968048096,7.032024234658256,6.933795516386125,6.958833981881937,150244
2001-06-07,6.976166248321533,7.03009602698793,6.935719343849427,6.943423352500232,80676
2001-06-08,6.960758686065674,7.018540476400384,6.87601243249881,7.010836037242808,100318
2001-06-11,6.806672096252441,6.933791644089625,6.79896765996022,6.933791644089625,63956
2001-06-12,6.775857925415039,6.835565290350143,6.723854570331784,6.818230838655725,73193
2001-06-13,6.837490081787109,6.8952714303954785,6.772003866120045,6.789338743182975,59630
2001-06-14,6.7585248947143555,6.818232272203058,6.708447531565194,6.818232272203058,82663
2001-06-15,6.741189479827881,6.789340833255222,6.7084465766784,6.741189479827881,138084
2001-06-18,6.7065205574035645,6.78741481377918,6.683407667280369,6.741189463060573,66762
2001-06-19,6.65836763381958,6.74118830812265,6.56784338000824,6.721927426477274,105814
2001-06-20,6.702666759490967,6.818229898020041,6.548582717961435,6.673776297004472,123702
2001-06-21,6.67763090133667,6.712299813440974,6.635257547915929,6.693039354441679,82546
2001-06-22,6.696889877319336,6.739262791828791,6.644886520678948,6.696889877319336,41273
2001-06-25,6.596733570098877,6.693036249954335,6.548582230171148,6.683405810157723,105112
2001-06-26,6.648736000061035,6.739260231782121,6.510060005504495,6.598658664964186,114466
2001-06-27,6.752743721008301,6.798968627227558,6.664145053444824,6.664145053444824,68399
2001-06-28,6.49465274810791,6.6371807722794705,6.463836284326735,6.635254770138627,332056
2001-06-29,6.6275529861450195,6.644887440758685,6.42339110682783,6.494654928069808,344099
2001-07-02,6.544731140136719,6.6159953783954455,6.492727785425381,6.606364936621751,237934
2001-07-03,6.375237464904785,6.500431037457653,6.317455683871869,6.500431037457653,199467
2001-07-05,6.342496395111084,6.357904845851468,6.2770105868464,6.3270879443706995,229048
2001-07-06,5.970764636993408,6.355975258734919,5.816680216485781,6.3232323730679925,2257862
2001-07-09,6.128705024719238,6.153743490792052,5.970768498926409,5.990028956565766,487210
2001-07-10,6.124851226806641,6.163372563042298,6.086330320098722,6.1152212148935305,288795
2001-07-11,6.22693395614624,6.253898855471277,6.105592338711425,6.122926794126705,232439
2001-07-12,6.386795520782471,6.388721953023866,6.171077632999623,6.259676334991312,207301
2001-07-13,6.323233604431152,6.419536278620157,6.288564710447534,6.3867929570493605,121364
2001-07-16,6.253897190093994,6.3752383456885,6.246192751112267,6.336717009835339,90380
2001-07-17,6.367532253265381,6.367532253265381,6.259673149498601,6.2924160380225675,83365
2001-07-18,6.392573356628418,6.448428718647311,6.338643997141787,6.36753489418125,83014
2001-07-19,6.381015777587891,6.471540457678712,6.379089775398004,6.452280006252155,54368
2001-07-20,6.394497871398926,6.452279652034181,6.330938084511214,6.355976970660537,108853
2001-07-23,6.442651748657227,6.471542650349648,6.375239931060136,6.375239931060136,121130
2001-07-24,6.238487243652344,6.3944977036527915,6.201892345958098,6.355976803924918,94940
2001-07-25,6.375237464904785,6.429166812215211,6.201892551333713,6.221153001835459,87106
2001-07-26,6.404129981994629,6.43302045032125,6.288566820104794,6.355978628746549,52030
2001-07-27,6.38871955871582,6.450352911035505,6.373311113253986,6.402202002185882,48873
2001-07-30,6.471541404724121,6.546657219232911,6.355978249725572,6.3752387039707035,113764
2001-07-31,6.533175468444824,6.731558885459716,6.436872763762838,6.469615666173603,193972
2001-08-01,6.575549125671387,6.61407046960806,6.519693756825774,6.558214671234622,114700
2001-08-02,6.587103843688965,6.60636429584044,6.575547400586995,6.60636429584044,126859
2001-08-03,6.571695804595947,6.6911113885085225,6.548583346482919,6.577474241270008,105229
2001-08-06,6.571695804595947,6.629477594170127,6.529322463606365,6.548583346482919,42793
2001-08-07,6.498505115509033,6.5254695747329725,6.492726679617869,6.523543572611811,127444
2001-08-08,6.461912631988525,6.57747624636561,6.452282617142348,6.498507976987608,75882
2001-08-09,6.461912631988525,6.481173520736619,6.4041312543278535,6.461912631988525,89094
2001-08-10,6.565918922424316,6.625626295082855,6.392573953529376,6.461911769276227,83482
2001-08-13,6.490803241729736,6.548585046302368,6.4137609788088445,6.548585046302368,117856
2001-08-14,6.614069938659668,6.637182399544045,6.531249678659612,6.538953689111807,126509
2001-08-15,6.602513313293457,6.635256215877427,6.550509955576759,6.625625773547174,202507
2001-08-16,6.577474117279053,6.602512577302193,6.508135885191573,6.602512577302193,184268
2001-08-17,6.428512096405029,6.587144891823713,6.411100743150835,6.587144891823713,156440
2001-08-20,6.519437789916992,6.529110719106986,6.3530665140928,6.44205565066525,61851
2001-08-21,6.486549377441406,6.654855125387447,6.486549377441406,6.567800502557196,70620
2001-08-22,6.420780181884766,6.490423939851267,6.355005425711284,6.480751435368718,103943
2001-08-23,6.316308975219727,6.42270901924253,6.306636047843719,6.403363595913171,221916
2001-08-24,6.277617454528809,6.29696287711053,6.2524685345993625,6.267944527526628,226008
2001-08-27,6.403364658355713,6.476877365488994,6.269880740670639,6.277618738717204,153985
2001-08-28,6.325978755950928,6.451724600753402,6.322109759230229,6.413033770701474,97161
2001-08-29,6.345328330993652,6.442055900960837,6.325982903284767,6.374346688268359,135745
2001-08-30,6.327919960021973,6.422713068666381,6.302771023264577,6.335658393086275,101955
2001-08-31,6.3840203285217285,6.413038689026842,6.324049107667534,6.335656538154139,86872
2001-09-04,6.3743462562561035,6.529110530283772,6.3743462562561035,6.384019185166355,188594
2001-09-05,6.333722114562988,6.4710750565207,6.306638253575774,6.384020405380094,87808
2001-09-06,6.316308975219727,6.384018172583811,6.28729062451436,6.316308975219727,54018
2001-09-07,6.016456127166748,6.3066389027351395,6.004848695345614,6.3066389027351395,130367
2001-09-10,5.86362361907959,6.053209715729236,5.861689119900224,5.97776209062072,81026
2001-09-17,5.465106010437012,5.803652400464084,5.455433083867191,5.803652400464084,230919
2001-09-18,5.513469219207764,5.668233008612682,5.4554325285418095,5.465105454126994,172342
2001-09-19,5.501862525939941,5.629542917234598,5.474778675840277,5.515404450989774,133056
2001-09-20,5.320013523101807,5.519272056109511,5.318079024500473,5.50186113727498,171172
2001-09-21,5.223287582397461,5.290996779588452,5.203941727694902,5.223287582397461,186021
2001-09-24,5.397397518157959,5.513470935625077,5.281324532113552,5.281324532113552,158428
2001-09-25,5.350968837738037,5.436089410952614,5.3006705525236555,5.416743983012123,62787
2001-09-26,5.227156162261963,5.414807745325005,5.22328716420028,5.358705547740128,93654
2001-09-27,5.136232376098633,5.281323693470164,5.058850685305263,5.242632848073479,215135
2001-09-28,5.221352577209473,5.238763499616356,5.142035961168065,5.145904959164569,230568
2001-10-01,4.962123870849609,5.221353694866678,4.807359603635223,5.221353694866678,291601
2001-10-02,5.035637378692627,5.03757187841402,4.92923687405657,4.962124663588581,224255
2001-10-03,5.0298333168029785,5.078197098695314,4.927302254503407,5.0298333168029785,289380
2001-10-04,5.000815391540527,5.039506247813395,4.933106177351626,5.02983374945656,123352
2001-10-05,4.9969482421875,5.105282852428699,4.904089635046824,4.981471807664054,117973
2001-10-08,4.83637809753418,5.010487363907235,4.797686813900276,5.010487363907235,129315
2001-10-09,4.817033290863037,4.865397513811967,4.739651569559499,4.836379152611734,113063
2001-10-10,5.0104875564575195,5.0104875564575195,4.817032425121778,4.83637828339354,218409
2001-10-11,5.037570476531982,5.1033456058689755,4.991141201870804,4.991141201870804,315219
2001-10-12,5.037570476531982,5.049177903052941,4.958253852913635,5.02983247979978,280143
2001-10-15,5.01822566986084,5.037571095490945,4.933105538234755,5.0104872407551735,138785
2001-10-16,5.039504528045654,5.039504528045654,4.981468263441651,5.029832032989629,183098
2001-10-17,5.006618976593018,5.054982327886348,4.9814696197546615,5.039505900160298,645989
2001-10-18,4.962123870849609,5.029833075972388,4.902152663376196,4.971796367911317,194440
2001-10-19,4.952452182769775,5.0008159744597585,4.888611960482084,4.952452182769775,98681
2001-10-22,4.979535102844238,5.029833384922738,4.884742037280736,4.923432890749511,77168
2001-10-23,5.008551120758057,5.029831470346098,4.979533207413345,5.010485619552866,110841
2001-10-24,4.93890905380249,5.020160186871792,4.915694629249565,5.008552758883975,74596
2001-10-25,5.027899265289307,5.029833764966639,4.83637862016023,4.913760332944582,1107710
2001-10-26,5.068522930145264,5.105279274595621,4.996944740276396,5.027897587631209,98681
2001-10-29,4.993076324462891,5.109149741319475,4.958254471974999,5.0588514620122185,72491
2001-10-30,4.942779064178467,4.98147035491498,4.8808737755610805,4.98147035491498,79039
2001-10-31,4.846051216125488,4.9814700790703865,4.846051216125488,4.9814700790703865,87691
2001-11-01,4.971797943115234,4.981470874664302,4.801557626665247,4.884743284864995,77285
2001-11-02,5.10141134262085,5.171055479434666,4.97179642901923,4.97179642901923,139136
2001-11-05,5.0741729736328125,5.107248470179293,5.009967546937783,5.105302903781361,74946
2001-11-06,5.058608531951904,5.058608531951904,4.9768925653298535,5.054716964862583,67931
2001-11-07,5.041098594665527,5.146161806790609,5.029424759799105,5.068336964165971,58811
2001-11-08,5.064447402954102,5.155891675666701,4.990514104923525,5.000241942090158,84300
2001-11-09,4.990512847900391,5.058609426478647,4.9613284759694425,5.058609426478647,59747
2001-11-12,4.92825174331665,5.015804403423268,4.9126867777542715,4.990511605566168,38350
2001-11-13,5.087791442871094,5.155887989922108,4.9613261789816505,4.9613261789816505,90731
2001-11-14,5.227874279022217,5.239548106064103,5.097517917708104,5.126702268367512,95641
2001-11-15,5.301808834075928,5.340721018934888,5.196745240731631,5.204527938037837,89562
2001-11-16,5.303752899169922,5.364066725245728,5.26873185592834,5.321263420790713,61033
2001-11-19,5.3601765632629395,5.441892924114144,5.272623939337572,5.292080029777582,67814
2001-11-20,5.301808834075928,5.342666584788767,5.253168386056883,5.330992755774803,101020
2001-11-21,5.292082786560059,5.323212721036719,5.26289841875183,5.301811053793092,57525
2001-11-23,5.395199298858643,5.397144864965112,5.255114634176117,5.272625163025089,29347
2001-11-26,5.410765171051025,5.42827570424737,5.327104072139154,5.399091771514032,77636
2001-11-27,5.391308307647705,5.4166015375104015,5.282353990722778,5.399091006794224,55421
2001-11-28,5.369907379150391,5.408819578535561,5.274572013376785,5.379635645942109,56473
2001-11-29,5.395199298858643,5.418546526027024,5.340721712314509,5.418546526027024,102657
2001-11-30,5.420490741729736,5.492478839188489,5.373795865135296,5.3990890859996075,197947
2001-12-03,5.447732448577881,5.488590216318962,5.3796358797488315,5.401037546951738,146385
2001-12-04,5.498318195343018,5.498318195343018,5.399091697297426,5.428275629629598,142644
2001-12-05,5.574197292327881,5.6033812237783005,5.467188097373559,5.486644196304117,119610
2001-12-06,5.580035209655762,5.663696757039478,5.508047063843543,5.574198508870013,93654
2001-12-07,5.564470291137695,5.630621302877169,5.488591010775562,5.564470291137695,177837
2001-12-10,5.39909029006958,5.554739479538947,5.379634195622251,5.554739479538947,59864
2001-12-11,5.642292499542236,5.642292499542236,5.447730689213193,5.447730689213193,319896
2001-12-12,5.722064018249512,5.729846283947969,5.611163694810768,5.642293625386234,127093
2001-12-13,5.653969764709473,5.7843262394721195,5.653969764709473,5.710392515716874,152816
2001-12-14,5.694825172424316,5.702607438057044,5.653967410070867,5.6559125425882355,87106
2001-12-17,5.749303340911865,5.790161544315254,5.681206769130441,5.6948261702649035,47470
2001-12-18,5.786266803741455,5.823233416711334,5.663692703833114,5.768756280024638,80792
2001-12-19,5.653969764709473,5.768761267833699,5.638404359180059,5.768761267833699,160650
2001-12-20,5.607272624969482,5.653967521357383,5.583924959830122,5.653967521357383,51913
2001-12-21,5.624781608581543,5.653965965026946,5.504153050978067,5.603379515779873,183098
2001-12-24,5.644237518310547,5.681204137199359,5.5255545304716955,5.5255545304716955,46535
2001-12-26,5.653969764709473,5.690936409641598,5.603383281466361,5.642295927507909,57525
2001-12-27,5.652021408081055,5.712335702279908,5.632565310114241,5.6422935760430555,122767
2001-12-28,5.797941207885742,5.8173973005311606,5.652019862209061,5.671476388745174,79974
2001-12-31,5.704555034637451,5.825183222935305,5.683152930376962,5.749303942329162,79506
2002-01-02,5.648128509521484,5.729844442548334,5.626726851837757,5.704551653265871,77168
2002-01-03,5.698714256286621,5.739572437840459,5.648128246189483,5.661747640040762,101020
2002-01-04,5.8465800285339355,5.934133071896258,5.706495853379139,5.706495853379139,155973
2002-01-07,5.809616565704346,5.866039726502359,5.805725432929533,5.84658319484668,108737
2002-01-08,5.749303340911865,5.797943811311581,5.7317928062792385,5.797943811311581,76233
2002-01-09,5.813509941101074,5.883552088402828,5.749304060886541,5.749304060886541,95992
2002-01-10,5.766814708709717,5.8368572912505705,5.739576336396395,5.8368572912505705,108035
2002-01-11,5.747358322143555,5.77654269394414,5.700663414040804,5.768760426205814,79857
2002-01-14,5.580035209655762,5.739576036708862,5.552796404873741,5.739576036708862,80442
2002-01-15,5.620892524719238,5.646185760510756,5.546959251896452,5.593654156048635,69685
2002-01-16,5.478861331939697,5.626728720711442,5.478861331939697,5.620891587483901,58110
2002-01-17,5.581979751586914,5.581979751586914,5.469133853214052,5.486644386246836,66762
2002-01-18,5.428273677825928,5.5625216274031235,5.418545848509916,5.5625216274031235,65710
2002-01-22,5.418551445007324,5.498321897242208,5.416605877134661,5.44773583087955,103007
2002-01-23,5.506098747253418,5.515827010929116,5.387416186641606,5.408817846059287,68633
2002-01-24,5.490535259246826,5.550849555663631,5.474970293522839,5.49637239257509,92952
2002-01-25,5.626727104187012,5.628672670073635,5.447730269819983,5.4574580992531,77636
2002-01-28,5.615052700042725,5.638399922182346,5.564466690498002,5.583922781262795,89445
2002-01-29,5.52555513381958,5.616999341993418,5.447730755848617,5.616999341993418,120546
2002-01-30,5.632568359375,5.652024467874619,5.51388570702538,5.525559111790523,125339
2002-01-31,5.648128509521484,5.710388350663975,5.613107457351503,5.632563549235862,114933
2002-02-01,5.741520404815674,5.778487036522026,5.642293908830724,5.661750007945076,142527
2002-02-04,5.605325222015381,5.8271258158841865,5.597542958176826,5.741518744206514,98331
2002-02-05,5.663693904876709,5.67925886635799,5.603379624900407,5.603379624900407,81845
2002-02-06,5.665654182434082,5.712590525111466,5.610894389079795,5.665654182434082,94706
2002-02-07,5.710633277893066,5.788861220632344,5.665652592438978,5.681297744848552,56473
2002-02-08,5.782992839813232,5.810372724012686,5.671518531583037,5.712587921744013,67113
2002-02-11,5.845578193664551,5.888603685831712,5.759527645468657,5.769306305187057,74245
2002-02-12,5.771260738372803,5.8573112685045645,5.724323966626841,5.8573112685045645,56122
2002-02-13,5.769302845001221,5.857308985130718,5.749745537294072,5.759524191147647,69685
2002-02-14,5.671517372131348,5.779080370954418,5.671517372131348,5.769302154409474,58928
2002-02-15,5.677386283874512,5.755614224231815,5.661740695803052,5.671519351899565,159597
2002-02-19,5.587423324584961,5.720411024152116,5.556132588605984,5.671518622236286,149893
2002-02-20,5.683250904083252,5.694984762359717,5.57373184053651,5.606978644595943,96694
2002-02-21,5.58546781539917,5.782992619999095,5.515062463867886,5.612847262419715,127561
2002-02-22,5.673472881317139,5.761479008831706,5.585466753802571,5.585466753802571,150828
2002-02-25,5.738011360168457,5.8084162683963925,5.689118965868359,5.691074609303786,72608
2002-02-26,5.7888593673706055,5.853397344951855,5.710631449675433,5.730188320064691,62436
2002-02-27,5.808417320251465,5.863176654774294,5.759524917097368,5.796683021375779,53433
2002-02-28,5.790816307067871,5.837753068191751,5.72041138345117,5.788860663204989,65476
2002-03-01,5.847531318664551,5.867088629674058,5.7829933262926065,5.810373212795323,49341
2002-03-04,6.041145324707031,6.06265827969285,5.886645532732183,5.925759282662001,113881
2002-03-05,6.043101787567139,6.08026033478836,6.00398803233652,6.013766689213326,242377
2002-03-06,6.113507270812988,6.150665382584166,5.994209922625449,5.994209922625449,110140
2002-03-07,6.189777374267578,6.203466878688551,6.111549454028384,6.152618839567614,113180
2002-03-08,6.234759330749512,6.277784804776128,6.221069387371123,6.277784804776128,196661
2002-03-11,6.283649921417236,6.314941086918455,6.217156303761676,6.228890599859164,112595
2002-03-12,6.318850517272949,6.334496095427332,6.283648075460085,6.283648075460085,216655
2002-03-13,6.361879825592041,6.377525413237637,6.326677362424014,6.326677362424014,334277
2002-03-14,6.459665298461914,6.502690777912022,6.357969186457986,6.361880474733914,131302
2002-03-15,6.453797817230225,6.485088556915048,6.3560130018176455,6.479221625000068,172575
2002-03-18,6.600472450256348,6.616118032028405,6.414681112195907,6.414681112195907,333342
2002-03-19,6.735416412353516,6.778441442098027,6.551581123833297,6.571137995184271,213615
2002-03-20,6.580915927886963,6.71585880517557,6.5613586225406335,6.71585880517557,162403
2002-03-21,6.561358451843262,6.57895967728656,6.467484958720265,6.561358451843262,329951
2002-03-22,6.467485427856445,6.530067761144685,6.444017270942423,6.530067761144685,114933
2002-03-25,6.418595790863037,6.473355134215916,6.397082833432237,6.453798257028337,145333
2002-03-26,6.522247314453125,6.578962299903976,6.397082607060519,6.416639483556045,156090
2002-03-27,6.590695381164551,6.600474035672678,6.512467453514124,6.520290464348266,225541
2002-03-28,6.588738441467285,6.606339667209147,6.580915868310063,6.604384023919841,144865
2002-04-01,6.518337249755859,6.580919615197742,6.434241923606855,6.580919615197742,102072
2002-04-02,6.533980369567871,6.578961046093735,6.481176246113537,6.518334784125512,151530
2002-04-03,6.600472450256348,6.649364838776765,6.524200184600307,6.533978836759627,305281
2002-04-04,6.6532793045043945,6.678703550584938,6.561361413152647,6.600475604342844,217239
2002-04-05,6.772575855255127,6.841025136633379,6.649367236001923,6.651322879911216,153985
2002-04-08,6.733462333679199,6.7764878095609316,6.6865255698459265,6.7764878095609316,74245
2002-04-09,6.784308910369873,6.813644435904607,6.672834175020787,6.713903997997048,65242
2002-04-10,6.932942867279053,6.932942867279053,6.77648743267462,6.803866882950908,112595
2002-04-11,6.942718505859375,6.991610889703455,6.884047470791258,6.942718505859375,190932
2002-04-12,6.960324764251709,6.98183728914109,6.844938689800428,6.98183728914109,94823
2002-04-15,6.907519340515137,6.954456103638136,6.835158333815334,6.927076216115156,148840
2002-04-16,7.0659284591674805,7.067884102569461,6.844935084947946,6.864491955105884,152465
2002-04-17,6.985743522644043,7.099173870577471,6.936851574951099,7.040503271663108,197713
2002-04-18,6.942718505859375,7.030724622323499,6.913382988325317,6.913382988325317,119026
2002-04-19,7.038550853729248,7.128513096119917,6.923164802759148,6.942722115375051,234544
2002-04-22,6.8351569175720215,7.042460802710706,6.821466976647085,7.038549079490605,161117
2002-04-23,6.813643932342529,6.884048839512082,6.813643932342529,6.835156445946973,221799
2002-04-24,6.6571879386901855,6.979877815702188,6.620029842591266,6.835156281886559,122767
2002-04-25,6.709993362426758,6.727594593373069,6.629809783165458,6.659145313455388,135745
2002-04-26,6.694347858428955,6.747151548483042,6.629809433511893,6.717816019740254,106515
2002-04-29,6.674788951873779,6.698257543709521,6.635675213665027,6.678700674605145,78103
2002-04-30,6.751064777374268,6.7999571939592,6.64936865555081,6.674792467937503,233257
2002-05-01,6.670877933502197,6.766707075718648,6.639586767221799,6.756928422704225,203910
2002-05-02,6.88404655456543,6.934894574659137,6.67869883143369,6.688477045218253,249159
2002-05-03,6.962277889251709,6.977923475183708,6.844936212830822,6.8840499595917155,111660
2002-05-06,6.881756782531738,7.129217169781979,6.854261037953791,7.031018582556467,170120
2002-05-07,6.873900413513184,6.960315038933337,6.78748578809303,6.883720008456543,201104
2002-05-08,6.854259490966797,6.966206363198952,6.854259490966797,6.913178805197687,106281
2002-05-09,6.836583137512207,6.962277429055379,6.834619218954797,6.854258842512513,114700
2002-05-10,6.783554553985596,6.873897415970443,6.756058824166986,6.873897415970443,65125
2002-05-13,6.8483662605285645,6.864078045075705,6.742312043323042,6.783555204019556,79156
2002-05-14,6.970132827758789,6.995664643963092,6.854258571566743,6.8837182247305995,229867
2002-05-15,6.985843658447266,7.082078716683892,6.946564418254945,6.972096230968434,104294
2002-05-16,6.8483662605285645,6.995664076414168,6.832654475981424,6.991736239773275,56707
2002-05-17,6.834615230560303,6.915138034342467,6.7560563441894885,6.873894892737393,186489
2002-05-20,6.816941738128662,6.913176350274158,6.795338201641298,6.834617438524416,158662
2002-05-21,6.785521030426025,6.922999293368234,6.7737370792061355,6.866043894125174,84651
2002-05-22,6.773738861083984,6.8149824822111675,6.740351793481702,6.805162885264557,71205
2002-05-23,6.871933460235596,6.922997086583439,6.765879247013657,6.771771001753692,120078
2002-05-24,6.781590461730957,6.940672206194261,6.781590461730957,6.877825075641671,85937
2002-05-28,6.697141647338867,6.805160237611928,6.677502023102939,6.805160237611928,128964
2002-05-29,6.657864570617676,6.738387455733428,6.638224938683449,6.697144272469935,161819
2002-05-30,6.636260509490967,6.704999434972137,6.579305537458612,6.63822442873514,143813
2002-05-31,6.726605415344238,6.759992928353598,6.657866031515641,6.677506105743186,120896
2002-06-03,6.5891218185424805,6.7266000383201785,6.559662168734149,6.7266000383201785,155037
2002-06-04,6.616616725921631,6.655895962117706,6.5400217335574355,6.589120997794279,158662
2002-06-05,6.653934955596924,6.677502858013722,6.587159962055482,6.618583539955418,102891
2002-06-06,6.530205249786377,6.653935209248295,6.496817751742908,6.653935209248295,90380
2002-06-07,6.506636142730713,6.530204041685824,6.453609027057154,6.530204041685824,111192
2002-06-10,6.640186309814453,6.646078503722174,6.508600256974171,6.526276400713697,70270
2002-06-11,6.4752116203308105,6.67946436494139,6.422184078033015,6.620545068158743,75531
2002-06-12,6.561628341674805,6.589123642856054,6.428078359417187,6.481105480963533,92485
2002-06-13,6.363265514373779,6.561626965336624,6.363265514373779,6.561626965336624,84768
2002-06-14,6.3475565910339355,6.430043384739887,6.186510841897613,6.3632679441362585,103124
2002-06-17,6.461463451385498,6.481103509376503,6.343625293357179,6.3829049713556465,88509
2002-06-18,6.439860820770264,6.471284392404267,6.3907615448400845,6.443788657728613,112244
2002-06-19,6.4005842208862305,6.595017486496316,6.388800267156708,6.4320078055091,130367
2002-06-20,6.461463451385498,6.602869503809606,6.42022029316818,6.422184211370572,95408
2002-06-21,6.553769111633301,6.7167786743311595,6.506633768903183,6.7167786743311595,198415
2002-06-24,6.602871417999268,6.624475400455715,6.490924982124561,6.553772134754829,106515
2002-06-25,6.616616725921631,6.6912473622908735,6.5793014077370096,6.608761053875816,103943
2002-06-26,6.612690448760986,6.657861449639943,6.4575365094454655,6.589122551100693,148840
2002-06-27,6.5714497566223145,6.644116962270358,6.530206574430119,6.622512973518449,124872
2002-06-28,6.681430339813232,6.771772792974938,6.5753756605549105,6.5753756605549105,274648
2002-07-01,6.616616725921631,6.746238818545577,6.5793014077370096,6.687319526267966,89094
2002-07-02,6.445754528045654,6.6421516778923415,6.432006657478993,6.589124114566118,78103
2002-07-03,6.335770130157471,6.520383273850419,6.265066879266716,6.445752624222528,196077
2002-07-05,6.418254852294922,6.481101971795746,6.33576811744595,6.33576811744595,197713
2002-07-08,6.331844806671143,6.459502616649325,6.329880887531267,6.329880887531267,174329
2002-07-09,6.2572102546691895,6.402544133095688,6.235606718005625,6.33380524899784,72023
2002-07-10,6.172760963439941,6.306310925268125,6.162940932959325,6.2650673228298634,93888
2002-07-11,6.166871547698975,6.19633121442672,6.068672950595694,6.19633121442672,155973
2002-07-12,6.100095748901367,6.255249290914839,6.098131391928282,6.206150002229505,85002
2002-07-15,6.066705226898193,6.096164875152363,5.854596372645115,6.096164875152363,126859
2002-07-16,5.913516998291016,6.049030885138415,5.90173304874405,6.049030885138415,73309
2002-07-17,6.0765275955200195,6.100095498392012,5.950833281492596,5.950833281492596,112946
2002-07-18,6.139374732971191,6.373087214135493,6.0843832517675684,6.117771187060453,185437
2002-07-19,5.866384029388428,6.131520155378434,5.829068684926496,6.131520155378434,132355
2002-07-22,5.754434585571289,6.009750982705673,5.746578912051379,5.990111360922316,310659
2002-07-23,5.587496757507324,5.838885300518272,5.540361405692772,5.803533458169694,201689
2002-07-24,5.860491752624512,5.860491752624512,5.499120980381031,5.585535616008706,177369
2002-07-25,5.872272491455078,6.029390334657651,5.693551547039549,5.8624528999946435,159130
2002-07-26,5.909587860107422,5.939047508497479,5.817281078614185,5.854596399650373,109204
2002-07-29,6.471285820007324,6.481105852553158,5.9331575845403215,5.9410136981737285,233024
2002-07-30,6.249356269836426,6.43396943531457,6.107950189351932,6.4320055167224615,182514
2002-07-31,6.259177207946777,6.314168692278471,6.113843259044579,6.225789708738416,147554
2002-08-01,6.249356269836426,6.3829062379688555,6.206148746859146,6.265067618573296,171172
2002-08-02,6.015645503997803,6.268998099250403,5.9744023230864105,6.268998099250403,205313
2002-08-05,5.878168106079102,6.090277098882418,5.878168106079102,6.019574247275918,111777
2002-08-06,6.090274810791016,6.208112998525128,5.960652672888397,5.960652672888397,154803
2002-08-07,6.181055068969727,6.18697546129415,5.98962376913094,6.18697546129415,55654
2002-08-08,6.309334754943848,6.323149005886051,6.111983031562447,6.167241355668742,75882
2002-08-09,6.269864082336426,6.315255083878802,6.19487023456587,6.311307714965886,87223
2002-08-12,6.20671272277832,6.246183339143631,6.058698901661706,6.230394740507444,87106
2002-08-13,6.1396098136901855,6.206709340825746,6.088298436475482,6.206709340825746,134108
2002-08-14,6.1277689933776855,6.139610216623535,5.841609252408288,6.139610216623535,181228
2002-08-15,6.1830291748046875,6.222499341288906,6.0942210801589605,6.147505936946397,98681
2002-08-16,6.088301658630371,6.1356661334599805,5.936340910289067,6.088301658630371,122416
2002-08-19,6.256045818328857,6.275780891171943,6.08829703899428,6.08829703899428,91900
2002-08-20,6.208686828613281,6.279733769361253,6.1475080931162305,6.2560513090743886,111075
2002-08-21,6.307358741760254,6.342881969674925,6.139609920989673,6.228418430888696,126859
2002-08-22,6.368542671203613,6.394198159509277,6.28368146507881,6.3152577892339945,117623
2002-08-23,6.218555450439453,6.368542772506041,6.218555450439453,6.368542772506041,86755
2002-08-26,6.364595890045166,6.364595890045166,6.222502428012893,6.222502428012893,122066
2002-08-27,6.3270978927612305,6.429720707912605,6.299468504023322,6.394197019487038,112478
2002-08-28,6.186975479125977,6.323148023879583,6.151452244852203,6.323148023879583,100084
2002-08-29,6.175139427185059,6.269868424676968,6.139616163153791,6.186980661899746,93537
2002-08-30,6.121851444244385,6.242235876116987,6.121851444244385,6.175136313422825,248106
2002-09-03,6.036989212036133,6.121850383079899,5.969889660973039,6.121850383079899,120078
2002-09-04,6.117903709411621,6.117903709411621,5.985678066199806,6.035015999340223,103943
2002-09-05,5.908710956573486,6.080406776265001,5.908710956573486,6.0586982257590405,88042
2002-09-06,6.060670852661133,6.086326768896016,5.924498294477823,5.942259913366408,87340
2002-09-09,6.117903709411621,6.1396122591574,5.928445834898416,6.060671478110231,141825
2002-09-10,6.113956928253174,6.12777162127905,5.999492894754919,6.098168770525396,115869
2002-09-11,6.092247486114502,6.1179034037150615,6.078432795107469,6.1179034037150615,42559
2002-09-12,5.983705997467041,6.078434516707822,5.975811697464616,6.078434516707822,46651
2002-09-13,5.954102516174316,5.9837053678715675,5.863320496317755,5.960022910468738,55070
2002-09-16,5.916604995727539,5.96989030149918,5.8988433738411725,5.932393593084912,57291
2002-09-17,5.812010765075684,5.987654020940524,5.812010765075684,5.987654020940524,90029
2002-09-18,5.73701286315918,5.815954061852747,5.723198615505813,5.786351222370756,113530
2002-09-19,5.594922065734863,5.735042020522144,5.594922065734863,5.7074126344823854,141007
2002-09-20,5.918578624725342,5.930419412022876,5.642286105870007,5.644259570419596,280844
2002-09-23,5.774511814117432,6.038963108426114,5.76859142040456,5.900816627446375,191166
2002-09-24,5.663995742797852,5.731095310808585,5.57321415553558,5.693598596946729,247288
2002-09-25,5.940287113189697,5.9935719758127695,5.703464768010737,5.703464768010737,208003
2002-09-26,6.013306617736816,6.0784322579649235,5.8988421709686065,5.942259704566464,153400
2002-09-27,5.717282295227051,6.0290977434859485,5.717282295227051,5.912660206699658,171640
2002-09-30,5.66004753112793,5.6935973075353825,5.543610045942506,5.6935973075353825,227762
2002-10-01,5.896871089935303,5.896871089935303,5.575187510711938,5.660048701518918,116103
2002-10-02,5.715306282043457,5.887002545926531,5.713332817415352,5.861346625536087,109204
2002-10-03,5.573211669921875,5.861344902854436,5.555450053376627,5.715304602283857,133524
2002-10-04,5.401515483856201,5.61465532359099,5.367965714643892,5.555450081511134,178188
2002-10-07,4.894323348999023,5.322577087650417,4.858800102870584,5.322577087650417,436116
2002-10-08,5.1311445236206055,5.190349773287208,4.874587121394588,4.894322204616789,341994
2002-10-09,4.823276519775391,5.091674751872659,4.823276519775391,5.091674751872659,177954
2002-10-10,5.1469316482543945,5.176534487220026,4.724598927296086,4.795645388723697,257226
2002-10-11,5.350204944610596,5.435066113098612,5.229820537231082,5.249555621047193,191283
2002-10-14,5.377836227416992,5.4291476395256195,5.291001123744572,5.3502068362382555,92368
2002-10-15,5.699517726898193,5.699517726898193,5.427172166355241,5.427172166355241,126158
2002-10-16,5.4646687507629395,5.693596770581309,5.450854060584034,5.650179235749389,105229
2002-10-17,5.63636589050293,5.646233213562984,5.514007563657967,5.514007563657967,101487
2002-10-18,5.533741474151611,5.61465570661511,5.403489756645369,5.512032927919311,161234
2002-10-21,5.525848388671875,5.553477331338732,5.466642694176818,5.525848388671875,345852
2002-10-22,5.454804420471191,5.535718261394217,5.413360327208287,5.527824399884733,137031
2002-10-23,5.575186729431152,5.575186729431152,5.439014150244698,5.456775771872821,159130
2002-10-24,5.3620476722717285,5.575187605410511,5.360073767236207,5.575187605410511,153283
2002-10-25,5.387702465057373,5.46861671707741,5.328497204629024,5.377835141708922,193154
2002-10-28,5.338362693786621,5.4271712140845345,5.3087598536873175,5.4271712140845345,144631
2002-10-29,5.26929235458374,5.3383653896218926,5.162722164431561,5.3383653896218926,216187
2002-10-30,5.206140041351318,5.308762419069033,5.190351441563842,5.2692922399381725,193738
2002-10-31,5.158775329589844,5.229821824865191,5.137066335945917,5.219954060471353,210692
2002-11-01,5.158775329589844,5.182457347977429,5.105490018020743,5.160748794446094,205781
2002-11-04,5.176636695861816,5.279851738116064,5.176636695861816,5.208395238501962,236181
2002-11-05,5.083349227905273,5.190534489695756,5.051590664608296,5.176640062921737,214199
2002-11-06,5.101212024688721,5.140909997057632,5.06151405231981,5.0912877529228036,270906
2002-11-07,4.962268352508545,5.067468282226793,4.962268352508545,5.051589005792661,451783
2002-11-08,4.853099346160889,4.962269451147203,4.771718091749859,4.962269451147203,233842
2002-11-11,4.753853797912598,4.8530991836114215,4.714155820694138,4.8530991836114215,217590
2002-11-12,4.880886554718018,4.982116764347431,4.724078662635367,4.75385235785638,163573
2002-11-13,4.865007400512695,4.962267904560385,4.732018638376579,4.831263996467786,193738
2002-11-14,5.001966953277588,5.06945377597312,4.882872586323864,4.882872586323864,194323
2002-11-15,5.021814823150635,5.059528377704779,4.96226787425115,5.0039506942155345,165209
2002-11-18,5.019829273223877,5.13098418214049,5.001965146765268,5.071436798843468,180526
2002-11-19,4.996011257171631,5.081362193426978,4.962267853474109,4.962267853474109,150945
2002-11-20,4.972194671630859,5.0138779554342,4.942420960721726,4.982119389484828,217707
2002-11-21,5.2480950355529785,5.287793449098366,4.9821174796745575,4.988072042512694,132238
2002-11-22,5.176636695861816,5.309625427172756,5.132968589068505,5.22824421698894,115518
2002-11-25,5.216337203979492,5.260005332129489,5.105182250376651,5.156789796743375,90965
2002-11-26,5.134957313537598,5.220308295228462,5.073425478108657,5.190535026380232,129198
2002-11-27,5.329477310180664,5.34337173548963,5.160760237113268,5.160760237113268,122767
2002-11-29,5.349325180053711,5.400932718506821,5.30168735010024,5.341385763054431,49224
2002-12-02,5.025786399841309,5.3890245290047964,5.0238011025940725,5.3890245290047964,209289
2002-12-03,5.0456342697143555,5.1051812223063715,4.924554625070694,5.0118908637831066,173511
2002-12-04,5.067468643188477,5.117091330248243,4.932495005210329,5.031740379329864,110607
2002-12-05,4.938449382781982,5.069452852715648,4.936464086017814,5.069452852715648,88275
2002-12-06,4.950361728668213,4.962271303739988,4.868980443874649,4.902723871033967,92368
2002-12-09,4.767747402191162,4.952343716996964,4.765762547937106,4.952343716996964,139370
2002-12-10,4.928525447845459,4.938450162623266,4.773702376166431,4.773702376166431,107334
2002-12-11,4.970207691192627,4.994026384142738,4.902720878072629,4.930509722058247,96343
2002-12-12,4.988071441650391,5.055558692282786,4.92256948771083,4.970207312635288,94121
2002-12-13,4.896766185760498,4.992041840341824,4.894780888969052,4.982117126994888,84534
2002-12-16,4.926539897918701,4.96226815783067,4.896766200441203,4.896766200441203,83949
2002-12-17,4.902721405029297,4.986087503293959,4.894781544757474,4.942419378430514,57642
2002-12-18,4.892796516418457,4.922569771391049,4.863022818793289,4.882871802992542,73309
2002-12-19,4.930508613586426,4.932493467331653,4.857067254403057,4.86302181563874,101487
2002-12-20,4.9543280601501465,5.005935593389439,4.900735672861561,4.962267918999874,126275
2002-12-23,4.853099346160889,4.976163433782156,4.823325640923468,4.976163433782156,86288
2002-12-24,4.874932289123535,4.924554527305462,4.843173737977253,4.843173737977253,41273
2002-12-26,4.958299160003662,4.966239021082045,4.863023925631809,4.874933495923044,102657
2002-12-27,4.9523444175720215,4.982118120899947,4.9027217262430325,4.962269132898884,122884
2002-12-30,4.849129676818848,4.954329630695598,4.799506981898225,4.954329630695598,141942
2002-12-31,4.739957809448242,4.8828708210656595,4.735987659284713,4.851112275672348,277103
2003-01-02,4.962268352508545,4.962268352508545,4.763777618408203,4.789581165955796,196194
2003-01-03,4.936464786529541,4.96028392455396,4.902721376538805,4.96028392455396,91081
2003-01-06,4.982115745544434,5.03570812039152,4.942417345816908,5.005934431258988,209756
2003-01-07,4.888826847076416,4.982117657451744,4.811415756807963,4.96226867129708,120078
2003-01-08,4.686364650726318,4.8749310557822705,4.67247023278349,4.872945759516904,141474
2003-01-09,4.777674198150635,4.777674198150635,4.688353496254952,4.688353496254952,95641
2003-01-10,4.85508394241333,4.863023803291969,4.664533035810664,4.777672401446768,158545
2003-01-13,4.789580821990967,4.894780744154259,4.773701546697209,4.853097923165996,149542
2003-01-14,4.924555778503418,4.924555778503418,4.734004865864399,4.773702843557163,236882
2003-01-15,4.845158576965332,4.924554511930589,4.8431737228564575,4.924554511930589,138902
2003-01-16,4.918601989746094,4.952345408898224,4.843175731713216,4.843175731713216,72374
2003-01-17,4.743928909301758,4.888826817202212,4.730034486282611,4.888826817202212,128262
2003-01-21,4.650636196136475,4.76377594567054,4.608952944138688,4.753851235389418,107801
2003-01-22,4.497799396514893,4.644683027977689,4.489859980031806,4.601014909363005,198415
2003-01-23,4.523604393005371,4.551393242191171,4.4362685789748575,4.50772511384958,116220
2003-01-24,4.380690574645996,4.5057399445957005,4.344962309703977,4.5057399445957005,117973
2003-01-27,4.190140247344971,4.335038623783678,4.174260967150966,4.265566938929668,336966
2003-01-28,4.237778186798096,4.287400883230515,4.164336348192599,4.198080206713243,181228
2003-01-29,4.2278523445129395,4.23976191242779,4.0869241543554695,4.23976191242779,159363
2003-01-30,4.106773376464844,4.227852588863789,4.063105696007579,4.227852588863789,320948
2003-01-31,4.063106060028076,4.1107434534034395,4.009513217838647,4.106773744397602,237817
2003-02-03,4.106773376464844,4.14845664524963,4.049211273079317,4.063105696007579,191400
2003-02-04,4.166322708129883,4.166322708129883,4.013484427723321,4.088911140304015,176668
2003-02-05,4.200065612792969,4.329084286331318,4.198080757793446,4.223884315440009,220396
2003-02-06,4.124100685119629,4.228053156079276,4.106109005606308,4.206062978819468,164157
2003-02-07,4.10011100769043,4.1680796585589786,4.098111982172297,4.158084085155307,125456
2003-02-10,4.148087978363037,4.206061042142738,4.114103660951133,4.128097282087723,178188
2003-02-11,4.046133518218994,4.208058498934635,4.004152670454598,4.148086432459013,144865
2003-02-12,4.048135280609131,4.098112259382083,4.028144578262557,4.048135280609131,105229
2003-02-13,4.028144836425781,4.078121818401751,4.000157583859058,4.050134565835028,105346
2003-02-14,3.9621737003326416,4.0381384344827165,3.918193812373775,4.0381384344827165,150010
2003-02-18,4.092113971710205,4.1280973144504465,3.9881615478004036,3.9881615478004036,205664
2003-02-19,3.974168300628662,4.114103618939806,3.936185487699238,4.114103618939806,102891
2003-02-20,3.910198211669922,4.008152679403231,3.8882080419755676,4.008152679403231,125924
2003-02-21,3.992159843444824,4.034140259264587,3.8682167293213903,3.9381843862295836,180292
2003-02-24,3.9501781463623047,4.0181467639337365,3.936184528777695,4.0181467639337365,159831
2003-02-25,4.024144649505615,4.042136319798085,3.8822103121080342,3.9481799184513826,150711
2003-02-26,4.068124294281006,4.156084061394768,4.036139005478338,4.046134575408991,213615
2003-02-27,4.112104415893555,4.152086256452544,4.046135248306427,4.09811123980148,99734
2003-02-28,4.126097202301025,4.230049153010088,4.100108991717366,4.162080535560871,135161
2003-03-03,4.146086692810059,4.218053338489089,4.09810878041982,4.138090151172023,220747
2003-03-04,4.110105037689209,4.164080043849411,4.068124180133826,4.164080043849411,213264
2003-03-05,4.076121807098389,4.138093381370752,4.036140405136674,4.098111979409037,181111
2003-03-06,3.8722143173217773,4.0881147829889715,3.8722143173217773,4.076120188837231,285287
2003-03-07,3.8682162761688232,3.9041996128883647,3.808244196907197,3.8482255830816143,160883
2003-03-10,3.7482717037200928,3.8322329720509094,3.7482717037200928,3.802246709258582,184501
2003-03-11,3.7842555046081543,3.874214304012009,3.742274642390444,3.7842555046081543,326911
2003-03-12,3.806244373321533,3.8242360400125,3.758266446874692,3.7842546575465263,110373
2003-03-13,3.9061999320983887,3.910198428691163,3.8082454589284747,3.83823128558993,96460
2003-03-14,3.9161949157714844,3.95017923391366,3.8822105976293093,3.9381846375655654,115869
2003-03-17,4.130096435546875,4.130096435546875,3.8982032815922514,3.916194953380721,181695
2003-03-18,4.096109390258789,4.158080464803035,3.988158985578683,4.150084369692533,220864
2003-03-19,4.098110675811768,4.118101370433642,4.058128840755154,4.118101370433642,96694
2003-03-20,4.074122905731201,4.098111655851651,3.9921606369491305,4.098111655851651,136447
2003-03-21,4.180073261260986,4.184071311344414,4.056130587984445,4.114103651632838,177720
2003-03-24,4.020145416259766,4.092112522058437,4.002153751263284,4.060126794960225,106632
2003-03-25,4.092113971710205,4.118101743327977,4.008152244232437,4.008152244232437,196310
2003-03-26,4.000154972076416,4.0681235875205966,3.978165257024703,4.0681235875205966,103475
2003-03-27,4.004152774810791,4.038137080443162,3.9521768041855605,3.988160134171278,148490
2003-03-28,3.9481804370880127,4.030142699548292,3.9401838904559936,3.988161832809299,79389
2003-03-31,3.884209394454956,3.958175101660151,3.848226053338218,3.9281892812714596,124287
2003-04-01,3.9981563091278076,3.9981563091278076,3.8782117090165364,3.884208782987615,113764
2003-04-02,4.16408109664917,4.1980654179140515,3.998157540870525,3.998157540870525,251848
2003-04-03,4.158084392547607,4.198066243305002,4.076122111179942,4.198066243305002,253368
2003-04-04,4.180073261260986,4.208060057657876,4.134094347862875,4.1980649324493085,134576
2003-04-07,4.276029109954834,4.389976669151728,4.240045764063803,4.240045764063803,259799
2003-04-08,4.320009708404541,4.363989608241708,4.2120592072816825,4.278029279943941,237700
2003-04-09,4.232049465179443,4.359990195051108,4.204062221545209,4.320008800556136,186723
2003-04-10,4.310013294219971,4.316010369120736,4.248041736993865,4.248041736993865,135745
2003-04-11,4.35999059677124,4.37998174167359,4.298019474175439,4.318010173264826,257226
2003-04-14,4.328004360198975,4.405968106270469,4.312011271071752,4.359989201014959,339188
2003-04-15,4.4079694747924805,4.4079694747924805,4.268034105743726,4.330005241452514,136915
2003-04-16,4.349996089935303,4.453948096661917,4.338001490447454,4.3979740420736695,208938
2003-04-17,4.387977123260498,4.453946731504097,4.38597809826074,4.397972694072182,142761
2003-04-21,4.4839348793029785,4.487932930979826,4.377983834988039,4.397974539185357,249977
2003-04-22,4.739816665649414,4.739816665649414,4.451949378736877,4.4679420305549655,330536
2003-04-23,4.725821018218994,4.799786715629743,4.715825448871109,4.73981419116808,198415
2003-04-24,4.817779541015625,4.833772188325912,4.7038319846564445,4.715826581592393,199935
2003-04-25,4.755806922912598,4.80578387895403,4.739814279146826,4.787792210444141,186021
2003-04-28,4.797788143157959,4.797788143157959,4.735816588147899,4.755807282915151,107217
2003-04-29,4.735820293426514,4.817782607330669,4.719827635937576,4.7977918969228,235596
2003-04-30,4.767800807952881,4.791789992939429,4.669845935185472,4.737814549626079,215252
2003-05-01,4.687839508056641,4.751810099627317,4.621869891225999,4.751810099627317,191283
2003-05-02,4.797788143157959,4.797788143157959,4.711827397776904,4.737815613043338,154920
2003-05-05,4.669846057891846,4.801785241346434,4.64385829358845,4.7977871923478785,146736
2003-05-06,4.761804103851318,4.815779105537217,4.679841866115189,4.679841866115189,120429
2003-05-07,4.838250160217285,4.8986027358812105,4.727604369684063,4.727604369684063,114933
2003-05-08,4.729616641998291,4.830203981339738,4.725593256097762,4.818133375000115,95641
2003-05-09,4.8684282302856445,4.892569448844035,4.741687954449457,4.745711789967952,82429
2003-05-12,4.950910568237305,4.950910568237305,4.82417027541045,4.868428882941997,153985
2003-05-13,4.918720245361328,4.958955446444463,4.844285818746417,4.946884841255724,119026
2003-05-14,4.910674095153809,4.958956073374769,4.908662402141025,4.9247559462432955,123469
2003-05-15,4.999191761016846,5.003215147790973,4.904639928634188,4.910675008795379,144281
2003-05-16,5.0293660163879395,5.03137770895794,4.999189730562022,5.005225256909975,217590
2003-05-19,4.914698123931885,5.057532384262087,4.914698123931885,5.031379474399476,233024
2003-05-20,4.828190803527832,4.936824881261018,4.75777977737063,4.916707509307231,160416
2003-05-21,4.7577805519104,4.82819158953012,4.693404592267924,4.82819158953012,204495
2003-05-22,4.796004295349121,4.838250744505348,4.681334656922451,4.757781232086243,197363
2003-05-23,4.832216262817383,4.83623964920793,4.777899200630722,4.808075495836008,75648
2003-05-27,4.948897838592529,4.948897838592529,4.7960051109037645,4.820145879006997,155154
2003-05-28,4.928781032562256,4.975051329520693,4.9066515065257805,4.9589573326933305,83365
2003-05-29,4.906651973724365,4.964992886017935,4.878487813073385,4.928781501867957,134225
2003-05-30,5.0032148361206055,5.0032148361206055,4.8986040946811205,4.918721475936698,83949
2003-06-02,5.07765007019043,5.119896528793778,5.009250251517818,5.029368082759364,115401
2003-06-03,5.035403251647949,5.059544470107799,5.007238646324172,5.059544470107799,90380
2003-06-04,5.115871429443359,5.127942034419979,5.00924857465286,5.03741317005231,181228
2003-06-05,5.135989665985107,5.178236566163883,5.0796609143847995,5.117883979805078,169302
2003-06-06,5.07765007019043,5.190307592224782,5.019309167138591,5.133978831207606,183098
2003-06-09,4.979074478149414,5.059544458432993,4.942862650543198,5.059544458432993,100318
2003-06-10,5.039423942565918,5.071611917533987,4.981083518334981,4.983095210690748,74713
2003-06-11,5.089720726013184,5.089720726013184,5.0052278005817765,5.029368572328153,71088
2003-06-12,5.0957560539245605,5.109837908514164,5.041438983164465,5.079662057183996,64423
2003-06-13,5.017295837402344,5.115871473511568,4.958955402015777,5.115871473511568,82546
2003-06-16,5.13196325302124,5.13196325302124,5.0032113840008945,5.029364275634825,91783
2003-06-17,5.089720726013184,5.162143489890492,5.059544873489758,5.119897027174789,108035
2003-06-18,5.13196325302124,5.13196325302124,4.999188000253457,5.089716377759766,225775
2003-06-19,5.0494818687438965,5.228527388524714,5.033387884396881,5.119892882022907,151179
2003-06-20,5.2506585121154785,5.2607174245243975,5.113859815726933,5.119894893989489,278623
2003-06-23,5.1138596534729,5.252670038211415,5.029366317287981,5.250658345521057,143579
2003-06-24,5.123918533325195,5.188294044925558,5.075636563146443,5.113859621298715,93303
2003-06-25,5.1118483543396,5.156106494210827,5.081672064385028,5.123918960049031,92251
2003-06-26,5.152082920074463,5.184270901696943,5.045460511348747,5.119894938451983,108503
2003-06-27,5.081672191619873,5.154094930413755,5.055519286700958,5.154094930413755,106632
2003-06-30,5.180247783660889,5.180247783660889,4.997178796968628,5.0836838338069015,522520
2003-07-01,5.210424423217773,5.210424423217773,5.099778606293655,5.162142440898161,349711
2003-07-02,5.419647693634033,5.4256832233228955,5.192320026457591,5.220484635303753,303995
2003-07-03,5.347222805023193,5.411598323271276,5.345210663499734,5.40757538613842,101721
2003-07-07,5.449823379516602,5.518222751570865,5.381424007462337,5.391482474741995,126976
2003-07-08,5.40757417678833,5.473961373075015,5.391479740028143,5.4498206152105775,105229
2003-07-09,5.465915679931641,5.465915679931641,5.329116978266668,5.4115981789216,159714
2003-07-10,5.30698823928833,5.451833721309307,5.240600128511334,5.451833721309307,104294
2003-07-11,5.40757417678833,5.417632638966046,5.298939644803556,5.306986863183649,72725
2003-07-14,5.357282638549805,5.457870000355797,5.333141869117146,5.457870000355797,100669
2003-07-15,5.391483306884766,5.401542224355104,5.304978231737436,5.377401450519796,84183
2003-07-16,5.355267524719238,5.4156200827106655,5.302962183824331,5.41159624984348,62202
2003-07-17,5.262728691101074,5.355269250016504,5.242611763473364,5.355269250016504,93888
2003-07-18,5.178237438201904,5.280836493379559,4.981086101442582,5.264742497549449,494225
2003-07-21,5.099778175354004,5.216459510607113,5.075637410553176,5.1782364460732815,161234
2003-07-22,5.30698823928833,5.30899948360747,5.059543275985113,5.103801418319061,157259
2003-07-23,5.176225662231445,5.321071173753722,5.095755684364554,5.321071173753722,170705
2003-07-24,5.2043914794921875,5.351249179903367,5.154097783349039,5.216462092185259,161000
2003-07-25,5.2245073318481445,5.240600877806591,5.1299550575136665,5.230542411582562,106749
2003-07-28,5.282846450805664,5.3029638268230865,5.218470488639523,5.250658469722593,176200
2003-07-29,5.294917106628418,5.321069561110368,5.220482231421038,5.282846501447061,110958
2003-07-30,5.365330696105957,5.367342389818698,5.218473017332016,5.3210720885110385,115167
2003-07-31,5.381422996520996,5.447810662647899,5.294917950975833,5.351246703074573,129782
2003-08-01,5.345211982727051,5.371364893968468,5.266754146279061,5.361306427058794,137499
2003-08-04,5.397517204284668,5.421657970818339,5.302964934031783,5.371364295954948,120195
2003-08-05,5.258706569671631,5.421657746466573,5.254682734884126,5.421657746466573,181812
2003-08-06,5.287032604217529,5.307266539087261,5.163607947894158,5.2404952759808365,239922
2003-08-07,5.278939247131348,5.303219336593927,5.220261649820231,5.28905621429001,110257
2003-08-08,5.3760600090026855,5.392247336805325,5.278939200777875,5.278939200777875,103241
2003-08-11,5.3355937004089355,5.414504789837337,5.274892792967497,5.3780844258634115,131068
2003-08-12,5.4448561668396,5.446879470600425,5.250613591071256,5.31536111632737,260500
2003-08-13,5.517697334289551,5.523767246041928,5.4225993428042285,5.45294980402103,226476
2003-08-14,5.691707134246826,5.699800802780543,5.481278069555864,5.517698449888719,147204
2003-08-15,5.655283451080322,5.766568282639722,5.628980058969596,5.705867383384179,66645
2003-08-18,5.786802768707275,5.794895982690103,5.6654014003733195,5.6654014003733195,152114
2003-08-19,5.831316947937012,5.837386858578856,5.742289335719751,5.786802916214694,108503
2003-08-20,5.807039260864258,5.85762322812345,5.746338319662188,5.827272757522415,155037
2003-08-21,5.859645843505859,5.883926397622058,5.776688110859344,5.796922056365357,107918
2003-08-22,5.829294681549072,5.8839256961840425,5.766570901886034,5.859645144962391,141591
2003-08-25,5.752405643463135,5.817153159522018,5.715985278486853,5.817153159522018,69802
2003-08-26,5.825247287750244,5.839410865514669,5.675518746169429,5.736219664809126,95641
2003-08-27,5.863688945770264,5.88796948536728,5.815128769030777,5.8272685876020125,68983
2003-08-28,5.916299343109131,5.928439167245102,5.768594088407486,5.8636916336099985,74128
2003-08-29,5.966880798339844,5.98711428131986,5.871782841738287,5.908203201347774,102189
2003-09-02,6.118632793426514,6.122679399906616,5.918320357933786,5.938553841561602,173745
2003-09-03,5.968907833099365,6.15303350065928,5.940580668481663,6.118636422721031,185671
2003-09-04,5.940578937530518,5.950695908011146,5.798943606938932,5.849528008114632,374030
2003-09-05,5.9183220863342285,5.999256495709073,5.898088596797377,5.936532272040139,284586
2003-09-08,6.017466068267822,6.0660262577172706,5.912251121187638,5.918321483289363,111660
2003-09-09,6.001277446746826,6.080188527286952,5.999254594784284,6.059955044161285,218525
2003-09-10,5.835361003875732,6.039719987536157,5.831314398550301,6.001275883263024,380461
2003-09-11,6.072093963623047,6.0862575340281255,5.807034085087526,5.807034085087526,303410
2003-09-12,6.16314697265625,6.227894487608182,5.985091757765788,6.074119365211019,347489
2003-09-15,6.298711776733398,6.310852048331318,6.169217200855839,6.171240504250936,547658
2003-09-16,6.343226909637451,6.434277834407961,6.292642962269964,6.298712873512192,282715
2003-09-17,6.353342533111572,6.403926924578525,6.30275904409933,6.312875561410836,162520
2003-09-18,6.426183700561523,6.448440489828026,6.325015820292178,6.343226002642472,136330
2003-09-19,6.454509735107422,6.501047063530519,6.365482135987768,6.424159735135871,235830
2003-09-22,6.343226909637451,6.434277834407961,6.327040028430758,6.434277834407961,160182
2003-09-23,6.339178562164307,6.397855708415722,6.280500964685596,6.292641235065208,147671
2003-09-24,6.2198004722595215,6.3189450353487295,6.211706808319947,6.3189450353487295,158545
2003-09-25,6.07412052154541,6.270386407203302,6.07412052154541,6.191475301929857,135745
2003-09-26,6.043769836425781,6.130774153751836,5.9931858890290135,6.070073687612165,157493
2003-09-29,6.130771636962891,6.191472529411202,6.045791109498828,6.045791109498828,174446
2003-09-30,6.013417720794678,6.17123988197155,6.013417720794678,6.126725858085995,301189
2003-10-01,6.049838066101074,6.090305483506902,6.033651640611496,6.033651640611496,236181
2003-10-02,6.068049907684326,6.090306698399568,6.021512571436652,6.057932938507915,181461
2003-10-03,6.0619797706604,6.090306924423723,6.031629313232183,6.090306924423723,373563
2003-10-06,6.088284969329834,6.090308273442895,6.035677708707732,6.061981113405033,217590
2003-10-07,6.209683895111084,6.211707198416218,6.053885479569859,6.070072357238254,294290
2003-10-08,6.314899444580078,6.347273205403516,6.244082011989081,6.270385861868399,228464
2003-10-09,6.329061508178711,6.448439553463716,6.310851328472679,6.365481867590775,180058
2003-10-10,6.268362045288086,6.385717265538368,6.211708190018461,6.331086262669474,123001
2003-10-13,6.33311128616333,6.458559754993803,6.282527328041127,6.282527328041127,151296
2003-10-14,6.474746227264404,6.499026327076551,6.318947754465451,6.343227854277599,215018
2003-10-15,6.460578918457031,6.559723466980126,6.452485255706561,6.515209449920606,107334
2003-10-16,6.486884117126465,6.555677783165468,6.414042942023583,6.414042942023583,147087
2003-10-17,6.4079742431640625,6.565795991797228,6.389764058753597,6.535445534037318,131419
2003-10-20,6.351321220397949,6.4686764678139195,6.339181395819053,6.428209032201775,139487
2003-10-21,6.33311128616333,6.363461751282155,6.29466760433416,6.33311128616333,338720
2003-10-22,6.272407531738281,6.351318158367535,6.268360474268944,6.331084675929964,235596
2003-10-23,6.201590538024902,6.272407956971049,6.1975434802811975,6.272407956971049,210575
2003-10-24,6.130771636962891,6.181355563594072,6.096374584902776,6.181355563594072,144982
2003-10-27,6.116610527038574,6.209684747994852,6.080189708861893,6.132796955702812,228347
2003-10-28,6.1226806640625,6.124703967720305,6.102446725029656,6.118634056746891,263657
2003-10-29,6.250149726867676,6.280500173379077,6.132794997923563,6.140888660899314,157843
2003-10-30,6.405950546264648,6.45653494380755,6.262292373366905,6.262292373366905,256642
2003-10-31,6.325015068054199,6.46462659987815,6.325015068054199,6.434276149161473,127678
2003-11-03,6.470695972442627,6.472719726719422,6.349294630879912,6.365481506503425,146502
2003-11-04,6.464627742767334,6.5455621419111925,6.393810312726726,6.472721408295411,155388
2003-11-05,6.3528151512146,6.4666572723083435,6.330452933600526,6.4666572723083435,111426
2003-11-06,6.509350299835205,6.509350299835205,6.336553768165796,6.35281699781443,103943
2003-11-07,6.482924938201904,6.556109727159179,6.448365618239487,6.52968179854985,174212
2003-11-10,6.279633522033691,6.515450173490442,6.271502132224195,6.4808908600884605,189763
2003-11-11,6.263369560241699,6.312159253488852,6.214579866994546,6.279632791324084,126392
2003-11-12,6.3019938468933105,6.369079605978337,6.285730618831617,6.291829159346375,241793
2003-11-13,6.281664848327637,6.344684917513634,6.222710926417546,6.301994224640068,149425
2003-11-14,6.214580535888672,6.369081474478606,6.214580535888672,6.301995695712595,129782
2003-11-17,6.236942291259766,6.241007985820611,6.098705049344872,6.2145800644635765,175265
2003-11-18,6.328425407409668,6.391445513629762,6.192220954195894,6.241010669977002,328431
2003-11-19,6.3548502922058105,6.428034604098672,6.26946844387889,6.301994905465883,191984
2003-11-20,6.3019938468933105,6.367046759140084,6.289796312508122,6.342651690369708,128145
2003-11-21,6.395509719848633,6.434135185856804,6.297930311021453,6.297930311021453,171523
2003-11-24,6.505285739898682,6.552042589959595,6.446331352135836,6.446331352135836,155271
2003-11-25,6.617093563079834,6.61912686336467,6.505284261842826,6.525613184489947,112478
2003-11-26,6.615060806274414,6.627258341371143,6.529678967308711,6.627258341371143,79740
2003-11-28,6.556107521057129,6.627258984878073,6.556107521057129,6.58456783457206,45599
2003-12-01,6.716707706451416,6.751267020856244,6.57643760132074,6.57643760132074,185671
2003-12-02,6.73093843460083,6.757366360303851,6.692313423209503,6.728905586986112,144164
2003-12-03,6.674015045166016,6.8549429541871705,6.669948897979668,6.708574349437984,185904
2003-12-04,6.745166778564453,6.75533146691563,6.633357020124347,6.647587402473711,211276
2003-12-05,6.649621963500977,6.745168517221016,6.635391577483542,6.745168517221016,120896
2003-12-08,6.848846435546875,6.852912130577919,6.556108686262683,6.6577537821737325,268217
2003-12-09,6.789889335632324,6.895600537761199,6.70857365402562,6.83664616990513,211393
2003-12-10,6.665884017944336,6.771594790581124,6.647587940117036,6.771594790581124,140305
2003-12-11,6.897634983062744,6.897634983062744,6.667916905224069,6.680114441634235,164508
2003-12-12,6.844776153564453,6.899664359768296,6.820381093014621,6.899664359768296,213732
2003-12-15,6.8142876625061035,6.899669531721238,6.800057275410938,6.85087982740461,291016
2003-12-16,6.848846435546875,6.893570440955833,6.8102214260403064,6.824451358648961,237934
2003-12-17,6.88137149810791,6.88137149810791,6.753298503921468,6.828516113423964,83599
2003-12-18,7.025710582733154,7.107026313286772,6.840716434347433,6.840716434347433,224956
2003-12-19,7.104990482330322,7.125319406433634,7.005378255532798,7.025707632991835,208119
2003-12-22,7.16597843170166,7.16597843170166,7.064333347564048,7.084662273720416,128379
2003-12-23,7.149715900421143,7.186308061757967,7.092794357580912,7.1822423667996125,101254
2003-12-24,7.013506889343262,7.155809746335556,7.013506889343262,7.125316147449916,91783
2003-12-26,7.052137851715088,7.088730020059027,7.044006460241281,7.044006460241281,37882
2003-12-29,7.285916328430176,7.289982021167639,7.06433018061599,7.06433018061599,258162
2003-12-30,7.308280944824219,7.353004942462236,7.2493265636943,7.265590247704256,177837
2003-12-31,7.0683979988098145,7.316411677350415,7.0683979988098145,7.298115601174656,203326
2004-01-02,7.212736129760742,7.298117997737294,7.104992484305238,7.115157175898863,244599
2004-01-05,7.379432201385498,7.448550816383035,7.26355719625838,7.26355719625838,373446
2004-01-06,7.31031608581543,7.436356276273355,7.31031608581543,7.381467572245091,207769
2004-01-07,7.38146448135376,7.38146448135376,7.300148789973103,7.328609100614054,167431
2004-01-08,7.379432201385498,7.4200905035554054,7.338774352571323,7.395695431582314,115401
2004-01-09,7.2086710929870605,7.3875666892285805,7.2086710929870605,7.298118664429873,139954
2004-01-12,7.389596462249756,7.389596462249756,7.212733787434076,7.237128857994167,205080
2004-01-13,7.373338222503662,7.43229263845501,7.322515653360368,7.3692725257776415,172459
2004-01-14,7.481078147888184,7.501407074662412,7.424157062249188,7.424157062249188,151062
2004-01-15,7.446515083312988,7.501403293946417,7.407890096573415,7.501403293946417,126275
2004-01-16,7.320478439331055,7.487176439245415,7.3062480559204515,7.487176439245415,146619
2004-01-20,7.4953107833862305,7.50140932724308,7.30828378486102,7.35910634373587,241442
2004-01-21,7.507505893707275,7.5989862887205,7.426189735164534,7.474979430290179,176434
2004-01-22,7.596953868865967,7.653875409726441,7.409926920372554,7.519703400564953,290315
2004-01-23,7.460747241973877,7.619313826132037,7.460747241973877,7.5217344594740405,262371
2004-01-26,7.8470025062561035,7.895792670285925,7.572561233757758,7.572561233757758,351465
2004-01-27,7.836835861206055,7.905954483440696,7.755520155063499,7.847000097795984,263423
2004-01-28,7.678269386291504,8.025896258260298,7.678269386291504,7.826671776950708,390166
2004-01-29,7.574591159820557,7.775848015351694,7.556295082044999,7.704696551407219,238168
2004-01-30,7.582723140716553,7.615250057848484,7.5115716712146385,7.562394214195403,185203
2004-02-02,7.544099807739258,7.755521869162722,7.544099807739258,7.609153203071589,370990
2004-02-03,7.582723140716553,7.643710826991561,7.5339338984081055,7.5847559880330895,375200
2004-02-04,7.318446159362793,7.552229946791371,7.31234761743807,7.552229946791371,317558
2004-02-05,7.526671409606934,7.616493237882399,7.265371338599771,7.287826681855444,442897
2004-02-06,7.765516757965088,7.810427448065617,7.526672011125539,7.532796071979389,430153
2004-02-09,7.930867671966553,8.02477263105378,7.76551354480357,7.798176099681507,460201
2004-02-10,8.012523651123047,8.04314485340813,7.95332350984346,7.992110123269829,331237
2004-02-11,8.165629386901855,8.247285316568783,7.992109853480714,8.00844067521201,419162
2004-02-12,8.161547660827637,8.237079541408903,8.11867742762825,8.16563036675037,294056
2004-02-13,8.079891204833984,8.19421061826614,8.026815114745094,8.181961589395335,218642
2004-02-17,8.349359512329102,8.3656912520542,8.120722440222869,8.120722440222869,507905
2004-02-18,8.179920196533203,8.359564728050954,8.179920196533203,8.34935705229072,348775
2004-02-19,8.15134048461914,8.326901382962786,8.124801986955438,8.206457922299597,306567
2004-02-20,8.167675018310547,8.216668419675187,8.13705380101801,8.151344188024234,270789
2004-02-23,8.23299503326416,8.27994705160304,8.155421816702486,8.18808436743979,228113
2004-02-24,8.396308898925781,8.461634009051801,8.200333568547723,8.237078829180453,411796
2004-02-25,8.624944686889648,8.688228435521648,8.367727897858932,8.36976925036286,627866
2004-02-26,8.565747261047363,8.716811036103465,8.50042213926488,8.573912673643818,343280
2004-02-27,8.655566215515137,8.737223050306135,8.573910291229305,8.573910291229305,311127
2004-03-01,8.890328407287598,8.91482554952303,8.71680888000578,8.757636843394703,312764
2004-03-02,8.7800931930542,8.91482611818568,8.74947199093293,8.880122210515609,277804
2004-03-03,8.816839218139648,8.91074418542177,8.70252072134315,8.739265984974358,282014
2004-03-04,8.808672904968262,8.89645289390847,8.74947185442378,8.765802676364196,317674
2004-03-05,8.704561233520508,8.741306493602488,8.471840645997801,8.471840645997801,763027
2004-03-08,8.622905731201172,8.696396262780171,8.612698965844473,8.696396262780171,361403
2004-03-09,8.543289184570312,8.612696994116916,8.512667985005026,8.604531583700888,280026
2004-03-10,8.179920196533203,8.522876614150181,8.179920196533203,8.522876614150181,334628
2004-03-11,8.202374458312988,8.377935340426877,8.167670552424136,8.179918668441895,317674
2004-03-12,8.447345733642578,8.498381386989715,8.308530067666265,8.359565721013402,251731
2004-03-15,8.198290824890137,8.43305272885749,8.157462865614315,8.431011376418954,314401
2004-03-16,8.169710159301758,8.281987263654235,8.116633180223126,8.226869842847206,397532
2004-03-17,8.324859619140625,8.386101112372861,8.177877668069623,8.196250753392965,255005
2004-03-18,8.267699241638184,8.306485851350454,8.081930692931053,8.304444498760606,472244
2004-03-19,8.153382301330566,8.3330268461776,8.114595679978837,8.267701722688757,415654
2004-03-22,8.073763847351074,8.153378405212898,7.96148674335273,8.153378405212898,517493
2004-03-23,8.045184135437012,8.149295832206796,7.99414941843458,8.073763977580583,335213
2004-03-24,7.887996673583984,8.05130850269346,7.861458182676924,8.022729569952844,286573
2004-03-25,7.957406520843506,8.000275841485973,7.8655429104622545,7.890040055331647,423839
2004-03-26,8.145216941833496,8.206459359318313,7.885958709889097,7.936993450789479,368301
2004-03-29,8.206454277038574,8.32893903615306,8.161543623598876,8.247282226575107,279207
2004-03-30,8.302404403686523,8.339149666374531,8.181960940621995,8.216664850410965,237233
2004-03-31,8.318735122680664,8.39018429426269,8.26361768459169,8.353439032034942,186489
2004-04-01,8.290157318115234,8.441221093467291,8.218707226240012,8.308529496493252,324807
2004-04-02,8.304444313049316,8.420804139583986,8.261574999116032,8.369769415473915,308321
2004-04-05,8.261574745178223,8.349354722890874,8.224829490006977,8.308526762756726,212679
2004-04-06,8.237080574035645,8.247287340122034,8.122762062351725,8.226873807949254,261669
2004-04-07,8.108470916748047,8.206458593478295,8.096222798596276,8.206458593478295,254186
2004-04-08,8.128884315490723,8.18808536664621,8.073765969862476,8.135008373781584,203910
2004-04-12,8.130927085876465,8.220748444146558,8.065601965040722,8.108471291056238,234076
2004-04-13,7.89820671081543,8.165631262120643,7.885958591704206,8.139092760207554,370523
2004-04-14,7.887996673583984,7.979859349831801,7.800215791508341,7.828795634754017,243663
2004-04-15,7.928826332092285,7.963530239799974,7.8553358111236795,7.928826332092285,230919
2004-04-16,8.006401062011719,8.051311742035555,7.906372025658981,7.9206624082839,195960
2004-04-19,8.063557624816895,8.137048130906566,8.022729667045418,8.047225895405262,473881
2004-04-20,7.914536476135254,8.18604369744215,7.914536476135254,8.114594524519843,312179
2004-04-21,7.910454750061035,7.971697166009711,7.841046921453983,7.93495189854159,321416
2004-04-22,8.420804023742676,8.459590632053995,7.941073435383763,7.941073435383763,417993
2004-04-23,8.259532928466797,8.451424603463494,8.120717325509798,8.451424603463494,281546
2004-04-26,8.171754837036133,8.33710898775822,8.118677836357781,8.247286721420004,238987
2004-04-27,8.267699241638184,8.335065698113487,8.184001053938932,8.184001053938932,229867
2004-04-28,8.053352355957031,8.237078655240992,8.022731154325498,8.237078655240992,334979
2004-04-29,7.777763366699219,8.061518715223752,7.7124382502682645,8.032938862972042,321065
2004-04-30,7.732851505279541,7.887998878915817,7.6879408307687855,7.798176619388993,296044
2004-05-03,7.808381080627441,7.84512724316681,7.649151958647044,7.773677180900298,265762
2004-05-04,7.808381080627441,7.867582118545816,7.708352086060375,7.757346362442839,380461
2004-05-05,7.689513206481934,7.796084176866063,7.636227721289869,7.77763967584613,260266
2004-05-06,7.566547870635986,7.613685196319478,7.404641543258526,7.582943442306553,267866
2004-05-07,7.211994171142578,7.595240500953753,7.205845545898013,7.568597524665443,287041
2004-05-10,7.12592077255249,7.242739220798453,7.0808328141107655,7.211997451726601,424190
2004-05-11,7.357505798339844,7.357505798339844,7.214044858183383,7.216094247951904,325625
2004-05-12,7.291926383972168,7.3575082495489275,7.09722880655773,7.3575082495489275,332407
2004-05-13,7.357505798339844,7.394396185308216,7.285775328261614,7.293973344380695,238285
2004-05-14,7.425133228302002,7.4886656418952695,7.2755237568506805,7.398490264149075,358831
2004-05-17,7.267331123352051,7.38824833165588,7.214045612662656,7.38824833165588,217473
2004-05-18,7.363655090332031,7.418989990219123,7.296023393677239,7.308319733399901,274414
2004-05-19,7.285778522491455,7.531712258211184,7.259135986775066,7.388250798113376,285170
2004-05-20,7.390296459197998,7.439482721432564,7.3042193576751595,7.337010503861497,514686
2004-05-21,7.402593612670898,7.511214467784854,7.3677530731359475,7.431285983009677,207067
2004-05-24,7.537858486175537,7.615737139617744,7.435386236981522,7.500968549592905,195492
2004-05-25,7.716158866882324,7.7428018472865405,7.43948348539271,7.517362579843894,282715
2004-05-26,7.720256805419922,7.746899782922168,7.646476498437896,7.746899782922168,218292
2004-05-27,7.751002311706543,7.759199873645417,7.648530045199678,7.718211149860734,194907
2004-05-28,7.736654758453369,7.816583720270638,7.707963295026367,7.730506587719011,154336
2004-06-01,7.8124823570251465,7.8124823570251465,7.683368056910501,7.7366531059840025,205547
2004-06-02,7.808384418487549,7.876016109668064,7.771493574125447,7.80838441848755,243430
2004-06-03,7.716158866882324,7.869866751978241,7.693614665911068,7.777642386556679,365378
2004-06-04,7.837079048156738,7.90061198548113,7.732557384391235,7.746904032804367,175732
2004-06-07,8.171136856079102,8.210076182354387,7.849374381211638,7.849374381211638,339889
2004-06-08,8.142444610595703,8.162939426163684,8.058417786356326,8.140395220447921,172692
2004-06-09,8.015377044677734,8.14654071329553,8.015377044677734,8.132194986976195,206483
2004-06-10,8.060464859008789,8.150639827764959,8.01332707098225,8.029723101540581,218993
2004-06-14,8.00512981414795,8.11170081747494,7.935448738353767,8.060465162492127,288210
2004-06-15,8.169090270996094,8.298205548936634,8.05637103369569,8.05637103369569,268217
2004-06-16,8.095303535461426,8.197775732112836,8.048165758266167,8.197775732112836,197597
2004-06-17,8.146544456481934,8.156792322651455,8.0440721934187,8.095308781995458,236765
2004-06-18,8.220319747924805,8.279752944267557,8.095303359930329,8.148588389143452,246002
2004-06-21,8.269509315490723,8.328943449758864,8.171135859695534,8.238767553424099,237700
2004-06-22,8.380180358886719,8.380180358886719,8.242867561108756,8.290005363208465,200052
2004-06-23,8.3309965133667,8.382232196677922,8.249018140342125,8.371985242833764,437986
2004-06-24,8.382229804992676,8.402724620923683,8.32689535593226,8.330994136300426,195609
2004-06-25,8.361732482910156,8.50519339347613,8.263359052041825,8.382226376368262,434011
2004-06-28,8.415019035339355,8.560529361454149,8.371980937237367,8.382227885811657,318493
2004-06-29,8.572830200195312,8.62611526916289,8.365836267860894,8.486753053891812,462072
2004-06-30,8.53388786315918,8.572827184423172,8.437563797879813,8.572827184423172,412848
2004-07-01,8.568729400634766,8.615866286782362,8.505196479681395,8.554382755918445,281312
2004-07-02,8.585124015808105,8.61176699949226,8.519541708627148,8.568728896057909,152465
2004-07-06,8.476503372192383,8.595370729384163,8.445761609415703,8.595370729384163,216772
2004-07-07,8.570775032043457,8.583071367187674,8.453956191814445,8.453956191814445,276284
2004-07-08,8.484697341918945,8.599466784816304,8.458054370239939,8.576922591227964,323754
2004-07-09,8.50519847869873,8.556434157067402,8.425270418243848,8.525692384410059,213966
2004-07-12,8.531841278076172,8.597423603056207,8.494951334536193,8.558483354900916,254537
2004-07-13,8.562576293945312,8.597416819470228,8.52158668760691,8.562576293945312,154453
2004-07-14,8.507244110107422,8.652754432721474,8.48469990969639,8.552331596839535,194557
2004-07-15,8.382229804992676,8.556432541090611,8.347389257773088,8.507246262582445,439272
2004-07-16,8.44371223449707,8.505195760159609,8.361734809673724,8.38222870883453,405833
2004-07-19,8.46420669555664,8.505195406262795,8.369932021069472,8.443711883158553,312998
2004-07-20,8.710137367248535,8.710137367248535,8.474451205902247,8.515439904812522,415537
2004-07-21,8.169090270996094,8.697846813580048,8.169090270996094,8.658907473934109,394375
2004-07-22,8.23671817779541,8.330992854023332,8.109652349579083,8.171135873818598,278740
2004-07-23,8.167034149169922,8.294099931568214,8.167034149169922,8.236715207758074,303293
2004-07-26,8.173181533813477,8.310494248709674,8.140390396789476,8.208022059770876,191400
2004-07-27,8.320747375488281,8.320747375488281,8.152693701731339,8.152693701731339,192101
2004-07-28,8.324841499328613,8.355583253062086,8.13834250170798,8.300248827613666,244131
2004-07-29,8.195728302001953,8.3248425876542,8.146541123962127,8.3207438084992,275232
2004-07-30,8.21622371673584,8.259262733999922,8.171136223605458,8.197779207128443,181345
2004-08-02,8.173181533813477,8.21621961550447,8.042016985717474,8.21621961550447,361169
2004-08-03,8.162939071655273,8.220323821481326,8.115801272123115,8.173186021949167,250328
2004-08-04,8.253108978271484,8.351482382762415,8.1260441306324,8.1260441306324,249393
2004-08-05,7.96619176864624,8.232619776539375,7.951846038906183,8.232619776539375,273829
2004-08-06,7.707962989807129,7.914955966785045,7.6936163445715176,7.914955966785045,226359
2004-08-09,7.763295650482178,7.818631000337297,7.732553891017107,7.746900532948786,116804
2004-08-10,7.927252769470215,7.964142704400595,7.7510006550050425,7.78379180984206,296863
2004-08-11,7.929309368133545,7.982802778981881,7.809979254342988,7.927251999843121,212796
2004-08-12,7.86964225769043,7.912848818331163,7.85935541832286,7.87993001470647,209990
2004-08-13,7.772945404052734,7.9313664268260995,7.748256067882729,7.890218144975171,181929
2004-08-16,7.9930877685546875,8.040408145919669,7.814092180515132,7.814092180515132,189646
2004-08-17,8.01366138458252,8.104187392617156,7.984857321063013,8.003373629123054,181695
2004-08-18,8.207059860229492,8.20911722812677,7.972513496400417,8.00337493250807,173043
2004-08-19,8.118593215942383,8.188545577070704,8.050698223220852,8.135052163196713,112244
2004-08-20,8.205001831054688,8.215289587360424,8.067154522452855,8.067154522452855,203209
2004-08-23,8.118593215942383,8.167970975354082,8.075386644102348,8.167970975354082,140539
2004-08-24,8.295531272888184,8.316104956424658,8.137109321413908,8.149454449184477,228347
2004-08-25,8.281129837036133,8.330508519143228,8.132995626012455,8.29553233500437,206833
2004-08-26,9.011513710021973,9.06912093504874,8.287300860933119,8.287300860933119,978045
2004-08-27,9.085579872131348,9.258403364903609,8.890124414688836,8.890124414688836,445235
2004-08-30,8.931276321411133,9.085583565714652,8.906587896441659,9.085583565714652,335446
2004-08-31,8.82634449005127,8.970363919574654,8.77902410875455,8.970363919574654,571159
2004-09-01,8.857208251953125,8.949792588508183,8.774911675670026,8.774911675670026,375317
2004-09-02,8.953906059265137,9.001226446288392,8.826345558182494,8.857206999336315,345852
2004-09-03,8.846920013427734,8.962135385574687,8.818115940978842,8.94979117637457,201338
2004-09-07,8.960077285766602,9.03414437021682,8.898354409508574,8.898354409508574,546606
2004-09-08,8.974478721618652,9.062948298557858,8.91687149997428,8.96007714561969,349009
2004-09-09,9.005338668823242,9.042372204339811,8.953903559691266,8.995051830526522,210458
2004-09-10,8.888067245483398,9.009455625544254,8.853091072564789,9.009455625544254,271023
2004-09-13,8.871610641479492,8.947736036786619,8.861323797917251,8.929218800725737,245183
2004-09-14,8.809886932373047,8.867494162657549,8.733762469664075,8.867494162657549,342111
2004-09-15,8.857208251953125,8.91893114298983,8.776969044194665,8.79548536091642,279675
2004-09-16,8.990938186645508,8.995052922463696,8.894239141972616,8.898353877790804,157843
2004-09-17,8.902470588684082,9.042375308135275,8.892183746856404,9.042375308135275,218292
2004-09-20,8.94979190826416,9.009457426241248,8.859264947114395,8.88189691681401,130601
2004-09-21,8.9806489944458,9.042370933197862,8.966246505206664,8.9806489944458,140305
2004-09-22,8.96213436126709,9.050603936702348,8.918928716356154,8.96830646516172,186138
2004-09-23,9.258404731750488,9.287208804406381,8.949791240692138,8.949791240692138,670308
2004-09-24,9.34276008605957,9.369506794572185,9.239888906713853,9.260463509642502,452368
2004-09-27,9.311896324157715,9.316011977838688,9.266633310152374,9.291322643995532,422085
2004-09-28,9.371564865112305,9.394196838264275,9.309841969351536,9.309841969351536,426996
2004-09-29,9.392141342163086,9.443576487119511,9.340705279557646,9.371566733591107,197480
2004-09-30,9.630799293518066,9.711038496030826,9.369506166781012,9.39419550511136,372627
2004-10-01,9.780996322631836,9.78305369217172,9.571139123668441,9.667838244990605,346554
2004-10-04,9.725438117980957,9.879745304437801,9.667830896999117,9.780988888635124,527431
2004-10-05,9.885918617248535,9.91678005831374,9.680176288579583,9.772760611775201,582150
2004-10-06,9.80773639678955,9.906492820716243,9.725438918026343,9.906492820716243,467100
2004-10-07,9.480606079101562,9.832426140723825,9.453859374450971,9.776875363191724,405950
2004-10-08,9.507357597351074,9.550563269724165,9.439462576058032,9.480610879158553,338370
2004-10-11,9.501180648803711,9.597879708294915,9.433285662102294,9.558788794383286,320013
2004-10-12,9.455918312072754,9.4970665971759,9.371563455845044,9.464147785563645,282715
2004-10-13,9.344815254211426,9.505294549851104,9.165819646179791,9.505294549851104,449211
2004-10-14,9.381847381591797,9.396249873372888,9.258402564652148,9.350985947944782,363741
2004-10-15,9.363336563110352,9.484724083504329,9.320130897725983,9.381852883568389,280727
2004-10-18,9.278979301452637,9.412711918801259,9.262520354159864,9.361276790862634,407821
2004-10-19,9.052665710449219,9.278981802621074,8.995057544098692,9.237833505648823,603079
2004-10-20,9.365389823913574,9.3818487682121,9.04854688733006,9.056776359479324,487678
2004-10-21,9.453858375549316,9.519695987279569,9.264575930061243,9.283092242183077,282598
2004-10-22,9.365389823913574,9.583476341760301,9.355102983726995,9.466203610687675,326911
2004-10-25,9.34276008605957,9.453860739517241,9.313956009018968,9.340702717531581,307269
2004-10-26,9.51146411895752,9.538210814043614,9.40653562375666,9.445626523814044,554440
2004-10-27,9.591708183288574,9.752187518084114,9.466205949064662,9.51146897471519,458681
2004-10-28,9.72132396697998,9.77070263667679,9.567017688886738,9.59376439183513,463592
2004-10-29,9.68840503692627,9.830368022268717,9.651371493947368,9.721323843757357,589399
2004-11-01,9.957924842834473,10.00524613074906,9.567014922728543,9.612277925489693,612082
2004-11-02,9.890037536621094,10.077263630425968,9.853003975209507,9.865348189797029,313816
2004-11-03,10.104005813598633,10.159555671971331,10.050512405752295,10.060799246627127,263657
2004-11-04,10.330324172973633,10.346784039773103,10.01965324891567,10.112237590834555,298266
2004-11-05,10.369414329528809,10.433194588077855,10.262428414999318,10.389988932097411,318025
2004-11-08,10.453838348388672,10.54043011870391,10.284983334177362,10.456003094369436,505099
2004-11-09,10.668825149536133,10.705740510874973,10.495100959303114,10.540703256567024,380461
2004-11-10,10.857748031616211,10.914207778992017,10.684023869400137,10.686195360893397,426879
2004-11-11,10.836034774780273,10.85775066352785,10.644938634296548,10.749173156892573,352985
2004-11-12,11.01844596862793,11.035818874946772,10.727458262612018,10.78174750523808,394609
2004-11-15,10.677509307861328,10.9511249821896,10.56893182843045,10.80563021057219,617109
2004-11-16,10.536360740661621,10.740486794316881,10.501615901072455,10.677511590958154,333927
2004-11-17,10.586302757263184,10.746997953984824,10.542871963315783,10.590645739802826,506151
2004-11-18,10.575448989868164,10.608022338828771,10.510302291946948,10.575448989868164,249276
2004-11-19,10.438639640808105,10.586304951973228,10.360464001785532,10.575447493373193,285404
2004-11-22,10.694883346557617,10.710084758432233,10.442983505911679,10.445154997815017,350646
2004-11-23,10.662310600280762,10.705741409346107,10.5146452683278,10.694883949217598,257226
2004-11-24,10.842551231384277,10.857751676940408,10.64493962784621,10.684027456399084,259331
2004-11-26,10.836034774780273,10.88380856776338,10.820834330642882,10.844720742858783,105814
2004-11-29,10.9315767288208,10.998894877885213,10.786082977149562,10.814312356359842,401624
2004-11-30,11.014100074768066,11.087932727879323,10.93375294671484,10.93375294671484,377655
2004-12-01,11.270341873168945,11.359375928495599,11.035814984673902,11.035814984673902,382566
2004-12-02,11.02061653137207,11.485328418625722,10.970671245951637,11.483156926587933,325625
2004-12-03,11.066214561462402,11.074900525500787,10.881632982892475,11.0097538581112,323170
2004-12-06,11.009759902954102,11.068392129506572,10.814319793480117,10.979358043576944,219227
2004-12-07,10.642767906188965,11.0119312615363,10.642767906188965,11.0119312615363,222267
2004-12-08,10.731800079345703,10.801289759957236,10.642766970872275,10.642766970872275,290081
2004-12-09,10.655797004699707,10.71225773913596,10.573278363801844,10.710086246930826,388529
2004-12-10,10.760027885437012,10.814316140697317,10.634078474618384,10.640592949023494,165560
2004-12-13,10.838202476501465,10.849060901353534,10.684022722821913,10.7621983452918,221215
2004-12-14,10.781744956970215,10.892493939716333,10.65796605542674,10.814317332585693,195960
2004-12-15,10.912036895751953,10.933752780446088,10.753514133703467,10.781744493240506,293355
2004-12-16,10.994558334350586,10.994558334350586,10.87512240124523,10.901181273556562,198064
2004-12-17,10.901177406311035,10.964152588492968,10.807800378642964,10.951123641235027,161234
2004-12-20,10.8751220703125,11.01192993509479,10.792603440480843,10.901180941830853,140539
2004-12-21,10.907693862915039,10.981526514567738,10.842548146231161,10.857748587462138,163573
2004-12-22,10.998894691467285,11.001066182138963,10.86860137696374,10.907689177604663,168249
2004-12-23,10.944613456726074,11.014103145919055,10.881639212842954,10.988044270333836,78571
2004-12-27,10.916382789611816,10.972843523740002,10.770888938456165,10.966329047160144,124638
2004-12-28,11.081416130065918,11.1205039407808,10.894663041416818,10.916377953730112,221565
2004-12-29,11.061872482299805,11.15307802578522,11.001069755193878,11.05318651679196,145567
2004-12-30,10.977182388305664,11.127019167612993,10.942437557701718,11.064043980540022,209172
2004-12-31,10.983696937561035,11.024956242582089,10.948952106719458,10.955466580898937,178889
2005-01-03,10.859922409057617,11.048847061931905,10.844720996014066,10.944612536902667,288444
2005-01-04,10.555906295776367,10.892496300377111,10.534190405441873,10.892496300377111,224371
2005-01-05,10.371318817138672,10.664478841584955,10.310516095923575,10.479896281120322,285872
2005-01-06,10.32571792602539,10.412579521499529,10.273601162451119,10.360462757925257,249510
2005-01-07,10.251883506774902,10.358289475536399,10.171536399570536,10.310515703140728,219812
2005-01-10,10.169368743896484,10.340920478425769,10.147652856316844,10.217142534310193,312413
2005-01-11,10.353950500488281,10.410410259070064,9.945699364665266,9.945699364665266,448158
2005-01-12,10.330061912536621,10.36480674781204,10.13027983611633,10.336576387547423,263657
2005-01-13,10.193253517150879,10.34743426023759,10.17153860161127,10.308346443715195,216070
2005-01-14,10.295316696166992,10.338748465066942,10.188910702609226,10.191083162750221,279558
2005-01-18,10.2714262008667,10.310514002479643,10.18456366618737,10.24102436215647,297681
2005-01-19,10.165027618408203,10.29966401520275,10.130282773059658,10.249717755204037,240039
2005-01-20,9.89575481414795,10.180228053529015,9.876211383470643,10.010846811568577,505099
2005-01-21,9.91964054107666,9.989130220091834,9.837121910452863,9.87403824189522,314284
2005-01-24,9.87621021270752,9.969586307532785,9.85015133967547,9.941356911011987,221565
2005-01-25,9.85883903503418,9.96958805413369,9.778491878373034,9.876211942949594,196778
2005-01-26,9.978270530700684,9.989128957553389,9.854492600409436,9.897923402166832,177135
2005-01-27,9.978270530700684,10.043417217612348,9.923982270641726,9.989128957553389,151296
2005-01-28,9.85666275024414,9.971754698226226,9.802374497575652,9.945696801849836,157376
2005-01-31,9.9934720993042,10.052104312164442,9.891409083998035,9.967413230416184,182865
2005-02-01,10.132450103759766,10.14330756079949,9.96958340540874,9.97826937104052,166262
2005-02-02,10.406070709228516,10.412585187151048,10.11942593222445,10.11942593222445,323287
2005-02-03,10.34091854095459,10.358291441473572,10.184567279039102,10.358291441473572,239922
2005-02-04,10.912036895751953,10.912036895751953,10.369149463909789,10.369149463909789,629971
2005-02-07,10.690540313720703,10.918553742384184,10.581962813398032,10.912038298152803,381396
2005-02-08,10.54287338256836,10.723112024981626,10.373492197965803,10.723112024981626,336616
2005-02-09,10.253167152404785,10.56466170984008,10.231384927687602,10.521096288852426,225658
2005-02-10,10.331581115722656,10.338115780000434,10.181278979569631,10.248805786878991,335330
2005-02-11,10.4971284866333,10.540693881128117,10.29454809063626,10.386036293472804,218058
2005-02-14,10.27712345123291,10.475346455173876,10.27058878707323,10.475346455173876,274063
2005-02-15,10.192172050476074,10.277124637463112,10.065831309261593,10.277124637463112,554907
2005-02-16,10.414355278015137,10.470990005581614,10.1290005041392,10.183457010320534,589750
2005-02-17,10.261876106262207,10.527625921594126,10.253162248989314,10.433959485444896,205898
2005-02-18,10.338118553161621,10.39039685296013,10.274948171758899,10.3098006954756,309958
2005-02-22,10.078899383544922,10.33593630567743,10.068008276711746,10.25098372927307,257694
2005-02-23,10.150784492492676,10.203063757980836,10.07236656581341,10.085436867961935,424423
2005-02-24,10.126821517944336,10.163852250247862,9.998302579715943,10.152961144144687,419747
2005-02-25,10.31851577758789,10.322872222534672,10.039695528567512,10.170392763184136,231621
2005-02-28,10.052763938903809,10.2945524171661,10.028802524662593,10.253165226424441,230802
2005-03-01,10.270588874816895,10.292371088868583,10.107217411665172,10.107217411665172,227061
2005-03-02,10.2313814163208,10.379504379775616,10.168211043214201,10.268412157184505,316038
2005-03-03,10.074542045593262,10.25316103954933,10.052759833862467,10.25316103954933,534680
2005-03-04,10.53633975982666,10.61257945987519,10.120288742000138,10.129001628507876,349711
2005-03-07,10.460101127624512,10.536340835456171,10.438317937578462,10.536340835456171,260968
2005-03-08,10.294548034667969,10.462275919846732,10.27712226558586,10.462275919846732,180643
2005-03-09,10.150784492492676,10.307621317404182,10.137715161897122,10.296729237021582,297213
2005-03-10,10.063652992248535,10.15296299321804,9.961273661575012,10.118109504234848,238168
2005-03-11,10.063652992248535,10.107218396148166,10.002660843857306,10.065831213865872,306801
2005-03-14,10.126821517944336,10.135534402826876,10.0309768695782,10.063651159440457,246937
2005-03-15,10.131176948547363,10.196525521745274,10.063650154346368,10.126820506541188,431673
2005-03-16,10.259695053100586,10.36207435640756,10.163851384451515,10.17256426859186,662825
2005-03-17,10.346829414367676,10.375147266506529,10.233558977365156,10.346829414367676,287860
2005-03-18,10.28148078918457,10.346829379576684,10.237915386107456,10.346829379576684,373329
2005-03-21,10.259695053100586,10.335934732433882,10.181277152732202,10.325043627258454,263774
2005-03-22,10.211775779724121,10.30326400079943,10.172566819706956,10.259697626066679,262955
2005-03-23,10.100687026977539,10.240097142185821,10.083261248353116,10.205244613383751,387126
2005-03-24,10.139890670776367,10.203061028193181,10.08543416964487,10.08543416964487,141007
2005-03-28,10.16385555267334,10.235738819415966,10.107219839429371,10.139894139908115,356258
2005-03-29,10.129003524780273,10.270591843249717,10.098507444741044,10.163856048888954,516323
2005-03-30,10.118111610412598,10.196530519619037,10.107220500058832,10.118111610412598,491419
2005-03-31,10.253167152404785,10.305446434832596,10.11157880552995,10.142074891687292,738473
2005-04-01,10.264053344726562,10.3903940737384,10.157318551668732,10.253162237588585,582267
2005-04-04,10.327223777770996,10.353363406628448,10.18127905494221,10.259696969961734,420097
2005-04-05,10.307618141174316,10.386036043689582,10.237913123037929,10.34682709243195,262137
2005-04-06,10.342470169067383,10.477522785314829,10.307617661620673,10.307617661620673,324924
2005-04-07,10.442670822143555,10.490593629600923,10.342470708120354,10.342470708120354,341293
2005-04-08,10.346829414367676,10.455743408203125,10.305442232727609,10.44267310714902,299318
2005-04-11,10.292373657226562,10.37732722788589,10.255342912545233,10.357722258794336,283300
2005-04-12,10.396926879882812,10.44484871427815,10.185633609851426,10.29236935538627,339889
2005-04-13,10.237916946411133,10.381683478563284,10.200886202419005,10.368613175561157,304462
2005-04-14,9.991769790649414,10.229202749113487,9.965630159544903,10.216132447784775,326210
2005-04-15,9.732556343078613,10.068011277498451,9.72602167703104,9.993949785853122,385489
2005-04-18,9.754335403442383,9.852357295745987,9.665025423959284,9.732552220956762,285054
2005-04-19,10.096329689025879,10.161678296192047,9.678100351958044,9.747804431841734,698954
2005-04-20,9.898101806640625,10.15513871979564,9.871963151153944,10.096325773397849,465813
2005-04-21,10.229203224182129,10.246628998025823,9.952561291989834,10.007017806804335,486742
2005-04-22,10.100687026977539,10.23138425287361,9.976525439618854,10.23138425287361,341643
2005-04-25,10.068008422851562,10.255340320865331,9.976521181019336,10.10721737957292,410510
2005-04-26,10.06147289276123,10.390393039565613,10.033155045468185,10.070185777604404,444300
2005-04-27,10.054940223693848,10.28365932551379,9.943848005248197,10.06800955355113,396596
2005-04-28,9.946026802062988,10.109397320938289,9.932956499896942,10.05494080516418,469789
2005-04-29,10.28801155090332,10.322864054453436,9.861068625302538,9.965626135952885,393439
2005-05-02,10.240096092224121,10.259700091166513,10.044051245034574,10.259700091166513,309256
2005-05-03,10.168210983276367,10.40782217239242,10.129002020919623,10.19435061536518,389230
2005-05-04,10.370793342590332,10.401288452167636,10.133360331438004,10.2553436844066,388295
2005-05-05,10.431777954101562,10.45138291230406,10.253158995750255,10.388212567771308,220630
2005-05-06,10.586438179016113,10.673569945173677,10.486238056686416,10.486238056686416,406885
2005-05-09,10.712784767150879,10.712784767150879,10.623474730791914,10.645257927149862,507905
2005-05-10,10.701886177062988,10.74762978874381,10.651785151912582,10.717133723772392,396596
2005-05-11,11.15854549407959,11.24375923502279,10.749959829499472,10.749959829499472,876557
2005-05-12,10.65381908416748,11.121398690625075,10.63415505408188,11.121398690625075,501241
2005-05-13,10.439695358276367,10.675669579706268,10.288932913190964,10.651634789281122,258980
2005-05-16,10.736845970153809,10.741215753826737,10.422212774950697,10.422212774950697,274881
2005-05-17,10.804581642150879,10.828616433665937,10.577346979833557,10.701889747787227,423020
2005-05-18,10.981561660766602,11.034001023246535,10.872314125882973,10.891979130444998,329250
2005-05-19,11.04492473602295,11.05584919641266,10.876684147908856,10.9684515642387,192686
2005-05-20,11.025259017944336,11.03836836840327,10.935675532890986,11.018704342714868,185671
2005-05-23,11.08862590789795,11.143250170507747,11.016522504951157,11.047111975069242,150711
2005-05-24,11.09299373626709,11.143248204928152,11.007780993098393,11.134508636301245,256642
2005-05-25,10.9706392288208,11.082071676541512,10.839542747429109,11.071147213390967,417993
2005-05-26,11.143251419067383,11.147621204641249,10.970640016257372,10.970640016257372,255005
2005-05-27,11.250311851501465,11.274345667377357,11.117029519894851,11.125769089304267,171874
2005-05-31,11.2940092086792,11.353003243600014,11.213166253067806,11.252495284838973,250211
2005-06-01,11.363931655883789,11.468809435255405,11.23720397369491,11.291828243473832,252666
2005-06-02,11.276533126831055,11.339895988526246,11.241572895199482,11.315862169256082,151413
2005-06-03,11.267791748046875,11.374854404096642,11.202243024011782,11.22190803103364,180760
2005-06-06,11.387964248657227,11.398889686151637,11.215353835680222,11.252497984293148,136915
2005-06-07,11.344263076782227,11.543094108825173,11.326783939650449,11.409811790082717,151997
2005-06-08,11.239386558532715,11.377038676599335,11.22846209663164,11.361744429937831,174563
2005-06-09,11.307116508483887,11.318040966846029,11.143245734939923,11.217534000858404,271374
2005-06-10,11.213163375854492,11.405438701235813,11.13450533249522,11.307115659772782,210341
2005-06-13,11.394521713256836,11.47536470112034,11.18039635789562,11.18039635789562,191634
2005-06-14,11.632680892944336,11.838066676577622,11.35956245360884,11.368302025373186,399636
2005-06-15,11.870841979980469,11.969165093657296,11.676380645739947,11.687306085834214,382098
2005-06-16,11.951680183410645,12.017228899586758,11.868652329335942,11.881761682759883,222735
2005-06-17,11.89268684387207,12.119922471624747,11.75503472670657,11.984455246825158,400572
2005-06-20,11.862096786499023,11.951679310744723,11.811842319653563,11.859911894421233,187308
2005-06-21,11.857728958129883,11.973531190454574,11.820584809100138,11.864283635983066,207535
2005-06-22,11.798728942871094,11.980079796113188,11.669816456138419,11.966969473589982,178188
2005-06-23,11.499388694763184,11.787801113684859,11.466614356914164,11.776876659244387,165677
2005-06-24,11.256866455078125,11.54309514759415,11.224092095478499,11.473176643718713,282130
2005-06-27,11.481910705566406,11.68074166012942,11.154168241305948,11.224086711643734,350763
2005-06-28,11.787808418273926,11.800918746254215,11.56931334690333,11.56931334690333,226242
2005-06-29,11.702595710754395,11.820582815800702,11.641417753246056,11.787808457533137,285521
2005-06-30,11.433852195739746,11.755039294564083,11.433852195739748,11.702600882877041,249159
2005-07-01,11.47973346710205,11.523432296562518,11.304937174731744,11.457883565107599,224021
2005-07-05,11.661083221435547,11.715706508931696,11.38577994237943,11.479732269740738,186606
2005-07-06,11.569314002990723,11.68948698122922,11.514690719314531,11.632677830658848,158077
2005-07-07,11.665447235107422,11.720071470107097,11.440397569851143,11.49283593888521,252199
2005-07-08,11.840245246887207,11.88831384045125,11.645784031800668,11.676373491169786,193387
2005-07-11,12.098073959350586,12.098073959350586,11.864283627717967,11.864283627717967,208938
2005-07-12,12.052189826965332,12.198581525349121,11.93201781360608,12.087149082155268,208236
2005-07-13,11.975717544555664,12.093704674295658,11.864284118406962,12.071854772701549,188594
2005-07-14,11.958235740661621,12.076222853749629,11.870838095676788,12.017229784469764,186606
2005-07-15,11.89487361907959,11.905799057166801,11.728817874872243,11.892688726367831,136213
2005-07-18,11.875208854675293,12.001935547752359,11.755035864802213,11.907983217865374,285404
2005-07-19,12.355895042419434,12.635569024091877,11.929829393689342,11.940754828586513,662475
2005-07-20,12.696747779846191,12.729521160510963,12.137399824050846,12.312196060236891,388529
2005-07-21,12.373379707336426,12.760115492012817,12.338420446761248,12.696752624024706,375550
2005-07-22,12.454215049743652,12.482619614253238,12.211685267435476,12.37337211381689,289146
2005-07-25,12.327489852905273,12.436737374703037,12.26849679534189,12.432367590774497,189529
2005-07-26,12.434552192687988,12.486991547663434,12.3624488104928,12.36681859431941,414017
2005-07-27,12.454215049743652,12.497913855012612,12.270679287991703,12.449845266669545,297213
2005-07-28,12.607171058654785,12.633390751807507,12.452039742014419,12.454224635233091,625995
2005-07-29,12.629015922546387,12.812552740962476,12.572207742632356,12.633386682104385,179941
2005-08-01,12.653048515319824,12.808179755020694,12.596240345280483,12.633384486104417,180175
2005-08-02,12.812551498413086,12.906503816496228,12.681454062123397,12.685823846729289,232205
2005-08-03,12.683635711669922,12.823472681420034,12.674896144692536,12.781958763749467,284118
2005-08-04,12.545989036560059,12.810368847704304,12.524140109707414,12.683641173845343,308788
2005-08-05,12.379927635192871,12.548168193164905,12.290344152462655,12.537243734732426,300253
2005-08-08,12.334046363830566,12.462958907014176,12.31875211780523,12.37119050727747,236648
2005-08-09,12.316567420959473,12.462959104780747,12.181100198758223,12.388670816708109,394024
2005-08-10,12.314379692077637,12.548792847639147,12.242083899857192,12.371340427760433,288327
2005-08-11,12.2464599609375,12.366952569292492,12.176354921898328,12.334090771172368,426879
2005-08-12,12.1040620803833,12.222364972996045,12.023003414799325,12.222364972996045,388762
2005-08-15,12.018621444702148,12.07119974579465,11.880602060782813,12.07119974579465,406067
2005-08-16,12.005474090576172,12.082152273007942,11.871837150223675,12.014237953538343,430620
2005-08-17,11.895934104919434,12.053670922559341,11.874026892141762,12.005473100192194,276986
2005-08-18,11.806117057800293,11.852123199217377,11.733821273946942,11.841169588672477,374030
2005-08-19,11.797350883483887,11.889363140690161,11.690002598657745,11.817067376973132,174797
2005-08-22,11.810498237609863,11.981379443927212,11.694387037047855,11.819261125849602,243313
2005-08-23,11.6067533493042,11.852120022515818,11.457779400180243,11.852120022515818,280611
2005-08-24,11.56732177734375,11.784210111082112,11.427112627719026,11.57827636527221,305398
2005-08-25,11.729440689086914,11.75573033344929,11.514744043906086,11.562941888091872,223085
2005-08-26,11.549797058105469,11.729441177323652,11.501600189042069,11.729441177323652,191517
2005-08-29,11.543219566345215,11.569509199674965,11.328523011263298,11.523502097065863,173628
2005-08-30,11.495025634765625,11.562939968099787,11.343861914757259,11.534459606197007,159831
2005-08-31,11.830209732055664,11.830209732055664,11.45558667792718,11.516927841720435,215252
2005-09-01,11.73162841796875,11.939752843237068,11.696575893472279,11.80830563209322,204027
2005-09-02,11.716297149658203,11.84993414854099,11.663717857369367,11.709724005275618,159130
2005-09-06,11.92661190032959,12.025197344764326,11.760113080888187,11.760113080888187,203092
2005-09-07,11.928797721862793,11.937561585439592,11.711911396620605,11.926607000250664,206366
2005-09-08,11.790781021118164,11.898129326903888,11.66809668471824,11.841168602557005,190698
2005-09-09,11.83678913116455,11.911275643336047,11.753539729826665,11.764493341284654,140656
2005-09-12,11.8981294631958,11.98356957356641,11.733820431181051,11.797353322035317,150477
2005-09-13,11.705340385437012,11.893748341146638,11.545413770126226,11.865267977876256,249743
2005-09-14,11.495025634765625,11.692195491922536,11.418347436680166,11.683432604299654,352634
2005-09-15,11.556365966796875,11.72724714839134,11.433682617804743,11.47968875153575,231621
2005-09-16,12.20045280456543,12.45458330534891,11.687810360569385,11.709717572714792,1041533
2005-09-19,11.924417495727539,12.706526687907331,11.902510277370245,12.706526687907331,396596
2005-09-20,11.895934104919434,12.15882847527657,11.88278977725283,11.939750484731045,436817
2005-09-21,11.792967796325684,11.915651114539108,11.73600709104168,11.852118245674971,288444
2005-09-22,11.652755737304688,11.893741867232995,11.545407485815378,11.830209009241216,333108
2005-09-23,11.676865577697754,11.84555613843899,11.532274924799598,11.600188316577807,314985
2005-09-26,11.644001960754395,11.852125486922153,11.525700012649242,11.74258642894434,299552
2005-09-27,11.413966178894043,11.654952432349795,11.376722928761389,11.654952432349795,498902
2005-09-28,11.330714225769043,11.459970699565218,11.258418463811775,11.411772873508234,325859
2005-09-29,11.56732177734375,11.624282507760455,11.216797437589152,11.343863231382482,264358
2005-09-30,11.418349266052246,11.551987232225438,11.35043589896587,11.53446145417181,246470
2005-10-03,11.495025634765625,11.584847187156992,11.376722743343064,11.451209242394388,200169
2005-10-04,11.221179008483887,11.578276495875027,11.172982143291994,11.527887931369898,284352
2005-10-05,10.896944046020508,11.194890099718164,10.868464655750694,11.194890099718164,391569
2005-10-06,10.739206314086914,11.024007985659992,10.59899620025842,10.896942203579753,359766
2005-10-07,10.739206314086914,10.853126787290458,10.636239450673585,10.793975340166424,223319
2005-10-10,10.596807479858398,10.826839191672635,10.56613638952411,10.691011473233099,355674
2005-10-11,10.097306251525879,10.414969700008363,9.786215945433687,9.915471460303655,1326937
2005-10-12,10.09511661529541,10.270379260101604,10.03377542245958,10.110452646350707,689483
2005-10-13,10.088545799255371,10.121407610624235,9.897948075018823,10.095117966103427,529652
2005-10-14,10.255041122436523,10.35362553657835,10.084159972994177,10.198080413579689,381046
2005-10-17,10.318572044372559,10.406203820718607,10.198079451165816,10.296664833132095,297330
2005-10-18,10.156465530395508,10.599003391725153,10.121412978155085,10.40621484296738,484053
2005-10-19,10.296671867370605,10.305434757853217,9.904521769857702,10.101692668488846,388061
2005-10-20,9.983383178710938,10.331717617803125,9.902324540750243,10.263803306929649,453186
2005-10-21,9.992149353027344,10.108260533886758,9.83660322752374,10.016247291597516,339188
2005-10-24,10.057872772216797,10.099497464696151,9.946143025942193,9.94833374780277,316622
2005-10-25,10.007482528686523,10.176171975565849,9.93518677227306,10.02500829890645,492471
2005-10-26,9.981194496154785,10.163029276974227,9.959287279868281,10.00091196794093,463943
2005-10-27,9.788408279418945,10.044729606751474,9.720493939602767,9.996532743097108,616057
2005-10-28,9.786218643188477,9.873849491761531,9.674488871549956,9.843179378750992,583904
2005-10-31,9.799359321594238,9.908898330010324,9.768688242897214,9.786214992350478,909061
2005-11-01,9.762115478515625,9.856319430359672,9.705155744830545,9.81469474651683,431789
2005-11-02,10.005291938781738,10.053488784647508,9.727062515862096,9.729253237168352,430971
2005-11-03,9.862893104553223,10.04472789473331,9.792788054570899,10.04472789473331,305632
2005-11-04,9.830034255981445,10.00967837841692,9.744594128127838,9.908902216635335,430153
2005-11-07,9.836604118347168,9.9373802565157,9.801551591033263,9.840985562120355,305281
2005-11-08,9.711309432983398,9.845395298279929,9.673941353520835,9.825611736021628,370757
2005-11-09,9.744285583496094,9.856389870207227,9.612397725998797,9.722303947111904,351348
2005-11-10,9.900346755981445,9.961894519922739,9.5508456931228,9.744280262133937,413784
2005-11-11,9.895952224731445,9.972886451876185,9.823414127091715,9.900348354236455,351699
2005-11-14,10.09378719329834,10.48944979934418,10.014654868169963,10.221278924097136,791555
2005-11-15,10.087190628051758,10.287220439990234,9.931124080111093,10.071804171935135,510127
2005-11-16,10.133350372314453,10.227870109746455,10.04542581037131,10.142143612831704,387710
2005-11-17,10.216876983642578,10.252046994858695,10.102574692291052,10.188301165703846,358246
2005-11-18,10.31799030303955,10.394925502097879,10.23226382634489,10.271829967927307,292303
2005-11-21,10.529013633728027,10.529013633728027,10.317993493110588,10.37294708365635,400338
2005-11-22,10.660897254943848,10.68067983383418,10.474056885629498,10.485047207235239,608691
2005-11-23,10.54000473022461,10.647712873597088,10.50043857351674,10.638920612196188,432257
2005-11-25,10.577369689941406,10.597153252639929,10.520219027352326,10.557587107646405,87925
2005-11-28,10.575175285339355,10.621335636128002,10.445485513595333,10.599354003160004,436934
2005-11-29,10.522420883178711,10.713657482948701,10.476260527455723,10.610345463641915,590568
2005-11-30,10.625730514526367,10.726844445618065,10.529012713429486,10.529012713429486,319896
2005-12-01,10.852134704589844,10.87191826561847,10.625728177236518,10.660898189862511,497499
2005-12-02,10.911487579345703,10.988421820504936,10.742231660553157,10.814769771406572,423839
2005-12-05,10.865327835083008,10.935666904292194,10.773006152314569,10.911488186265336,396479
2005-12-06,10.825760841369629,10.92028059065345,10.69607204722164,10.92028059065345,730757
2005-12-07,10.588364601135254,10.821365421077305,10.537807135016832,10.77080893536274,698720
2005-12-08,10.550996780395508,10.638921361403918,10.441090563933056,10.57297743544567,456694
2005-12-09,10.572976112365723,10.60375000598885,10.443287322587105,10.53560900345649,339188
2005-12-12,10.559784889221191,10.64990750028913,10.496039053839382,10.59495490387286,413199
2005-12-13,10.487251281738281,10.59056330524981,10.463071579945053,10.542204882067272,353452
2005-12-14,10.44767951965332,10.55758568098433,10.381735626774034,10.513623412532604,355323
2005-12-15,10.309200286865234,10.471861997991061,10.236662181455907,10.447682302720068,598168
2005-12-16,10.623530387878418,10.625728452449259,10.333378021299712,10.335576085870553,863345
2005-12-19,10.768608093261719,10.773004223024774,10.529012158350017,10.572974436384166,503228
2005-12-20,10.876317024230957,10.968637716942562,10.832354742920495,10.902693804775028,572913
2005-12-21,11.45222282409668,11.472006386543148,10.955447463105646,10.968635851134284,1144423
2005-12-22,11.412660598754883,11.51377454957453,11.313745693765345,11.496189045760577,408990
2005-12-23,11.434640884399414,11.531358692956081,11.355508577582018,11.518169321550694,231854
2005-12-27,11.256597518920898,11.504985851860804,11.252201386706547,11.485202276492073,185437
2005-12-28,11.421455383300781,11.43903990908563,11.256595552047926,11.278577189682968,239688
2005-12-29,11.353310585021973,11.487395502274165,11.346715409075236,11.397272869045704,176083
2005-12-30,11.206039428710938,11.298360152926865,11.19065198773894,11.298360152926865,208353
2006-01-03,11.355507850646973,11.392875936496571,11.100525444778489,11.320337829823607,557129
2006-01-04,11.493988990783691,11.537951268353302,11.320336964959953,11.364299242529565,377889
2006-01-05,11.50717544555664,11.590703856937985,11.425845098664098,11.518165768000651,233257
2006-01-06,11.562129974365234,11.694017787392916,11.436837336311813,11.694017787392916,246353
2006-01-09,11.759964942932129,11.825907887260993,11.57312447645864,11.57312447645864,476804
2006-01-10,11.89184856414795,11.927018582373009,11.66544200075069,11.759961731106667,402559
2006-01-11,11.770951271057129,11.900641010996164,11.66324315869534,11.88085744813629,257928
2006-01-12,11.726991653442383,11.779746199016106,11.63686803839909,11.77754813380069,222968
2006-01-13,11.570924758911133,11.722595175898762,11.476405016235793,11.722595175898762,195024
2006-01-17,11.32033920288086,11.518169981255127,11.269781740338034,11.51597191596229,423371
2006-01-18,11.247800827026367,11.355508965093332,11.190649169928074,11.278574720817467,273128
2006-01-19,11.40826416015625,11.504981977514339,11.298357950596348,11.397273833321405,244014
2006-01-20,11.298356056213379,11.463215833113283,11.192845995078171,11.463215833113283,405482
2006-01-23,11.25439453125,11.359904599467173,11.19284674635572,11.298356814572893,308905
2006-01-24,11.469812393188477,11.498388224463962,11.287368058681105,11.287368058681105,212095
2006-01-25,11.269780158996582,11.485196409890776,11.223619813920298,11.452224454720959,307152
2006-01-26,11.364300727844238,11.441234968747265,11.256592594499256,11.269780985372785,339422
2006-01-27,11.4192533493042,11.476405003959076,11.320338456837737,11.370894935644957,212329
2006-01-30,11.32253360748291,11.39726976408398,11.24340132171748,11.386278460769608,222267
2006-01-31,11.260984420776367,11.340116696580164,11.197238595110896,11.278569915623516,284937
2006-02-01,11.195046424865723,11.265386480480831,11.102725714623308,11.217028059896894,229750
2006-02-02,11.162071228027344,11.252193838775929,11.034579557715498,11.15107992446024,249860
2006-02-03,11.131301879882812,11.2434061630558,11.056564710696929,11.12910381435416,288093
2006-02-06,11.650059700012207,11.823711788181566,11.478605677490311,11.478605677490311,1082221
2006-02-07,11.403863906860352,11.740176610061997,11.201637064186277,11.702808531928481,873985
2006-02-08,11.342320442199707,11.557736734457338,11.247801668913585,11.381887580323944,790269
2006-02-09,11.208745956420898,11.527088118422036,11.135282456952252,11.397969971277867,572796
2006-02-10,11.711870193481445,11.848795155802197,11.046350695134693,11.224671923103838,719064
2006-02-13,11.495340347290039,11.972986784122183,11.466681660498208,11.721425621995516,567067
2006-02-14,11.692766189575195,11.807401639561672,11.399810190950591,11.495339614251117,526028
2006-02-15,11.654556274414062,11.702320991917137,11.492156803007056,11.660924714046658,487912
2006-02-16,11.883824348449707,11.950694372786877,11.654554171874025,11.654554171874025,479259
2006-02-17,11.654556274414062,11.909300250881614,11.60679155691099,11.896563371616425,544034
2006-02-21,11.511260986328125,11.654554405732494,11.412547347333343,11.654554405732494,528366
2006-02-22,11.77237319946289,11.871086121023117,11.546287254324202,11.559024130604563,273361
2006-02-23,11.851980209350586,11.947509622879677,11.645000286790323,11.73416126211858,290198
2006-02-24,11.861533164978027,11.861533164978027,11.71505483066934,11.801031583912282,349477
2006-02-27,11.909302711486816,11.94114633648768,11.565398378720248,11.565398378720248,303644
2006-02-28,11.60360336303711,11.887006641048641,11.498521304571074,11.84561037735575,361988
2006-03-01,11.871087074279785,11.890193100363696,11.648186040441217,11.702319189237967,418227
2006-03-02,11.84560775756836,11.941137138729761,11.756447522578917,11.871082211869473,321884
2006-03-03,11.753265380859375,11.925218155300854,11.746896233562259,11.845609850183681,405482
2006-03-06,12.19588565826416,12.224543629801952,11.543102997785986,11.543102997785986,767587
2006-03-07,12.074878692626953,12.447442190974392,12.062141818899041,12.186329178262188,496564
2006-03-08,12.027114868164062,12.116275831241909,11.7946612247388,12.062142693714238,402442
2006-03-09,12.071694374084473,12.259568941045137,12.020745459337343,12.106722196803746,279792
2006-03-10,12.049405097961426,12.164039803482243,11.982535089783953,12.046220879489072,263072
2006-03-13,12.10035514831543,12.278675660260827,12.030300915097262,12.081248415431821,316271
2006-03-14,12.28504467010498,12.339177811990405,12.027115836354847,12.100355712013974,599103
2006-03-15,12.431522369384766,12.441075025657033,12.218174031604853,12.297780920798571,341176
2006-03-16,12.57481575012207,12.839112993059327,12.431521653515203,12.431521653515203,284937
2006-03-17,12.663975715637207,12.679898229300152,12.437890508256087,12.57481617231201,585073
2006-03-20,12.714923858642578,12.800899168435226,12.45381087061799,12.663973528032164,345268
2006-03-21,12.310519218444824,12.730847456570327,12.310519218444824,12.714926362780162,229516
2006-03-22,12.450627326965332,12.54615672748079,12.259569946192517,12.259569946192517,257343
2006-03-23,12.50794506072998,12.514313497532346,12.32962314923181,12.437889415387993,212095
2006-03-24,12.568446159362793,13.122514342973917,12.402862547935815,13.122514342973917,146151
2006-03-27,12.55252456665039,12.60984192017671,12.437889859597753,12.546156129620583,132121
2006-03-28,12.603475570678711,12.772244860954299,12.447444576830641,12.549342426701147,199117
2006-03-29,13.100225448608398,13.100225448608398,12.663974740581759,12.66716037927556,298616
2006-03-30,13.163918495178223,13.265816381818672,12.985597903686827,13.100232671092638,446638
2006-03-31,13.641554832458496,13.663844358318308,13.163909353142362,13.198937171179862,1126534
2006-04-03,13.262619018554688,13.746632790316456,13.237143862010713,13.705236548593357,495278
2006-04-04,13.38363265991211,13.68932625794608,13.214864763161634,13.35179046444513,614303
2006-04-05,13.24989128112793,13.44731713417058,13.154361863707548,13.3581575754688,657447
2006-04-06,13.087484359741211,13.186197950686479,12.91234812239899,13.062010617694792,532458
2006-04-07,12.641684532165527,13.103408962865444,12.590735619672724,13.103408962865444,581682
2006-04-10,12.409232139587402,12.708555787227438,12.374204314969266,12.644869995405605,546957
2006-04-11,12.27867317199707,12.527049287085555,12.227724261729122,12.409230375921505,701409
2006-04-12,12.386943817138672,12.431524306949004,12.205439058901995,12.227728593677977,325976
2006-04-13,12.230911254882812,12.437891161041174,12.211805941794292,12.355100050732739,293940
2006-04-17,12.132200241088867,12.30096811737629,12.062144579038751,12.208622921201886,365495
2006-04-18,12.35509967803955,12.402864379578205,12.090802420330007,12.195884479663418,501708
2006-04-19,12.673526763916016,12.708553161037976,12.183143001630883,12.371017539952472,449561
2006-04-20,12.654419898986816,12.695816151758244,12.355096316445332,12.695816151758244,499721
2006-04-21,12.498388290405273,12.877320140247813,12.428334080426138,12.877320140247813,506736
2006-04-24,12.444259643554688,12.511131080121707,12.300966954358364,12.434706986976025,276752
2006-04-25,12.953742027282715,13.16709025931034,12.708550203206924,13.023796225479753,750049
2006-04-26,12.800901412963867,13.055646009393907,12.775426243191808,12.912351907603615,736720
2006-04-27,12.68945026397705,12.928272334387607,12.654422439943511,12.721293869485542,482416
2006-04-28,12.399681091308594,12.826379267298197,12.399681091308594,12.60984524981849,597116
2006-05-01,12.358284950256348,12.65442442073023,12.265939758059236,12.65442442073023,547424
2006-05-02,12.425154685974121,12.53023675186298,12.278676353468212,12.358284667751638,390750
2006-05-03,12.441076278686523,12.542974129703204,12.339178427669843,12.434707840530267,248574
2006-05-04,12.593921661376953,12.65760745614937,12.447443339219705,12.447443339219705,246236
2006-05-05,12.72447681427002,12.867769474069311,12.660789609628225,12.673527902711323,248340
2006-05-08,12.673526763916016,12.778608795797435,12.63213051069593,12.692632071437085,208938
2006-05-09,12.539785385131836,12.689447888566907,12.488836478010489,12.609839599827025,231504
2006-05-10,12.393306732177734,12.53341657767178,12.259566742610549,12.37101720733578,291718
2006-05-11,12.00482177734375,12.46017769342214,11.96979396218151,12.371016756786085,255005
2006-05-12,11.794662475585938,12.04940709692588,11.759635356450117,11.972984420653024,322468
2006-05-15,12.090808868408203,12.144942036320366,11.65455859453125,11.660927035431634,520533
2006-05-16,11.915661811828613,12.160853697431953,11.915661811828613,12.122641661436855,359649
2006-05-17,11.867900848388672,11.931587354524181,11.778739881824777,11.78192481074127,358363
2006-05-18,11.909302711486816,12.020753268601478,11.86153869424443,11.864722914718625,666099
2006-05-19,11.92522144317627,12.160859364394806,11.861534923549474,11.918853004252359,531757
2006-05-22,11.998456954956055,12.151303712247877,11.861532001180526,11.877453094567764,569873
2006-05-23,11.941140174865723,12.160856955247107,11.80739943331239,11.80739943331239,532692
2006-05-24,12.036667823791504,12.12264313994399,11.896557954893197,11.941138432281656,825463
2006-05-25,12.18632698059082,12.259566831834306,12.062139643623507,12.10035167817412,316973
2006-05-26,12.35191535949707,12.364652234402305,12.176777648517552,12.291412363180939,229399
2006-05-30,12.05843448638916,12.309988283965062,12.029409158855666,12.190662017351157,373563
2006-05-31,12.148736953735352,12.235812222920462,12.000384630494146,12.11003603497058,440792
2006-06-01,12.464789390563965,12.464789390563965,12.171309746684205,12.180984615254868,241676
2006-06-02,12.703449249267578,12.72602539408409,12.52607224093636,12.690549417046205,473881
2006-06-05,12.419641494750977,12.958223689829838,12.400291753045849,12.758270605162396,473179
2006-06-06,12.229362487792969,12.464791522079524,12.135837303855205,12.416415732525534,367951
2006-06-07,12.100363731384277,12.413193227691544,12.061662804411005,12.219690031253993,349009
2006-06-08,12.229362487792969,12.342238850609439,11.984259302495577,12.04553563823062,477155
2006-06-09,12.297094345092773,12.413195710808525,12.177766582924109,12.303544261140416,477389
2006-06-12,12.255167007446289,12.561546614161124,12.177765147142221,12.297092895241915,526612
2006-06-13,12.287418365478516,12.393844847547234,12.132614640546967,12.174540529513514,746073
2006-06-14,12.145508766174316,12.284184744013306,11.987481614886361,12.255160141482031,931042
2006-06-15,12.461565017700195,12.526065582952166,12.145510665694369,12.145510665694369,356843
2006-06-16,12.461565017700195,12.564766497474684,12.2164611436287,12.432538972201222,825229
2006-06-19,12.24549388885498,12.484146542386878,12.229367659897786,12.461571835647584,353686
2006-06-20,12.203563690185547,12.329339888794548,12.174537639044981,12.242264612230095,336499
2006-06-21,12.235815048217773,12.451894388798012,12.17776437588074,12.17776437588074,253953
2006-06-22,12.035862922668457,12.193890146587291,11.984261447920801,12.12616460445887,408171
2006-06-23,12.051985740661621,12.15841219166322,11.79398200513827,11.79398200513827,263891
2006-06-26,12.290640830993652,12.309990573471996,12.084237824176634,12.213238984222935,239805
2006-06-27,12.022957801818848,12.406738365046673,11.977806978094605,12.329336541968479,310542
2006-06-28,12.035862922668457,12.116488294073001,11.97781153328274,12.071338891606572,259565
2006-06-29,12.432538986206055,12.477689813461797,12.081010114051248,12.116484633844204,356142
2006-06-30,12.174537658691406,12.561544002904157,12.122936908691615,12.513168209877563,524508
2006-07-03,12.274510383605957,12.274510383605957,12.116483225789345,12.155184135858033,129549
2006-07-05,12.006830215454102,12.19710834556002,11.89072893944248,12.19710834556002,350880
2006-07-06,12.055211067199707,12.245489277493128,11.945559656042727,12.245489277493128,357311
2006-07-07,11.82623291015625,12.155187130719172,11.79398190408147,12.019735350533601,273361
2006-07-10,11.735925674438477,11.884277930494132,11.63594990453724,11.81332675770048,453186
2006-07-11,11.929438591003418,11.952014736070192,11.623059660989416,11.687560980454958,325274
2006-07-12,11.64885139465332,11.910079998192634,11.619826074172732,11.868154135712881,303644
2006-07-13,11.239277839660645,11.587582609381412,11.223152332486338,11.519856342306662,281897
2006-07-14,11.103824615478516,11.271526704263744,11.094149024716135,11.190900617053805,318259
2006-07-17,11.000621795654297,11.287650862008215,10.987721249249152,11.071573002846915,322351
2006-07-18,11.132850646972656,11.161875982649947,10.952247998924978,11.07802493300284,321182
2006-07-19,11.458577156066895,11.519852769740302,11.132847909720368,11.132847909720368,393673
2006-07-20,11.142525672912598,11.497281059134647,11.129625843195498,11.448905259266693,282130
2006-07-21,11.11349868774414,11.207025316172706,10.932896064002792,11.081248399022478,343397
2006-07-24,11.348926544189453,11.384401788380545,11.139298597430423,11.139298597430423,200987
2006-07-25,11.336028099060059,11.41665346772064,11.232826591505832,11.307002764962228,330770
2006-07-26,11.287652969360352,11.439230282437519,11.20380191932226,11.336028768786205,304579
2006-07-27,11.281194686889648,11.371496309718799,11.18766882806108,11.319895587877546,282949
2006-07-28,11.413427352905273,11.503729022463563,11.303775942053885,11.352151733715214,217473
2006-07-31,11.161873817443848,11.271525224113047,10.93934604734627,11.187674190731556,502761
2006-08-01,10.961921691894531,11.058673279887438,10.852270994964536,11.013523162143164,678961
2006-08-02,11.2650785446167,11.33925400980096,10.990949949245811,11.01352537225538,345619
2006-08-03,11.4456787109375,11.494054507121227,11.174775834580224,11.19090062049856,307385
2006-08-04,11.513405799865723,11.726258743055087,11.361829205228794,11.610157399211584,236414
2006-08-07,11.4650297164917,11.529531020864331,11.361828924081394,11.4650297164917,163573
2006-08-08,11.377948760986328,11.771404173085998,11.371498849119304,11.548875740746945,281663
2006-08-09,11.413427352905273,11.719806887284157,11.371502194222604,11.477928648191808,233141
2006-08-10,11.452129364013672,11.626281367514308,11.290877189269665,11.336028028346583,204846
2006-08-11,11.51662826538086,11.558554141149564,11.316675914335528,11.39407703322173,181578
2006-08-14,11.616606712341309,11.848810107215341,11.571455872423321,11.597256249631547,279091
2006-08-15,12.003610610961914,12.048761446966921,11.81655807221671,11.835908533249471,231738
2006-08-16,12.203563690185547,12.229363345929498,12.019736108509727,12.084237405512534,318142
2006-08-17,12.2261381149292,12.351915749147686,12.14228779721213,12.161637538586396,123702
2006-08-18,12.277739524841309,12.306765576894339,12.106812484878509,12.284189438980057,119259
2006-08-21,12.232585906982422,12.319661156252856,12.177758778855026,12.19710995302592,137733
2006-08-22,12.24549388885498,12.332569196135667,12.177766891778845,12.232594056432527,146385
2006-08-23,12.039088249206543,12.371267493826753,12.026187700320392,12.284190766684873,243079
2006-08-24,12.019733428955078,12.14228536248994,11.932657452588128,12.071334886582417,187541
2006-08-25,12.029407501220703,12.148734470605726,11.958457030010898,12.006832089757909,118090
2006-08-28,12.248714447021484,12.280964016493044,12.035861534794751,12.055211276477685,123586
2006-08-29,12.255167007446289,12.280966668595031,12.077790021761928,12.26806683802066,196077
2006-08-30,12.428324699401855,12.490400777182332,12.278034404280152,12.294371287962795,256408
2006-08-31,12.516539573669434,12.578615654707953,12.447929321702565,12.447929321702565,166262
2006-09-01,12.529603958129883,12.653756080994258,12.483863318859127,12.598214188426644,155271
2006-09-05,12.519804000854492,12.562277560089727,12.39891894990866,12.447926678684869,236648
2006-09-06,12.464265823364258,12.562281310176216,12.454463108907595,12.454463108907595,142761
2006-09-07,12.464265823364258,12.627624482311077,12.421792251449832,12.48060125209314,143579
2006-09-08,12.568814277648926,12.588416790245777,12.336843925823537,12.48386714195751,133407
2006-09-11,12.447932243347168,12.552480459958383,12.28457356013904,12.487137278119041,122533
2006-09-12,12.67989730834961,12.73543921447288,12.08527103853236,12.480599280464125,399168
2006-09-13,12.71583080291748,12.794243735469685,12.611281197660272,12.676625793859973,200870
2006-09-14,12.617820739746094,12.712569133092114,12.581882799470801,12.709302047612542,140539
2006-09-15,12.588412284851074,12.706030232775094,12.425053700019118,12.679893558666944,433192
2006-09-18,12.43159008026123,12.562277845708772,12.340108790169845,12.562277845708772,349360
2006-09-19,12.457733154296875,12.480602757275424,12.150618313839313,12.431595007959025,224255
2006-09-20,12.54267692565918,12.696234322314563,12.464265413122007,12.578616324899162,194557
2006-09-21,12.304167747497559,12.62761780870435,12.20941939650521,12.578610091198604,241091
2006-09-22,12.072202682495117,12.271499981521462,11.944783444259864,12.25189747016807,248574
2006-09-25,12.199621200561523,12.248628930344143,11.925178788110209,12.023193519065984,264242
2006-09-26,12.124475479125977,12.261696678738216,11.96111687346334,12.150612885176375,233141
2006-09-27,12.418519973754883,12.418519973754883,12.029726732019286,12.08853570807567,432257
2006-09-28,12.209423065185547,12.496933831354243,12.206155980184711,12.415255249114308,321299
2006-09-29,12.121206283569336,12.366244149390587,12.111404302626532,12.212686824509921,330302
2006-10-02,12.046065330505371,12.264965870556344,11.980722168458042,12.12774464736931,227879
2006-10-03,12.095069885253906,12.229024716577984,11.983986101823561,12.003589336725788,290198
2006-10-04,12.385847091674805,12.40218397002646,11.980718447045836,12.039527420343289,433543
2006-10-05,12.575347900390625,12.594950412133059,12.3041725351913,12.362981527637734,300721
2006-10-06,12.441391944885254,12.559009919502433,12.29437020522328,12.510003644427778,406534
2006-10-09,12.392383575439453,12.44138984223182,12.160413293195138,12.418520251062048,311010
2006-10-10,12.54267692565918,12.581883410537408,12.362982843897834,12.37278410081257,221916
2006-10-11,12.510002136230469,12.643955519723207,12.372780210907806,12.496932340567245,292420
2006-10-12,12.725634574890137,12.741969996694644,12.532870768722097,12.588412660076134,261669
2006-10-13,12.843256950378418,12.853058206837316,12.709302073782489,12.755042727809899,136330
2006-10-16,12.882464408874512,12.911868180477617,12.761577865070429,12.817119779762288,161819
2006-10-17,12.758309364318848,12.853057754525679,12.70930162652977,12.807317102107927,183215
2006-10-18,12.941268920898438,12.99027518990684,12.784444488415085,12.820382419021245,186021
2006-10-19,13.016412734985352,13.065420458995158,12.859588309597727,12.921664371418478,148607
2006-10-20,12.947803497314453,13.065421461071407,12.892261600139289,13.065421461071407,89211
2006-10-23,12.911865234375,13.003346528483346,12.781177463188934,12.882461469480956,135745
2006-10-24,12.921666145324707,12.9935434703711,12.846521735377069,12.872658414587045,194440
2006-10-25,12.973942756652832,13.068691146340782,12.774644721216621,12.954340244532217,167665
2006-10-26,13.336599349975586,13.356201861976492,12.954340165423845,12.987011018758691,294758
2006-10-27,13.068692207336426,13.395409512519835,13.022951551455664,13.297394029520957,236999
2006-10-30,13.307191848754883,13.307191848754883,12.924932729582965,12.987008797521119,164040
2006-10-31,13.264720916748047,13.382340363590211,13.036019108345686,13.307194484450562,172926
2006-11-01,12.823650360107422,13.310459113074014,12.784445342282215,13.294123688980177,331237
2006-11-02,12.594947814941406,12.764840586666475,12.496932362002644,12.715832860197093,232088
2006-11-03,12.457733154296875,12.692969185239981,12.379320172502833,12.627626005224618,207769
2006-11-06,12.702766418457031,12.79098063071748,12.447927951427374,12.539407791573307,211978
2006-11-07,12.581881523132324,12.931468377298838,12.55574484194712,12.748507237345205,225190
2006-11-08,12.725634574890137,12.790977719326879,12.451192202480847,12.572077238271628,148373
2006-11-09,12.630889892578125,12.804049785792735,12.581882155672988,12.741973707637998,165209
2006-11-10,12.879194259643555,12.908599484798604,12.617820147450917,12.66029371391081,141007
2006-11-13,13.036022186279297,13.068694505430686,12.872663504961412,12.902068737919617,221682
2006-11-14,13.362736701965332,13.375805043953845,13.000081468468727,13.032752323440011,280260
2006-11-15,13.34967041015625,13.535900140969753,13.294128490955977,13.359471668152867,276401
2006-11-16,13.447687149047852,13.454221321650286,13.346404559270946,13.398679397310007,173277
2006-11-17,13.49342155456543,13.513024063278664,13.27452104505868,13.444413825563435,199350
2006-11-20,13.490151405334473,13.777662087245039,13.421539725986282,13.777662087245039,301773
2006-11-21,13.69925308227539,13.709054336172215,13.444413194863767,13.464015702657417,140773
2006-11-22,13.646980285644531,13.722126165742363,13.588171290083173,13.69272093935208,147204
2006-11-24,13.656779289245605,13.689450135004753,13.450947132087725,13.575099260410111,50744
2006-11-27,13.34312915802002,13.591433391056766,13.323526652428278,13.591433391056766,284352
2006-11-28,13.49342155456543,13.555497622709579,13.241848739984384,13.362733791487145,207067
2006-11-29,13.643706321716309,13.718852163929416,13.424805877146637,13.558760685272608,117856
2006-11-30,13.620841026306152,13.712322316422608,13.513024311961377,13.633909365688808,199818
2006-12-01,13.568567276000977,13.643711690565206,13.31699443705448,13.591436871714729,242611
2006-12-04,13.89201831817627,13.970429822774312,13.617575866254409,13.617575866254409,235596
2006-12-05,13.878946304321289,14.071708658110039,13.859342340444996,13.973693210384827,219812
2006-12-06,13.86588191986084,13.973698662985406,13.722127233840967,13.807072919721925,174446
2006-12-07,13.875679016113281,14.048838860701627,13.852807968129925,13.882213184903174,155739
2006-12-08,13.938482284545898,13.984756827369598,13.75007889406569,13.915344276020045,122182
2006-12-11,14.113665580749512,14.159940130972243,14.024423174246179,14.047559712243425,212329
2006-12-12,14.216127395629883,14.282233250442902,13.94839728312061,14.153326759846115,278974
2006-12-13,14.202911376953125,14.358259672913551,14.116972704345347,14.245879239028573,227996
2006-12-14,14.338418006896973,14.427661835275662,14.212816782993718,14.235953307418441,207418
2006-12-15,14.4309720993042,14.454108631819356,14.295453700460317,14.361561027530835,394492
2006-12-18,14.17977237701416,14.411143669037813,14.107056064322585,14.407838449107667,248691
2006-12-19,14.272317886352539,14.288843981838076,14.107052508813275,14.130189042493027,180760
2006-12-20,14.371478080749512,14.407835492520341,14.24587532649346,14.29876030875179,195843
2006-12-21,14.460715293884277,14.510295039127593,14.378083367963756,14.378083367963756,194089
2006-12-22,14.34834098815918,14.470638530974247,14.34834098815918,14.42766920372723,199935
2006-12-26,14.63920783996582,14.652428716638044,14.25248540347933,14.311982296960325,176083
2006-12-27,14.721839904785156,14.807778552260835,14.625985599730283,14.675565361854252,162988
2006-12-28,14.81108283996582,14.854050686773348,14.6061533659721,14.708618102968959,283183
2006-12-29,14.483856201171875,14.774722820639246,14.447497320903029,14.741669159101404,232088
2007-01-03,14.659040451049805,14.88710649072204,14.447500508678997,14.566491357705544,318493
2007-01-04,14.754890441894531,14.817691067472714,14.543350561487376,14.625982498018342,252783
2007-01-05,14.66234016418457,14.721835566354818,14.497074830549979,14.573096323815413,324924
2007-01-08,14.612764358520508,14.738365633180502,14.540048063858613,14.622680015852406,260500
2007-01-09,14.916853904724121,14.999485859723968,14.616070109346538,14.659039433575911,237116
2007-01-10,15.075509071350098,15.092035167746573,14.791251367962431,14.840831131379906,281195
2007-01-11,15.581214904785156,15.614267084883606,15.121776333369413,15.138303897646116,372861
2007-01-12,15.812588691711426,15.974548823807092,15.614269681234209,15.614269681234209,394258
2007-01-16,15.77623176574707,16.040656654365183,15.74648479503073,15.878696502225832,347139
2007-01-17,15.746479988098145,15.868776001054462,15.644015282898813,15.700205462437724,215135
2007-01-18,15.534941673278809,15.789449378160347,15.505193234483151,15.749786758736276,266346
2007-01-19,15.729950904846191,15.792752988466018,15.306872727299984,15.353145774263812,247288
2007-01-22,15.564690589904785,15.749788734008428,15.491974304279946,15.733261166281311,212329
2007-01-23,15.587831497192383,15.792760991649235,15.518418943116313,15.528336075290081,264358
2007-01-24,15.77292537689209,15.78614625178542,15.574606356580958,15.66715542928986,282715
2007-01-25,15.571303367614746,15.776231361087978,15.495280384833825,15.772926142204275,252316
2007-01-26,15.571303367614746,15.634104000632984,15.359763462146239,15.581219024265858,320714
2007-01-29,15.594444274902344,15.686993378066912,15.26391344843264,15.26391344843264,363624
2007-01-30,15.634102821350098,15.634102821350098,15.458920336816371,15.591133504875263,316505
2007-01-31,15.604358673095703,15.70351820786759,15.534947588446647,15.60105345355185,278974
2007-02-01,15.66716194152832,15.706826056922958,15.525034528892519,15.577919524675899,256525
2007-02-02,15.587831497192383,15.663853015670863,15.52172563665961,15.663853015670863,274063
2007-02-05,15.89853286743164,16.080325865370355,15.776236778285202,15.981166316354399,677441
2007-02-06,15.766319274902344,15.865478812325016,15.551474101895955,15.85556315342839,530120
2007-02-07,15.858875274658203,15.888622264293625,15.739882893429979,15.782852241576656,578642
2007-02-08,15.78284740447998,15.868786074435018,15.746489983846105,15.868786074435018,425826
2007-02-09,15.584519386291504,15.782836880192413,15.386200418163185,15.769616008777833,484872
2007-02-12,15.35976505279541,15.574608725168849,15.283742062141586,15.574608725168849,432257
2007-02-13,15.482060432434082,15.48206043243408,15.260604857109927,15.366374816150833,363741
2007-02-14,15.518421173095703,15.640718728017623,15.372988553870714,15.501895074144743,489081
2007-02-15,15.482060432434082,15.558081945520001,15.369680035231614,15.498586527837986,277220
2007-02-16,15.455617904663086,15.491976790424253,15.25399510893158,15.47875591350311,295459
2007-02-20,15.567992210388184,15.601045863974967,15.267210007080973,15.462223762210854,233374
2007-02-21,15.525038719177246,15.597755055170238,15.419268699062634,15.518426802969875,216538
2007-02-22,15.425869941711426,15.538250336785733,15.353152174855394,15.528334679731165,314050
2007-02-23,15.323407173156738,15.386207816801823,15.257301310068655,15.386207816801823,358597
2007-02-26,15.253995895385742,15.412650849303347,15.082120063865363,15.412650849303347,350529
2007-02-27,14.824300765991211,15.045756290843055,14.569791583636917,14.801164237698831,626112
2007-02-28,14.939990043640137,15.151529965725262,14.655733826173744,14.85735661660089,405015
2007-03-01,14.933379173278809,15.154834746386445,14.675564716418535,14.774724236305405,421383
2007-03-02,14.74496841430664,15.058971406499593,14.688776775768522,14.857347268701705,405950
2007-03-05,14.487639427185059,14.85526029831187,14.477613647343523,14.72158025255678,517493
2007-03-06,14.948838233947754,15.08586170616824,14.537770798487756,14.621320460075252,422319
2007-03-07,14.818498611450195,15.04575557601655,14.76502629681102,14.908733608216487,415420
2007-03-08,14.98226261138916,15.122626553748429,14.86863409020267,14.86863409020267,437519
2007-03-09,14.998970031738281,15.149361225400227,14.875315745896646,15.065810065387746,216421
2007-03-12,15.129304885864258,15.17275142001031,14.958862166307167,15.015677896760078,202858
2007-03-13,14.721583366394043,15.022364278263014,14.684820675265245,14.96220809588922,284352
2007-03-14,14.835217475891113,14.8987156095523,14.507699531237412,14.701537351404566,208470
2007-03-15,14.998970031738281,15.015681158101302,14.73829226084442,14.805133785094753,209289
2007-03-16,15.035728454589844,15.115936174089882,14.908732277631264,14.995623849539601,512582
2007-03-19,15.319801330566406,15.356562522880841,15.079175164232485,15.119279773721573,326327
2007-03-20,15.383310317993164,15.39667803375413,15.146027400829327,15.25631403706064,194206
2007-03-21,15.720842361450195,15.791024307461884,15.276354219041917,15.416719601665847,500539
2007-03-22,15.72419261932373,15.827795375311135,15.617247935117465,15.827795375311135,357661
2007-03-23,15.797710418701172,15.871235792272298,15.690765775871144,15.730870389582597,239220
2007-03-26,15.633950233459473,15.797707604861673,15.523662192746954,15.797707604861673,241910
2007-03-27,15.333168983459473,15.627265973953733,15.24961932879886,15.570451731792321,235830
2007-03-28,15.27970027923584,15.353224171586712,15.045759402173186,15.212860241589503,498084
2007-03-29,15.316458702087402,15.363247162580404,15.142674056399503,15.363247162580404,202507
2007-03-30,15.29975414276123,15.336515345579544,15.135995222040181,15.333173418050606,295109
2007-04-02,15.389986038208008,15.440116436406168,15.242938261387557,15.373276402342247,341409
2007-04-03,15.470196723937988,15.530352909303186,15.356566717580371,15.373277845615885,347256
2007-04-04,15.389986038208008,15.470195271565416,15.349882912130184,15.440116436406168,250328
2007-04-05,15.069157600402832,15.339861253494115,15.069157600402832,15.339861253494115,264358
2007-04-09,15.08251667022705,15.146014757688262,15.008991313713713,15.042412065819814,243897
2007-04-10,15.222887992858887,15.252966833521224,15.055787131826623,15.055787131826623,215018
2007-04-11,15.055784225463867,15.273015451931693,14.988944192073966,15.239594689936311,250445
2007-04-12,15.092544555664062,15.129305748452332,14.932127606240632,15.022361115503378,188360
2007-04-13,15.09922981262207,15.206174455513302,15.022362512081065,15.139334426356475,590217
2007-04-16,15.115943908691406,15.309781690117756,15.07584077372144,15.139338894691765,409691
2007-04-17,15.162726402282715,15.236250277960721,15.042414063682113,15.139332916121727,265762
2007-04-18,15.019027709960938,15.156051250805135,14.982266496316122,15.105920832506182,233725
2007-04-19,14.918761253356934,15.062467092132641,14.838552026067488,14.848579297429245,213615
2007-04-20,15.019027709960938,15.219549383156746,14.95887150612249,15.219549383156746,243897
2007-04-23,15.022366523742676,15.092549989170285,14.945500693275735,14.972237606438911,192101
2007-04-24,14.958861351013184,15.142673256858938,14.825181320034876,15.022359440257903,238753
2007-04-25,15.129304885864258,15.166067567157157,14.861944809335876,15.042413308172698,221448
2007-04-26,14.648059844970703,14.861949161306276,14.287121251004178,14.861949161306276,526963
2007-04-27,14.932125091552734,15.196144702845015,14.537767382941658,14.537767382941658,708191
2007-04-30,14.501009941101074,15.12262480823074,14.501009941101074,14.988944736594588,512816
2007-05-01,14.641373634338379,14.791763324575571,14.37735395880531,14.791763324575571,504397
2007-05-02,14.928788185119629,15.182782103651311,14.648058849164023,14.671452339409957,374615
2007-05-03,14.988944053649902,15.112598337869393,14.942155583528809,14.972234418106959,291016
2007-05-04,15.072488784790039,15.119277239585012,14.95886031911669,15.055779154720534,283767
2007-05-07,14.992286682128906,15.135994026323708,14.908737009904705,15.109257117603338,463943
2007-05-08,14.96555233001709,15.002313532549861,14.791766137458065,14.831870758094842,208236
2007-05-09,15.186115264892578,15.266324459939641,14.855255689173823,14.892018361120407,271491
2007-05-10,14.882004737854004,15.273020783883203,14.875320881241704,15.105919896771567,287977
2007-05-11,15.109262466430664,15.115946323326678,14.87866344111241,14.938819643777979,190231
2007-05-14,14.838556289672852,15.166074165576417,14.81182086662825,15.146022598292964,429568
2007-05-15,14.664763450622559,15.099225759416925,14.648053820469045,14.881994605019742,372978
2007-05-16,14.624665260314941,14.78508225192986,14.517720599238329,14.724926066399393,274063
2007-05-17,14.390719413757324,14.611292514887301,14.343930954335736,14.611292514887301,298499
2007-05-18,14.474278450012207,14.614642414252042,14.243677953444495,14.414122252394947,398116
2007-05-21,14.674795150756836,14.871974828542042,14.414118852764085,14.444196199178185,337668
2007-05-22,14.828526496887207,14.902050380982633,14.6146372079542,14.674793384141509,273946
2007-05-23,14.641373634338379,14.982259118423773,14.634689780603459,14.845235645055677,284001
2007-05-24,14.410772323608398,14.765026983544841,14.357301497082831,14.628003518771122,391802
2007-05-25,14.366836547851562,14.620368203652077,14.305988890150044,14.458107280536389,371575
2007-05-29,14.53923511505127,14.657550061276892,14.420920168825646,14.424300509704404,357311
2007-05-30,14.853606224060059,14.860368409850272,14.45471566459156,14.45471566459156,358948
2007-05-31,14.799522399902344,14.951640688089402,14.711630560196754,14.91445544702413,238870
2007-06-01,14.88403606414795,14.951644376435027,14.72515555024604,14.870514703237387,492588
2007-06-04,15.249127388000488,15.306594694773594,14.806290639415183,14.873898969548012,439974
2007-06-05,14.623743057250977,15.34377516219271,14.616982376458532,15.201797850082702,492471
2007-06-06,14.322881698608398,14.488522860463796,14.275555436973432,14.485142520899439,375433
2007-06-07,13.951032638549805,14.24175086344402,13.951032638549805,14.197804945008025,488262
2007-06-08,14.136957168579102,14.221467157466613,13.880043847202762,13.89356520418735,386775
2007-06-11,14.265422821044922,14.35331471695712,13.978086250154826,14.052455272110246,405482
2007-06-12,13.94089126586914,14.282314571345092,13.869902634961717,14.18428322684772,349009
2007-06-13,14.262033462524414,14.295838364441412,13.76510999842782,13.84286082051674,399987
2007-06-14,14.258654594421387,14.552751692830963,14.170762745008195,14.248513575120032,388178
2007-06-15,15.02601432800293,15.31673265253666,14.873895992583742,15.211939083324282,851419
2007-06-18,14.674448013305664,15.042915629012223,14.657546313233768,15.029394268954704,260617
2007-06-19,14.603452682495117,14.671060959578243,14.424290220518113,14.589931328625187,306918
2007-06-20,14.407394409179688,14.765721024632503,14.407394409179688,14.654166782528804,348892
2007-06-21,14.488525390625,14.566274721916704,14.207949619116002,14.366830129588317,376953
2007-06-22,14.370211601257324,14.461483808088751,14.26203769232169,14.42429855572514,383267
2007-06-25,14.062589645385742,14.370209627844005,13.991600998562353,14.336404720543552,307736
2007-06-26,14.451339721679688,14.870513950564705,14.353308352305712,14.637264455726386,625995
2007-06-27,14.78938102722168,14.829946610843905,13.890186554622128,14.305980394348396,607989
2007-06-28,14.769100189208984,15.015871035180815,14.758959169413014,14.829947815718945,340006
2007-06-29,14.552752494812012,15.046295697616245,14.522329435231379,14.8502314571164,386424
2007-07-02,14.86375617980957,14.86375617980957,14.387114568933642,14.721777346441904,588347
2007-07-03,14.951645851135254,15.026014851212725,14.88403753217988,14.907699916107214,109672
2007-07-05,15.042917251586914,15.090243524627153,14.938123684369456,15.009112340062646,256174
2007-07-06,15.053058624267578,15.117286600702739,14.782623848960815,15.009112690580034,238753
2007-07-09,14.938117980957031,15.053052525429159,14.782617859690694,15.053052525429159,174914
2007-07-10,14.468240737915039,14.826565776031522,14.46148005882612,14.75895747740837,320013
2007-07-11,14.593314170837402,14.623737222264362,14.319499169326058,14.46147793251976,363508
2007-07-12,14.98544979095459,14.988830131296035,14.600080437889625,14.701493663601614,350529
2007-07-13,15.178135871887207,15.205180106198663,14.904320726623201,15.02601601168842,560169
2007-07-16,14.948262214660645,15.25250033674616,14.904316289322157,15.09700168975472,269503
2007-07-17,15.032777786254883,15.167994430877412,14.965167956209125,15.056440171356753,198181
2007-07-18,14.941500663757324,15.026010661956526,14.627120032822784,14.934739984520109,243079
2007-07-19,15.09362506866455,15.188277622293205,14.941505216275882,15.053059473147348,327847
2007-07-20,14.529088020324707,15.076716583425952,14.346543658223696,15.05981488609583,498084
2007-07-23,14.573039054870605,14.792765720467159,14.542614481266323,14.569657206483946,279792
2007-07-24,14.055832862854004,14.424300574433973,13.967942491877345,14.414159551752192,476336
2007-07-25,14.045683860778809,14.451335091740338,13.68397854420709,14.147097045452618,473530
2007-07-26,14.241752624511719,14.36682820898255,13.180297310892973,14.36682820898255,1063163
2007-07-27,14.366836547851562,14.863760342193064,14.282324990761452,14.458107280536389,1001780
2007-07-30,14.735292434692383,14.88065154688103,14.153859001405475,14.417533003818768,761507
2007-07-31,14.769100189208984,15.097002209016853,14.742057469753062,14.890795442228905,776005
2007-08-01,15.249127388000488,15.293071822559295,14.704877390348603,14.840094050614265,1310100
2007-08-02,15.573638916015625,15.614204494376267,15.134182755687812,15.269400847645349,1072400
2007-08-03,15.286306381225586,15.627729774448786,15.262644000753049,15.533077237090248,1216680
2007-08-06,15.566880226135254,15.566880226135254,15.100381292464327,15.34377177825194,833179
2007-08-07,15.560129165649414,15.641258875152623,15.21532526172463,15.435053505786787,918883
2007-08-08,15.597304344177246,15.641248758378437,15.05643493820755,15.634488079270561,1053108
2007-08-09,14.363448143005371,15.282924683427915,14.180905272374552,14.488523729859779,1110399
2007-08-10,15.16122817993164,15.884640430705497,13.538621501854548,14.333022389590782,733563
2007-08-13,15.127425193786621,15.414761625259144,14.968546202298501,15.347153319218691,346437
2007-08-14,14.579792022705078,15.211931975311044,14.579792022705078,15.127420488248042,357194
2007-08-15,14.096391677856445,15.245737183395306,14.045685081113986,14.620357833883416,469087
2007-08-16,15.134195327758789,15.188283815660505,13.920620877638859,14.093022844219714,885209
2007-08-17,15.478994369506836,15.888026139818876,15.134189071155518,15.134189071155518,782319
2007-08-20,15.522937774658203,15.65477557372379,15.19503570879913,15.485754030184154,546840
2007-08-21,15.607449531555176,15.651395465228196,15.25588507763975,15.296449163121581,303410
2007-08-22,15.742661476135254,15.888020595684445,15.546597264836963,15.722379439435613,318376
2007-08-23,15.485751152038574,15.854217234296184,15.401239642108695,15.739282666360078,453069
2007-08-24,15.546600341796875,15.597306951315675,15.24912287265624,15.431665762283389,293238
2007-08-27,15.174756050109863,15.566886153029584,15.174756050109863,15.482376121851544,330302
2007-08-28,14.495285034179688,15.127425182967116,14.495285034179688,15.059816876975018,340357
2007-08-29,15.288615226745605,15.288615226745605,14.573937570290912,14.573937570290912,380227
2007-08-30,15.435647010803223,15.521133879850241,15.049242580308329,15.155247457049938,385839
2007-08-31,15.401453018188477,15.671594359969152,15.220219494013437,15.545072986975484,344216
2007-09-04,15.37067985534668,15.510880438187359,15.233900212482196,15.415133773084587,279792
2007-09-05,15.134730339050293,15.29202795653175,14.929560926179219,15.250993463892602,484287
2007-09-06,14.93982219696045,15.230480067994442,14.833817292495821,15.203124750797194,350179
2007-09-07,14.39953899383545,14.820137614572813,14.365343326835589,14.727810381286897,406067
2007-09-10,14.139654159545898,14.508961522328628,13.862674018749416,14.437150782933882,406418
2007-09-11,14.190950393676758,14.35508687040627,13.978940587255812,14.173853320630755,529068
2007-09-12,14.361924171447754,14.430313981517392,14.139656144849578,14.139656144849578,490951
2007-09-13,14.471346855163574,14.697034270704078,14.365341975117301,14.423473535933423,512699
2007-09-14,14.296954154968262,14.416636707056314,14.184110431552382,14.290115326296087,441026
2007-09-17,14.09178352355957,14.320890390082969,14.054168439820826,14.259339405432096,653121
2007-09-18,14.830398559570312,15.045827793052082,14.019975898071259,14.091785134177611,734615
2007-09-19,15.121051788330078,15.483520322393321,14.967173593911847,15.080017298119435,508723
2007-09-20,14.820138931274414,15.131313275453568,14.727811689785645,15.131313275453568,226008
2007-09-21,15.339903831481934,15.421971305263758,14.881690083723823,14.99453381340045,1328808
2007-09-24,15.312548637390137,15.541653987933675,15.165509236120295,15.398035526379505,538188
2007-09-25,15.357002258300781,15.387778516909453,14.95692004736439,15.274934777282196,291367
2007-09-26,15.569005966186523,15.606621039682976,15.346737989017,15.46300109782917,331354
2007-09-27,15.599790573120117,15.668181936482672,15.281777291685536,15.59295174181648,526262
2007-09-28,15.398029327392578,15.637394350393608,15.264669163186174,15.637394350393608,379643
2007-10-01,15.387782096862793,15.47668842822001,15.168933396347986,15.380943265617091,420916
2007-10-02,15.421977043151855,15.428815874747908,15.271519697712376,15.343328954634089,225424
2007-10-03,15.387782096862793,15.387782096862793,15.100543558727878,15.357005831094051,227762
2007-10-04,15.534812927246094,15.60662214065774,15.411709457617542,15.476679843576864,238168
2007-10-05,15.760501861572266,15.873345586718667,15.603205749375032,15.71262853497038,396596
2007-10-08,15.811799049377441,17.090695469093262,15.524560534147428,15.678438800394458,420565
2007-10-09,15.722886085510254,16.037479790692302,15.722886085510254,15.982767643030776,529068
2007-10-10,15.524559020996094,15.74682709774563,15.387779369994599,15.722891192627351,490250
2007-10-11,15.3467378616333,15.70236601208784,15.175762613319145,15.589522317697254,391686
2007-10-12,15.302284240722656,15.47667890567516,15.18602113075432,15.394611456058392,219227
2007-10-15,15.13814926147461,15.384354684152937,15.02530555425271,15.244154141005763,302942
2007-10-16,14.888528823852539,15.295449826130673,14.768846265839121,15.189444926138771,267398
2007-10-17,14.963754653930664,15.062920706261853,14.532897831145243,15.062920706261853,270438
2007-10-18,14.99795150756836,15.121053466701834,14.70729368040254,14.885107790835605,347723
2007-10-19,14.481607437133789,15.004791569031084,14.481607437133789,14.98427508254346,381396
2007-10-22,14.710710525512695,14.785939148476082,14.190945941517535,14.47134547731471,308788
2007-10-23,14.898792266845703,14.956923858886862,14.532905636105209,14.809885933516167,335096
2007-10-24,14.912467002868652,15.025309212401485,14.666261520247712,14.809881512206816,417642
2007-10-25,15.415125846862793,15.633974383047574,14.997946777986764,15.124468111355485,592790
2007-10-26,15.596364974975586,15.729725169816662,15.445906185162375,15.729725169816662,549412
2007-10-29,15.763921737670898,15.993028609062547,15.582688194283302,15.695531922734785,523105
2007-10-30,16.0169677734375,16.105874084951733,15.72972929941128,15.72972929941128,688782
2007-10-31,16.2973690032959,16.314466079257617,15.818637149901793,16.10245623668076,634414
2007-11-01,15.497203826904297,16.085358466222296,15.497203826904297,16.085358466222296,619915
2007-11-02,15.500626564025879,15.702376670390974,15.23048509178342,15.681860175725655,496330
2007-11-05,15.490365028381348,15.596369945308957,15.213384783381455,15.213384783381455,365963
2007-11-06,15.822054862976074,15.845992291910207,15.387778504127152,15.507461073309646,403261
2007-11-07,15.052668571472168,15.729731092835507,15.052668571472168,15.729731092835507,398350
2007-11-08,15.363842010498047,15.394616742736908,14.87143256821227,15.182606931107422,569873
2007-11-09,15.216803550720215,15.394617701327077,14.984277236452566,15.06976413426849,491302
2007-11-12,15.093700408935547,15.463006341517703,15.049246493394369,15.175767885566257,573264
2007-11-13,15.336488723754883,15.418556220582936,15.114220616510014,15.165513373963678,480195
2007-11-14,15.097123146057129,15.449332082928631,15.049249805335792,15.449332082928631,484521
2007-11-15,15.186025619506836,15.271514033073728,14.922724600072,15.049245987994915,421033
2007-11-16,14.85433292388916,15.268094273941122,14.64574406679949,15.268094273941122,653939
2007-11-19,14.567090034484863,14.854328386568731,14.423471621023975,14.775680353022254,484053
2007-11-20,14.471346855163574,14.8851066086004,14.160171042748738,14.519220174393725,574316
2007-11-21,14.379019737243652,14.584190671134387,14.067845447682497,14.396116806680446,415304
2007-11-23,14.943243980407715,14.987697903062708,14.457674821883142,14.567097633180447,189061
2007-11-26,14.242238998413086,14.963753573194818,14.242238998413086,14.909041430187285,593725
2007-11-27,14.567090034484863,14.580769213279021,14.276432268992979,14.279851682400995,522403
2007-11-28,15.439068794250488,15.439068794250487,14.567093750193289,14.707294311169978,525677
2007-11-29,15.500626564025879,15.551919325852328,15.268100190499656,15.387782793040321,498551
2007-11-30,15.698953628540039,15.729729888592605,15.521139473688526,15.627144388634441,779396
2007-12-03,15.58611011505127,15.760504857504554,15.452749878223115,15.760504857504554,389932
2007-12-04,15.333063125610352,15.558750557338684,15.312546640966831,15.39119469059606,484404
2007-12-05,15.473261833190918,15.630559454347129,15.278350657635576,15.586105546713055,404430
2007-12-06,16.119543075561523,16.119543075561523,15.408285407432977,15.483515537095759,510010
2007-12-07,16.14006805419922,16.24265353948109,15.873346097498873,16.1879413823416,407470
2007-12-10,16.464921951293945,16.464921951293945,16.09903391561568,16.21529706149567,310075
2007-12-11,15.671598434448242,16.543572140767164,15.661340189402631,16.464924070254686,559233
2007-12-12,15.951990127563477,16.58459836634068,15.777595473365286,16.003282852346715,543917
2007-12-13,16.017681121826172,16.07645522837984,15.633920053377919,15.865559269914167,253017
2007-12-14,15.288192749023438,16.000398124869363,15.288192749023438,15.85864787495946,352049
2007-12-17,15.122241020202637,15.357337475604373,14.970120691425375,15.18447234416071,341877
2007-12-18,15.613179206848145,15.675410532692212,15.008150457448936,15.329680259327125,370874
2007-12-19,15.820613861083984,15.941620824811734,15.443768757371334,15.443768757371334,603663
2007-12-20,15.98656940460205,16.05917237126853,15.599351012346121,16.000399789412526,397999
2007-12-21,16.197465896606445,16.249325600597675,16.069546013037822,16.07646043463387,633946
2007-12-24,16.653831481933594,16.653831481933594,16.06263296471823,16.197467281410574,202273
2007-12-26,16.4049015045166,16.59505424718004,16.2182075143208,16.59505424718004,227879
2007-12-27,15.609718322753906,16.380696064933957,15.599345152537467,16.370324436737768,325976
2007-12-28,15.426482200622559,15.837902512415559,15.384995682071706,15.71689708260131,249393
2007-12-31,15.364248275756836,15.623546682837759,15.21212798282155,15.398821910707694,293121
2008-01-02,15.246700286865234,15.523284744241204,15.035805891007488,15.315847557724394,480896
2008-01-03,14.966669082641602,15.454148226423905,14.9493814836129,15.26745418467884,372394
2008-01-04,14.745396614074707,15.077298053361952,14.627848380413054,14.793799100056676,502176
2008-01-07,15.18101978302002,15.426487943915737,14.735027206391269,14.783429704741348,492121
2008-01-08,14.392753601074219,15.609724145833313,14.378923216299738,15.26399382486695,665982
2008-01-09,14.088506698608398,14.351262363033856,13.511137220877933,14.351262363033856,818564
2008-01-10,14.378914833068848,14.703901700430068,13.874150030683023,13.901807700065293,824761
2008-01-11,14.240630149841309,14.572531591814958,14.081593849476352,14.119624704917287,460552
2008-01-14,14.382376670837402,14.53795573724695,14.036646440163132,14.309773723321115,432725
2008-01-15,13.856870651245117,14.261375099645111,13.829212965484151,14.223345781723783,689250
2008-01-16,14.088506698608398,14.372005622585675,13.81192373650221,13.81192373650221,599337
2008-01-17,13.386677742004395,14.047023497983657,13.386677742004395,14.047023497983657,657915
2008-01-18,13.331356048583984,13.794634458090234,13.08934521532316,13.414332160686167,745956
2008-01-22,13.559536933898926,13.763518445934318,12.792016440891869,12.802388068550583,604833
2008-01-23,14.510298728942871,14.551785248284627,13.231095582767436,13.355559766854178,852121
2008-01-24,13.8672456741333,14.575992470494441,13.673635679912138,14.506846704853045,712283
2008-01-25,13.836121559143066,14.499922700042097,13.687456934732973,14.033187113248353,585073
2008-01-28,14.4791841506958,14.4791841506958,13.441993278026631,13.811925583650636,610094
2008-01-29,14.728108406066895,14.842200966705402,14.382378140074424,14.531042802099831,633829
2008-01-30,14.358179092407227,15.263992910865156,14.358179092407227,14.658964114392493,806989
2008-01-31,14.842203140258789,15.035811562439978,14.17494298152835,14.17494298152835,739643
2008-02-01,15.170642852783203,15.250161765888015,14.645133060785682,14.769595703361345,510477
2008-02-04,14.493011474609375,16.249321970267708,14.361634409594235,14.416951312024903,877609
2008-02-05,13.597569465637207,14.382376102185365,13.597569465637207,14.382376102185365,1093212
2008-02-06,13.518049240112305,13.874152593322949,13.362471737061082,13.697828750363197,913855
2008-02-07,13.770442962646484,13.801557868440108,13.338279157120203,13.563004089270462,771211
2008-02-08,13.44544506072998,13.912180610816291,13.310610826000177,13.801546839030788,748762
2008-02-11,13.801556587219238,14.019367075640101,13.483485425193873,13.483485425193873,761974
2008-02-12,13.97095775604248,14.199139767417565,13.79809264263773,13.79809264263773,515154
2008-02-13,14.240630149841309,14.503385843575611,14.026276942480743,14.181856032534766,511413
2008-02-14,14.01936149597168,14.292488800652299,13.964044593023967,14.285574380536403,445002
2008-02-15,14.136911392211914,14.168027828430294,13.808467145778991,13.915643754279028,448275
2008-02-19,14.306319236755371,14.52067245234145,14.240630696306251,14.34435009365569,719649
2008-02-20,14.856027603149414,14.862942022400938,14.399663596386036,14.413492434889084,914790
2008-02-21,14.392753601074219,15.174103262926534,14.378923216299738,14.973580416936041,683637
2008-02-22,14.472270965576172,14.524130667839529,14.192229190162378,14.43424010604416,642130
2008-02-25,15.066923141479492,15.066923141479492,14.413493511192858,14.634761111845814,725144
2008-02-26,15.146448135375977,15.35734264904792,14.977040156971315,15.101502846815334,864047
2008-02-27,15.10495376586914,15.478341679860286,14.99086275736844,15.049636866534849,540994
2008-02-28,14.655505180358887,15.032351872657532,14.565616176393158,14.99432101981402,431205
2008-02-29,14.268285751342773,14.638217994803869,14.261371331729352,14.527584196948254,581565
2008-03-03,14.604349136352539,14.663858679385948,14.173780457067426,14.46432723320884,822189
2008-03-04,14.411808967590332,14.621841681500912,14.18777282370076,14.481819872227193,871296
2008-03-05,14.453821182250977,14.698860214706206,14.23328542851524,14.443318215770407,600740
2008-03-06,13.848222732543945,14.436317024599235,13.848222732543945,14.401312341331089,607756
2008-03-07,13.907731056213379,14.184275836761731,13.739703907069375,13.83772013439877,874686
2008-03-10,13.57168197631836,13.981247821926477,13.57168197631836,13.981247821926477,582735
2008-03-11,14.303292274475098,14.303292274475098,13.676691437342132,13.914729465068241,787112
2008-03-12,14.10376262664795,14.520329224709204,14.061755451666828,14.394307699765841,754492
2008-03-13,14.313794136047363,14.520327963899158,13.70469717762606,14.1457670120276,663995
2008-03-14,14.184280395507812,14.485328548986203,13.774714575748117,14.46432573408611,908710
2008-03-17,14.152772903442383,14.331299911478903,13.82721997981097,13.851723258200085,983774
2008-03-18,14.569336891174316,14.569336891174316,14.02675028787856,14.432815513660625,678844
2008-03-19,14.583340644836426,14.842381533253041,14.544833933863025,14.614844858193328,991140
2008-03-20,14.915892601013184,15.024408661280642,14.639347845495394,14.807374979430959,1045157
2008-03-24,15.318458557128906,15.55649665008011,14.97540485241074,14.97540485241074,541111
2008-03-25,15.269445419311523,15.31145258699805,15.017405535821453,15.20293654255588,388295
2008-03-26,14.96139907836914,15.279951016155467,14.877386289828623,15.279951016155467,390984
2008-03-27,14.64985179901123,15.08042033127485,14.64985179901123,14.99640753033867,392738
2008-03-28,14.394309997558594,14.730364328422974,14.359305313915467,14.653352463093034,314751
2008-03-31,14.446816444396973,14.726861678635458,14.352302251245428,14.481822684169844,551984
2008-04-01,14.989404678344727,14.989404678344727,14.492324188934992,14.614843687023589,512114
2008-04-02,14.957901000976562,15.12942863458515,14.800376802124946,15.010409587698788,382683
2008-04-03,15.188940048217773,15.223946297493967,14.768872863479718,14.884391456381328,468269
2008-04-04,14.835379600524902,15.160932484570077,14.789871956306513,15.160932484570077,570107
2008-04-07,14.83887767791748,15.024407131503288,14.670850561090349,14.894886716859856,268217
2008-04-08,14.831878662109375,14.91589301204972,14.656850587934267,14.709359166318281,310659
2008-04-09,14.159770965576172,14.940395544309089,14.145767533738724,14.831877925128579,402208
2008-04-10,14.348796844482422,14.429309138538072,14.107258401001175,14.131761667487677,365144
2008-04-11,14.219285011291504,14.401315651384657,14.100267499509322,14.191281258240496,425242
2008-04-14,14.065256118774414,14.324296985313131,14.065256118774412,14.205277955609153,250211
2008-04-15,14.397812843322754,14.397812843322754,14.072259899098594,14.072259899098594,372627
2008-04-16,15.101431846618652,15.101431846618652,14.453827727041027,14.48183148682931,405599
2008-04-17,15.423479080200195,15.447983925276494,14.880892316513009,15.069922332329039,789100
2008-04-18,15.801532745361328,16.51214635369042,15.584497524249029,15.77702791257935,1500331
2008-04-21,15.612508773803711,15.714025498491711,15.325464067552716,15.714025498491711,530120
2008-04-22,15.395468711853027,15.595000049255967,15.206437215948986,15.552994438001488,497148
2008-04-23,15.475982666015625,15.749026974641746,15.262447874279758,15.433975489000478,375667
2008-04-24,15.934561729431152,16.18660175221989,15.262452920240644,16.18660175221989,583319
2008-04-25,16.23210334777832,16.270610055162763,15.885547665262793,16.011567629574838,522871
2008-04-28,16.4736385345459,16.48413993589132,16.141086352034936,16.35461953000208,581098
2008-04-29,15.945051193237305,16.449132422549713,15.857537969165378,16.37562106451902,486508
2008-04-30,15.686017036437988,16.207600818101756,15.637008923327013,16.046574606827093,627983
2008-05-01,15.962559700012207,16.039573115655777,15.651010253518178,15.696517897068498,480312
2008-05-02,15.794537544250488,16.176099591102556,15.763033323527527,16.00107145869567,524508
2008-05-05,15.80504322052002,15.903059491082955,15.654518345106627,15.68252366297415,318727
2008-05-06,15.770031929016113,15.857546762933435,15.535494297506231,15.73852771295275,446638
2008-05-07,15.349963188171387,15.931056503794856,15.335961315822614,15.850544176474472,374498
2008-05-08,15.503985404968262,15.703516730463466,15.311453452949703,15.335958286033792,335563
2008-05-09,15.514491081237793,15.595003414832396,15.311457671098708,15.37446766289341,216772
2008-05-12,16.06757354736328,16.06757354736328,15.398967148611353,15.503984285527126,287860
2008-05-13,16.046571731567383,16.246103054929367,15.90654835329502,16.134084976837325,278038
2008-05-14,15.955565452575684,16.249612683007793,15.868052157970116,16.03257890050193,306450
2008-05-15,16.16559600830078,16.17259694529689,15.791036511118303,15.997568836448838,244833
2008-05-16,16.305620193481445,16.41763832400565,16.08158393243303,16.176099717973873,411211
2008-05-19,16.137592315673828,16.375632003964032,16.0570799708377,16.351127160707627,438220
2008-05-20,16.27760887145996,16.33011744330581,16.071075051445316,16.113082221184918,377421
2008-05-21,15.952052116394043,16.445631945870325,15.92754885083704,16.351116227521995,389113
2008-05-22,16.151594161987305,16.274113682259387,15.896052154615857,15.945060274987714,279909
2008-05-23,15.969562530517578,16.211102648384806,15.903053633205257,16.081580638094692,360234
2008-05-27,16.334199905395508,16.44748446796955,15.97310437533641,16.036828323380387,289263
2008-05-28,16.468721389770508,16.497041735184233,16.15010803006633,16.3660569797125,443482
2008-05-29,17.00328826904297,17.035148669155067,16.458107211975612,16.458107211975612,486976
2008-05-30,17.113025665283203,17.2404703704938,16.833354375035952,17.049303312677903,653004
2008-06-02,16.96788215637207,17.116567131828212,16.83335577504667,17.09886691545645,342345
2008-06-03,17.13780975341797,17.14134979718021,16.886460330431134,17.077627430492942,416940
2008-06-04,17.23339080810547,17.33605521557562,17.045763787569165,17.109486142110427,601910
2008-06-05,17.658212661743164,17.658212661743164,17.109491597522833,17.240476391457733,488145
2008-06-06,16.97850227355957,17.636967690732455,16.93248013206057,17.541383364462735,449912
2008-06-09,16.96788215637207,17.21569150144342,16.712991145785345,16.946640317759286,615940
2008-06-10,17.1413516998291,17.159053499572064,16.677594862731098,16.780257722198378,616992
2008-06-11,16.861671447753906,17.215685117717822,16.822729407209405,17.141341078590496,458798
2008-06-12,17.19445037841797,17.392699125898968,16.964341240141852,16.974961370406888,504982
2008-06-13,17.6051025390625,17.6051025390625,17.113023981535303,17.360833281614713,380461
2008-06-16,17.81751823425293,17.838758498174514,17.410402122986977,17.65113142996622,501241
2008-06-17,17.3254337310791,17.87769624952381,17.321895266912513,17.810433851026474,382566
2008-06-18,17.244007110595703,17.576780560769787,17.0882405124143,17.173204685591877,369003
2008-06-19,17.491825103759766,17.491825103759766,17.074088851216576,17.208615262621148,403378
2008-06-20,17.024520874023438,17.43163685611774,16.9962005311136,17.421016727526553,628568
2008-06-23,16.762556076049805,17.208614233409246,16.74839590063317,17.137810198392213,351582
2008-06-24,16.755474090576172,17.049305592025938,16.458102545673203,16.635109455233703,452835
2008-06-25,16.921863555908203,17.24047541210599,16.705914555116536,16.83335929759565,360351
2008-06-26,16.32357406616211,16.847513011162768,16.295252145937905,16.815652627247733,462306
2008-06-27,16.07930564880371,16.44393957119391,15.973101195164503,16.266932674784105,1105722
2008-06-30,15.973105430603027,16.341281072775736,15.781938310742442,15.781938310742442,533160
2008-07-01,16.26693344116211,16.291715323627667,15.61200805148725,15.771314739451418,569406
2008-07-02,15.6332426071167,16.341269896245233,15.6332426071167,16.213825236836655,482533
2008-07-03,15.452699661254883,15.884595911864157,15.449159618649599,15.682808746463841,321767
2008-07-07,14.90751838684082,15.629706001571739,14.819014166759274,15.434997348978865,872699
2008-07-08,16.114713668823242,16.118253713333516,14.794242329211796,14.794242329211796,726781
2008-07-09,14.925223350524902,16.206753875658993,14.875661160977705,16.10054940933883,682936
2008-07-10,15.346498489379883,15.62970985287383,14.868580004281782,14.978324506321105,634647
2008-07-11,15.71113395690918,16.01558561015905,15.031428197392447,15.176573147128938,565430
2008-07-14,15.3146333694458,16.082844725673755,15.22613072473073,15.813793590965835,654641
2008-07-15,15.0668306350708,15.71113604311674,15.031430193345079,15.105772699936168,670893
2008-07-16,16.327116012573242,16.327116012573242,14.868580231483742,15.088067659949598,671478
2008-07-17,16.645729064941406,16.6952912507028,15.85981891634417,16.408539845128576,654758
2008-07-18,16.656347274780273,16.77671189248197,16.288173335806434,16.71652958363112,524040
2008-07-21,16.53598403930664,16.812115306101845,16.309414956702028,16.76963320837182,498084
2008-07-22,17.09532356262207,17.09532356262207,16.206749188282647,16.454558485379486,630789
2008-07-23,17.07408905029297,17.44580473431374,16.645732660557687,17.04576869743571,800325
2008-07-24,15.700518608093262,17.197997024548755,15.636796223071794,17.134274639527288,772264
2008-07-25,15.990801811218262,16.2527713038467,15.668648430860031,15.937699588313427,788749
2008-07-28,15.583691596984863,16.28109926010235,15.551831198814252,15.966025848834807,575836
2008-07-29,16.390836715698242,16.390836715698242,15.629707005754177,15.629707005754177,885443
2008-07-30,16.64218521118164,16.751929687604616,16.06160244627925,16.46163830515342,619448
2008-07-31,16.667238235473633,16.892713366787664,16.30576289008744,16.64576502155196,607054
2008-08-01,16.796085357666016,16.989349106905987,16.223450252935283,16.5312410231214,495745
2008-08-04,16.55271339416504,16.79608449843892,16.280712930545807,16.79608449843892,544151
2008-08-05,17.085981369018555,17.111035054499034,16.67082128835098,16.81398087261003,568938
2008-08-06,16.989343643188477,17.132501575189835,16.871237790587994,17.08597468859003,365495
2008-08-07,16.30576515197754,16.856925418979603,16.1769226580066,16.856925418979603,468736
2008-08-08,17.017980575561523,17.15040194867222,16.284293122551674,16.284293122551674,550932
2008-08-11,17.425975799560547,17.640714281857683,16.957131283819923,17.021552509252302,574433
2008-08-12,16.949974060058594,17.497555290942447,16.799656798646087,17.37229170457395,536317
2008-08-13,16.871238708496094,17.03945032533405,16.635026990443635,16.645763596485295,367834
2008-08-14,17.10746192932129,17.24704109428155,16.731669291198582,16.8390386163765,325274
2008-08-15,17.014408111572266,17.590622320199717,16.821144283760873,17.250619988770097,383501
2008-08-18,16.49903106689453,17.121771998187363,16.416715461645936,17.121771998187363,413433
2008-08-19,16.309337615966797,16.452497127929746,15.976494903313268,16.320074220200183,548126
2008-08-20,16.20197296142578,16.531238495369863,15.869130154676306,16.30934222668077,515388
2008-08-21,16.130395889282227,16.30934415375662,15.937132146758128,15.9800801771916,423137
2008-08-22,16.49187469482422,16.516928382871434,16.091031648915557,16.327241874387795,508256
2008-08-25,15.9371337890625,16.48471524745063,15.901345090250246,16.42745173306651,378473
2008-08-26,15.96219253540039,16.22345812711548,15.772507563732152,15.93714043578362,476219
2008-08-27,16.456085205078125,16.509769852571498,15.872713419096817,15.872713419096817,482533
2008-08-28,17.053773880004883,17.139668365318304,16.563455868188246,16.563455868188246,636167
2008-08-29,16.710186004638672,17.046609261983132,16.613553350897323,17.039451524118455,439974
2008-09-02,16.89987564086914,17.304299118934388,16.602821453799557,16.849769865318862,531289
2008-09-03,17.39019775390625,17.39019775390625,16.785352625238144,16.92493337543573,638623
2008-09-04,16.617130279541016,17.304290527429,16.617130279541016,17.304290527429,672530
2008-09-05,16.806814193725586,16.907024093494876,16.21628501392007,16.466812157768793,449912
2008-09-08,17.651458740234375,17.769564638788925,17.075244726975015,17.264929619381064,919584
2008-09-09,16.62787437438965,17.2434559398809,16.531241697684333,16.731663194376154,1155297
2008-09-10,16.867658615112305,17.00007993924609,16.327233520747335,16.473971914847798,713452
2008-09-11,17.060930252075195,17.150403600586976,16.398821726463428,16.60997985057338,520766
2008-09-12,17.143238067626953,17.16829174314655,16.88913202167204,16.88913202167204,737070
2008-09-15,16.266401290893555,17.157564026860953,16.266401290893555,16.606403580293385,766651
2008-09-16,16.778194427490234,16.778194427490234,15.854821840974873,16.030191294441398,1414043
2008-09-17,15.740291595458984,16.645769644914466,15.740291595458984,16.37018867495647,962143
2008-09-18,18.496089935302734,18.496089935302734,15.972920233379371,15.972920233379371,1528626
2008-09-19,17.92345428466797,19.609147823938653,17.00008216687311,18.91840697282429,1914231
2008-09-22,16.459651947021484,17.68007767093384,16.459651947021484,17.493971775019986,667151
2008-09-23,16.534814834594727,17.039449665569222,16.43102445430946,16.62786860925405,561572
2008-09-24,16.531234741210938,16.831867657882214,16.434602105169393,16.724498417010228,346905
2008-09-25,17.39377784729004,17.536937478353746,16.720932529774238,16.935671178227278,569055
2008-09-26,17.898408889770508,17.898408889770508,16.996509648339668,17.121773298848005,548009
2008-09-29,16.348712921142578,17.67650859654684,16.348712921142578,17.293559990229145,816226
2008-09-30,16.60281753540039,16.649344430022396,16.234184440095603,16.642186691816573,964599
2008-10-01,16.64934730529785,16.856926537967265,16.280714146331597,16.46682016067521,562741
2008-10-02,16.069547653198242,16.703024885094088,16.02302077021353,16.53481329047783,561572
2008-10-03,15.486186981201172,16.72808863804979,15.48618698120117,16.302191850081364,577707
2008-10-06,15.08891773223877,15.343023852891628,13.95438576680231,15.321550635805814,1005404
2008-10-07,14.673755645751953,15.779654904377391,14.645123097351032,15.19270601942598,1063865
2008-10-08,14.766813278198242,15.547027762594752,13.893546568846949,14.097546966708556,1314076
2008-10-09,13.82196044921875,15.521969470899903,13.82196044921875,14.945755614500586,1197622
2008-10-10,15.997971534729004,16.101761923759632,12.927219858346986,13.40322298295163,1972926
2008-10-13,16.108924865722656,16.692296638528113,15.640080125478438,16.692296638528113,1413926
2008-10-14,15.18554973602295,16.599239846742147,14.16196436668389,16.48829170409358,1044923
2008-10-15,13.560696601867676,14.913545758933637,12.988062413874895,14.799018761706673,1887573
2008-10-16,14.548492431640625,14.70954473422708,13.063221843258194,13.664487816834194,1307528
2008-10-17,13.617961883544922,14.705966903374613,13.499856001958213,13.847015907989968,1064800
2008-10-20,13.911438941955566,13.915017811780025,13.288698831512678,13.743227271352557,859136
2008-10-21,13.399643898010254,13.904278823483468,13.295855094573252,13.796909554550085,537954
2008-10-22,12.104059219360352,13.324485495789704,12.025321705531136,13.242169911038792,960974
2008-10-23,11.753320693969727,12.70532542334497,11.134159573334307,11.989532441748072,1122208
2008-10-24,10.511422157287598,10.930161122124254,10.253737131629522,10.58658082186606,1003650
2008-10-27,9.036887168884277,10.690368747216395,9.036887168884277,10.321735617361401,1039662
2008-10-28,10.829952239990234,10.998163948267,9.258785733625686,9.437734053780465,1631049
2008-10-29,10.887212753295898,11.255845903465634,10.439842076717103,10.808475226886838,1127119
2008-10-30,11.406163215637207,11.431216102978418,10.686791213224513,10.897950123468636,799623
2008-10-31,11.885743141174316,12.00742789542324,11.023212454906146,11.37037237034699,855277
2008-11-03,11.642374038696289,12.021744590660244,11.599426805522159,11.88574355568148,576304
2008-11-04,12.08974552154541,12.19711480890956,11.567216958457417,11.71753348188188,769224
2008-11-05,10.991002082824707,11.978797213522288,10.93373857385261,11.94300692180809,1145709
2008-11-06,10.829952239990234,11.173532599653354,10.583002983514092,10.937321551340073,777993
2008-11-07,11.377532005310059,11.377532005310059,10.583001302681922,10.962371904636866,941916
2008-11-10,10.264472007751465,11.595846543798565,10.185734486466318,11.595846543798565,1060123
2008-11-11,10.056893348693848,10.404052507031293,9.8636295860906,10.110577993242169,1251757
2008-11-12,9.831417083740234,10.182155045061986,9.663205442411542,10.10699719554379,1206158
2008-11-13,10.887212753295898,10.887212753295898,9.015413650936086,9.906576134458113,1934576
2008-11-14,9.401948928833008,11.073326985685696,9.3947911842469,10.736904210567886,1325768
2008-11-17,9.283836364746094,9.65962806479085,9.047624575828058,9.104888088180443,1376161
2008-11-18,8.972466468811035,9.269520658119173,8.603833283727893,9.054782872651884,1500565
2008-11-19,8.381939888000488,9.15499675061536,8.292465721476937,8.750573166746221,1357687
2008-11-20,7.562354564666748,8.585939363591486,7.36193224906618,8.417727677516076,1721195
2008-11-21,8.20298957824707,8.5930967864327,7.2617220202000174,7.827197850147162,2120129
2008-11-24,9.752681732177734,9.856471356494449,8.13140972607254,8.474990823415354,1837999
2008-11-25,9.652471542358398,10.189316439745893,8.85078306648266,9.777735192120348,1381305
2008-11-26,9.820679664611816,9.86004802391808,9.205097401788036,9.373309042887527,1339798
2008-11-28,9.548678398132324,9.802784495592542,9.419835914808388,9.591625626526268,582033
2008-12-01,7.437089443206787,9.441310605830843,7.383404805253972,9.197940300320889,1558908
2008-12-02,8.686151504516602,8.847204677770206,7.505093038324458,7.540881745555875,2019343
2008-12-03,8.761307716369629,8.850782659966965,8.041936480830454,8.238779121946173,1497992
2008-12-04,8.328252792358398,9.219415326035865,8.213725765005789,8.825728469975708,1266021
2008-12-05,9.251627922058105,9.663209214914426,8.185095750487443,8.185095750487443,1471334
2008-12-08,10.368258476257324,10.414784558968599,9.434148376285883,9.638149441775528,2016537
2008-12-09,9.530782699584961,10.532893150660207,9.459203723711896,10.321734293878404,1316297
2008-12-10,10.192895889282227,10.300265202526601,9.602367060865477,9.616682543622094,1223228
2008-12-11,8.729100227355957,10.153529326863017,8.610995079094332,10.092686917996765,1953517
2008-12-12,9.373310089111328,9.452047614654433,8.353305117358142,8.696885378158012,1799532
2008-12-15,8.94741153717041,9.502150573589761,8.678989191055297,9.38762437635328,1308113
2008-12-16,10.371841430664062,10.443421219675361,9.069098529108233,9.069098529108233,1982981
2008-12-17,10.91752815246582,11.335984575946634,9.871387093763786,10.247997715268061,1532400
2008-12-18,10.419561386108398,11.214628171737019,10.30239413656563,11.214628171737019,1361600
2008-12-19,10.930084228515625,11.00959038956108,10.511627724789248,10.71667131583808,1151400
2008-12-22,10.520360946655273,10.917275309428481,9.952730947752825,10.78070280052509,911300
2008-12-23,10.490489959716797,10.866064507692196,10.358185391161868,10.631330516962159,643100
2008-12-24,10.464879035949707,10.627058692431964,10.294163393853545,10.627058692431964,229100
2008-12-26,10.729496002197266,10.767907151792858,10.439278789269222,10.63133453724719,271800
2008-12-29,10.289895057678223,10.75936285426768,10.149054555894113,10.674005443086127,574100
2008-12-30,10.86179256439209,10.883131712724076,10.447806248846394,10.447806248846394,757600
2008-12-31,11.100793838500977,11.25443830301773,10.49048478671085,10.806308886189292,968800
2009-01-02,10.87459945678711,11.280049926418554,10.755098882691902,10.985564857044523,507000
2009-01-05,10.60998821258545,10.934348360293608,10.473415690189688,10.848990126778034,824500
2009-01-06,10.998364448547363,11.03250757237917,10.366716250640774,10.631325256828216,960100
2009-01-07,10.396594047546387,10.874597903734443,10.289896656464133,10.874597903734443,857800
2009-01-08,10.742294311523438,10.917277983165487,10.28562956777289,10.426470103827139,524300
2009-01-09,10.097841262817383,10.848991011269934,10.067966122862217,10.797775904177858,604100
2009-01-12,9.713729858398438,10.221609630056658,9.57288934522019,10.072233130858777,731200
2009-01-13,10.375251770019531,10.47341396661919,9.585691089063074,9.7051924335117,997700
2009-01-14,10.003945350646973,10.191732130325619,9.901515976085083,10.063695615632332,1383300
2009-01-15,10.73802375793457,10.861793103707269,9.828962480851732,9.982606147350749,1188000
2009-01-16,11.314189910888672,11.395280145024397,10.597183409983355,10.89166839729155,1052400
2009-01-20,10.298434257507324,11.20322870541612,10.170397683631528,11.10506727784223,1311100
2009-01-21,11.241633415222168,11.284312520133053,10.063694515477305,10.417929702376085,1657900
2009-01-22,10.797773361206055,11.331260203440273,10.605718586423528,11.041044045055367,939400
2009-01-23,11.109331130981445,11.117866302431299,10.2130730058365,10.490486021848026,564900
2009-01-26,10.930081367492676,11.5233186212037,10.703882597801087,11.139208163304213,573500
2009-01-27,11.284313201904297,11.348331456120347,10.870326917503728,10.951417140330067,495400
2009-01-28,12.16349983215332,12.257393222015116,11.352600006150361,11.621477012685142,1021100
2009-01-29,11.275779724121094,12.026929415187183,11.233100607144388,12.022661422085868,942800
2009-01-30,10.750826835632324,11.519047545899657,10.63132549255319,11.348331922955394,1100900
2009-02-02,11.250174522399902,11.305656814225626,10.392327297764242,10.443541595751588,736000
2009-02-03,11.446493148803711,11.630012746237858,10.989828558371554,11.284313512720216,752400
2009-02-04,11.152009963989258,11.753783944982864,11.09652768374655,11.420887821417358,524600
2009-02-05,11.134940147399902,11.497711451254942,10.716686556619512,11.01117077912844,624300
2009-02-06,11.967183113098145,12.09521969250158,11.070924615163943,11.12213892131063,728400
2009-02-09,12.090948104858398,12.125091236821952,11.719640832472843,12.120823243571946,456800
2009-02-10,11.09653091430664,12.065343616424519,11.053851786444284,11.856216785339292,904500
2009-02-11,11.169085502624512,11.36540835667976,10.88740439043596,11.147746345109525,701800
2009-02-12,11.186156272888184,11.309925661430107,10.592918923214333,10.981297437408434,912200
2009-02-13,10.605721473693848,11.318460121514082,10.524631223668306,11.164815608631278,1160200
2009-02-17,10.37098503112793,10.580112612698235,10.114911969844897,10.242948500486413,1403900
2009-02-18,10.178933143615723,10.473418225078804,9.999681461077756,10.45207825451676,1018800
2009-02-19,9.858840942382812,10.392327997554647,9.816161815161736,10.37952401517733,1016200
2009-02-20,10.336840629577637,10.379519739216569,9.453386560407857,9.453386560407857,1080900
2009-02-23,9.679587364196777,10.443540254335732,9.58569313988586,10.422201101921333,1018000
2009-02-24,10.358183860778809,10.422202138425204,9.508872648443997,9.8887151346443,1095700
2009-02-25,10.008212089538574,10.40939355281795,9.671048061551728,10.19173085387129,916900
2009-02-26,9.8118896484375,10.332572499806732,9.722264252020265,10.187464831422108,952400
2009-02-27,9.717998504638672,10.080769794493815,9.564354002103203,9.70946251804526,733800
2009-03-02,9.094883918762207,9.572888511771405,9.009526508106665,9.47472712320117,1100800
2009-03-03,8.871886253356934,9.400963323821344,8.640141275833466,9.24792421919249,1106900
2009-03-04,8.924355506896973,9.21731576731821,8.67949346108094,8.972453721502177,795700
2009-03-05,8.351553916931152,8.85002335032207,8.268475400033982,8.85002335032207,1040300
2009-03-06,8.13292407989502,8.55706013426423,7.870571528802451,8.44774664080864,1621300
2009-03-09,8.268474578857422,8.272847219733118,7.94490666001959,8.032357809541585,947300
2009-03-10,9.11237621307373,9.147356510410065,8.355926761927966,8.500220592689852,1424900
2009-03-11,9.134239196777344,9.39659186133596,8.832534424831259,9.0424162228797,973100
2009-03-12,9.632707595825195,9.676432336234354,8.906865896286414,9.06864943739062,863600
2009-03-13,9.440316200256348,9.707041471371172,9.125493544675257,9.702668830238599,563300
2009-03-16,8.526456832885742,9.575866737826287,8.526456832885742,9.554004361596853,1006800
2009-03-17,9.129864692687988,9.151727896772456,8.460866493626499,8.543945001155558,1042300
2009-03-18,9.742021560668945,9.755138649793592,8.88063045765442,9.0686498524037,982500
2009-03-19,9.339747428894043,9.991255908936383,9.27415864960446,9.855707377463458,885600
2009-03-20,8.937477111816406,9.637084079265172,8.928731826649177,9.331005770382495,1021400
2009-03-23,10.209884643554688,10.231747017615248,9.094886052547752,9.243552531348676,1453600
2009-03-24,9.588983535766602,10.244864753436042,9.549630595986748,9.938786518258532,1224800
2009-03-25,9.772628784179688,10.06558904902252,9.06864945358811,9.733275850544384,1020000
2009-03-26,10.179277420043945,10.214257720429135,9.462180011153338,9.903806824763949,1214500
2009-03-27,9.519024848937988,9.868827901606048,9.49716163689857,9.868827901606048,870000
2009-03-30,9.291650772094727,9.462179625268533,9.007435738806345,9.21294489093878,963000
2009-03-31,10.139925956726074,10.314827484160665,9.317887526789097,9.400966065069127,1386500
2009-04-01,9.899435043334961,10.109317697883332,9.650200277179751,9.9650238420042,1059900
2009-04-02,10.349803924560547,10.445999520226698,9.92566777467384,9.99125571871876,1282000
2009-04-03,10.822039604187012,10.843901976859673,10.000002215352486,10.292962512744866,1294300
2009-04-06,10.6558837890625,10.78268705634515,10.271099677730405,10.629647940110706,945100
2009-04-07,9.868826866149902,10.6077866756239,9.84696449040059,10.454747543390184,1074500
2009-04-08,9.986885070800781,10.214257433924919,9.680806825518586,9.986885070800781,848000
2009-04-09,11.26803970336914,11.276784986572997,10.292963144034282,10.463491996528903,1101500
2009-04-13,11.311766624450684,11.491040781371183,10.743335658852338,11.045041293131606,727800
2009-04-14,10.502845764160156,11.215569721486675,10.494100480267518,11.115001458709859,1213600
2009-04-15,11.215568542480469,11.263666764837609,10.284217589720784,10.41102085684949,1125100
2009-04-16,11.779627799987793,12.085705224479785,10.892001517569078,11.23743271883417,964900
2009-04-17,11.97202205657959,12.251865368440157,11.34674912435132,11.80149315088064,1139200
2009-04-20,10.830780982971191,11.762131567461989,10.804545144425262,11.731523923154162,1161500
2009-04-21,11.92392349243164,11.937040586058254,10.454748958518149,10.721474315543139,1456000
2009-04-22,11.63095760345459,12.190642239581388,11.464800601607527,11.801486411774986,1247100
2009-04-23,12.011372566223145,12.081333171459542,11.276786211240973,11.915176942522148,896400
2009-04-24,12.763450622558594,12.942724781926811,11.90643193733833,12.14692225321985,1010900
2009-04-27,12.059468269348145,12.5317026727876,11.6703123799756,12.160036514063023,1038600
2009-04-28,12.684741020202637,13.152602754551344,12.068212831238977,12.076958113038911,1347200
2009-04-29,12.90337085723877,13.10888002009283,12.540449923860487,12.811547046434255,1300900
2009-04-30,12.859650611877441,13.502414218389392,12.75470966595691,13.113258106351187,797900
2009-05-01,12.571056365966797,12.982075485886003,12.47048811519812,12.824663730598632,632600
2009-05-04,13.707918167114258,13.73415318335671,12.72409630106294,12.885879874220214,1124700
2009-05-05,13.135112762451172,13.629209498329516,12.885877240109751,13.629209498329516,742100
2009-05-06,12.72846508026123,13.484914352007126,12.282465769499328,13.484914352007126,1229100
2009-05-07,11.797111511230469,12.925226682295575,11.617837456316707,12.820285833126233,1451600
2009-05-08,12.724093437194824,12.837779593985776,11.80585973541863,12.072584981504939,1280600
2009-05-11,12.2693510055542,12.737212804609772,12.199390409470904,12.59729161244318,1047800
2009-05-12,12.055095672607422,12.413643909170174,11.613468921671632,12.356801241859799,925800
2009-05-13,11.26803970336914,11.902057723718647,11.250549136961432,11.674686198391187,967100
2009-05-14,11.941411018371582,12.046351917942493,11.136863287665127,11.303020337482838,1194800
2009-05-15,11.285530090332031,11.91954898145021,11.09751066052473,11.915176339594675,933200
2009-05-18,12.046348571777344,12.06383913384547,11.298644557278955,11.499781017086976,1384900
2009-05-19,11.635334968566895,12.116313939545666,11.62658968407733,11.985138008187134,1013400
2009-05-20,11.587236404418945,12.068216195552557,11.552256101463566,11.871451470180922,772300
2009-05-21,11.705294609069824,11.762137285561584,11.246177219267707,11.329255747059815,778100
2009-05-22,11.526021003723145,11.867078746700727,11.477922774740685,11.727157535838518,622800
2009-05-26,12.020118713378906,12.199392881417953,11.285531471659759,11.403590314220963,1042800
2009-05-27,11.240458488464355,12.0914007947402,11.169175425617457,11.98002090282178,1306700
2009-05-28,11.53449821472168,11.668154558722433,11.102344656902666,11.445394835148752,749900
2009-05-29,11.6636962890625,11.668151584369573,11.302825866796423,11.601323854284846,622600
2009-06-01,12.01120376586914,12.447813465481167,11.708251258668557,11.92655568359412,819800
2009-06-02,11.877547264099121,12.064665448107318,11.779533300956095,12.042389817771438,611900
2009-06-03,11.82854175567627,12.04239175011527,11.690430955958492,11.77953519112149,571700
2009-06-04,12.055757522583008,12.229510706725055,11.74834967710288,11.775080609370496,530700
2009-06-05,12.349800109863281,12.501276806320504,12.109220024158924,12.22059989803859,729000
2009-06-08,12.287426948547363,12.483455753279436,11.988928869658436,12.220599197999892,593900
2009-06-09,12.376531600952148,12.510187106566528,12.21614431440611,12.398807235300886,493400
2009-06-10,12.225054740905762,12.554739053373213,11.962198180331812,12.554739053373213,728800
2009-06-11,11.984476089477539,12.327526357351843,11.95328985599099,12.309705166924598,651800
2009-06-12,12.162680625915527,12.225053926654589,11.806265406381948,11.815175999310515,643800
2009-06-15,11.530044555664062,12.020116187073564,11.46767209612939,12.020116187073564,864600
2009-06-16,11.186995506286621,11.734984316213605,10.964235744550995,11.734984316213605,569500
2009-06-17,11.222631454467773,11.374108085117216,10.915222898177948,11.07115482381833,644300
2009-06-18,11.066701889038086,11.391930844893066,10.98650826161942,11.146895516456754,510900
2009-06-19,11.173628807067871,11.374112918043888,11.04888304359824,11.2582777483423,607600
2009-06-22,10.616726875305176,11.120163404788693,10.58999595022696,10.995418521249832,684300
2009-06-23,10.61227798461914,10.781575928404056,10.514263967001394,10.741479091705592,370400
2009-06-24,10.692468643188477,10.964235826459722,10.563267572531306,10.696923940427798,553200
2009-06-25,10.879584312438965,10.91077053599776,10.44297548309412,10.44297548309412,514900
2009-06-26,10.852855682373047,10.9285940340883,10.723654614839539,10.879586615401655,638800
2009-06-29,10.723654747009277,10.92859416878393,10.558812999913302,10.910772980037851,405800
2009-06-30,10.821667671203613,10.90186045709146,10.630094174878472,10.772660260582512,339000
2009-07-01,10.799391746520996,10.990965252732405,10.732563996618653,10.906316316316934,311000
2009-07-02,10.255860328674316,10.692469287296246,10.255860328674316,10.665738352011116,565900
2009-07-06,10.567724227905273,10.603365760639344,10.13111523947262,10.304867605331067,473200
2009-07-07,10.166754722595215,10.576632691286461,10.140023790873894,10.576632691286461,467500
2009-07-08,9.930632591247559,10.287047942087336,9.70341748642674,10.220220170025032,860700
2009-07-09,10.153389930725098,10.224672983571525,9.8548918282703,10.019733569317282,818100
2009-07-10,10.184577941894531,10.264771602816719,9.93508636352302,10.073198046116197,597200
2009-07-13,10.563267707824707,10.58999949160302,10.095472538598157,10.300411965426532,551000
2009-07-14,10.540996551513672,10.630100835792671,10.340512336766642,10.590003992843265,321400
2009-07-15,11.325100898742676,11.476577532184415,10.8929474737828,10.941954020065259,753500
2009-07-16,11.423117637634277,11.49885597289713,11.124619592746663,11.311737782821897,393900
2009-07-17,11.28501033782959,11.494404223575888,11.213727276734632,11.409756119626325,483500
2009-07-20,11.79735279083252,11.819629269334703,11.383019638060341,11.383019638060341,470400
2009-07-21,11.841906547546387,11.93992051732615,11.525588156601996,11.832995954904348,318800
2009-07-22,11.971110343933105,12.042393401936815,11.672612219882163,11.694887856847917,378100
2009-07-23,12.492369651794434,12.652756125590473,11.890918038216048,12.011207681122784,700200
2009-07-24,12.336435317993164,12.434449303072814,12.202778956781623,12.323069426943706,474000
2009-07-27,12.470085144042969,12.60819588954209,12.180497768089085,12.336429693529062,436500
2009-07-28,12.666121482849121,12.666121482849121,11.864185748778675,12.3364371037548,701300
2009-07-29,12.679482460021973,12.750766349984163,12.474543931883392,12.5681026034873,504800
2009-07-30,13.432416915893555,13.552707422097566,12.835420532986172,12.862152323094579,762800
2009-07-31,13.400691032409668,13.604624791311796,13.305522521176997,13.473200621267651,522100
2009-08-03,13.654474258422852,13.654474258422852,13.35990395286628,13.554773792284731,418500
2009-08-04,14.121255874633789,14.329721591575481,13.409754991377174,13.45960565802502,653100
2009-08-05,14.470209121704102,14.551782627277852,13.90825936199688,14.116724219012017,525200
2009-08-06,14.252676010131836,14.782901906153928,14.107656008610332,14.547245376111505,550000
2009-08-07,15.000434875488281,15.281411046227351,14.465676871386691,14.569910162166584,663900
2009-08-10,13.450538635253906,14.569906779006859,13.350837324996359,14.569906779006859,1438700
2009-08-11,13.359902381896973,13.60462285779943,13.210351268084036,13.368966295311662,521100
2009-08-12,13.328184127807617,13.654477343383004,13.237546691289793,13.300993242605333,497900
2009-08-13,13.296457290649414,13.581963660476042,13.110651379540478,13.581963660476042,454700
2009-08-14,13.16503620147705,13.30099234710038,12.829679091951661,13.30099234710038,413100
2009-08-17,12.37649154663086,12.802486013533025,12.340236753557214,12.802486013533025,678300
2009-08-18,12.77529525756836,12.870463766157638,12.32210990760237,12.421810373417202,562200
2009-08-19,12.829673767089844,12.897651379496601,12.408211360032814,12.426339184345144,306900
2009-08-20,13.083457946777344,13.155967514295691,12.68465446104421,12.779823808650931,418800
2009-08-21,13.46413803100586,13.68619964115749,13.187695520435119,13.228482276227659,536500
2009-08-24,13.328184127807617,13.59103165645012,13.282865409548705,13.541180979927052,515200
2009-08-25,13.48226261138916,13.67713242777092,13.396157162768354,13.45053977884001,469200
2009-08-26,13.48226261138916,13.627281768403765,13.305520621825405,13.414284989586358,400700
2009-08-27,13.58649730682373,13.591029264290217,13.165034770648072,13.423351159942753,467800
2009-08-28,13.37349796295166,13.695259102777053,13.219414895761874,13.649941265447866,366100
2009-08-31,13.187691688537598,13.323646925420354,12.96109905081146,13.223946475998487,593300
2009-09-01,12.467127799987793,13.119714878896614,12.417277140012523,13.115182922136828,1079700
2009-09-02,12.507916450500488,12.788890897320451,12.371960320157685,12.46259774038622,645600
2009-09-03,12.544172286987305,12.689191479884776,12.313047624163495,12.61668188343604,430700
2009-09-04,12.784360885620117,12.879530277782887,12.322112392372462,12.589491871920416,554400
2009-09-08,12.879526138305664,13.006418332278685,12.79342069009603,12.983758548864383,446100
2009-09-09,13.047202110290527,13.14237058583625,12.78888582441894,12.906714078224711,350900
2009-09-10,13.092525482177734,13.11065331246214,12.7481044862167,13.047207635231763,281400
2009-09-11,12.861398696899414,13.242074425841098,12.698252573340394,13.128778098522321,399700
2009-09-14,13.042673110961914,13.06080007329655,12.344767341240185,12.671060442704812,518700
2009-09-15,13.13784408569336,13.255672388427506,12.83420984598143,12.96563402131731,556200
2009-09-16,13.418813705444336,13.51398218010716,13.078924814136279,13.151434375131426,514700
2009-09-17,13.196752548217773,13.672596631595564,13.14236994741757,13.446004046295261,409200
2009-09-18,13.060799598693848,13.323647025862384,12.90218457821335,13.269265276452243,565100
2009-09-21,12.906722068786621,13.033614312455498,12.811553534321982,12.988295592260707,400100
2009-09-22,13.146903991699219,13.178626820380414,12.98375702775907,13.006416808518676,324600
2009-09-23,12.811551094055176,13.260204523323164,12.802487178866118,13.233013642138522,334800
2009-09-24,12.548698425292969,12.956564932262665,12.353828651065337,12.847800588029557,413100
2009-09-25,12.639338493347168,12.748102868100586,12.353832117667247,12.467128449416526,315800
2009-09-28,13.074395179748535,13.110649966682766,12.657464697813717,12.689187528333383,378200
2009-09-29,12.99282169342041,13.174095628096724,12.838738632849967,13.065331267290935,337900
2009-09-30,12.893125534057617,13.146909127019967,12.716382632624072,13.038144730036104,391600
2009-10-01,12.26772689819336,12.84327248194171,12.245067977163002,12.84327248194171,456200
2009-10-02,12.222411155700684,12.42634495195783,12.009414307463052,12.11817871067265,278200
2009-10-05,12.430872917175293,12.48525466912062,12.177089391204925,12.294916808547253,325400
2009-10-06,12.63027572631836,12.847804480692023,12.453532857055128,12.539638313138116,446200
2009-10-07,12.526041984558105,12.716379853782005,12.421809568273742,12.63027526522487,198600
2009-10-08,12.81607723236084,12.983755265309595,12.598547688507928,12.711843983780058,415600
2009-10-09,12.947504043579102,12.965631870707885,12.661997681359757,12.743571174674534,185300
2009-10-12,12.874998092651367,13.08799493515356,12.847807208676807,12.979230534872698,164800
2009-10-13,12.69825267791748,12.933909248133071,12.575892435953724,12.838739882922688,288600
2009-10-14,12.861398696899414,12.9656319749633,12.707316486977666,12.9656319749633,394600
2009-10-15,12.834208488464355,12.915781986681427,12.702785191412072,12.702785191412072,225400
2009-10-16,12.661996841430664,12.902184484277662,12.521508783648944,12.734506416371152,252800
2009-10-19,12.942973136901855,13.010950765385287,12.607616087252138,12.73904025145156,227400
2009-10-20,12.920320510864258,12.992830131827349,12.784364323271316,12.933916388938412,421900
2009-10-21,12.761701583862305,13.278332695201444,12.743574616220503,12.807020299540719,565100
2009-10-22,13.092525482177734,13.192226819976929,12.684658808986322,12.788891239974095,362900
2009-10-23,12.902182579040527,13.2058167034102,12.816078011752518,13.11971213612219,280600
2009-10-26,12.829673767089844,13.300986826623538,12.761696154683086,12.947502031973267,388800
2009-10-27,13.355374336242676,13.568372041951369,12.467131306662312,12.93391261162502,769200
2009-10-28,12.757171630859375,13.423354867953915,12.739044660368616,13.305526534424384,646500
2009-10-29,13.119721412658691,13.174103192094087,12.594026268074929,12.870468853034259,630900
2009-10-30,12.648401260375977,13.169564166286882,12.462595362306718,13.060799801396266,710600
2009-11-02,12.716384887695312,12.884063903020062,12.349304874730493,12.775299486748365,479800
2009-11-03,12.920320510864258,12.933916388938412,12.476198866369616,12.621218108295796,511000
2009-11-04,12.83873462677002,13.269260843623364,12.784352031145016,13.08798610112804,616300
2009-11-05,13.242076873779297,13.25114078909213,12.915783701960123,13.006421126323385,582300
2009-11-06,12.99282169342041,13.214882371446683,12.870461463370534,13.092522141396806,525100
2009-11-09,13.477733612060547,13.518520366968406,13.065334969665566,13.065334969665566,554100
2009-11-10,13.296457290649414,13.47319928795245,13.038141797858085,13.464135374146553,405700
2009-11-11,13.563838005065918,13.631815636399736,13.391627083678932,13.473200587032506,476900
2009-11-12,13.269262313842773,13.591023375096874,13.251134491831884,13.513981860314859,458200
2009-11-13,13.37349796295166,13.396156881616253,13.133309448948207,13.396156881616253,454000
2009-11-16,13.672598838806152,13.890127548359079,13.423347300491207,13.536643611431137,530500
2009-11-17,13.341775894165039,13.654473138656703,13.337243937296442,13.550240723826148,495500
2009-11-18,13.400691032409668,13.441477784190093,13.155971386109599,13.310054478528432,742600
2009-11-19,13.101587295532227,13.323647994597575,13.033609671635878,13.255670370701225,458700
2009-11-20,13.23754596710205,13.319119482628912,12.942975611108196,13.001890200936531,430500
2009-11-23,13.477733612060547,13.63634867399305,13.37803313583164,13.455074687948423,491700
2009-11-24,13.37349796295166,13.473198415211145,13.201287069324326,13.46866645860176,508100
2009-11-25,13.282865524291992,13.450544523983655,13.233015711720954,13.405225805333261,233300
2009-11-27,12.93391227722168,13.278332435113063,12.793424174932136,12.911252487635016,214700
2009-11-30,13.341775894165039,13.38256264160002,12.743571417628514,12.884058623025451,447000
2009-12-01,13.382564544677734,13.586497446470679,13.269268199998594,13.491328931843807,534700
2009-12-02,13.799493789672852,13.844811631644479,13.319116712455267,13.382563247103917,458900
2009-12-03,13.70885944366455,14.053280478867658,13.67260464334752,13.908261277599534,445700
2009-12-04,14.338787078857422,14.379573837704347,14.00342995619142,14.071407599475418,513800
2009-12-07,14.41129207611084,14.506460573427164,14.293464659733205,14.402229027115728,571600
2009-12-08,14.297994613647461,14.565373986317734,14.202826123908357,14.275335696390233,315500
2009-12-09,14.538188934326172,14.637888550006327,14.15298029454709,14.230021849626391,374300
2009-12-10,14.270807266235352,14.723993502798267,14.166574838085657,14.678673928321226,337500
2009-12-11,14.506462097167969,14.529122747374235,14.207360703735556,14.343315961148694,389800
2009-12-14,14.815007209777832,14.819613418320008,14.354485612151649,14.570930859657416,454000
2009-12-15,14.663039207458496,14.976194706456376,14.5985663265038,14.686064985405995,482600
2009-12-16,14.547910690307617,14.939354242972444,14.45120047634322,14.819619126067575,571100
2009-12-17,14.30383014678955,14.455802553045407,14.10580530989133,14.363698570137737,540700
2009-12-18,14.441987991333008,14.451197775112243,14.119621842878324,14.38211956569398,671700
2009-12-21,14.441987991333008,14.561723964233972,14.386724896772142,14.465013768346731,229100
2009-12-22,14.529484748840332,14.566326514276259,14.428170113485772,14.524880296740692,239700
2009-12-23,14.709095001220703,14.796594558484522,14.520280768120108,14.612384779323362,246600
2009-12-24,14.879485130310059,14.888695792682235,14.73211716748656,14.73211716748656,93000
2009-12-28,15.049882888793945,15.105145124252372,14.920937087139352,14.939356661122302,279200
2009-12-29,15.045269012451172,15.215663599830243,15.017638787176432,15.146584523135605,304900
2009-12-30,14.925535202026367,15.063691610369757,14.736721034047791,14.953167186396662,282300
2009-12-31,14.681459426879883,15.1143508969335,14.640013202891375,14.9439580346545,279400
2010-01-04,14.801197052001953,15.026853913748337,14.672251277720829,14.842644158985802,314000
2010-01-05,14.861061096191406,14.907112642902245,14.61237852774352,14.741324263936987,314800
2010-01-06,15.049882888793945,15.141987785727851,14.865673094926136,14.888700636725705,321900
2010-01-07,15.091328620910645,15.178827298760302,14.828830830607039,14.96698728496347,223300
2010-01-08,15.049882888793945,15.095934458883503,14.879489971356834,15.082119339207594,229900
2010-01-11,14.943963050842285,15.118962181433377,14.91633105440533,15.109751515954391,270300
2010-01-12,14.815007209777832,14.934744037320783,14.68145614849293,14.897901395998696,240600
2010-01-13,15.086716651916504,15.128163748079212,14.791982526650113,14.824218961804002,278500
2010-01-14,14.861061096191406,15.174216532736027,14.84263977480551,14.976191719722403,189800
2010-01-15,14.782772064208984,14.92553467663239,14.704484079713364,14.91632401549985,305300
2010-01-19,15.1696138381958,15.33079780253131,14.69988145293791,14.778170330210418,468500
2010-01-20,14.884087562561035,15.132770142587768,14.72750983699835,15.063691062551237,305000
2010-01-21,14.391326904296875,14.962375528831034,14.276196289062499,14.893296456988901,430700
2010-01-22,14.239361763000488,14.56633245479413,14.1887039854752,14.372912887779881,359700
2010-01-25,14.372913360595703,14.469623586472904,14.06436398807106,14.377518693101985,245200
2010-01-26,14.382124900817871,14.72291162162472,14.257783550713674,14.285415547432883,260600
2010-01-27,14.584750175476074,14.60777595317534,14.08278049191346,14.28541067350004,360700
2010-01-28,14.37751579284668,14.653829538843624,14.253175353768661,14.58935665351597,273000
2010-01-29,14.138045310974121,14.676856831541105,14.101203535139508,14.395937741816415,239100
2010-02-01,14.469614028930664,14.520271774661696,14.161063981833689,14.234747496509673,209700
2010-02-02,14.709095001220703,14.732120784427185,14.34528165359247,14.441991875489812,363500
2010-02-03,14.529484748840332,14.736720228403039,14.460406548445087,14.667642028007794,254400
2010-02-04,14.09659481048584,14.428170713191115,14.078173487813709,14.409750268895992,377100
2010-02-05,14.110410690307617,14.207120882833648,13.6498881390221,14.09659557593037,356400
2010-02-08,13.958434104919434,14.207116629788962,13.94922432421733,14.170274871850157,373100
2010-02-09,14.055152893066406,14.667648043625949,13.916995557236705,14.202520015249554,307500
2010-02-10,14.207123756408691,14.368306857635407,13.755811775675676,14.06896643605269,317700
2010-02-11,14.4373779296875,14.451193040018225,14.03211771136808,14.24395847966614,301200
2010-02-12,14.580144882202148,14.603170659961334,14.174885396351515,14.243963608006188,312300
2010-02-16,14.856460571289062,14.888698774425098,14.607778786076837,14.718304121546414,291500
2010-02-17,14.985404968261719,15.128165841771192,14.897904554945121,14.930140994560436,212400
2010-02-18,15.25711727142334,15.280143054662707,14.939355489754236,15.022249714819685,199700
2010-02-19,15.211061477661133,15.340009005016752,15.165009918661934,15.261719246612872,282700
2010-02-22,15.137375831604004,15.257112679216819,15.086718069671976,15.243295808028186,223700
2010-02-23,14.911727905273438,15.151199958423707,14.879491451652724,15.123567959568112,333800
2010-02-24,15.036065101623535,15.07290599980841,14.902513112600092,15.003828656928839,297200
2010-02-25,15.137375831604004,15.160401607912892,14.805800787896944,14.84264167864034,306600
2010-02-26,15.206459999084473,15.3215906758582,14.985409310489482,15.174223550128207,278800
2010-03-01,15.468955039978027,15.49198081987113,15.211061737613834,15.34921993048125,402100
2010-03-02,15.519606590270996,15.68999940129986,15.399869772004678,15.473553292186375,497400
2010-03-03,15.6084566116333,15.69262458237973,15.454148070681912,15.622484012174773,273300
2010-03-04,15.575724601745605,15.762763146742166,15.510259238060598,15.71132696714976,205800
2010-03-05,15.945128440856934,15.963832832774118,15.599106109133968,15.664569697095125,264500
2010-03-08,16.01994514465332,16.12281752235585,15.917074550699882,15.9638337494288,228100
2010-03-09,16.03864097595215,16.295819999172956,15.93577043691271,15.996557006061606,246500
2010-03-10,16.169574737548828,16.211656936350835,15.903041658895384,16.010591001662767,242400
2010-03-11,16.39869499206543,16.39869499206543,15.935773031642691,16.080727564174783,280100
2010-03-12,16.3051815032959,16.48286967584699,16.18360651181304,16.48286967584699,266500
2010-03-15,15.98720932006836,16.337908573407447,15.837577781343573,16.337908573407447,340500
2010-03-16,16.35194206237793,16.39870126163659,15.907722534424238,16.005917923116886,370400
2010-03-17,16.80082893371582,16.936433045349908,16.365961805888073,16.436102355698335,421100
2010-03-18,16.632495880126953,16.973842927720746,16.609116287449027,16.838238792940743,329900
2010-03-19,16.529626846313477,16.885003147771805,16.403376663787665,16.529626846313477,366500
2010-03-22,16.79615592956543,16.842916901779475,16.375317882131235,16.440781459482196,186500
2010-03-23,16.828895568847656,16.90838657464518,16.604446388803165,16.84759818072691,243400
2010-03-24,16.73069190979004,16.945788808789246,16.688607927784613,16.76810068657204,158700
2010-03-25,16.768098831176758,17.14685284356769,16.744719240149294,16.884998570062542,234400
2010-03-26,16.683931350708008,16.913053846537654,16.623142985309965,16.870971651741137,258900
2010-03-29,16.73069190979004,16.73069190979004,16.557680776544913,16.716664510371114,160000
2010-03-30,16.85694694519043,16.95046712053629,16.655879192508976,16.730694976035867,142900
2010-03-31,16.38467025756836,16.8803240822716,16.370641073874822,16.74004473157726,363100
2010-04-01,16.623144149780273,16.63717333277705,16.351937656407273,16.468837406804813,324200
2010-04-05,17.184263229370117,17.184263229370117,16.67458024863205,16.754073006085907,269500
2010-04-06,17.61445426940918,17.619131258519662,17.00190069334052,17.104773048786615,427800
2010-04-07,17.226348876953125,17.64251174130866,17.123476516326345,17.516259785198194,379600
2010-04-08,16.88967514038086,17.193615199558312,16.87564774137989,17.1328268309731,388600
2010-04-09,17.385332107543945,17.408711702333793,16.903705676627855,16.95514007166602,384400
2010-04-12,17.357275009155273,17.506906551874387,17.277784032475797,17.464822569000344,296000
2010-04-13,17.76409149169922,17.824878093472268,17.249731385452534,17.366631166360996,327600
2010-04-14,17.806169509887695,18.030616799875965,17.707972371222173,17.848251704496278,215100
2010-04-15,17.572378158569336,17.829557352546008,17.55367376314393,17.717332763742906,363700
2010-04-16,17.333900451660156,17.71265640757927,17.31052085076991,17.520940826280533,306900
2010-04-19,17.51626205444336,17.623809634600228,17.20764671633047,17.20764671633047,427300
2010-04-20,17.623817443847656,17.754746464281727,17.446130989418975,17.572383017828713,311200
2010-04-21,18.138166427612305,18.170898216337154,17.586399440895267,17.586399440895267,235900
2010-04-22,18.788124084472656,18.797476276592022,17.84357408539596,17.899685454363887,370000
2010-04-23,19.068683624267578,19.10609239453263,18.68525264779248,18.797477174839305,338600
2010-04-26,19.204288482666016,19.52693111179739,18.89099804646216,18.961136817795893,325900
2010-04-27,18.133493423461914,19.1622118510569,18.002566239790422,18.97517327206178,852800
2010-04-28,17.7874755859375,18.100766221739587,17.329228543029483,17.726687185054427,529100
2010-04-29,18.43743133544922,18.47016312740547,17.72668054029413,17.899691695455584,415200
2010-04-30,17.51626205444336,18.507573441865762,17.50690985828854,18.385996675602154,380400
2010-05-03,18.208301544189453,18.245710314484885,17.57704370731495,17.57704370731495,338100
2010-05-04,17.83422088623047,17.965148001011983,17.642505417979756,17.885657048108392,384000
2010-05-05,17.338573455810547,17.787468111195913,17.305839881590863,17.661216154915877,413000
2010-05-06,16.57171058654785,17.37598156686668,15.43544469086445,17.142182029215757,741100
2010-05-07,16.17892074584961,16.847587295684406,15.884334731900047,16.5623516897586,569400
2010-05-10,17.184263229370117,17.193615423408726,16.707312035892866,16.99722291609521,433700
2010-05-11,17.287137985229492,17.436769543168413,16.786807128918312,16.98319787980732,327300
2010-05-12,17.707979202270508,17.73603579324787,17.137509455724345,17.31987283770422,285200
2010-05-13,17.338573455810547,17.707975345946053,17.231024105693304,17.707975345946053,260400
2010-05-14,17.01125144958496,17.156205992277858,16.81953593848423,17.15153078731135,446600
2010-05-17,17.165565490722656,17.43209688094913,16.557686912728055,17.179594679089373,346800
2010-05-18,16.735370635986328,17.50690800784412,16.651202663238376,17.450796620595096,241600
2010-05-19,16.590408325195312,16.92240310743577,16.197625188090992,16.688603663534344,344700
2010-05-20,16.01994514465332,16.5904166446414,16.015269938280063,16.038649537644524,592000
2010-05-21,16.38467025756836,16.50624521917046,15.6505399313109,15.753410503820762,512700
2010-05-24,15.968509674072266,16.42207957947598,15.954480488390397,16.21165963173767,215500
2010-05-25,15.98720932006836,16.015265902484998,15.430767146919852,15.496230722143364,450000
2010-05-26,15.851604461669922,16.412721751420634,15.786139113033869,16.14619050366454,402600
2010-05-27,16.613794326782227,16.641850913031316,15.949804505960408,16.21633583220566,491000
2010-05-28,16.291147232055664,16.60911465573372,16.160220098922963,16.567030679548434,335400
2010-06-01,15.78614330291748,16.30985552851697,15.781468097219644,16.099435597137607,367400
2010-06-02,16.507793426513672,16.517289067032845,15.904833836858007,16.047264822429117,458600
2010-06-03,16.512542724609375,16.683460656407984,16.31313967825,16.65497554184722,317900
2010-06-04,15.833617210388184,16.39384731518992,15.776645179202239,16.29889453358275,567000
2010-06-07,16.089994430541992,16.408092051651835,15.776645535284619,15.828870653012224,552000
2010-06-08,16.47931480407715,16.560026883583276,16.047272903970192,16.108993692873803,535600
2010-06-09,16.474559783935547,17.00630298150303,16.370109548104907,16.579008208657925,461500
2010-06-10,17.452590942382812,17.462086585036456,16.773669698179567,16.849633028300055,561800
2010-06-11,17.784931182861328,17.799175552389737,17.068027368364554,17.219954028537494,227000
2010-06-14,18.212221145629883,18.278688815180505,17.813413317217982,17.932106101732142,509600
2010-06-15,18.44486427307129,18.5160806924859,18.122019644313603,18.340415818667648,531800
2010-06-16,18.37364959716797,18.4448642052118,18.16474906691168,18.240712402157026,459000
2010-06-17,18.696487426757812,18.724972535174746,18.28818396910604,18.444857498723515,323700
2010-06-18,18.81519317626953,19.147533555357697,18.6015456603479,18.777210590723744,748500
2010-06-21,18.411632537841797,19.256726779941705,18.30718407146328,19.047826224966702,328400
2010-06-22,17.932106018066406,18.715477305539988,17.89887218344615,18.321418204567784,390900
2010-06-23,18.041301727294922,18.264444722950238,17.680476489636547,17.865636928113084,248800
2010-06-24,17.599769592285156,18.022315702995645,17.576031392681703,17.932109820059107,243800
2010-06-25,18.055543899536133,18.235957420110854,17.566530258384308,17.713709947683157,419300
2010-06-28,18.017574310302734,18.17899665263768,17.81816938807294,17.984340458449285,287000
2010-06-29,17.300657272338867,17.70421377161852,17.158226312461075,17.685222494006037,445200
2010-06-30,16.963579177856445,17.557043332460054,16.954083534049722,17.305415110462963,480400
2010-07-01,16.507793426513672,16.87336743651474,16.151715057031776,16.84962924077093,677100
2010-07-02,16.3226375579834,16.711949873295858,16.20394473475134,16.616995252488458,345600
2010-07-06,15.890589714050293,16.702447881714434,15.738663102947346,16.45081977165794,538500
2010-07-07,16.512542724609375,16.512542724609375,15.914331774422742,15.976052541151908,601100
2010-07-08,16.626489639282227,16.825892697911787,16.3178875977552,16.711948610440214,316600
2010-07-09,16.89710807800293,16.911350635289082,16.517291457801285,16.58850605534056,222200
2010-07-12,16.939834594726562,17.015797905465366,16.53153112033993,16.830637448733796,288000
2010-07-13,17.4383487701416,17.519060828930662,17.063279027005464,17.15823364453608,270000
2010-07-14,17.248441696166992,17.443097851055487,17.09651321837011,17.376628349659285,184200
2010-07-15,17.120250701904297,17.295915544723627,16.821144328697414,17.295915544723627,176300
2010-07-16,16.484060287475586,17.03479492877513,16.37961002083141,17.015803641910953,372500
2010-07-19,16.65972328186035,16.702452766925028,16.142222545458658,16.488805341601648,177900
2010-07-20,17.07276725769043,17.1060010877313,16.241917884452842,16.408088845765104,239200
2010-07-21,16.441326141357422,17.267426963798346,16.379605382082733,17.17247236747766,386300
2010-07-22,16.906604766845703,17.011055023034974,16.588507082591384,16.678714780612523,616500
2010-07-23,17.395614624023438,17.414605904665173,16.621737143400715,16.835384522849715,385900
2010-07-26,17.951093673706055,18.0318038811712,17.414601891416577,17.46682699559181,339700
2010-07-27,17.96534538269043,18.250207427436894,17.614013837134994,17.95584973971772,278100
2010-07-28,17.784931182861328,18.17424347594307,17.670987093285948,17.9795873294022,197200
2010-07-29,17.704219818115234,18.08403644454355,17.414609074492226,17.955847993541145,227900
2010-07-30,17.59502601623535,17.818167308188894,17.12975033348878,17.37662982955114,238800
2010-08-02,18.012819290161133,18.079288781758514,17.7754336820673,17.917866495810365,288800
2010-08-03,17.708967208862305,17.97009103334558,17.689975924254064,17.95584847544369,233400
2010-08-04,17.89413070678711,17.936860198766905,17.71846582247412,17.794429162537213,136000
2010-08-05,17.661489486694336,17.970089688494514,17.571281797110473,17.775433563599236,185500
2010-08-06,17.732702255249023,17.803918654309566,17.395615163393412,17.47157847720747,204900
2010-08-09,17.76593780517578,17.894126249182154,17.59502169094239,17.894126249182154,202500
2010-08-10,17.4383487701416,17.628258005202827,17.210458774733347,17.542799030536145,231800
2010-08-11,16.683467864990234,17.139248005980722,16.569523735297256,17.0727802951416,414200
2010-08-12,16.6739559173584,16.745172287122312,16.327373327462883,16.45556170637342,303500
2010-08-13,16.607498168945312,16.754677908987468,16.522039198741297,16.645480738417582,179300
2010-08-16,16.64548110961914,16.901856214839864,16.40809547844943,16.526788294034287,214600
2010-08-17,16.954078674316406,17.030041991887114,16.721441806616014,16.844881518502785,336000
2010-08-18,16.754676818847656,16.963575504027407,16.683460411275128,16.958828588706528,256900
2010-08-19,16.284652709960938,16.664469329014633,16.132726062339458,16.664469329014633,332000
2010-08-20,16.170711517333984,16.31314254852386,15.980802268341602,16.203945364241328,227400
2010-08-23,15.980792999267578,16.384347655423255,15.966550447742108,16.251412344898142,180600
2010-08-24,15.771893501281738,16.00927900582309,15.468040345246038,15.790882965203217,254900
2010-08-25,15.914329528808594,16.02352667846962,15.548755517626075,15.619971916195906,410800
2010-08-26,15.776650428771973,16.127981995389547,15.672200160919132,16.023531727536707,274600
2010-08-27,16.085247039794922,16.09948959471434,15.667447921446064,15.938067331564202,400400
2010-08-30,15.904831886291504,16.19918946185292,15.904831886291504,16.047262854394898,242000
2010-08-31,15.904831886291504,16.042515940271596,15.790886025143976,15.833615496685796,431600
2010-09-01,16.083219528198242,16.14107231984517,15.9578696673383,16.0976822663332,579700
2010-09-02,16.02054214477539,16.121784974432437,15.924119614056236,15.924119614056236,456000
2010-09-03,16.05428695678711,16.280879588621485,15.972329015378541,16.15070947070215,380000
2010-09-07,15.90001106262207,16.049466045434993,15.85662102497357,15.977148702985357,392400
2010-09-08,15.996441841125488,16.136254461271324,15.962694220967164,15.97233666088488,293200
2010-09-09,15.914475440979004,16.232668470266077,15.851802366089283,16.232668470266077,165700
2010-09-10,15.94822883605957,16.102504170945885,15.919301521103238,15.996439188546395,212900
2010-09-13,16.382122039794922,16.415869643055874,16.112139374600854,16.112139374600854,355900
2010-09-14,16.430334091186523,16.541219335221907,16.29052154210026,16.35319461105085,244800
2010-09-15,16.415874481201172,16.502654583478748,16.17481905023168,16.39176930592562,216000
2010-09-16,16.15070343017578,16.439969024626162,16.08320824741108,16.40622143324381,224900
2010-09-17,16.377307891845703,16.42069794649035,16.08804024784569,16.237495289201053,290200
2010-09-20,16.589431762695312,16.661749114886625,16.237491116184696,16.44961919598233,321800
2010-09-21,16.377307891845703,16.656931258027868,16.31945325958142,16.584615726358216,219500
2010-09-22,16.126604080200195,16.493007421110185,16.044644300812386,16.35319486981163,150300
2010-09-23,15.7891263961792,16.194099482653094,15.76502122751778,16.039824196292226,242500
2010-09-24,16.420698165893555,16.44480334343885,15.96751273597049,16.03500796874018,303200
2010-09-27,16.208568572998047,16.435161293318885,15.93376549644636,16.242316190181082,380900
2010-09-28,16.50265884399414,16.536406465913984,15.996442676089037,16.300173112475083,328800
2010-09-29,16.32908821105957,16.54603838480655,16.256772712548106,16.439973446728853,235400
2010-09-30,16.391767501831055,16.714780861007643,16.237492190118832,16.493010330309676,313600
2010-10-01,16.415874481201172,16.58461438634401,16.203746364026532,16.58461438634401,143600
2010-10-04,16.362836837768555,16.454439049710352,16.198919122779785,16.401406577345398,179300
2010-10-05,16.849767684936523,16.893157717257292,16.377299465836046,16.47372012512114,339100
2010-10-06,16.603885650634766,16.859405476886845,16.50264288279627,16.84976304579189,212900
2010-10-07,16.840133666992188,16.989588706143685,16.671395589810746,16.738890820683324,269000
2010-10-08,16.902801513671875,16.975117013965605,16.738883804923884,16.88351664461768,203100
2010-10-11,16.859418869018555,16.989589033541442,16.78228119809097,16.95101927852408,105000
2010-10-12,16.970294952392578,17.110107479844125,16.724417495273492,16.854587589200158,215800
2010-10-13,17.442764282226562,17.500617047990236,16.951011175469688,17.163139209340663,380900
2010-10-14,17.274017333984375,17.563282852060595,17.17277274746292,17.44757554136692,179700
2010-10-15,17.13421630859375,17.524724834785562,17.100468703592153,17.409019285953374,562500
2010-10-18,17.20171546936035,17.225820644311145,17.042618004292585,17.143862681657055,265100
2010-10-19,17.023326873779297,17.33187738030082,16.922082244553227,16.975114707694004,204400
2010-10-20,17.37527847290039,17.519911385030504,17.042620751983147,17.095653248889214,232700
2010-10-21,17.216171264648438,17.51990149605859,17.047433268924028,17.476511462999998,222100
2010-10-22,17.08118438720703,17.31741762989098,17.008867037508175,17.28367002379327,177900
2010-10-25,17.158315658569336,17.307770600820312,17.11010533609143,17.220990549075346,192900
2010-10-26,16.87869644165039,17.14867912202295,16.873876143387733,17.013688701389945,289400
2010-10-27,16.603885650634766,16.854583341786526,16.526748040980813,16.782267867232893,295900
2010-10-28,16.295347213745117,16.758173212545934,15.9626913719396,16.758173212545934,357500
2010-10-29,16.415874481201172,16.58461438634401,16.1892836266826,16.203746364026532,227700
2010-11-01,16.28569984436035,16.632820157909048,16.16999429924844,16.493007605051215,322000
2010-11-02,16.541215896606445,16.589426222562768,16.319443615531636,16.43515097257528,316000
2010-11-03,16.53158187866211,16.68585720718034,16.43515933856147,16.555687053910525,262200
2010-11-04,17.008872985839844,17.028157864384713,16.676217106923428,16.82085001779547,338700
2010-11-05,17.307781219482422,17.35117127197555,17.02815602805848,17.057083342756243,303600
2010-11-08,17.052257537841797,17.35598783999151,17.032974504629525,17.216175274339317,239300
2010-11-09,16.51229476928711,17.066722920540904,16.401409506857696,17.066722920540904,372400
2010-11-10,16.695493698120117,16.75334646593039,16.54603872224505,16.57978632339324,273900
2010-11-11,16.67140007019043,16.787105685894005,16.536407733059455,16.541229873193206,150800
2010-11-12,16.343551635742188,16.73888221835062,16.333909202129036,16.565322091526205,241100
2010-11-15,16.05911636352539,16.521942432898832,16.030189044524306,16.386951955775075,475800
2010-11-16,15.466111183166504,15.967504882466054,15.36968776174976,15.948221853378334,556600
2010-11-17,15.437180519104004,15.586635456400959,15.33111560624127,15.523960567972448,247700
2010-11-18,15.437180519104004,15.692698530157838,15.379326846674065,15.63966607372647,465000
2010-11-19,15.3600492477417,15.461292066878139,15.331121939799882,15.384154418139905,348300
2010-11-22,15.355234146118164,15.388981765939484,15.200958787190038,15.335949266475312,214000
2010-11-23,15.215413093566895,15.268445563635524,15.104527855744458,15.19612914416668,240600
2010-11-24,15.509501457214355,15.591461238473501,15.350405871050663,15.364869524135203,186900
2010-11-26,15.456472396850586,15.509503038240048,15.379333825422846,15.403439916354435,56500
2010-11-29,15.557718276977539,15.581823453092115,15.22024029405234,15.350410451999505,233100
2010-11-30,15.273275375366211,15.47094079560171,15.2106004355528,15.45165591579645,612000
2010-12-01,15.687882423400879,15.731272459423073,15.292550881914979,15.514322279312102,464800
2010-12-02,15.716812133789062,15.842161977984977,15.63003203830169,15.7264545709662,345500
2010-12-03,15.716812133789062,15.769844618709884,15.620391440231398,15.65413905079795,319100
2010-12-06,15.697526931762695,15.789127313641327,15.562534669023053,15.74091697351712,187700
2010-12-07,15.697526931762695,15.8710852596738,15.658957188378059,15.837337653765536,324800
2010-12-08,15.572176933288574,15.765021969873738,15.442006809459572,15.721631928597406,276400
2010-12-09,15.508502006530762,15.73383039436806,15.493806311291294,15.73383039436806,315400
2010-12-10,15.724032402038574,15.763220920528395,15.508501156178788,15.567282999607814,334100
2010-12-13,15.679946899414062,15.792612960411,15.655455008654005,15.792612960411,322600
2010-12-14,15.733829498291016,15.792612275901075,15.660352894889849,15.763220887096045,371500
2010-12-15,15.675050735473633,15.822003962396366,15.650558842421788,15.74852828324083,408200
2010-12-16,15.753422737121582,15.856289788359224,15.63585999243329,15.719133720042368,224900
2010-12-17,15.85139274597168,15.8807822653515,15.689742914937241,15.831798487310895,760800
2010-12-20,15.895477294921875,16.052227611219852,15.78771075173783,15.910172053133822,672700
2010-12-21,15.929769515991211,16.05223084203486,15.890580994723702,16.022839451084227,366300
2010-12-22,15.919973373413086,16.01794281404873,15.89548148040709,15.968957159425079,320700
2010-12-23,15.96894645690918,16.091407708476307,15.91996270372649,15.91996270372649,233400
2010-12-27,16.042430877685547,16.135500796336967,15.968953347595173,15.968953347595173,216300
2010-12-28,16.115915298461914,16.19918812413219,15.998351573772808,16.03754010487318,119100
2010-12-29,15.998348236083984,16.233473767796628,15.988551105352839,16.081622912992916,142900
2010-12-30,16.037532806396484,16.145297480656158,15.944461021694888,15.959157648475287,113800
2010-12-31,15.944466590881348,16.11591359338826,15.944466590881348,15.973857986096998,187400
2011-01-03,16.15509605407715,16.302049254748248,16.027737111791883,16.135501795691315,231900
2011-01-04,15.978748321533203,16.297148417508666,15.934662183146001,16.262859406386504,362700
2011-01-05,16.174686431884766,16.316741968183567,15.934661495772623,15.983647129984734,325300
2011-01-06,16.287353515625,16.497987109075364,16.15019745239638,16.155095082392595,334300
2011-01-07,16.326547622680664,16.4783984965255,15.954264082661634,16.370631913581278,335700
2011-01-10,16.346134185791016,16.51758113099581,16.047328307775427,16.292250913544116,266500
2011-01-11,16.46369743347168,16.674331018480725,16.360830390172698,16.45390030526066,177400
2011-01-12,16.56167221069336,16.674336418691194,16.419616608543663,16.65474215592329,518400
2011-01-13,16.56167221069336,16.65474215592329,16.424514239929767,16.59106173623347,361700
2011-01-14,16.703720092773438,16.811486631633617,16.47349412604181,16.605752550476282,279400
2011-01-18,16.987834930419922,17.017226320734128,16.59595906928799,16.816389825115795,418600
2011-01-19,16.742910385131836,16.924152599989366,16.620449075625963,16.801691290483493,344000
2011-01-20,16.83107566833496,17.134779066224176,16.630239279126048,16.630239279126048,379400
2011-01-21,16.90456199645996,17.022125701189697,16.777203029230133,17.022125701189697,347500
2011-01-24,17.560951232910156,17.575647860871584,16.904558531842824,16.96334130646591,445200
2011-01-25,17.737295150756836,17.737295150756836,17.487474908167986,17.580544828228295,285100
2011-01-26,18.23204231262207,18.261431834144354,17.742197022061447,17.791180803672912,342300
2011-01-27,18.359405517578125,18.437780707473188,18.124279947892944,18.18796037362391,262300
2011-01-28,18.001808166503906,18.472059033407202,17.928330651033026,18.418175771210002,350500
2011-01-31,18.1977481842041,18.3447013564046,18.03120075741395,18.080184525277126,216500
2011-02-01,18.491655349731445,18.5602333752295,18.045896315383022,18.28102177506681,231500
2011-02-02,18.349599838256836,18.61901431124306,18.29081894036791,18.501452515465203,119800
2011-02-03,17.996912002563477,18.310412606020115,17.89894259683053,18.305513107997424,205900
2011-02-04,17.918535232543945,18.21733918354296,17.732393565332583,18.065488393558883,239300
2011-02-07,18.114471435546875,18.163457066339557,17.75688473950868,17.879346013574256,297700
2011-02-08,18.525943756103516,18.619013663574435,18.040998095319523,18.109576118572935,241000
2011-02-09,18.423078536987305,18.579828853761718,18.246733963463296,18.246733963463296,347200
2011-02-10,18.71208381652832,18.8247479690449,18.266324835436272,18.334902852741074,313800
2011-02-11,18.82965087890625,18.859042266827366,18.560236363102415,18.72678382409937,164900
2011-02-14,18.672895431518555,18.903123235631497,18.609216911385438,18.834545217881473,213400
2011-02-15,18.834552764892578,18.854147025989967,18.61412199907594,18.63861389114188,280900
2011-02-16,18.898225784301758,18.976600929411624,18.761067878901347,18.888428657586665,161000
2011-02-17,19.14805030822754,19.211730711979826,18.868838673805328,18.91292481969364,190900
2011-02-18,19.103960037231445,19.270507455890204,18.9619045013085,19.24601557315439,254100
2011-02-22,18.50145149230957,19.094163673823676,18.442670597671306,18.91292149199931,312500
2011-02-23,18.124267578125,18.623909773430913,18.114470452498143,18.540635139907938,305400
2011-02-24,18.29081916809082,18.38388907995794,17.952826665257625,18.17325550223823,374400
2011-02-25,18.878631591796875,18.878631591796875,18.232036175401053,18.344700330071902,248300
2011-02-28,18.810062408447266,19.045187954976388,18.672904438179806,18.90802998470893,274300
2011-03-01,18.310413360595703,18.908023209833413,18.276124347467764,18.908023209833413,278900
2011-03-02,18.474302291870117,18.583557627854642,18.24585707772384,18.345179765989982,229100
2011-03-03,18.757366180419922,18.846758068051617,18.64810900787944,18.667974292788227,155300
2011-03-04,18.558725357055664,18.73254383546559,18.275651552072958,18.70274589487737,196500
2011-03-07,18.325307846069336,18.667975507991773,18.15645670226887,18.568650971440093,188200
2011-03-08,18.767311096191406,18.970925663520312,18.15150012250011,18.350149312583515,186100
2011-03-09,18.707706451416016,18.871592240741336,18.504091979333715,18.767302317238784,129200
2011-03-10,18.216060638427734,18.633222404745126,18.03727675365471,18.429607845855625,284600
2011-03-11,18.8120059967041,18.871599992547846,18.20116232954355,18.20116232954355,205000
2011-03-14,19.035486221313477,19.11494551547813,18.603424533237856,18.702749124558423,326100
2011-03-15,18.980854034423828,19.358285137163165,18.623286330648607,18.623286330648607,606100
2011-03-16,18.603422164916992,19.02058387978913,18.509064857127125,19.02058387978913,320900
2011-03-17,18.593482971191406,18.936152552253176,18.548787021246746,18.936152552253176,231800
2011-03-18,18.692811965942383,19.01064906591604,18.593487398585978,18.86166316211071,603900
2011-03-21,18.980854034423828,19.144737969015036,18.752406948979296,19.139772592888672,296200
2011-03-22,18.777240753173828,19.10501053846322,18.7474428110716,19.055347301626174,171800
2011-03-23,18.8120059967041,18.921261340007803,18.55376282210258,18.712681407325213,212000
2011-03-24,19.229156494140625,19.358277058586854,18.762331765813645,18.911319509850344,293000
2011-03-25,19.179506301879883,19.65129672454986,19.05038564977631,19.368222849839704,214500
2011-03-28,19.40795135498047,19.49734140021067,19.19440415399629,19.199369530886155,146200
2011-03-29,19.641355514526367,19.71584940464883,19.258957207850486,19.37814705315476,227600
2011-03-30,19.715856552124023,19.84497719475955,19.641362634995716,19.720821929185043,336900
2011-03-31,19.96416473388672,20.04362401872526,19.7555829271488,19.7555829271488,372900
2011-04-01,20.137975692749023,20.326692151858825,20.018787746069968,20.123077673028707,256000
2011-04-04,20.137975692749023,20.321724882313216,20.08831436404246,20.257165533886337,208500
2011-04-05,20.123077392578125,20.237299962577932,20.03368548658554,20.167773345574417,210500
2011-04-06,20.108186721801758,20.321732025872706,20.073421506136476,20.177713364214473,189600
2011-04-07,20.123077392578125,20.2273673180834,19.984024158571096,20.162806076098036,253600
2011-04-08,19.641355514526367,20.207503017190444,19.512234918700198,20.12307837654609,246500
2011-04-11,19.730749130249023,19.899600320590125,19.373181457889398,19.59169587742405,180000
2011-04-12,19.253999710083008,19.76055344457319,19.24903243833145,19.556938875318625,197200
2011-04-13,19.139768600463867,19.487403585013425,18.91132345713008,19.437740361815912,219300
2011-04-14,19.253999710083008,19.348357034312507,18.772276650973314,19.050385140828443,166300
2011-04-15,19.373186111450195,19.373186111450195,19.139775508778513,19.194404126784313,305500
2011-04-18,19.09507942199707,19.139775391504415,18.87159957446036,19.12487547202935,185200
2011-04-19,19.18943214416504,19.383114000845644,18.99078491182068,19.144736185357324,109900
2011-04-20,19.328489303588867,19.54203649501093,19.2192339667735,19.50727317496165,164800
2011-04-21,19.353321075439453,19.73075220381245,19.239098472188957,19.517205021161026,140200
2011-04-25,19.36821937561035,19.36821937561035,19.134806894856947,19.36821937561035,126300
2011-04-26,19.745647430419922,19.840006619989982,19.263926414424795,19.368216355515216,306600
2011-04-27,19.3433837890625,19.666186226626554,19.124869387893504,19.666186226626554,411700
2011-04-28,19.25896644592285,19.432784974765806,19.149711087649894,19.298697044901548,233000
2011-04-29,19.199369430541992,19.442714574970374,19.000720255724584,19.353322635748434,205000
2011-05-02,18.89642333984375,19.328482957497936,18.79709878897452,19.30861956289068,167000
2011-05-03,18.757366180419922,19.065270518674737,18.563684388703862,18.802062124235768,191000
2011-05-04,18.36006736755371,18.846755412496343,18.335234817687777,18.772261551813692,224800
2011-05-05,18.384902954101562,18.593482788825487,18.076998576646115,18.28557841137004,204900
2011-05-06,18.260753631591797,18.6630173067285,18.131631116109485,18.6630173067285,142000
2011-05-09,18.4494686126709,18.47429928069021,18.106798952845367,18.27565014761864,123000
2011-05-10,18.956016540527344,19.025545049424764,18.523956940470402,18.523956940470402,335200
2011-05-11,18.64314842224121,18.98581614986925,18.429601290768307,18.98581614986925,212500
2011-05-12,18.802072525024414,18.841801222360967,18.419674104058302,18.59349070701613,161600
2011-05-13,18.409738540649414,18.81696756976737,18.31041397134925,18.81696756976737,98000
2011-05-16,18.25081443786621,18.49415946393262,18.136591880964186,18.295510385737266,144300
2011-05-17,18.18625831604004,18.355109511638318,18.032307036892977,18.10183366547017,110700
2011-05-18,18.350143432617188,18.49912933021041,18.05216974297227,18.216055556445745,186400
2011-05-19,18.29551887512207,18.49913342224629,18.151498321325725,18.47926812631737,200500
2011-05-20,17.923053741455078,18.181296914374855,17.91808836452501,18.15646624080658,206100
2011-05-23,17.714462280273438,17.91807861837389,17.63500303139972,17.828686726583715,183000
2011-05-24,17.729368209838867,17.873388739326142,17.441327150864318,17.80386021531056,231300
2011-05-25,17.615142822265625,17.808824657981038,17.436359006387317,17.70453473020478,151300
2011-05-26,17.580385208129883,17.76413445865959,17.441330031590017,17.605215880721644,231000
2011-05-27,17.838623046875,17.888286276969417,17.560516536180334,17.724400459345617,199700
2011-05-31,17.878355026245117,18.12666551272074,17.729369113251472,18.047206232826888,485300
2011-06-01,17.22850227355957,17.888423192071567,17.16805192780865,17.878349735847948,396200
2011-06-02,16.65422248840332,17.37459581724784,16.487981602508942,17.31918218861638,868000
2011-06-03,17.46527099609375,17.6214365074764,16.56858329217047,16.623996922715353,905100
2011-06-06,17.319185256958008,17.52068712569235,17.21843336174955,17.41993715216646,394900
2011-06-07,17.732269287109375,17.918659075572993,17.3645264410345,17.581142379660957,536000
2011-06-08,17.737293243408203,18.0496241384321,17.636541403777315,17.70203038778962,406400
2011-06-09,17.67181968688965,17.9287352487005,17.58617988516405,17.893472366132013,256300
2011-06-10,17.047157287597656,17.65166679288209,17.001819026659255,17.576102384090508,413300
2011-06-13,17.203319549560547,17.364521797286688,17.00181577906168,17.173093407481005,306500
2011-06-14,17.626476287841797,17.691963381152412,17.329259277251783,17.48038614735058,276200
2011-06-15,17.208354949951172,17.550910180332018,17.092490963452093,17.414895434002958,259500
2011-06-16,17.440078735351562,17.66173319689473,17.03707324393003,17.253689055884436,224800
2011-06-17,17.213394165039062,17.702039592234513,17.14286841713096,17.581138859158475,549800
2011-06-20,17.591205596923828,17.74737106596273,17.047148662610788,17.233538342528224,228600
2011-06-21,17.903541564941406,17.92872905497711,17.52572344935887,17.747376052028326,304600
2011-06-22,17.817903518676758,18.135271304577973,17.72722700841927,17.87835580663675,215000
2011-06-23,17.57106590270996,17.7121174179922,17.29903633322327,17.626479547051634,197400
2011-06-24,17.57609748840332,17.802788729952216,17.43000736366267,17.641586496335712,220100
2011-06-27,17.686925888061523,17.87835427348732,17.490460773245562,17.55594786372933,153700
2011-06-28,17.83301544189453,17.91361656129039,17.641587062698516,17.742338942363908,137400
2011-06-29,17.747379302978516,17.923695608890558,17.545877424099604,17.8430925513198,185300
2011-06-30,17.76752281188965,17.92872501783789,17.70203381519759,17.80278567433571,217000
2011-07-01,18.20076560974121,18.241065225072543,17.78264581079069,17.84309619462922,332400
2011-07-05,18.20578956604004,18.346841003248613,18.140300575186753,18.261203179709607,166100
2011-07-06,18.533235549926758,18.65413625202059,18.14534211415186,18.14534211415186,266600
2011-07-07,18.628950119018555,18.790152347974047,18.528198245500835,18.623913390099638,251700
2011-07-08,18.508052825927734,18.588653955289665,18.346848645521366,18.38211344119456,160500
2011-07-11,18.20076560974121,18.392192145510386,18.145351957187955,18.28136676208693,161400
2011-07-12,18.296470642089844,18.649101245508803,18.14534378967663,18.1705312781318,133800
2011-07-13,18.20578956604004,18.59871966779633,18.170526706737892,18.422405371285613,202200
2011-07-14,17.621435165405273,18.311582325805677,17.48038369598444,18.28639483793512,329000
2011-07-15,17.792715072631836,17.883391578029677,17.636549552961693,17.656700314535076,143200
2011-07-18,17.57609748840332,17.88842657582502,17.520683860282233,17.737299722019824,139800
2011-07-19,17.89850425720215,17.913618289703724,17.601287240437216,17.717151240642874,157400
2011-07-20,17.853166580200195,17.984144617141542,17.676852209335895,17.984144617141542,174000
2011-07-21,17.984140396118164,18.120155131010797,17.8380502821577,17.948877530221782,126400
2011-07-22,17.817903518676758,18.019407301845067,17.616401657190945,18.019407301845067,180400
2011-07-25,17.606325149536133,18.225946648868312,17.299032764619977,17.379633888394512,177600
2011-07-26,17.339332580566406,17.707077254132997,17.268806836599904,17.666775730905055,323600
2011-07-27,16.775121688842773,17.510607060276968,16.754970930854483,17.31918062443435,350700
2011-07-28,16.865795135498047,17.112637072118908,16.679405461936398,16.825495548473608,237100
2011-07-29,16.734825134277344,17.087453854714003,16.608885756497852,16.629034596463946,297800
2011-08-01,16.493017196655273,17.09752450541052,16.447678956330442,16.951436328081062,328100
2011-08-02,16.472871780395508,16.82046378777271,16.44264563648695,16.498059272811396,506200
2011-08-03,16.5534725189209,16.679411899714047,16.04467730521562,16.528285027098757,308800
2011-08-04,16.095056533813477,16.58873877665402,16.095056533813477,16.407385723838548,513900
2011-08-05,16.07490348815918,17.293997769394757,15.943926408680635,16.246181133566406,570300
2011-08-08,14.669411659240723,16.1202321279899,14.659336283558957,15.661813103717446,684300
2011-08-09,16.56858253479004,16.64918365143937,14.110246555303364,15.178211831327499,664700
2011-08-10,15.823025703430176,16.63911245488726,15.082502397724104,16.044679310362312,591000
2011-08-11,16.84061050415039,17.15293956276676,15.823020297244629,15.833095676126709,484200
2011-08-12,16.73986053466797,17.30406836424973,16.503093908303924,16.931288911764053,220300
2011-08-15,17.173095703125,17.1781324333037,16.664301401040827,16.810389636414616,247800
2011-08-16,16.875877380371094,17.06730578126431,16.644149376053377,16.92625236507234,214100
2011-08-17,16.936321258544922,17.092486725988394,16.543391147684144,17.021961005749972,117500
2011-08-18,16.05475616455078,16.55851283602126,15.626561984917373,16.382198433385238,429600
2011-08-19,15.737387657165527,16.3116719872538,15.71723785235687,15.8834778256042,254000
2011-08-22,15.77264404296875,16.40737848701848,15.540916098438734,16.11519923126616,222300
2011-08-23,16.407386779785156,16.42753754732437,15.681975482678663,15.888517006589673,241700
2011-08-24,16.815425872802734,16.86076412462886,16.27640550202675,16.372118735134194,243500
2011-08-25,16.271366119384766,17.021965605499098,16.135351370021134,16.91617699655481,271800
2011-08-26,16.61896514892578,16.734829173849107,15.848214664122034,16.084981366438274,144300
2011-08-29,17.22850227355957,17.253689757482302,16.749932392300337,16.80534600993945,210100
2011-08-30,16.901060104370117,17.147902071801862,16.714670407543256,17.147902071801862,303300
2011-08-31,16.90610122680664,17.10760305991174,16.734823611742083,17.052189431261112,293600
2011-09-01,16.493017196655273,17.087449127373684,16.42752820025677,16.880908681823204,264900
2011-09-02,15.817983627319336,16.43256736612275,15.797833829097476,16.09001310962252,306000
2011-09-06,15.77264404296875,15.918734151265408,15.36460081495142,15.36460081495142,303000
2011-09-07,16.231063842773438,16.276402085081596,15.732343177383692,15.999334941993851,261300
2011-09-08,15.98422622680664,16.291518628162358,15.883475297119084,16.054752934513296,206100
2011-09-09,15.43513298034668,15.89355233206659,15.26889300621574,15.802876768683582,358000
2011-09-12,15.349488258361816,15.510691440045395,15.011970748157344,15.2084367955451,302500
2011-09-13,15.586257934570312,15.636633878728004,15.112725596833975,15.37971742828088,388800
2011-09-14,16.079946517944336,16.331824417997325,15.596338605389088,15.752504190949688,339300
2011-09-15,16.44341468811035,16.463892635301914,16.0799399134405,16.1925656936673,200500
2011-09-16,16.832496643066406,16.868332092879907,16.479258705068247,16.53045359972007,492000
2011-09-19,16.62770652770996,16.827361561221508,16.30518678308039,16.484364852959896,337500
2011-09-20,16.899036407470703,17.06285801404117,16.586756535239445,16.71474076173702,467100
2011-09-21,16.213045120239258,16.986070121295644,16.166970711296386,16.883682328879853,339700
2011-09-22,15.803488731384277,16.32566350168832,15.52704240318633,15.706220470376639,388000
2011-09-23,15.79837417602539,15.895641490941538,15.50145079185343,15.783015716408109,535200
2011-09-26,15.905876159667969,16.008263909857874,15.552639495598948,15.94683106445554,220700
2011-09-27,16.361499786376953,16.62770715879048,16.064576479128622,16.402455668079305,220500
2011-09-28,15.916122436523438,16.7147449111643,15.911002949019565,16.417820494594114,270600
2011-09-29,16.612350463867188,16.617468972879664,16.105532144735122,16.392217471534313,257600
2011-09-30,16.13625144958496,16.719859207725385,16.11065401851783,16.264235675594154,303700
2011-10-03,15.255725860595703,16.325674524783288,15.230129395046601,15.95708014808636,423700
2011-10-04,16.356388092041016,16.407581012613143,15.009993189838907,15.071426061544777,390700
2011-10-05,16.479249954223633,16.617473167055664,15.829090760478715,16.392221608857824,289000
2011-10-06,17.15500259399414,17.195958478446858,16.361500885121302,16.469007152483595,422900
2011-10-07,16.65330696105957,17.262513130282084,16.607232561310674,17.21643873053319,327300
2011-10-10,17.47752571105957,17.48264617375022,16.781291204339478,16.97070926620713,378700
2011-10-11,17.04749870300293,17.523600185270592,16.9604703657355,17.354662020563797,252700
2011-10-12,17.467288970947266,17.61575116180102,16.99630789319896,17.139649620707647,317600
2011-10-13,17.25739288330078,17.451929457214817,16.996305916716544,17.354662146699972,217000
2011-10-14,17.651582717895508,17.805163385487838,17.28298755336661,17.426331202285706,314100
2011-10-17,17.078216552734375,17.50824365848252,16.9911862578326,17.46216925597792,391400
2011-10-18,17.784690856933594,17.861480229234246,17.03726141083606,17.170366114105757,328000
2011-10-19,17.41609764099121,17.917795685848805,17.34954528163604,17.71814056066805,335900
2011-10-20,17.108930587768555,17.508242705365426,16.822247168132606,17.47752578773972,440400
2011-10-21,17.37514877319336,17.631117386573326,17.160136075339246,17.451940138361564,487300
2011-10-24,17.267629623413086,18.16351910610145,17.14988438289156,17.533837018329432,733700
2011-10-25,16.463891983032227,16.842726179529283,16.392221123585756,16.59187621858219,705200
2011-10-26,16.24888038635254,17.07309829863754,16.04922526729629,16.71474395822103,467000
2011-10-27,17.503122329711914,17.651584502981446,16.771052388841422,16.842725196991235,534100
2011-10-28,17.185718536376953,17.533835723020932,17.067973304553835,17.400733011837737,308500
2011-10-31,16.62770652770996,16.996301637505958,16.581632138985462,16.74033324523293,359800
2011-11-01,15.803488731384277,16.474125635670607,15.767652336792686,16.16184388932298,486300
2011-11-02,16.038986206054688,16.279596245062187,15.680629914693244,16.120896048118617,362100
2011-11-03,16.43828582763672,16.494599170514405,15.752290651722102,16.25910780829634,300400
2011-11-04,16.489486694335938,16.556039036585737,16.187444828732648,16.330786532454457,220800
2011-11-07,16.49460792541504,16.617471690648912,16.110654265069424,16.515083917697794,149300
2011-11-08,16.899036407470703,16.9399922973344,16.26935522389091,16.658427389616595,209100
2011-11-09,16.161842346191406,16.663540105268673,16.12600693146329,16.422931171077554,336900
2011-11-10,16.131134033203125,16.448535384067135,16.023626761810924,16.40757948910456,187700
2011-11-11,16.622591018676758,16.66354495333097,16.243756870483228,16.35638360832967,202600
2011-11-14,16.187440872192383,16.62258731593662,16.05945668147007,16.499721633574342,197000
2011-11-15,16.44341468811035,16.550922934423788,16.018508024750346,16.02874602190386,180100
2011-11-16,16.24376106262207,16.622595308583954,15.99291204536356,16.24376106262207,180700
2011-11-17,15.946834564208984,16.351265192130853,15.895640677878825,16.182326050750845,268700
2011-11-18,16.08505630493164,16.115772243365935,15.870042783007404,15.962191574752373,153900
2011-11-21,15.675514221191406,15.977556207809377,15.61408134038143,15.87004988694506,222600
2011-11-22,15.49121379852295,16.10041910433944,15.42978092864503,15.701107891238808,172100
2011-11-23,15.28643798828125,15.475854117295864,15.235244096824614,15.358108850455183,312600
2011-11-25,15.28643798828125,15.598718870926433,15.28131850149136,15.28131850149136,140000
2011-11-28,15.695984840393066,15.88028243174114,15.465612851207974,15.844447005966153,236200
2011-11-29,15.655031204223633,15.813731378348175,15.51680799944958,15.685747146470467,128700
2011-11-30,16.463891983032227,16.469010493185063,15.80349383534436,16.20280402533723,426700
2011-12-01,16.12088966369629,16.422933429295608,16.12088966369629,16.361499607414043,174900
2011-12-02,16.003150939941406,16.402462156520134,15.951957044004287,16.356387747820957,161800
2011-12-05,15.486090660095215,15.957072629972325,15.158451368508395,15.926356690496588,1452900
2011-12-06,15.655031204223633,15.711344578711328,15.383704281123698,15.404182226916387,479900
2011-12-07,15.7369384765625,15.818848293534893,15.445134631543088,15.496328511261344,337400
2011-12-08,15.388826370239258,15.752302157995496,15.306916526099728,15.588482469716435,346700
2011-12-09,15.726702690124512,15.762539096693903,15.404182842537887,15.404182842537887,347100
2011-12-12,15.537286758422852,15.547525731855078,15.342750168979572,15.429779490268986,378700
2011-12-13,15.568324089050293,15.87865632406332,15.49074127692678,15.651079220184569,365300
2011-12-14,15.43901252746582,15.692450132426288,15.402807296259834,15.402807296259834,377300
2011-12-15,15.718313217163086,15.73383017007177,15.413153382256695,15.583835918177327,308100
2011-12-16,15.459701538085938,16.007955308432805,15.382118755193414,15.806238889089913,515800
2011-12-19,15.226950645446777,15.58383158443213,15.18040078618461,15.506248814501332,341100
2011-12-20,15.894165992736816,15.92519989449685,15.30970798751647,15.506251099403725,347900
2011-12-21,15.956235885620117,16.033818681938644,15.733831146059899,15.816586260335498,257400
2011-12-22,16.183809280395508,16.318285570769415,16.03898736993011,16.03898736993011,136700
2011-12-23,16.18898582458496,16.287257902140805,16.116575339290584,16.287257902140805,98300
2011-12-27,16.251049041748047,16.31311586283963,15.98726677851646,16.10622711688012,243300
2011-12-28,16.033811569213867,16.27173217058308,16.023466937888685,16.266560841438825,293700
2011-12-29,16.235530853271484,16.323458267651716,15.940715695207935,16.147603438891252,158500
2011-12-30,16.09071159362793,16.35449386410758,15.982094900362814,16.188982665488417,253700
2012-01-03,16.271739959716797,16.51483397963383,16.15277960208695,16.385528985726918,212500
2012-01-04,16.08036994934082,16.230363237007865,15.914859706459035,16.12174751006127,230500
2012-01-05,16.163118362426758,16.302767941842557,15.951058328433197,16.05450268056011,253300
2012-01-06,16.28208351135254,16.33380570277356,16.00278525610902,16.17346779723527,236800
2012-01-09,16.121747970581055,16.395874934758776,16.080370408678654,16.318291142987743,228000
2012-01-10,16.333805084228516,16.416560192760798,16.23553302290192,16.406215557564586,207700
2012-01-11,16.602754592895508,16.64413312346005,16.220013050358133,16.220013050358133,209500
2012-01-12,16.95963478088379,16.97515074082713,16.504480883191928,16.638957139786292,349100
2012-01-13,17.19756507873535,17.233770321058092,16.664829107668403,16.732066287389078,307900
2012-01-17,17.16135597229004,17.40444995003901,17.0113617318476,17.275144978561862,350500
2012-01-18,17.16135597229004,17.33721081242045,17.032051000812892,17.16135597229004,288400
2012-01-19,17.435482025146484,17.456171294283475,17.109634914906717,17.17687208004599,211200
2012-01-20,17.80270767211914,17.81822561048919,17.275145120432622,17.368244858503726,372000
2012-01-23,17.368244171142578,17.802706967563807,17.269971133158254,17.740641135651806,249300
2012-01-24,17.32686996459961,17.378591175278853,17.13549911744116,17.22859887509397,146300
2012-01-25,17.363065719604492,17.38375498178678,17.119971821554177,17.249276750638533,207400
2012-01-26,17.32686996459961,17.60616923755803,17.28032008577321,17.43031435899581,339800
2012-01-27,17.104463577270508,17.326868313465454,16.985503225614202,17.259629167559705,235900
2012-01-30,17.068256378173828,17.17687208159689,16.825162398385476,16.938951405611906,233600
2012-01-31,15.801065444946289,17.083770389265087,15.583833076431128,17.083770389265087,834900
2012-02-01,15.733827590942383,16.028642742249463,15.376945624693443,15.661417128942343,767900
2012-02-02,15.770030975341797,15.945885779480268,15.692448205637987,15.738998064763962,343400
2012-02-03,16.070018768310547,16.147601539752365,15.868303365258129,15.997608313167312,312600
2012-02-06,16.111398696899414,16.15277624689409,15.935543862792402,15.956233131049043,276500
2012-02-07,16.1165714263916,16.220015797284763,15.935544270587888,16.023471689891483,256000
2012-02-08,16.214839935302734,16.24587284517901,16.033812819074022,16.235528213047445,163600
2012-02-09,16.194154739379883,16.287254478915905,16.038989164498958,16.220016326205812,235900
2012-02-10,16.05967903137207,16.17864036946692,16.00795782565639,16.095885256499315,368700
2012-02-13,16.225187301635742,16.302770082659574,16.132087569799715,16.261392533678958,163800
2012-02-14,16.085538864135742,16.188982250789387,15.956233890929699,16.12174409879045,143800
2012-02-15,15.832098960876465,16.10105251675778,15.780376781719806,16.10105251675778,275000
2012-02-16,16.13725471496582,16.204492840565944,15.878644870088282,15.878644870088282,195700
2012-02-17,16.09071159362793,16.245877170842466,15.940717347337692,16.199327300374367,144800
2012-02-21,16.054500579833984,16.090705802385425,15.86312884939566,16.090705802385425,205800
2012-02-22,15.707968711853027,16.00278389541068,15.676934807727944,15.951061708387536,290900
2012-02-23,16.03898811340332,16.044160430429546,15.671761496690172,15.69245076479507,175800
2012-02-24,15.940717697143555,16.07519499405586,15.863134906833798,16.00795683885906,240800
2012-02-27,16.106225967407227,16.13725986899751,15.682105844192513,15.790722526721341,456600
2012-02-28,15.842448234558105,16.147608114801507,15.780382386739811,16.06485299336454,174100
2012-02-29,15.940717697143555,16.090711946725293,15.723485292365014,15.873479541946752,321400
2012-03-01,15.992439270019531,16.116571927036194,15.888994895912978,15.971750000590754,215400
2012-03-02,15.982094764709473,16.178638879799575,15.899339659361644,15.92520124635701,264800
2012-03-05,16.018299102783203,16.05450532254877,15.88382181749552,15.888994134604886,154400
2012-03-06,15.692450523376465,16.054504817493406,15.651072974321837,15.857960719594981,230500
2012-03-07,15.713353157043457,15.885797633119829,15.572261950243936,15.702901735050352,257400
2012-03-08,15.885798454284668,15.964182129879816,15.645421716232544,15.786511933622807,262800
2012-03-09,16.20978546142578,16.225461598412597,15.812640378285533,15.906701187016447,228600
2012-03-12,16.194107055664062,16.26204029961235,16.094820543502486,16.157528076631486,189500
2012-03-13,16.664413452148438,16.69576772343584,16.162757071981517,16.272494031379544,313200
2012-03-14,16.366548538208008,16.633053761126998,16.27771346390168,16.61737663153097,227800
2012-03-15,16.314294815063477,16.49196498958243,16.11572279473767,16.36655092463418,218600
2012-03-16,16.382230758666992,16.403132607921478,16.256816673032436,16.298621368243957,297000
2012-03-19,16.46584129333496,16.570352540275184,16.204561680930478,16.34565291083753,144600
2012-03-20,16.29861831665039,16.4188066682928,16.215008941881553,16.371776270397532,126900
2012-03-21,16.329971313476562,16.382227421020158,16.136624014575965,16.298618047631347,222200
2012-03-22,16.314294815063477,16.35087478945464,16.11572279473767,16.152301772426444,226300
2012-03-23,16.382230758666992,16.429261165367773,16.2045605548424,16.350877486433994,108200
2012-03-26,16.50763702392578,16.64350246817357,16.361320161650763,16.502411314912166,163600
2012-03-27,16.491968154907227,16.612157528998665,16.413584473858087,16.53899856287723,120900
2012-03-28,16.481515884399414,16.486740598742582,16.303845695657703,16.45538732917124,75200
2012-03-29,16.392677307128906,16.439706703142498,16.25158612898136,16.392677307128906,107600
2012-03-30,16.37700653076172,16.55990246264401,16.345653255688443,16.47106735268419,185000
2012-04-02,16.439708709716797,16.50764195046572,16.215009135284443,16.309068935494498,132000
2012-04-03,16.31951904296875,16.502414911497876,16.225458253627924,16.35087330388389,142200
2012-04-04,16.14708137512207,16.204563214234927,16.011215844211584,16.167984224509553,105900
2012-04-05,15.943281173706055,16.110499956787315,15.911927901053959,15.953732596824274,155800
2012-04-09,15.77606201171875,15.880573250283126,15.68200119931903,15.68200119931903,137500
2012-04-10,15.535686492919922,15.86489938343942,15.514784640896366,15.713356720282228,295200
2012-04-11,15.67678165435791,15.791744361010144,15.514788523006365,15.661104513890495,186200
2012-04-12,15.859674453735352,15.875350594350769,15.634973802355509,15.645425227234277,135700
2012-04-13,15.671552658081055,15.89102759513582,15.655875520897597,15.770839200170828,182400
2012-04-16,15.896248817443848,16.053016158186693,15.640194962655896,15.69767678605608,141600
2012-04-17,16.037342071533203,16.225462705123917,15.906702271985658,15.99553737554609,132200
2012-04-18,16.084369659423828,16.188880882718898,15.843991952110606,15.969406018086131,162600
2012-04-19,15.948507308959961,16.19410977854752,15.859672203500187,16.06869568790477,139500
2012-04-20,16.24636459350586,16.434486212706602,16.09482195654915,16.3038464208622,209900
2012-04-23,15.938058853149414,16.073924392485512,15.682004912490036,16.073924392485512,203700
2012-04-24,16.24113655090332,16.38745345557898,15.906699050733096,15.985082715247696,144000
2012-04-25,16.450166702270508,16.638288371245018,16.324752588521758,16.444940989609794,186700
2012-04-26,16.502418518066406,16.59647932796402,16.366553014514572,16.366553014514572,189700
2012-04-27,16.51287269592285,16.63828679781156,16.29339776844194,16.54945168438589,179100
2012-04-30,16.356101989746094,16.476291359039966,16.298621157512542,16.450162801931498,189000
2012-05-01,16.24113655090332,16.580799761601504,16.215008994965913,16.30906879436201,423200
2012-05-02,16.19932746887207,16.303839657674665,16.068687731219875,16.089590567661233,239100
2012-05-03,16.15230941772461,16.45016808754858,16.110504709621292,16.167986557026925,271600
2012-05-04,16.079143524169922,16.32474593896551,15.943278040441815,16.084369234702045,229200
2012-05-07,16.13140106201172,16.20455902253842,15.734255996705071,16.000761277241207,112000
2012-05-08,16.115718841552734,16.19410248833009,16.011206648048162,16.011206648048162,142200
2012-05-09,15.938058853149414,16.110503384479312,15.922381715136595,15.964186419801335,188000
2012-05-10,15.922381401062012,16.063472650285973,15.729035019564957,16.063472650285973,173000
2012-05-11,15.849220275878906,15.985085785595123,15.739483323821132,15.749933750181947,105300
2012-05-14,15.807411193847656,15.859667297961161,15.598387774095912,15.697674272241347,227100
2012-05-15,15.781289100646973,15.854447073698001,15.661099720588334,15.7551605411983,143000
2012-05-16,15.65587329864502,15.92237861271868,15.650648583694874,15.8074159464664,133900
2012-05-17,15.431178092956543,15.70813391287558,15.415500953512817,15.661103491247276,222200
2012-05-18,15.117633819580078,15.525229249954823,15.10195668891093,15.420718035600768,384600
2012-05-21,15.457300186157227,15.457300186157225,15.01312469296542,15.107185502900451,163900
2012-05-22,15.499103546142578,15.593164347983754,15.347561918389244,15.441621723527987,173000
2012-05-23,15.410273551940918,15.452078255840986,15.190798607289864,15.347566994442193,127000
2012-05-24,15.31620979309082,15.546136118969102,15.128089159829111,15.420722031227104,151700
2012-05-25,15.138543128967285,15.33711622855532,15.091512710470264,15.28486009725832,107500
2012-05-29,15.279631614685059,15.316210600951361,15.054930988531911,15.26918019097965,131700
2012-05-30,14.835453033447266,15.227372371745753,14.825002608586479,15.154214414208143,129800
2012-05-31,14.976543426513672,15.075829932603154,14.699586750244,14.81455038783257,173800
2012-06-01,14.882482528686523,14.966091902702555,14.642105827566025,14.642105827566025,213300
2012-06-04,14.976543426513672,14.986994847513062,14.7413914375392,14.85635507512777,287500
2012-06-05,15.086282730102539,15.138537846462617,14.908612543711401,14.908612543711401,139300
2012-06-06,15.397936820983887,15.403219253043337,15.1285388310773,15.170797280032005,153100
2012-06-07,15.30813980102539,15.720160496148694,15.276446211406997,15.545844241965959,187400
2012-06-08,15.493021965026855,15.514151697877123,15.25531750806691,15.287012107342312,106700
2012-06-11,15.218338966369629,15.61451232410502,15.207775109212605,15.61451232410502,188500
2012-06-12,15.434917449951172,15.434917449951172,15.16551937954637,15.271166037261617,125500
2012-06-13,15.154956817626953,15.535283004433936,15.102133484245664,15.345119407269802,156300
2012-06-14,15.334549903869629,15.371525921373873,15.12853908024169,15.12853908024169,198600
2012-06-15,15.345115661621094,15.450762302595976,15.244752460968096,15.360962960023636,311900
2012-06-18,15.477174758911133,15.519433217345904,15.234188874791476,15.27116489998176,136200
2012-06-19,15.809958457946777,15.84165204479529,15.434913818075712,15.51414929647843,155300
2012-06-20,15.788830757141113,15.89447740357242,15.699031409930832,15.809960489435811,126300
2012-06-21,15.65149211883545,15.86806786689836,15.625080958289852,15.831090831604854,166300
2012-06-22,15.783547401428223,15.841653154320936,15.640925746860436,15.699030492232115,322300
2012-06-25,15.625077247619629,15.677900563687446,15.52999548020175,15.56168906683406,120300
2012-06-26,15.582822799682617,15.730727921166903,15.456047413062322,15.635646129321378,103100
2012-06-27,16.264238357543945,16.264238357543945,15.582819658364691,15.588102091015811,203600
2012-06-28,16.343473434448242,16.343473434448242,16.037099382041955,16.116333859686144,217600
2012-06-29,16.871702194213867,16.972066388758684,16.438552838575365,16.618150491810074,435700
2012-07-02,17.17279052734375,17.17279052734375,16.77133581646553,16.850570272362,187300
2012-07-03,17.537277221679688,17.537277221679688,17.15166866596578,17.15166866596578,161400
2012-07-05,17.716875076293945,17.811956854273795,17.347112830265882,17.468605765452992,332200
2012-07-06,17.695743560791016,17.78026046436028,17.452757714909616,17.505580023999684,109400
2012-07-09,17.8595027923584,17.8595027923584,17.62179828020687,17.664055740676755,152100
2012-07-10,17.811954498291016,17.93344741740829,17.722154157613634,17.854211941224825,206900
2012-07-11,18.028532028198242,18.03909689435958,17.822522175657593,17.822522175657593,253600
2012-07-12,18.01797103881836,18.06022849751373,17.84893717395165,17.84893717395165,182200
2012-07-13,18.297931671142578,18.451119229756504,18.028534598271943,18.04966231856432,329300
2012-07-16,18.4405460357666,18.498651774180143,18.28207712239249,18.30848827211458,143300
2012-07-17,18.514501571655273,18.662407665219195,18.456395822223943,18.4880904169252,289000
2012-07-18,18.577884674072266,18.657120135937426,18.4616752157226,18.4616752157226,182200
2012-07-19,18.4986572265625,18.672972478140064,18.403575447504863,18.609585297115693,176700
2012-07-20,18.519784927368164,18.56732581168278,18.21869333172288,18.356032544719596,218200
2012-07-23,18.519784927368164,18.583172101440347,18.239821046385654,18.239821046385654,191800
2012-07-24,18.694101333618164,18.810312839248954,18.50393778441943,18.572608402750543,225600
2012-07-25,18.884267807006836,18.884267807006836,18.540916677226125,18.815597178042218,236100
2012-07-26,18.826162338256836,19.048020521810614,18.694104519368906,19.016325919862243,338200
2012-07-27,18.709945678710938,19.032166990784997,18.694099389606265,18.842003461361497,390700
2012-07-30,18.488094329833984,18.799750857710023,18.48281290378696,18.752209963117327,163200
2012-07-31,18.282081604003906,18.53563233056542,18.255670447807468,18.472245152685556,259300
2012-08-01,18.123619079589844,18.525074035266933,18.11305421035587,18.382451323172464,209400
2012-08-02,18.002119064331055,18.107763685261737,17.870061273125724,18.023246779492002,158900
2012-08-03,18.176433563232422,18.32433763856646,18.0971980857081,18.176433563232422,131600
2012-08-06,18.007404327392578,18.36131831603464,17.94401713831566,18.234543937880808,116200
2012-08-07,18.012670516967773,18.12360052282178,17.85948510752876,18.060211372322147,127800
2012-08-08,17.843652725219727,18.19228530371282,17.753854371158138,17.970429124236535,100000
2012-08-09,17.658767700195312,17.848931238696462,17.58481566078752,17.785542049168114,110900
2012-08-10,17.66405487060547,17.706314344036496,17.547845348755356,17.653490002247715,99900
2012-08-13,17.679903030395508,17.87006662913365,17.484455990002097,17.6270786890557,100400
2012-08-14,17.90703582763672,17.959858133778162,17.748564879128754,17.748564879128754,156000
2012-08-15,18.32962417602539,18.334905601733322,17.811957809831707,17.922885885078447,235600
2012-08-16,18.762773513793945,18.815595830727474,18.25038857636137,18.27679973482813,365000
2012-08-17,18.783899307250977,18.826156748927183,18.731074986353466,18.75220471471247,130600
2012-08-20,18.77333641052246,18.77333641052246,18.593737730732535,18.752206679949055,121400
2012-08-21,18.89482879638672,19.037451451100253,18.762771006656624,18.79446560160695,169400
2012-08-22,18.863134384155273,18.921240134606073,18.715230303038314,18.921240134606073,96100
2012-08-23,18.66769027709961,18.85257038700735,18.525067614438463,18.78918320861642,191700
2012-08-24,18.635997772216797,18.725798132138994,18.49865853444686,18.58317545346889,111700
2012-08-27,18.678253173828125,18.720510616620434,18.577887968992908,18.6465585804525,187700
2012-08-28,18.958213806152344,18.98990839748304,18.6095813616816,18.6095813616816,124400
2012-08-29,19.0216064453125,19.121971672542102,18.82088002093791,18.942372966756942,81100
2012-08-30,19.048017501831055,19.079710083712303,18.889546532256492,18.915959703880308,123500
2012-08-31,19.048017501831055,19.190640165422913,18.96350059174426,19.169510434140694,139400
2012-09-04,19.291004180908203,19.312133913082512,18.884265904242536,19.079710889249462,185000
2012-09-05,19.423065185546875,19.48117095108154,19.243466462549957,19.25931275677123,201100
2012-09-06,19.44947624206543,19.607945228545816,19.28572381417829,19.50758200728482,216800
2012-09-07,19.62378692626953,19.67660923228579,19.43890482512901,19.512856859568494,111200
2012-09-10,19.782257080078125,19.872055408855378,19.016321505327387,19.592093542618144,144100
2012-09-11,19.761123657226562,19.919592570479903,19.63434731759895,19.782253383004758,120200
2012-09-12,19.803394317626953,19.835086909190892,19.67133647933002,19.771699711020318,119300
2012-09-13,20.117647171020508,20.181562875105726,19.814045036811216,19.851329366847892,275000
2012-09-14,20.38396644592285,20.50114693840348,20.21884866395867,20.234829115015685,364000
2012-09-17,20.0270938873291,20.410592095605296,19.952525242796103,20.36265481957077,327100
2012-09-18,20.0697078704834,20.250804040416853,19.792737138123798,20.048401960645723,347500
2012-09-19,20.17622947692871,20.25612356764885,19.920564729307237,20.080354942590308,117600
2012-09-20,20.04839515686035,20.176228540660443,20.00045789191566,20.11763832441218,127500
2012-09-21,20.240142822265625,20.293405543271405,20.138942839617624,20.250795772835296,431400
2012-09-24,20.261451721191406,20.336020354369335,20.096334010695372,20.22416740460244,165200
2012-09-25,20.240142822265625,20.48515458984031,20.170899659484064,20.36264870605297,276700
2012-09-26,20.165578842163086,20.30939066019472,20.069704296808663,20.240147481473628,183200
2012-09-27,20.197534561157227,20.250799323344314,20.075028655891312,20.181556148422562,182900
2012-09-28,19.90459632873535,20.28809469812023,19.88329244409266,20.07503959694107,319600
2012-10-01,19.851322174072266,20.043071248694634,19.52108878546866,20.043071248694634,260800
2012-10-02,19.97915267944336,20.000458582786457,19.590329086724328,19.941868364514328,226100
2012-10-03,20.138944625854492,20.261450520507577,19.9258896592492,20.06437396525272,268800
2012-10-04,20.20286750793457,20.282763656865157,19.984487003613562,20.240151835610583,133400
2012-10-05,20.304061889648438,20.437220746275962,20.20818735032919,20.298736429394218,187400
2012-10-08,20.20286750793457,20.24547729734567,20.16558318025855,20.208192969669653,113300
2012-10-09,20.0270938873291,20.42124504937332,20.01111547259865,20.160252761664648,157400
2012-10-10,20.14427947998047,20.218848143514613,20.011120571714155,20.02709899051613,115800
2012-10-11,20.266788482666016,20.357337610476822,20.224178682165164,20.357337610476822,107000
2012-10-12,20.197534561157227,20.34667386343815,20.149599322953232,20.149599322953232,112300
2012-10-15,20.320035934448242,20.3626456985911,20.069696712641303,20.192202578335134,174100
2012-10-16,20.437219619750977,20.50646279029653,20.320041214030955,20.421241208026156,257200
2012-10-17,20.431901931762695,20.53310196425279,20.32004894345624,20.426574437932732,144600
2012-10-18,20.39993667602539,20.511789629304833,20.346673945466495,20.373305310745945,213500
2012-10-19,20.229496002197266,20.549078520608365,20.117643035082814,20.27743327836677,142900
2012-10-22,20.666255950927734,20.703540271499122,20.213516611507703,20.245473439515703,192700
2012-10-23,20.554405212402344,20.714195465254686,20.426571791014485,20.554405212402344,423700
2012-10-24,20.655609130859375,20.698220956646765,20.421250184559778,20.58636796172039,231000
2012-10-25,20.52245330810547,20.719529984232448,20.389294380268097,20.719529984232448,212100
2012-10-26,20.543746948242188,20.634296021622685,20.32536651835635,20.549074440004865,136300
2012-10-31,20.495811462402344,20.671582132672764,20.240146695335056,20.495811462402344,336600
2012-11-01,20.634294509887695,20.67157882212375,20.250796404782427,20.447870916864797,433800
2012-11-02,20.426565170288086,20.666251487800327,20.394608349181553,20.666251487800327,354900
2012-11-05,20.597013473510742,20.69821551723846,20.240148669620567,20.38396049609431,185200
2012-11-06,20.69821548461914,20.767458667295852,20.48516047569532,20.623646841048746,129700
2012-11-07,20.421239852905273,20.634294810364626,20.399933950790803,20.469177116741495,304500
2012-11-08,20.288084030151367,20.52777038498399,20.27743107750959,20.463852669133317,205800
2012-11-09,20.240142822265625,20.41591345890131,20.09633103733895,20.17622715069018,148200
2012-11-12,20.34135627746582,20.37864061323266,20.08036592709795,20.266787605932144,119000
2012-11-13,20.378637313842773,20.4958177969059,20.07503518212793,20.21884703902079,129900
2012-11-14,20.000463485717773,20.4745087761743,19.968506654711977,20.4745087761743,258000
2012-11-15,20.05373191833496,20.17623786719068,19.686212039924158,19.947204387899312,294100
2012-11-16,20.080358505249023,20.14427419553362,19.83001917318988,19.98448395390055,175100
2012-11-19,20.357328414916992,20.383959782180934,20.224169546754204,20.24014796074395,143700
2012-11-20,20.730165481567383,20.740818431686968,20.186879248366033,20.266773326499184,377800
2012-11-21,20.72484016418457,20.804736274706684,20.54907156561542,20.708861754817146,155100
2012-11-23,20.778114318847656,20.778114318847656,20.62897699775844,20.751482944630812,58100
2012-11-26,20.591690063476562,20.83137646480482,20.43722526797131,20.71952348813275,103600
2012-11-27,20.458528518676758,20.639624661496516,20.42124419796473,20.60766580152488,106900
2012-11-28,20.666255950927734,20.67690890421143,20.202863658224008,20.309391159217864,103900
2012-11-29,20.762136459350586,20.836705121901677,20.623652090590515,20.772789415692696,292500
2012-11-30,20.746152877807617,20.831374475492304,20.634299911817056,20.724846970425652,206700
2012-12-03,20.778114318847656,20.836704561230878,20.538429919052447,20.80474772490811,201500
2012-12-04,20.68223762512207,20.836700377301682,20.581035578837987,20.740825823897396,111200
2012-12-05,20.378637313842773,20.735504225060666,20.36265889591365,20.714198313259445,177200
2012-12-06,20.45320701599121,20.45320701599121,20.304067672438915,20.304067672438915,162300
2012-12-07,20.740819931030273,20.884631720277,20.336017956435608,20.506461106985217,616500
2012-12-10,20.772785186767578,20.772785186767578,20.66625767687704,20.69821653939718,147100
2012-12-11,20.767459869384766,20.79409123908097,20.708869636947163,20.7727853305867,318900
2012-12-12,20.746152877807617,20.873984258413067,20.719521509501742,20.863331304722085,333000
2012-12-13,20.622663497924805,20.837427801481887,20.579711866099903,20.751522489687893,105800
2012-12-14,20.46695899963379,20.794473633202532,20.413268949077402,20.547496123612515,87700
2012-12-17,20.654878616333008,20.730045507619536,20.424007708441998,20.590448096820975,170800
2012-12-18,20.9340763092041,20.950182918795004,20.64951323484863,20.719311956650312,210400
2012-12-19,20.697832107543945,20.987763326965606,20.68709368666044,20.934073270692423,554600
2012-12-20,20.977025985717773,21.014609436672202,20.724678202328498,20.724678202328498,268600
2012-12-21,20.805221557617188,20.91797194418107,20.660255897115736,20.91797194418107,642500
2012-12-24,20.789106369018555,20.912595129288015,20.64950895435274,20.75689110837008,76400
2012-12-26,20.622663497924805,20.799844355581026,20.57434163203167,20.78373570152052,143400
2012-12-27,20.85353660583496,20.92333531907101,20.57434380103516,20.676355729499846,161900
2012-12-28,20.681734085083008,20.880389833527143,20.644150620462366,20.71931754970365,112100
2012-12-31,21.01997184753418,21.052185051708072,20.558230138367126,20.59044334254102,358300
2013-01-02,21.42266273498535,21.44950776635358,21.170314934205845,21.411924312809138,363900
2013-01-03,21.503190994262695,21.551512854624164,21.379702250704263,21.470977786117686,515400
2013-01-04,21.594472885131836,21.675007977340545,21.3743403560634,21.61594768083409,340500
2013-01-07,21.49782943725586,21.589102952667165,21.45487574896024,21.45487574896024,376100
2013-01-08,21.487089157104492,21.551517635831935,21.4280288648775,21.487089157104492,236800
2013-01-09,21.760906219482422,21.80385989319083,21.470977114526264,21.583727435794987,351300
2013-01-10,21.782390594482422,21.841450892198296,21.685746843337284,21.77702240748307,252700
2013-01-11,21.862926483154297,21.905878121120637,21.717960864747,21.841449640098887,213600
2013-01-14,21.8897705078125,21.954198985875955,21.74480489606143,21.79312676664512,304100
2013-01-15,22.088422775268555,22.131376452792825,21.562252514460717,21.787755225174976,339400
2013-01-16,22.36761474609375,22.383721350525416,21.981039854581713,22.09379223003539,279100
2013-01-17,22.893789291381836,22.979694611403847,22.421309007188587,22.45889450483358,399200
2013-01-18,22.8508358001709,22.893787432622442,22.71123838637888,22.8669424063222,269700
2013-01-22,23.28036117553711,23.28036117553711,22.87230942330994,22.88841807678214,310900
2013-01-23,23.70988655090332,23.73136338904559,23.248144771564565,23.307205052383804,440900
2013-01-24,23.645462036132812,23.89780775797121,23.500496426662572,23.752844196645327,346500
2013-01-25,23.742101669311523,23.742101669311523,23.38774203461183,23.65082613181251,274500
2013-01-28,23.473651885986328,23.87096322554489,23.41995978054301,23.763581062802654,365700
2013-01-29,23.860225677490234,23.876334333784836,23.30184209745953,23.344793735241364,428600
2013-01-30,23.30183982849121,23.425328591288178,22.60922707145476,23.178349017549973,579200
2013-01-31,23.296464920043945,23.382370218151365,23.03874902572168,23.24814306184953,639200
2013-02-01,23.500499725341797,23.575666633808154,23.06560283588619,23.29647379654408,258000
2013-02-04,23.42532730102539,23.473649166253452,23.30720673088032,23.40385046133644,310800
2013-02-05,23.479015350341797,23.559552468236895,23.3770034427328,23.559552468236895,384200
2013-02-06,23.677671432495117,23.709886689897377,23.371633655677723,23.371633655677723,264900
2013-02-07,23.640087127685547,23.70451764014095,23.425324897266066,23.640087127685547,196400
2013-02-08,23.908544540405273,23.91391477454228,23.602506735210945,23.634721995600323,185200
2013-02-11,23.93539810180664,23.967611322782272,23.774323804349386,23.951504712294454,157400
2013-02-12,24.134050369262695,24.160895398965987,23.913917848664564,23.989084751091564,196100
2013-02-13,24.262893676757812,24.262893676757812,23.978332835384137,24.123298371973554,210400
2013-02-14,24.32733154296875,24.466926890063178,24.182365962441484,24.182365962441484,229000
2013-02-15,24.268278121948242,24.53136228647042,24.225324434923262,24.46693380407747,283100
2013-02-19,24.42934799194336,24.434716178230612,24.166261804692773,24.25753735673069,391900
2013-02-20,24.021291732788086,24.60115195738527,24.01592149981246,24.407864533138284,238500
2013-02-21,23.69378089904785,24.032031896740946,23.538076888471867,24.032031896740946,257000
2013-02-22,24.069623947143555,24.074992134285587,23.838752985287638,23.84412117242967,138800
2013-02-25,23.468280792236328,24.10720351068336,23.462912605960714,24.101833276263424,251200
2013-02-26,23.731367111206055,23.828010849860405,23.45754250230395,23.484389578264643,151100
2013-02-27,24.037395477294922,24.209206045498064,23.68303592435799,23.709880941612823,158400
2013-02-28,23.62935447692871,24.06962156026846,23.629354476928707,23.999822845475705,286600
2013-03-01,23.752843856811523,23.860223967643385,23.301840427626992,23.419958959170906,282100
2013-03-04,24.02666664123535,24.413241597908346,23.758212265355628,23.758212265355628,215600
2013-03-05,24.381025314331055,24.49377565592362,24.08572592286012,24.150154396892408,176900
2013-03-06,23.878267288208008,24.53779901670083,23.85123773882538,24.413461439762784,211900
2013-03-07,24.099918365478516,24.105323451230984,23.802587093524778,23.85124111418787,145700
2013-03-08,24.11073112487793,24.28372275864282,23.953958874556776,24.28372275864282,152100
2013-03-11,24.23506736755371,24.272909153199098,23.99179727253146,24.0782930771813,101400
2013-03-12,24.045852661132812,24.224251390654157,23.975574186270855,24.202626927277812,93900
2013-03-13,24.067480087280273,24.294530794015447,23.975577137728475,24.105321871736134,120300
2013-03-14,24.21885108947754,24.262100028455112,24.00261258125841,24.072889013762598,132400
2013-03-15,24.08369255065918,24.267496350487132,24.067475235510948,24.218842342820256,472700
2013-03-18,24.018821716308594,24.083693040442974,23.899889236877055,23.899889236877055,156700
2013-03-19,24.067480087280273,24.186412588268748,23.93773535327261,23.98098428534936,140500
2013-03-20,24.34859275817871,24.353997843754392,24.132352215143598,24.1485695340933,97800
2013-03-21,24.24047088623047,24.510770516067016,24.024230357472224,24.170192405050663,120900
2013-03-22,24.354000091552734,24.521586630983794,24.235069637906903,24.235069637906903,78400
2013-03-25,24.462116241455078,24.770257651231518,24.33777866051217,24.44589892374763,133200
2013-03-26,24.678354263305664,24.75944290583565,24.4675188433942,24.564826864208015,78600
2013-03-27,24.564823150634766,24.61888429970438,24.36480205463212,24.61888429970438,151700
2013-03-28,24.791879653930664,24.872968296636458,24.564826917465403,24.66754208533728,179200
2013-04-01,24.586454391479492,25.20814437280624,24.321561905754994,24.754040906484562,207800
2013-04-02,24.81890869140625,24.97568295119321,24.516172403082017,24.7216006723814,173700
2013-04-03,24.262102127075195,24.829731095805606,24.224260333308038,24.829731095805606,162500
2013-04-04,24.45670509338379,24.4729224070709,24.218840160788893,24.2404646205197,147000
2013-04-05,24.74863052368164,24.74863052368164,24.08369376031784,24.094505991700455,225000
2013-04-08,25.029747009277344,25.100025495227204,24.59726798462949,24.835130932630147,121500
2013-04-09,24.82972526550293,25.1432717776955,24.808100799221346,25.1432717776955,164000
2013-04-10,25.0351505279541,25.137863636973943,24.86215894317207,24.894593576429724,222100
2013-04-11,25.100021362304688,25.310854723216178,24.970276645162524,25.002713340003645,139000
2013-04-12,24.98108673095703,25.25679345786817,24.872966486329567,25.029740737928282,110700
2013-04-15,24.370220184326172,25.500070869109035,24.294534541517134,25.00272044684421,319800
2013-04-16,24.85675048828125,24.88918718205457,24.489142874405935,24.50536225240372,226600
2013-04-17,24.262102127075195,24.80270153771808,24.159386919230265,24.764859743950925,220600
2013-04-18,24.213441848754883,24.45671193320698,24.04585533230509,24.34318451898096,199000
2013-04-19,24.564823150634766,24.66753830275605,24.072878036322113,24.21343496168114,169500
2013-04-22,24.78107261657715,24.845943956783287,24.478336258577283,24.656735021922575,222800
2013-04-23,25.737930297851562,25.992012602058296,25.1540821253482,25.1540821253482,290300
2013-04-24,25.629810333251953,26.208251365170227,25.370322940989574,25.370322940989574,256500
2013-04-25,26.013633728027344,26.738036760834248,25.900108387463114,26.397460739141547,320100
2013-04-26,25.797395706176758,26.137971733513005,25.700087680588577,25.98119952537417,189400
2013-04-29,25.689285278320312,25.93796052232178,25.597382302444792,25.93796052232178,195600
2013-04-30,25.597373962402344,25.748743156486437,25.46763129572741,25.72711869129978,310700
2013-05-01,25.072994232177734,25.721713756000128,25.035152448991827,25.5433150105044,296700
2013-05-02,25.483844757080078,25.662243474539473,25.01892913703436,25.100019838101755,291300
2013-05-03,25.564945220947266,25.948770286501585,25.516291194171153,25.81362044125939,201300
2013-05-06,25.721712112426758,25.916326101137706,25.462222669700715,25.62980917183162,310700
2013-05-07,26.12175750732422,26.121757507324222,25.683871340367684,25.683871340367684,236600
2013-05-08,26.067697525024414,26.31096554735962,25.80821012223699,26.12175662727167,210100
2013-05-09,26.62451934814453,26.732639636114587,26.01364147400325,26.083919970517233,317000
2013-05-10,26.67316246032715,26.948867122724394,26.456921972869686,26.76506332705219,241500
2013-05-13,26.781291961669922,26.792104196002523,26.59208095418366,26.721825703952035,295600
2013-05-14,26.911029815673828,27.02996230974791,26.754257601566362,26.840753398468657,335000
2013-05-15,27.28404426574707,27.28404426574707,26.754257258731514,26.873187689059126,426000
2013-05-16,27.30025863647461,27.381349338501536,27.165108841244535,27.300258636474606,180400
2013-05-17,27.59218978881836,27.640843810109182,27.332702362674887,27.4678521926802,181300
2013-05-20,27.548934936523438,27.700304115930525,27.402972903999988,27.608401178909546,260900
2013-05-21,27.565153121948242,27.69489577042792,27.467845104477373,27.63542953061548,175200
2013-05-22,27.008337020874023,27.83004809748457,26.90021676248956,27.602997410877364,251500
2013-05-23,26.84075355529785,26.98130845275191,26.386650103351883,26.86778310532104,305900
2013-05-24,26.781291961669922,26.905629563160577,26.559646313408695,26.786697047724804,204700
2013-05-28,26.5650577545166,27.257024419556796,26.365036527070295,27.20296529718428,203800
2013-05-29,25.402755737304688,26.402863370286962,25.300040575863306,26.38123890869697,415000
2013-05-30,24.467517852783203,25.55412335380359,24.364804751514825,25.402756244098143,369700
2013-05-31,24.55941390991211,24.835118505724477,24.099905562817614,24.332361246694603,327900
2013-06-03,24.521581649780273,24.9919024071959,24.175598469050506,24.543206114131493,626100
2013-06-04,24.024227142333984,24.65132211714238,23.889077345502674,24.478330542176085,395600
2013-06-05,23.948020935058594,24.13311596714366,23.632269731091963,24.040567412746427,280600
2013-06-06,24.465192794799805,24.465192794799805,23.85546892662315,23.88268835278379,321500
2013-06-07,24.214771270751953,24.6339570880858,23.92624160918428,24.6339570880858,201800
2013-06-10,23.779251098632812,24.247432653478267,23.69759075238437,24.247432653478267,163200
2013-06-11,23.528831481933594,23.703038300099593,23.245744883236576,23.605046705292583,272500
2013-06-12,22.864662170410156,23.969786844099872,22.810223329259316,23.730253035644033,220800
2013-06-13,23.311071395874023,23.39817480299533,22.603355953424753,22.908218916703856,198400
2013-06-14,23.158641815185547,23.48527908487955,23.038873847166826,23.256633411435573,238400
2013-06-17,22.842891693115234,23.58871688478032,22.69046123722302,23.32196151025974,290100
2013-06-18,23.087871551513672,23.251190199844874,22.804784925275246,22.89733347457881,190800
2013-06-19,22.04807472229004,23.191307395725026,22.009967104956164,23.12053729308177,292300
2013-06-20,21.737768173217773,22.058962424184415,21.59078076243209,21.87386739690348,342100
2013-06-21,22.265823364257812,22.385589212667917,21.65609763338956,21.786753740492294,672100
2013-06-24,22.189619064331055,22.64146953568083,21.726882481340432,22.086184390066332,321900
2013-06-25,22.614246368408203,22.717681025590654,21.819427440477618,22.314828506703858,406800
2013-06-26,22.107954025268555,22.668682055717625,21.901082663111936,22.559802282124195,572800
2013-06-27,22.369258880615234,22.483581681000164,22.064396002880304,22.244047897806723,335700
2013-06-28,22.01540756225586,22.489034310443614,21.917415964472816,22.385597581278653,942100
2013-07-01,21.988189697265625,22.44004010543834,21.91197446617849,22.254945082779887,300100
2013-07-02,22.113399505615234,22.47814647566533,21.993633610560327,22.015407906300833,259500
2013-07-03,22.0589542388916,22.233161014430625,21.911966882647693,22.091618788070882,289400
2013-07-05,21.944629669189453,22.440030536719796,21.46556003658271,22.440030536719796,208200
2013-07-08,21.944629669189453,22.162387082768223,21.90652206989546,21.99362545066865,320700
2013-07-09,22.35293960571289,22.47270552303849,21.950084947318885,22.026300188355965,271700
2013-07-10,22.156944274902344,22.48358143723461,22.14605609259681,22.314819803269923,232800
2013-07-11,22.60335922241211,22.75578968774224,22.28216497281695,22.401932953695958,188100
2013-07-12,22.619680404663086,22.755779567238324,22.363815391183355,22.587017934738412,162300
2013-07-15,22.45636558532715,22.570688402624164,22.3474858216929,22.554357164927094,201100
2013-07-16,22.619680404663086,22.679564368469535,22.347482079512606,22.429142407741114,221100
2013-07-17,22.559803009033203,22.777562563236586,22.510807213172896,22.668682786134895,294700
2013-07-18,23.191307067871094,23.196752199818608,22.489036646425237,22.603359496810683,386800
2013-07-19,23.234861373901367,23.311076612599894,22.793899108519092,23.16953432311827,261000
2013-07-22,23.00620460510254,23.37639454295767,22.98443031447653,22.98443031447653,226000
2013-07-23,22.875547409057617,23.071530534704284,22.603349084928006,23.011646571122423,263700
2013-07-24,23.632261276245117,23.98067484099916,23.2239637406661,23.681257063582944,364000
2013-07-25,24.095003128051758,24.100448259387047,23.370956413643192,23.621378460629064,308900
2013-07-26,23.980674743652344,24.220210625979874,23.675813914084433,23.92623590314626,187300
2013-07-29,23.806468963623047,24.13855130412478,23.746584990521587,23.958899384820405,200300
2013-07-30,23.790142059326172,24.176663313026488,23.605047052711935,23.855469097922636,202400
2013-07-31,23.96978759765625,24.24198596538511,23.550601862148763,23.822800229877622,369100
2013-08-01,24.056886672973633,24.45974109863379,23.931675695504378,24.122215764729354,378000
2013-08-02,23.958904266357422,24.105891663906753,23.828250186341904,24.002457010835368,206100
2013-08-05,23.953460693359375,23.986125251011057,23.790142058519205,23.89357670935252,136600
2013-08-06,23.724811553955078,23.937125955901095,23.572379050558627,23.937125955901095,239000
2013-08-07,23.55605125427246,23.779253873124077,23.40906385990055,23.70848170323187,205500
2013-08-08,23.56148910522461,23.670368863310202,23.468942660712482,23.654037626445394,137600
2013-08-09,23.904462814331055,23.97523497806102,23.430838191511274,23.50705340935481,131200
2013-08-12,23.719362258911133,23.8717926588357,23.637701929403857,23.730250441292664,203800
2013-08-13,23.09874725341797,23.882677587718774,23.022532063838355,23.681251432871488,155400
2013-08-14,23.12053108215332,23.33828854032022,22.864663940180666,23.076978344494645,144200
2013-08-15,22.271270751953125,22.886439655200693,22.23316314594484,22.86466328699345,200600
2013-08-16,21.76498031616211,22.29304579182459,21.623438084666404,22.178722980611674,274600
2013-08-19,21.373016357421875,21.8139784904077,21.367573303453156,21.748651459238683,183000
2013-08-20,21.906526565551758,21.99907301805572,21.340353435981797,21.44923320346969,280600
2013-08-21,22.09706687927246,22.494476306372597,21.61255404454365,21.950079489516128,214600
2013-08-22,22.04807472229004,22.36382592501001,21.895644252954543,22.107958714303095,121000
2013-08-23,22.0589542388916,22.140612496776942,21.88474746335258,22.03717787277208,112300
2013-08-26,21.841201782226562,22.135176589619853,21.819427485786104,22.118845348112195,240000
2013-08-27,21.67243194580078,21.82486234720464,21.438341214097164,21.68332012828798,278400
2013-08-28,21.55267906188965,21.66155888606629,21.432911047624348,21.66155888606629,153400
2013-08-29,21.781309127807617,21.781309127807617,21.43834073235579,21.503667749102554,158700
2013-08-30,20.9919376373291,21.83030698253054,20.970161270776174,21.75409177630392,209900
2013-09-03,20.687068939208984,21.481887405305507,20.463866436354262,21.198800949564,411800
2013-09-04,20.93205451965332,21.002826675476634,20.632636735843658,20.70885194517244,236600
2013-09-05,20.877614974975586,21.1879209629256,20.80139976063121,20.964718373756135,102100
2013-09-06,20.94838523864746,21.2205835947786,20.69251811933742,20.904834581554976,303000
2013-09-09,21.177032470703125,21.18247552395391,20.959272959916653,20.959272959916653,236100
2013-09-10,21.38390350341797,21.432899293592143,21.149812736664543,21.231473079191097,303500
2013-09-11,21.367572784423828,21.400237337569337,21.166146565131935,21.400237337569337,219000
2013-09-12,21.302244186401367,21.536334941603148,21.242360215064817,21.291356002821207,381400
2013-09-13,21.620521545410156,21.680881646889027,21.34614945520593,21.395536515174406,315500
2013-09-16,21.724782943725586,21.977204773126054,21.675395882034802,21.916842576249202,161700
2013-09-17,21.598569869995117,21.72478077207909,21.44492217933511,21.702830503901147,232700
2013-09-18,22.125364303588867,22.174751361586324,21.280297797095894,21.576620145080625,265300
2013-09-19,22.388761520385742,22.553384351278964,21.94976660690619,22.13633970679661,210100
2013-09-20,22.328397750854492,22.56984650619107,22.26803765531307,22.56984650619107,646600
2013-09-23,21.999147415161133,22.32290646435911,21.971710633356345,22.27351941979358,213800
2013-09-24,21.982688903808594,22.20218528288271,21.746728778666807,21.971713770861005,142600
2013-09-25,21.70282745361328,22.235109869006795,21.69734093398631,22.032075150128932,137300
2013-09-26,21.944278717041016,21.982690638742874,21.686368305649044,21.686368305649044,101500
2013-09-27,21.801599502563477,21.93329898744048,21.53271610699086,21.77964923953526,144300
2013-09-30,21.774171829223633,21.916844412006732,21.4997997064696,21.664422561463383,248100
2013-10-01,22.136329650878906,22.4710637745007,21.593072253095816,21.702821454932916,302400
2013-10-02,21.834529876708984,22.141825256016904,21.70283036179647,22.043051143155708,177300
2013-10-03,21.5272274017334,21.78513775797175,21.307731052274885,21.763187495038213,173200
2013-10-04,21.31322479248047,21.63149533968063,21.187013877789628,21.466872498487927,136800
2013-10-07,21.005924224853516,21.36260873984979,21.000437704707235,21.126648600998596,161800
2013-10-08,20.951051712036133,21.077262614723967,20.857764118479945,21.038850691875183,136500
2013-10-09,20.9455623626709,21.192497638949387,20.85776338591552,21.016899685438624,129800
2013-10-10,21.93878746032715,21.938787460327152,21.34065634594114,21.549179676694816,206500
2013-10-11,22.635696411132812,22.641182931638184,21.669907618639993,21.933304562047123,216700
2013-10-14,22.888120651245117,22.93750771421029,22.482051105347526,22.597286887835246,202900
2013-10-15,22.921039581298828,22.98140176267789,22.71251625288727,22.871652532287996,211100
2013-10-16,23.4204044342041,23.491741771841564,22.926533778703458,23.047258181890985,279900
2013-10-17,23.766103744506836,23.826463827032615,23.266746780865205,23.266746780865205,179100
2013-10-18,23.936220169067383,24.024019152754974,23.744160546404796,23.92524503444482,278500
2013-10-21,23.606964111328125,24.056933966303383,23.486239776917994,23.892311206020818,262700
2013-10-22,23.54660415649414,23.672815021012244,22.970423394722904,23.458805203207973,260300
2013-10-23,23.146028518676758,23.491737920855275,23.014329001034955,23.491737920855275,208500
2013-10-24,23.31064796447754,23.376496667100476,23.129563508941345,23.283211179492362,187100
2013-10-25,23.365524291992188,23.398447597593364,23.14053720615708,23.398447597593364,127500
2013-10-28,23.343568801879883,23.420392622146576,23.0582216885378,23.420392622146576,151100
2013-10-29,22.981399536132812,23.387468927953336,22.882625447680844,23.387468927953336,175800
2013-10-30,22.465587615966797,23.008845314882308,22.42168916687382,22.937507980151505,196800
2013-10-31,22.405221939086914,22.745442684810946,22.34485975496163,22.432658724609528,219600
2013-11-01,22.63020896911621,22.67959602482479,22.19121198802096,22.339373155146696,404200
2013-11-04,22.44363021850586,22.87713638337735,22.416191344139584,22.66861517258071,258800
2013-11-05,22.026592254638672,22.38327682845857,22.021105733587568,22.284502703194384,183800
2013-11-06,22.075971603393555,22.251569521773284,22.021098038884507,22.18572082570396,109000
2013-11-07,21.774171829223633,22.191216534760766,21.642472289252698,22.191216534760766,211400
2013-11-08,21.949769973754883,21.96623163138138,21.554673444373478,21.724784915255626,241200
2013-11-11,21.960735321044922,22.130846716100734,21.79611253828021,21.889398014306384,153600
2013-11-12,21.993667602539062,22.021104392710022,21.867454599825425,21.977203853802163,144000
2013-11-13,21.801599502563477,22.054021247511077,21.587589671269104,21.77964923953526,179100
2013-11-14,21.455894470214844,21.79611733520324,21.373584107363623,21.790628721704195,245200
2013-11-15,21.5272274017334,21.582103059067244,21.324192702828896,21.461378706225076,187200
2013-11-18,21.373586654663086,21.5821100333315,21.296762802862343,21.5821100333315,408300
2013-11-19,21.23090171813965,21.444913607390713,21.181514681126625,21.41747473648974,150200
2013-11-20,21.21445083618164,21.55467165643172,21.121165326311868,21.373587157681506,268200
2013-11-21,21.604055404663086,21.604055404663086,21.11018695294994,21.340658478424203,546000
2013-11-22,21.587587356567383,21.6698997874512,21.313215378010753,21.57112570770745,258300
2013-11-25,21.26932144165039,21.604055694050047,21.176035944840113,21.604055694050047,133900
2013-11-26,21.5272274017334,21.593076097241727,21.165056436499178,21.29126730842859,155600
2013-11-27,22.05951499938965,22.07049013346077,21.39004647410084,21.59856983486654,121800
2013-11-29,21.867450714111328,22.152797886429212,21.801602010743366,22.152797886429212,112900
2013-12-02,21.90037727355957,21.993664860461614,21.68636740629788,21.922327540276836,182900
2013-12-03,21.85648536682129,22.218656502746768,21.829046478576274,21.861971888494327,237900
2013-12-04,21.74671745300293,22.114374795455177,21.615018019513307,21.779640741406723,99200
2013-12-05,21.812580108642578,21.955252667549637,21.56564482082957,21.74124278254264,212400
2013-12-06,22.213159561157227,22.26254661087489,21.922325875760162,21.988174577619546,242100
2013-12-09,22.11438751220703,22.56984613442222,22.004638270070256,22.29547407572662,220100
2013-12-10,21.85648536682129,22.213167887780454,21.812584820263883,22.021108229825003,248000
2013-12-11,21.675390243530273,21.955248791448696,21.505278832337538,21.927812007267274,235100
2013-12-12,21.499801635742188,21.68088616449692,21.42846429130263,21.66442450550831,172200
2013-12-13,21.931678771972656,21.975972909062055,21.488726840271603,21.643759488326616,204200
2013-12-16,22.4521484375,22.573961018427084,21.931680149090578,21.987048351969317,264900
2013-12-17,22.540729522705078,22.585025756448122,22.114387777651345,22.41338101893485,213800
2013-12-18,23.000301361083984,23.11657584644678,22.446610921648134,22.585033531507097,369400
2013-12-19,22.579490661621094,22.906168036179444,22.47982623466018,22.906168036179444,179400
2013-12-20,22.955995559692383,23.000291790252277,22.34693717461757,22.69022451281462,448400
2013-12-23,22.967077255249023,23.254996513156982,22.867412815505453,23.016909475120812,118400
2013-12-24,23.299291610717773,23.338049767357564,22.97815018466107,23.039056462855353,107700
2013-12-26,22.9172420501709,23.504154550858182,22.85079980305038,23.343583850836055,155100
2013-12-27,23.08334732055664,23.088885406240518,22.82865029527975,22.98922098553898,134100
2013-12-30,23.177473068237305,23.238379330701203,22.850795752244146,23.111030832895135,123500
2013-12-31,23.111026763916016,23.410017826395038,23.0335083721442,23.21622712736602,202000
2014-01-02,22.93938446044922,23.027974805280593,22.60717119537166,23.00582669103264,201300
2014-01-03,23.03905487060547,23.149793358563546,22.78989380074004,22.94492641658476,194600
2014-01-06,23.044580459594727,23.238373254229757,22.867399803571857,23.077802624659025,290000
2014-01-07,23.194095611572266,23.498624976015904,22.740069552839188,23.199633699598753,306300
2014-01-08,22.96153450012207,23.16639929369336,22.662541269184125,23.111031115591043,203200
2014-01-09,22.77328109741211,23.293749183998667,22.59610038231197,23.0002940206442,184500
2014-01-10,22.911701202392578,23.016901580634606,22.69022427622352,22.789888681783548,181400
2014-01-13,22.612714767456055,23.039056605290675,22.441069992589295,22.839727734390213,248900
2014-01-14,22.612714767456055,22.728989238094275,22.479828149468702,22.728989238094275,322800
2014-01-15,22.529661178588867,23.01690931254232,22.51858711734433,22.6902318983928,342700
2014-01-16,22.457670211791992,22.751125275773806,22.27495147312859,22.479816209559665,231100
2014-01-17,22.4521484375,22.668087385753253,22.33033796873446,22.446612462076747,174900
2014-01-21,22.62378692626953,22.73452541325544,22.407848038335544,22.640396960061082,194800
2014-01-22,23.011369705200195,23.05012785735672,22.640396104638068,22.684692342623165,277400
2014-01-23,22.867412567138672,23.111037689270784,22.756674067275096,22.895096664064265,231000
2014-01-24,22.5462646484375,22.679149107902017,22.274955532776815,22.679149107902017,236300
2014-01-27,22.529661178588867,22.850802618196727,22.31926035142635,22.651473740117535,282700
2014-01-28,22.540729522705078,23.16640009528115,22.31371660517368,22.31371660517368,283800
2014-01-29,21.903989791870117,22.623786784527407,21.84308351880141,22.435531991479106,197600
2014-01-30,22.39676856994629,23.15532353755482,22.31371419672297,22.429988629507253,315500
2014-01-31,22.147611618041992,22.623785605775627,22.07563128887832,22.09224343386122,257200
2014-02-03,21.245098114013672,22.535197641888658,21.173119889351224,22.08117172437618,512100
2014-02-04,21.256175994873047,21.53855930661645,21.095605257776718,21.36691450708298,330000
2014-02-05,20.995939254760742,21.178658103214122,20.813222518468645,21.12328990728592,280400
2014-02-06,21.16757583618164,21.300462411922876,20.99593111588264,21.00700517320778,140500
2014-02-07,21.123281478881836,21.366904400783703,21.00146896185068,21.16757559551834,174600
2014-02-10,21.344757080078125,21.38351522563643,20.907341309165226,21.073450061169986,187700
2014-02-11,21.68804931640625,21.80432589150695,21.333687841450406,21.43889035643861,190400
2014-02-12,21.62714385986328,21.84308273873268,21.483183199176434,21.671437985501704,112500
2014-02-13,22.014726638793945,22.142077273669496,21.49979657397465,21.49979657397465,175600
2014-02-14,22.097793579101562,22.10886764547187,21.820948256330478,22.02027722667161,113000
2014-02-18,22.0811710357666,22.26388774703765,21.86523214419127,22.147613284214167,214700
2014-02-19,22.164215087890625,22.435524179225958,21.94274030458688,21.94274030458688,193900
2014-02-20,22.380159378051758,22.424455612852565,22.147610481829695,22.147610481829695,179000
2014-02-21,22.197437286376953,22.496430462016303,22.169753202445946,22.496430462016303,180900
2014-02-24,22.28049659729004,22.57948772715446,22.25281039505163,22.263884453514855,246300
2014-02-25,22.0811710357666,22.31371996141357,21.992580667116183,22.23620365286458,204600
2014-02-26,22.208513259887695,22.402303976297027,21.90952005843296,22.15868105964524,171900
2014-02-27,21.881837844848633,22.402305893577758,21.776637462960146,22.15314487104126,201600
2014-02-28,21.948270797729492,22.280486057997173,21.74894206400082,21.964880821486986,350400
2014-03-03,21.782176971435547,21.88737737039977,21.22848665910842,21.798787004913866,409900
2014-03-04,22.225135803222656,22.335874323020036,21.848626103208506,21.98704872491484,285600
2014-03-05,22.186037063598633,22.50441656931271,22.018467108388705,22.2754067120317,170100
2014-03-06,22.353593826293945,22.431791963633625,22.057557411868178,22.208366887743594,107400
2014-03-07,22.15810775756836,22.49324554390767,22.074324909038932,22.49324554390767,124700
2014-03-10,21.957014083862305,22.14133794139668,21.873229156330815,22.14133794139668,111300
2014-03-11,21.755937576293945,22.07431697388568,21.64422502100532,21.973775887199892,227700
2014-03-12,21.53809928894043,21.856478686880322,21.471070477250098,21.69449558807167,167000
2014-03-13,21.4040470123291,21.638643627014655,21.331433520790704,21.61071388591059,131300
2014-03-14,21.471067428588867,21.599536103311177,21.28115675057774,21.342598753866554,153300
2014-03-17,21.420799255371094,21.666567295638334,21.325844971260352,21.56043941252668,190900
2014-03-18,21.716846466064453,21.82297226060271,21.292339026430316,21.49342127354748,147300
2014-03-19,21.10801124572754,21.850895934955812,21.040982421620498,21.733598688878743,186700
2014-03-20,21.303503036499023,21.342602111881977,20.957196027075785,21.124763797394138,100200
2014-03-21,21.320255279541016,21.70566342468095,21.247643941802856,21.331426746286752,402300
2014-03-24,21.202957153320312,21.510165017888568,21.074488487436838,21.426382217045944,150400
2014-03-25,21.36495018005371,21.504590377308965,21.12476887031545,21.297923481978476,143300
2014-03-26,21.113590240478516,21.70007844395911,21.0968341043258,21.487826950226058,178100
2014-03-27,21.057737350463867,21.25323272956079,21.018638274644484,21.124764033191408,286600
2014-03-28,21.11918067932129,21.275576992338543,21.001881313818387,21.074494800893522,285600
2014-03-31,21.610708236694336,21.700077844941152,21.163860195460273,21.26440127108038,241200
2014-04-01,21.800622940063477,21.822965878929555,21.437559771819366,21.582784612969025,145200
2014-04-02,22.0240478515625,22.079903067440778,21.627470278902962,21.822965665216845,129900
2014-04-03,21.845312118530273,22.26423269723671,21.79504156385589,22.0352228661068,129500
2014-04-04,21.465484619140625,22.024045234510947,21.459897819772717,22.01845843514304,154600
2014-04-07,21.577205657958984,21.74477348235206,21.281166966432714,21.443150120000233,206900
2014-04-08,21.57160758972168,21.67214865799386,21.353769318711752,21.57719438836979,126900
2014-04-09,21.487829208374023,21.5995396354512,21.30908996816277,21.5995396354512,103600
2014-04-10,21.007463455200195,21.543681092977483,20.851067176866692,21.409627748902906,242800
2014-04-11,20.817554473876953,21.119177718761893,20.689085787516255,20.845482078609336,160300
2014-04-14,21.135934829711914,21.175033904287453,20.878997445147018,21.029809074541134,152500
2014-04-15,21.029802322387695,21.208541500412753,20.7561067574961,21.18619857047485,125800
2014-04-16,20.973953247070312,21.135936356723082,20.912511230944098,21.13035168741157,131300
2014-04-17,21.024221420288086,21.124762502463977,20.890168064546682,20.906924201329442,155100
2014-04-21,21.18062400817871,21.23648136529097,21.007471527981476,21.057742084012354,101100
2014-04-22,21.638641357421875,21.839721409396017,21.197377915437233,21.68891190310038,270400
2014-04-23,21.370534896850586,21.850897517370807,21.35377875498045,21.65540209308482,149700
2014-04-24,21.493406295776367,21.610703481275493,21.331423250617163,21.42637963702531,223900
2014-04-25,21.43756675720215,21.621890736059033,21.286755066824355,21.387296193742884,220200
2014-04-28,21.48224639892578,21.660985672338043,21.415219704081235,21.56603136553662,177000
2014-04-29,21.38170051574707,21.77828018762454,21.36494437846342,21.549270411542494,151600
2014-04-30,21.353771209716797,21.437556150943063,21.16386052291154,21.342599742170655,258900
2014-05-01,21.3314266204834,21.38169715517303,21.01863407640517,21.38169715517303,361200
2014-05-02,21.588369369506836,21.64422458064487,21.236475573266002,21.33701665790624,176800
2014-05-05,21.76152992248535,21.92351307826298,21.38170837895047,21.521348589640045,158300
2014-05-06,21.38728141784668,21.929083637768173,21.342595556425984,21.672146326816605,130200
2014-05-07,21.811800003051758,21.839727618426323,21.35378029253932,21.42080699558638,141500
2014-05-08,21.532512664794922,22.068730378250194,21.499000389416334,21.81737978995164,135600
2014-05-09,21.649810791015625,21.66098226018663,21.325846708015998,21.387288723086584,96200
2014-05-12,21.917919158935547,22.00170197155221,21.64422352394602,21.78944834425868,190900
2014-05-13,21.588369369506836,22.09665946152594,21.5827825699492,21.92350489781448,145600
2014-05-14,21.43756675720215,21.688919574498463,21.370537918762714,21.58279164567301,142100
2014-05-15,21.376121520996094,21.476662632865178,21.01305615805326,21.32026416399088,192300
2014-05-16,21.582780838012695,21.60512377297086,21.22530240164024,21.3314281465822,135600
2014-05-19,21.577205657958984,21.65540383395972,21.409637833565913,21.53251976839257,93800
2014-05-20,21.253231048583984,21.862062206282896,21.080078621004624,21.52692668841216,198700
2014-05-21,21.11918067932129,21.359361949020624,21.068910131460033,21.297919931552425,96300
2014-05-22,21.135934829711914,21.32025873403377,21.080079617672503,21.147106298267747,76000
2014-05-23,21.716846466064453,21.744774082443936,21.080087437353797,21.191797902871734,283800
2014-05-27,22.359176635742188,22.359176635742188,21.716833324747434,21.789444657247323,242900
2014-05-28,22.46531105041504,22.632878826916826,22.219542989521862,22.415040504390515,194500
2014-05-29,22.42621421813965,22.504412379617698,22.258644294126572,22.49324090930082,94800
2014-05-30,22.431798934936523,22.688736360542872,22.348013972754405,22.476484816297678,159400
2014-06-02,22.364768981933594,22.50999381369741,22.275399362985137,22.50440914471179,132500
2014-06-03,22.415040969848633,22.509995263900123,22.24188638978189,22.24188638978189,407700
2014-06-04,22.623525619506836,22.634793229706684,22.36996140027271,22.36996140027271,240100
2014-06-05,22.944700241088867,23.057393509482395,22.56717091361434,22.62915350092257,163000
2014-06-06,22.82074737548828,23.11375476022317,22.764400710899345,23.07431166511342,158900
2014-06-09,22.708045959472656,22.92216709800295,22.657333114807244,22.758758804138072,95200
2014-06-10,22.775657653808594,22.91652639877125,22.49955611739421,22.646058666381325,130400
2014-06-11,22.662967681884766,22.860183093793612,22.493923443692292,22.662967681884766,130300
2014-06-12,22.747488021850586,22.78129729993689,22.48265620004504,22.56717617103058,160700
2014-06-13,22.567176818847656,22.758758434529337,22.46011732606464,22.75312462942997,152800
2014-06-16,22.589706420898438,22.74747868825818,22.42629820142674,22.510820287218564,202300
2014-06-17,22.646066665649414,22.916534493576663,22.43194764530319,22.561546678508712,192100
2014-06-18,22.82074737548828,22.90526952185915,22.50520046512283,22.629165706603448,150100
2014-06-19,22.809467315673828,22.97287557849593,22.7080416456109,22.899623228009037,80000
2014-06-20,22.899627685546875,23.046132415038606,22.764394865463498,22.899627685546875,364900
2014-06-23,22.730587005615234,23.03486409404055,22.685507963113533,22.90526507107874,154000
2014-06-24,23.113746643066406,23.192632805582416,22.578444919510567,22.623523954940694,246000
2014-06-25,23.305328369140625,23.32786788697607,22.753123079092614,23.029224649373255,163400
2014-06-26,23.31096649169922,23.412392191258867,23.023595109271636,23.327872207950577,194900
2014-06-27,23.496919631958008,23.553266300225456,23.17010293744148,23.17010293744148,273800
2014-06-30,23.327877044677734,23.48564943248826,23.2546246576996,23.48564943248826,173600
2014-07-01,23.609609603881836,23.71666910838095,23.294062746613285,23.40675820631542,480000
2014-07-02,23.587066650390625,23.73356922204794,23.418024560174707,23.525084049097867,204700
2014-07-03,23.564533233642578,23.660325137577637,23.440567998957455,23.620879895142714,99400
2014-07-07,23.372949600219727,23.553261481168434,23.254620331375982,23.446201973569877,164300
2014-07-08,23.491273880004883,23.59269956018372,23.271518956112974,23.299692278498938,327100
2014-07-09,23.451831817626953,23.665952946138802,23.31659900450449,23.530717983529527,178800
2014-07-10,23.372949600219727,23.491278869063468,23.24335057013079,23.24335057013079,344200
2014-07-11,23.4011173248291,23.536352277900114,23.305327601414074,23.37294400320625,113500
2014-07-14,23.491273880004883,23.587065755501214,23.356041072757577,23.55889243311525,109100
2014-07-15,23.423662185668945,23.581434542339572,23.33914005203131,23.480008841769273,170100
2014-07-16,23.468738555908203,23.541988770594433,23.299694307895294,23.541988770594433,282100
2014-07-17,23.38422203063965,23.581437501223572,23.271526554811373,23.30533584240608,237700
2014-07-18,23.63778305053711,23.665956378232817,23.305332624958638,23.305332624958638,204600
2014-07-21,23.423662185668945,23.59834025875939,23.3616795742663,23.496914558189086,121700
2014-07-22,23.496919631958008,23.72230845451542,23.45747653427327,23.553266300225456,113800
2014-07-23,22.98414421081543,23.947685879747354,22.66296365450479,23.209532905874156,404400
2014-07-24,23.502544403076172,23.525083921512532,23.06303454100105,23.06303454100105,237400
2014-07-25,23.31096649169922,23.423661952264062,23.147560330841678,23.3785850577304,223700
2014-07-28,23.389848709106445,23.446197504592003,23.25461589891464,23.333502063107655,175100
2014-07-29,23.406763076782227,23.513822603558232,23.198275680630843,23.339144497198642,205600
2014-07-30,23.412385940551758,23.53635112902521,23.26024743183067,23.525081371028847,234300
2014-07-31,23.271522521972656,23.423661065552867,23.21517586856682,23.21517586856682,332800
2014-08-01,23.226438522338867,23.412384141272277,23.170089736687544,23.310958476586276,339000
2014-08-04,23.226438522338867,23.339131794668745,22.8939882101984,23.339131794668745,181200
2014-08-05,22.995424270629883,23.24335259111971,22.77566713147173,23.09121402531208,284600
2014-08-06,23.271522521972656,23.34477489098988,22.893995215282057,22.922168541984973,139900
2014-08-07,23.327877044677734,23.440570379120924,23.18700822713617,23.29970156157936,107200
2014-08-08,23.485637664794922,23.598333092258613,23.294056082952597,23.316595598342634,146100
2014-08-11,23.823720932006836,23.868799961148856,23.53634964442893,23.57579272018499,177800
2014-08-12,23.592697143554688,23.919513668318437,23.43492483476474,23.7222961328445,151100
2014-08-13,23.671585083007812,23.829359553181924,23.519448716337287,23.62650819830568,104700
2014-08-14,23.756113052368164,23.87444232204752,23.620878065958046,23.65468734993237,73700
2014-08-15,23.83499526977539,23.9589604742525,23.682856741413527,23.9589604742525,183400
2014-08-18,23.987136840820312,24.020946123462704,23.784285443940185,23.851904009224963,174300
2014-08-19,24.25196647644043,24.280139798820695,24.009672034894077,24.077288438504052,157200
2014-08-20,24.128002166748047,24.212524286486858,23.91388103970004,24.161811444540927,103000
2014-08-21,24.18434715270996,24.257599508153834,23.998401511336006,24.082923625270215,97600
2014-08-22,24.071653366088867,24.24069544095456,23.998401012168646,24.122366203497236,93300
2014-08-25,24.12236785888672,24.25196686349366,23.95332362293382,24.139271422687308,85300
2014-08-26,24.133634567260742,24.29140687475409,24.105459098505662,24.133634567260742,127500
2014-08-27,24.116737365722656,24.229432832048236,23.992774287303032,24.094197842560092,121500
2014-08-28,23.992773056030273,24.22943158863052,23.94206020626063,24.088562800324528,96500
2014-08-29,24.049114227294922,24.24069582168147,23.823723357609584,23.992767584616907,149800
2014-09-02,24.189977645874023,24.263229984781372,24.009665849706835,24.09418579507424,234000
2014-09-03,23.987136840820312,24.291413936140508,23.94205994678423,24.25197084780127,336800
2014-09-04,23.91388511657715,24.116736518943288,23.79555584835929,24.02094677309659,150600
2014-09-05,24.189977645874023,24.34211612691875,23.801180738417173,23.83498785676967,237500
2014-09-08,24.094194412231445,24.2350631877109,23.95332563675199,24.17871653731389,157000
2014-09-09,23.83499526977539,24.060386159827075,23.79555218643937,24.009673317039788,109400
2014-09-10,23.620880126953125,23.88571416747497,23.525090371565362,23.840637267729957,118200
2014-09-11,23.496919631958008,23.76175155220016,23.423667243620233,23.51945915906003,211400
2014-09-12,23.065048217773438,23.684434913568193,22.84343317236009,23.491231664393283,274500
2014-09-15,23.173011779785156,23.25256566901021,22.98549220770909,23.07641124792071,263100
2014-09-16,23.451446533203125,23.576460994248233,23.1445940384635,23.1445940384635,247200
2014-09-17,23.332117080688477,23.57077870084812,23.212784102928183,23.423036102798886,201500
2014-09-18,23.26393699645996,23.531012696349297,23.24120885613352,23.349174567648912,155800
2014-09-19,23.349164962768555,23.55941480615001,23.167326908868823,23.28665772530041,408200
2014-09-22,23.19573974609375,23.48554564786728,23.127551014721437,23.23551668670099,269600
2014-09-23,22.8604793548584,23.286662792870704,22.78092545992507,23.09914320733944,395100
2014-09-24,23.04799461364746,23.150278783363447,22.633176444323944,22.905933507673087,126400
2014-09-25,22.843433380126953,23.03095297115105,22.769560975090247,22.95708273379547,154000
2014-09-26,23.042316436767578,23.110505176905352,22.780924459838637,22.854796859468458,115400
2014-09-29,23.19573974609375,23.207104895935917,22.769556381575594,22.911617503081647,152000
2014-09-30,22.8491153717041,23.292347643929716,22.843433879353018,23.229840389661927,291500
2014-10-01,22.87751579284668,23.082084098661717,22.741138367423382,22.928657869300437,267700
2014-10-02,22.90025520324707,23.155965687318062,22.75251257227325,22.871843408946063,124600
2014-10-03,23.01958656311035,23.195743160069835,22.94003267018704,23.082093812601816,90300
2014-10-06,23.00821876525879,23.2355152449565,22.894569441569654,23.05367719412611,184000
2014-10-07,22.82638931274414,23.065053221824474,22.78093086243648,22.894580239727993,159700
2014-10-08,23.20142936706543,23.235522657672398,22.667278025622963,22.780927385569097,237800
2014-10-09,23.155963897705078,23.451451304496874,23.138917255978118,23.138917255978118,335300
2014-10-10,23.451446533203125,23.701473287612995,23.26960849950861,23.26960849950861,243300
2014-10-13,23.798084259033203,24.031064456407954,23.445771049203213,23.445771049203213,287500
2014-10-14,23.820812225341797,24.298137768711637,23.76398863328773,23.996968828999137,326600
2014-10-15,23.894689559936523,24.099258001834542,23.485554843822026,23.60488571236869,293500
2014-10-16,24.01401138305664,24.087883774289985,23.63328861224002,23.63328861224002,281200
2014-10-17,24.05379295349121,24.332231570380625,23.9912857058725,24.332231570380625,146000
2014-10-20,24.417465209960938,24.434511850152088,23.9401397754833,23.962867906511306,144600
2014-10-21,24.207210540771484,24.406097381115504,23.741250306804886,23.871946258509627,257900
2014-10-22,23.996963500976562,24.349274462386894,23.957186561834135,24.161754916098396,232100
2014-10-23,24.360641479492188,24.389053271389255,23.792396970827788,24.127661317647014,238200
2014-10-24,24.12198257446289,24.400421201528633,24.099252271283355,24.400421201528633,185300
2014-10-27,24.326547622680664,24.332229113853803,24.002648433793794,24.110614107529177,225700
2014-10-28,24.6674861907959,24.724309756521613,24.241302944812777,24.39472917348831,249400
2014-10-29,24.531116485595703,24.80387578051931,24.41746930833865,24.633400679271816,180400
2014-10-30,24.860694885253906,24.95729540203565,24.45155818434166,24.45155818434166,155200
2014-10-31,24.997085571289062,25.116416439308214,24.54248807233349,25.110732778346428,262800
2014-11-03,25.04253578186035,25.116408176289667,24.90047465209365,25.008440330351252,190000
2014-11-04,24.803876876831055,25.08231550817094,24.417470387571534,24.54248272161593,158600
2014-11-05,24.792509078979492,24.99707745354004,24.62771764750785,24.923205058797436,143400
2014-11-06,24.781137466430664,24.9231985597556,24.69021845340992,24.82659588910091,86600
2014-11-07,24.917526245117188,24.997082314446207,24.678864540173862,24.752736949281616,135700
2014-11-10,24.92320442199707,24.991393155881386,24.656128810069067,24.923204421997067,183400
2014-11-11,24.616363525390625,24.962993185614707,24.53680960357168,24.906169575081687,202700
2014-11-12,24.337913513183594,24.815236822755573,24.315183212438036,24.51975158378648,165400
2014-11-13,24.22994613647461,24.514068398239427,24.150392250009396,24.417467869726188,158000
2014-11-14,23.88900375366211,24.315187208111773,23.79240104345932,24.195856361109342,203900
2014-11-17,23.985599517822266,24.116295491028108,23.866268694592673,23.917410785645455,160900
2014-11-18,23.87195587158203,24.019700688782592,23.769673832795558,24.008335536099377,197800
2014-11-19,23.60487937927246,23.79239895558052,23.531006980033066,23.78671746379947,121200
2014-11-20,23.582151412963867,23.695800768972216,23.462820564611626,23.49123236169342,196500
2014-11-21,23.690114974975586,23.803764320746566,23.604879591408082,23.803764320746566,218800
2014-11-24,23.815126419067383,23.917410600380656,23.70716074665035,23.724207387642327,189200
2014-11-25,23.906042098999023,23.92308873760116,23.638966533270125,23.80375793202542,158100
2014-11-26,23.75261878967285,24.09924826870648,23.69011155015129,23.928775358535372,163900
2014-11-28,23.610563278198242,24.082207348305896,23.593516633436195,23.78103622886226,129200
2014-12-01,23.47986602783203,23.701481068672134,23.445770572440836,23.621927173773745,210900
2014-12-02,23.65033721923828,23.7526214101615,23.286661059369465,23.468499139303873,130400
2014-12-03,23.70716667175293,23.815132371153695,23.513963410727552,23.650340908109442,174300
2014-12-04,23.661701202392578,23.86058808278558,23.531005224370162,23.684431503182772,138500
2014-12-05,23.6446533203125,23.775349291479,23.491227049548172,23.599192721116843,139300
2014-12-08,23.582151412963867,23.88900402388206,23.54237446351312,23.65602381952147,239300
2014-12-09,23.525325775146484,23.570784212992134,23.383264634397246,23.394627618097925,386500
2014-12-10,23.440086364746094,23.71284347323235,23.377579120944507,23.462816665706814,295400
2014-12-11,23.72988510131836,23.860583220387422,23.53100042913561,23.54804706741403,162400
2014-12-12,23.62381362915039,23.996518107402295,23.520602619831966,23.520602619831966,212700
2014-12-15,23.394454956054688,23.835968224734632,23.279775815680747,23.66395060783505,195300
2014-12-16,23.302709579467773,23.526332676161573,23.210966714482563,23.40018760388343,224400
2014-12-17,23.652481079101562,23.72702284404359,23.12496012676733,23.245372232758076,244200
2014-12-18,24.11693000793457,24.11693000793457,23.732755247661114,23.904772850285763,153000
2014-12-19,24.139863967895508,24.145599127438096,23.658213370474517,24.065324392421676,421500
2014-12-22,24.420833587646484,24.438034695756766,23.950651009166116,24.1857422984063,204700
2014-12-23,24.415098190307617,24.604316922705536,24.260281670715074,24.415098190307617,115300
2014-12-24,24.43802833557129,24.6100459338742,24.352020630081054,24.50110196532426,68900
2014-12-26,24.39789390563965,24.604315923379023,24.352023561321285,24.524041180329867,84700
2014-12-29,24.644458770751953,24.690331312585613,24.294688294901444,24.38643119124558,129300
2014-12-30,24.386428833007812,24.816474028157433,24.32909034858372,24.546980526576625,102400
2014-12-31,24.007984161376953,24.592845767760693,23.973581952798366,24.49536992702466,129000
2015-01-02,24.17427635192871,24.248818139358452,23.96785428662987,24.071065319279292,127300
2015-01-05,24.14560317993164,24.403630719592414,24.03092403037987,24.03665700356218,161900
2015-01-06,24.16280174255371,24.432297387525114,24.00225226248017,24.225875377531924,220300
2015-01-07,24.409360885620117,24.415096045465713,23.927710262752328,24.197205905107698,180400
2015-01-08,24.449499130249023,24.850875028223747,24.34628812256059,24.5584452979883,285700
2015-01-09,24.09972381591797,24.443761167081625,24.088255685480288,24.443761167081625,229500
2015-01-12,24.059587478637695,24.311881984376743,23.9793127494743,24.162798469654156,187900
2015-01-13,24.059587478637695,24.352019348958443,23.82449626294961,24.23734022701545,155400
2015-01-14,24.157068252563477,24.157068252563477,23.612344001709275,23.870371508674168,129200
2015-01-15,23.58367347717285,24.36922190009018,23.491930611630117,24.220140563829155,205500
2015-01-16,24.248811721801758,24.28894909195142,23.468996209198114,23.497665446830354,189000
2015-01-20,23.967849731445312,24.30615201031757,23.91624422492843,24.243078370427742,144200
2015-01-21,24.071062088012695,24.093998356038792,23.807301567681343,23.97358622988616,120500
2015-01-22,24.753402709960938,24.76487084538847,23.90478037423225,24.185744223898812,208800
2015-01-23,24.19721221923828,24.931155383765727,24.168542974497022,24.82794435283866,292100
2015-01-26,24.53550148010254,24.592839939025446,24.01371362954489,24.266005911056478,191400
2015-01-27,24.472436904907227,24.667390799526974,24.24307860982889,24.369225890854256,139900
2015-01-28,24.37495994567871,24.971289789488825,24.12840272041326,24.587117143604537,199600
2015-01-29,23.199499130249023,24.466698166290293,22.74078479450133,24.466698166290293,667900
2015-01-30,22.8554630279541,23.205233378767865,22.59170256866983,22.993076229614413,429500
2015-02-02,22.895601272583008,23.050417770883175,22.442619909481312,22.87840016854604,570300
2015-02-03,22.930007934570312,23.142162925513176,22.75225515510198,22.964410146044845,386200
2015-02-04,22.849727630615234,23.038948515080282,22.643307830274797,22.803857292980375,341200
2015-02-05,23.22817039489746,23.308447324572008,22.861198894247405,22.861198894247405,223800
2015-02-06,22.941471099853516,23.222434854340246,22.798122736555122,23.222434854340246,235900
2015-02-09,22.8554630279541,23.07335314912573,22.769453136424602,22.87839929067162,278000
2015-02-10,22.884136199951172,22.970146106278847,22.740787814286904,22.970146106278847,195100
2015-02-11,22.752260208129883,23.0389570331443,22.689186556655002,22.803865724125405,284900
2015-02-12,22.935741424560547,23.079089808464047,22.80959414678218,22.884135918862373,214100
2015-02-13,22.912799835205078,23.056148185806695,22.792387745657056,22.912799835205078,247400
2015-02-17,22.757993698120117,23.113499344069822,22.71785631669406,22.86693989398219,260000
2015-02-18,22.884136199951172,22.975879079283395,22.545833922290583,22.65477790795923,408600
2015-02-19,22.83253288269043,22.998817550961007,22.74078999456235,22.838268043567616,231000
2015-02-20,22.94720458984375,23.067616681296865,22.780919975557673,22.884130964609565,196100
2015-02-23,23.073360443115234,23.199505553293992,22.8497350919102,22.95868128059747,153800
2015-02-24,22.838260650634766,23.153626589780806,22.8038562584776,23.00454307775537,160500
2015-02-25,22.895601272583008,23.061885902681983,22.79239027371623,22.79239027371623,396700
2015-02-26,22.964412689208984,23.027486333660907,22.809596158460522,22.826799453425647,119300
2015-02-27,22.895601272583008,23.159361741988114,22.87840016854604,23.010280403248593,168100
2015-03-02,23.010284423828125,23.188035029461723,22.838266791434403,22.849732737914163,169400
2015-03-03,22.769458770751953,23.02748632186724,22.649046642672467,22.99881708003731,512800
2015-03-04,22.841821670532227,23.01547927907812,22.795514005402257,22.818666733879095,282000
2015-03-05,22.80129051208496,23.044412811985353,22.789713049406352,22.84181052737249,378900
2015-03-06,22.43661117553711,22.818658662470888,22.326628577602186,22.60448109462898,378200
2015-03-09,22.47134780883789,22.65079522602498,22.401885218516668,22.43661540958931,242900
2015-03-10,22.30926513671875,22.477135068236684,22.280322578085652,22.332420066895505,197000
2015-03-11,22.077716827392578,22.482919209942445,21.96773423837311,22.303471841165628,323100
2015-03-12,22.297687530517578,22.326630088967512,22.048777553131938,22.13560743665741,318800
2015-03-13,22.506080627441406,22.864973260326884,22.378730702666314,22.789720831307424,316700
2015-03-16,22.83023452758789,22.911276771531117,22.465554366632503,22.57553695686384,183100
2015-03-17,22.87654685974121,22.928644346689904,22.685522004870798,22.830237001042104,237300
2015-03-18,23.137035369873047,23.27017290755769,22.71446782639335,22.86497045780947,288300
2015-03-19,23.142822265625,23.391732239381618,23.015472360491206,23.044417126694803,234000
2015-03-20,23.362789154052734,23.438041569767485,22.864969217775354,23.206496694418515,431100
2015-03-23,23.304899215698242,23.3859414586982,23.1312416827633,23.28753412485735,152000
2015-03-24,23.501708984375,23.61169376890884,23.235433983816904,23.252799072669582,169700
2015-03-25,23.073362350463867,23.536449956940196,23.038629951912185,23.507507395568403,179700
2015-03-26,22.963375091552734,23.04441734624904,22.74919751029449,22.917067439901928,250200
2015-03-27,23.05020523071289,23.113880184593835,22.89970260095621,22.986530276831942,120100
2015-03-30,23.189130783081055,23.380153421551846,23.027048492787845,23.108088533846697,108300
2015-03-31,23.17755889892578,23.322273923707023,23.05599880807179,23.073363904429208,206100
2015-04-01,23.00968360900879,23.218073549719215,22.74340855506792,23.032838537571173,146900
2015-04-02,22.98073959350586,23.154397130348396,22.93442973932098,23.0559920024686,111400
2015-04-06,22.92285919189453,23.055998958758344,22.67394917098992,22.84760896840322,280800
2015-04-07,22.61027717590332,22.870762464442603,22.5813324032424,22.870762464442603,127800
2015-04-08,22.708683013916016,22.76657035278782,22.529235575677706,22.604488012122957,155000
2015-04-09,22.453969955444336,22.679724901851216,22.1703277098468,22.668147442013083,238200
2015-04-10,22.656585693359375,22.77814579369346,22.500293189425744,22.529235755003924,171900
2015-04-13,22.78971290588379,23.003892651826426,22.581322995331604,22.673940488001996,174200
2015-04-14,22.616056442260742,22.911276232093243,22.592901515964996,22.80708127193769,144500
2015-04-15,22.59869384765625,22.783928862130846,22.58711638322964,22.702888819320155,117100
2015-04-16,22.459768295288086,22.575540740721802,22.332420592669152,22.529230879278025,152200
2015-04-17,22.0545654296875,22.442402783442315,22.014045405766566,22.33820780530972,169200
2015-04-20,22.14139747619629,22.29768995865643,22.095087611092882,22.129820009920437,146500
2015-04-21,22.066144943237305,22.3497873451901,22.019837286532784,22.19928249250465,147500
2015-04-22,21.689882278442383,22.129814853538242,21.383085014057713,21.713034997423456,304000
2015-04-23,21.510440826416016,21.655155848716493,21.359938174820957,21.574115789536386,372900
2015-04-24,21.776704788208008,21.805647336214843,21.469909804620794,21.585682204823,232400
2015-04-27,21.672517776489258,21.94458268525754,21.504650053374903,21.875120102997265,226300
2015-04-28,22.0545654296875,22.112452755414328,21.568322934460618,21.63199788867228,207800
2015-04-29,21.736196517944336,22.048781504848613,21.707253954307138,21.956163976303944,171700
2015-04-30,21.365726470947266,21.921431643962613,21.35414900382077,21.60305902660024,311700
2015-05-01,21.4351863861084,22.262956412684048,21.1689113000119,21.307838679987693,269700
2015-05-04,21.232576370239258,21.695663740896244,21.20942144966272,21.429388778790322,115300
2015-05-05,20.781078338623047,21.406246094320842,20.740558308539672,21.232588507081232,215100
2015-05-06,20.844749450683594,21.05313942220948,20.711611904025578,20.86211675376132,131600
2015-05-07,20.89684295654297,21.105232888309008,20.73476287991402,20.810015290424072,178900
2015-05-08,21.151548385620117,21.33678343922905,21.070508325688213,21.145758548095827,216200
2015-05-11,20.844749450683594,21.27889448863724,20.815806889788522,21.16312424505695,161200
2015-05-12,20.555313110351562,20.902630358916742,20.317980650844188,20.78107031559776,175600
2015-05-13,20.283252716064453,20.83317009767663,20.260097788629633,20.700030369014122,143500
2015-05-14,20.578472137451172,20.68266711197401,20.335352002348284,20.387449489609704,148200
2015-05-15,20.624784469604492,20.746344551732548,20.509012016454776,20.63057209858283,105800
2015-05-18,20.584266662597656,20.659516888312513,20.4453392621971,20.51480185830932,248500
2015-05-19,20.914215087890625,20.97789004932654,20.422182700179604,20.5668977186518,237600
2015-05-20,20.972097396850586,21.15733241897617,20.838959862708805,20.983674861755393,271900
2015-05-21,20.89684295654297,21.139965279661823,20.659510469403962,20.995250294621567,217200
2015-05-22,20.914215087890625,21.07629520196318,20.688460012382155,20.838962659995822,167500
2015-05-26,20.89684295654297,21.047347777563076,20.85053530958131,20.879477864954275,204400
2015-05-27,21.139970779418945,21.151548246215203,20.867905830146935,20.931580793438343,199500
2015-05-28,21.09944725036621,21.21521969095185,20.92578969357557,21.047349762511455,204100
2015-05-29,21.00102996826172,21.151534732277977,20.885259790617944,21.047339805858904,227300
2015-06-01,20.966310501098633,21.12839059907807,20.867903150057032,21.053138178655164,201300
2015-06-02,21.134174346923828,21.157329273290745,20.873689153909588,20.89684187210119,237800
2015-06-03,21.221004486083984,21.2731019669832,21.018404398239994,21.105232060955128,278700
2015-06-04,21.130353927612305,21.323350735663773,21.112807140701133,21.218078938182455,212200
2015-06-05,21.130353927612305,21.218078938182455,21.060171241960475,21.112807140701133,271700
2015-06-08,21.030929565429688,21.12450424860749,20.873021869255318,21.11280713433571,278900
2015-06-09,20.919811248779297,21.083566393811953,20.908114133991745,21.007536263191138,239600
2015-06-10,20.861326217651367,21.18299130518739,20.849631333556044,21.0250835979415,257200
2015-06-11,20.902263641357422,20.972444088843183,20.82038384979513,20.9373527496022,273100
2015-06-12,20.931507110595703,20.954901338770412,20.83208275635138,20.90226544087551,104900
2015-06-15,20.715110778808594,20.919806898529615,20.639082894994214,20.80868767764979,179900
2015-06-16,21.007539749145508,21.124508685434108,20.732665314513728,20.732665314513728,201400
2015-06-17,21.136198043823242,21.206378487436922,20.9432012661366,21.07771471264452,199600
2015-06-18,21.498804092407227,21.504653765343647,21.142052128164455,21.200535471549422,212300
2015-06-19,21.393531799316406,21.604073147319948,21.282410337624146,21.545589811373898,282500
2015-06-22,21.30580711364746,21.440320587214963,21.22392954112781,21.42277603053119,140300
2015-06-23,21.299962997436523,21.34090402537347,21.071874777058255,21.25317675707547,151200
2015-06-24,21.171297073364258,21.352596804488158,21.159599956679344,21.28241633537558,193500
2015-06-25,21.101116180419922,21.241477115825823,21.001691806093636,21.21808288292589,119200
2015-06-26,21.323354721069336,21.352596396724753,21.042630618983033,21.077721968367637,537500
2015-06-29,20.902263641357422,21.399378676792214,20.890566528277095,21.299954331107536,168100
2015-06-30,20.656631469726562,21.025082772162374,20.615692684011083,21.025082772162374,201800
2015-07-01,20.76775550842285,20.867179890262236,20.615697445076577,20.70927215275052,149000
2015-07-02,20.843782424926758,21.11865906217584,20.744360289494253,20.826237867143767,122400
2015-07-06,20.878873825073242,20.96659884521,20.685874764978358,20.785299131662693,166200
2015-07-07,20.995845794677734,21.142056413774384,20.77360502897167,20.949057325688248,177000
2015-07-08,20.937355041503906,21.048476512432792,20.814538687210717,20.949052155864656,183500
2015-07-09,20.732667922973633,21.253177412398543,20.650790326569336,21.11281422499319,123200
2015-07-10,20.492881774902344,20.972452447346082,20.487032100532712,20.849636057548878,197100
2015-07-13,20.551355361938477,20.68002136493397,20.410994477757963,20.52796113757638,136400
2015-07-14,20.375905990600586,20.615691246353784,20.364208876783803,20.527964008226082,110300
2015-07-15,20.416845321655273,20.580600457494395,20.270634741514233,20.375906537695496,105900
2015-07-16,20.46949005126953,20.574761892870132,20.370067884756384,20.574761892870132,114400
2015-07-17,20.095182418823242,20.42854236185873,20.065940749100132,20.42854236185873,185000
2015-07-20,20.11273193359375,20.206306638377963,19.937279640997964,20.101034816621105,121500
2015-07-21,19.931427001953125,20.241392712431875,19.85539687695021,20.07178790703935,157000
2015-07-22,19.90804100036621,20.06594875708501,19.808616606433358,19.820313725190005,176300
2015-07-23,19.6214599609375,20.095183057085222,19.522037834521814,19.943122800101104,157700
2015-07-24,19.650699615478516,19.726729736170082,19.516186159483432,19.55712494039514,210600
2015-07-27,19.732582092285156,19.779368320692495,19.580521830219087,19.580521830219087,173100
2015-07-28,20.159517288208008,20.29403076612481,19.732582624125133,19.902185216544037,225700
2015-07-29,20.20046043395996,20.375912737313417,19.931433420084854,20.08349148805863,257900
2015-07-30,20.235544204711914,20.311574334091056,19.98406181837793,20.124424962539695,218000
2015-07-31,20.47533416748047,20.609849900660638,20.387609134402922,20.387609134402922,180700
2015-08-03,20.510421752929688,20.668329460668684,20.381755717513485,20.45778585035002,285000
2015-08-04,20.50457763671875,20.586455224901805,20.446092051590174,20.539666756798944,203300
2015-08-05,20.533815383911133,20.633237513106334,20.399301910354758,20.633237513106334,139000
2015-08-06,20.46949005126953,20.67418405938328,20.358370765578833,20.492884289624634,243700
2015-08-07,20.46949005126953,20.574761892870132,20.299885169691073,20.39930956720158,171400
2015-08-10,20.551355361938477,20.62153580402873,20.440236142712568,20.568899914712034,165600
2015-08-11,20.545509338378906,20.66832567825656,20.446084993480675,20.446084993480675,99400
2015-08-12,20.61569595336914,20.633240512601954,20.38760775935519,20.399304875842684,164400
2015-08-13,20.843782424926758,20.989993022442796,20.516272114328704,20.61569424976121,164400
2015-08-14,20.978290557861328,20.978290557861328,20.72680821577717,20.791141219240014,116900
2015-08-17,21.030929565429688,21.03677923806379,20.744358074258606,20.91396065370833,164900
2015-08-18,21.112808227539062,21.12450534241651,20.820387048592558,20.989991867820702,159000
2015-08-19,20.937355041503906,21.136201523643738,20.773599902446318,21.0192326110327,160500
2015-08-20,20.6683292388916,21.077719340007615,20.644935008885756,20.8086923879301,135800
2015-08-21,20.188758850097656,20.58645183958599,20.153667504791066,20.399302459944018,178300
2015-08-24,19.539583206176758,20.048395435942872,19.4986444193563,19.51034153430451,563000
2015-08-25,19.100955963134766,19.995764274326945,19.077561727692558,19.995764274326945,364200
2015-08-26,19.31149673461914,19.44016277932907,19.095105666604322,19.44016277932907,321500
2015-08-27,19.522037506103516,19.73258110084943,19.194524999721384,19.39337148020403,486000
2015-08-28,19.644855499267578,19.75597474754986,19.44016156006427,19.469403232665226,196200
2015-08-31,19.31149673461914,19.755975986622108,19.299799618645803,19.551282034580627,234400
2015-09-01,19.19452476501465,19.323190789340835,19.030769629324162,19.030769629324162,294000
2015-09-02,19.375825881958008,19.38752299559201,19.10679673036857,19.305643200153995,160600
2015-09-03,19.20037841796875,19.440163729652028,19.182831627652607,19.36413358760703,177600
2015-09-04,18.861164093017578,19.247159920099946,18.773436856000366,19.013222108718256,85400
2015-09-08,18.89040756225586,19.07755693680108,18.802682547873335,19.036618150556595,279500
2015-09-09,18.551198959350586,19.188678326239195,18.498563058557014,19.01322383626295,211200
2015-09-10,18.656471252441406,18.82022751650203,18.463473316279877,18.533654891019655,232700
2015-09-11,18.633079528808594,18.67986687696166,18.434233020283454,18.574595064742663,288900
2015-09-14,18.488086700439453,18.683383347216527,18.387479268537053,18.683383347216527,199800
2015-09-15,18.215850830078125,18.464410237736338,18.168506234751998,18.452573806708756,324800
2015-09-16,18.43482208251953,18.488084901802853,18.156672681983352,18.16259089843532,278000
2015-09-17,18.452573776245117,18.807658804996944,18.393392749989115,18.452573776245117,465100
2015-09-18,18.221769332885742,18.46441052885577,18.168506521206055,18.24544106652993,356400
2015-09-21,18.275033950805664,18.39931424094611,18.198099393125872,18.357887853827425,186700
2015-09-22,18.002805709838867,18.35789085994859,17.98505105725878,18.168512414232623,206300
2015-09-23,17.8311767578125,18.109327274778256,17.789750373273172,18.044228025482557,118500
2015-09-24,17.52935218811035,17.813419736644903,17.39915371511061,17.754238715170846,209800
2015-09-25,17.298547744750977,17.700977369442942,17.268957795964173,17.647714558599347,271700
2015-09-28,17.04407501220703,17.363651968968366,17.00856683771728,17.245289882289832,183100
2015-09-29,16.890199661254883,17.215693586604985,16.807345779570923,17.044068736987732,216500
2015-09-30,17.03815460205078,17.16835196898651,16.825103339079323,17.12692558536079,281500
2015-10-01,16.73633575439453,17.091419759741004,16.641646535797538,17.002648758404387,262700
2015-10-02,16.973052978515625,16.973052978515625,16.57062337313405,16.623886181421856,229900
2015-10-05,17.588529586791992,17.606284229351875,17.150591896036975,17.150591896036975,226300
2015-10-06,17.452417373657227,17.665468609852223,17.39915456460848,17.55302477643996,149100
2015-10-07,17.825260162353516,17.837095466274015,17.393239398901297,17.523437901085945,459200
2015-10-08,17.795673370361328,17.890362597256917,17.564868520901403,17.777919845808793,265300
2015-10-09,17.78975486755371,18.949699571616925,17.689147424491008,18.13300359174683,322500
2015-10-12,17.766082763671875,17.837099116866685,17.647720669967743,17.78975450514195,224200
2015-10-13,17.61812973022461,17.837098123968463,17.399160207696237,17.671392556548145,156400
2015-10-14,17.541196823120117,17.736493507753792,17.499770424680353,17.58262322155988,129000
2015-10-15,17.58262062072754,17.606293489925527,17.322225832256866,17.576703532212573,112600
2015-10-16,17.452417373657227,17.777912443264483,17.440580943027694,17.612205800803473,133000
2015-10-19,17.517520904541016,17.523439121305547,17.322224266449194,17.375487088545547,106400
2015-10-20,17.493850708007812,17.57078640890692,17.41099791822533,17.476097183788482,156700
2015-10-21,17.30447006225586,17.547111311934675,17.28671541150456,17.476094966498387,114300
2015-10-22,17.624048233032227,17.718737452745152,17.316307704572953,17.316307704572953,140500
2015-10-23,17.505685806274414,17.754245285421696,17.304470936070206,17.724655328126467,154100
2015-10-26,17.34589958190918,18.94378118797226,17.251210351718093,17.511606299135913,150300
2015-10-27,17.215694427490234,17.48200847308208,16.996724975694256,17.23344907345774,382200
2015-10-28,18.192182540893555,18.198100757894974,17.0914190118879,17.162436487120463,465100
2015-10-29,18.529512405395508,18.576857011081447,17.97321357078182,18.150755559907985,308000
2015-10-30,18.488086700439453,18.712974432355164,18.45257852705757,18.582775915314127,307100
2015-11-02,19.310701370239258,19.340291327456864,18.417070891096454,18.464415499915333,335400
2015-11-03,19.405391693115234,19.565180180273934,19.221930335806544,19.23968385963446,278500
2015-11-04,19.162744522094727,19.488238485018545,19.115398796361866,19.42905858542093,268300
2015-11-05,19.642107009887695,19.689452734249933,19.062135431860682,19.22784320956011,208100
2015-11-06,19.346202850341797,19.523747057709436,19.144988038551066,19.476401333726496,452300
2015-11-09,19.577016830444336,19.618443224877396,19.12132423411147,19.470491171168124,284900
2015-11-10,19.553340911865234,19.600684387735857,19.292943893085912,19.55925799976075,218000
2015-11-11,19.577016830444336,19.653950272923346,19.34620973029976,19.577016830444336,158700
2015-11-12,18.961532592773438,19.553340709220283,18.937859726299052,19.434978634417156,159400
2015-11-13,18.96745491027832,19.127243416683807,18.75440469718905,18.93786494781125,151700
2015-11-16,19.174579620361328,19.174579620361328,18.91418266207234,18.937855523292846,109700
2015-11-17,19.263351440429688,19.434976315538414,19.073973046367833,19.097645910017697,142800
2015-11-18,19.340288162231445,19.387631634517593,19.0621376432561,19.334368817215264,231100
2015-11-19,19.257436752319336,19.41130587007482,19.06805833466544,19.310699573382543,158400
2015-11-20,19.523754119873047,19.630277522229722,19.30478345359811,19.381719154115498,159100
2015-11-23,19.553340911865234,19.95577061582525,19.47640522381054,19.47640522381054,118100
2015-11-24,19.790056228637695,19.89658183590119,19.452725891492648,19.452725891492648,175400
2015-11-25,19.94392967224121,20.032699516012066,19.683532712349415,19.784141244371696,104200
2015-11-27,20.168819427490234,20.204326465646112,19.831486762029556,19.920258872556346,66900
2015-11-30,19.778226852416992,20.26351160165927,19.76047333073127,20.18657591173967,249300
2015-12-01,19.961688995361328,19.991278951891218,19.719047739705875,19.831490477547046,133600
2015-12-02,19.60068130493164,20.020866721628913,19.559254923472096,19.967603908671144,114400
2015-12-03,19.13907241821289,19.75455333173703,19.127235986310286,19.64210835744656,152100
2015-12-04,19.32253646850586,19.434979201185076,19.121321612743298,19.13315804632567,127200
2015-12-07,19.044382095336914,19.316613240306587,18.813577330794434,19.316613240306587,143000
2015-12-08,18.926023483276367,19.07989485933755,18.783989669355755,18.908269962026548,103000
2015-12-09,18.74256134033203,19.133155699142577,18.71297138879052,18.86684049134752,137900
2015-12-10,18.482166290283203,18.908268835441586,18.20401689569264,18.695217562862396,238700
2015-12-11,18.16259002685547,18.405231245820445,18.07973612928828,18.215852843582837,208300
2015-12-14,18.14761734008789,18.327355576863653,17.985852241341,18.20752932384792,250200
2015-12-15,18.309375762939453,18.41122770439852,18.14162043071099,18.261445504767394,207100
2015-12-16,18.60295295715332,18.674848932094708,18.17158053574825,18.41123188097329,267300
2015-12-17,18.74074363708496,18.83660412482476,18.489109571081205,18.6808305465608,206600
2015-12-18,18.18355941772461,18.74074938790961,18.10567203331837,18.63290602042251,588900
2015-12-21,18.04576301574707,18.704803893190082,17.87800651194015,18.26744006936039,229800
2015-12-22,18.285415649414062,18.393259042198917,17.9978340304863,18.05774601070209,198600
2015-12-23,18.56700325012207,18.584977527326554,18.255455968396657,18.38127362333283,134400
2015-12-24,18.746742248535156,18.854584481532356,18.501098368923362,18.59696003616686,69500
2015-12-28,18.752731323242188,18.90251352596057,18.537045728396034,18.69880963884377,113800
2015-12-29,18.908506393432617,19.004366919064278,18.752732753594273,18.86057613061679,139200
2015-12-30,18.561010360717773,19.040314096978996,18.53704580241585,18.854583342088354,166900
2015-12-31,18.117664337158203,18.537055175606703,18.105681480574397,18.537055175606703,295400
2016-01-04,17.608400344848633,17.991843668862995,17.518531226457775,17.889991696620594,316900
2016-01-05,17.806100845336914,17.913944171723237,17.53050224923593,17.632354152740003,204500
2016-01-06,17.434654235839844,17.728227310516704,17.29685483925134,17.596419341094816,211900
2016-01-07,16.661771774291992,17.212970321502088,16.52996384836583,17.159048637544224,366600
2016-01-08,16.320268630981445,16.715693553766982,16.254364096268016,16.679746145172164,286400
2016-01-11,16.098596572875977,16.470055909246863,16.03269201785139,16.332256514875336,246400
2016-01-12,15.852950096130371,16.194454527975317,15.313734316358506,16.194454527975317,498200
2016-01-13,15.57136058807373,16.116567817159304,15.481491478078432,15.858942197157779,209900
2016-01-14,15.697173118591309,15.834972451665653,15.409590460885134,15.667215996565998,189000
2016-01-15,15.403605461120605,16.080621845551526,15.074084980635075,15.355675188636386,212400
2016-01-19,15.169942855834961,15.840967695267757,14.97223037378963,15.619289509824139,287300
2016-01-20,15.06209945678711,15.259811938579745,14.385084335117668,14.996196058021319,250300
2016-01-21,15.223867416381836,15.58334503590665,15.06809374316282,15.07408517014215,218000
2016-01-22,15.511443138122559,15.69717387539195,15.056105146111088,15.403599779126761,274000
2016-01-25,14.702619552612305,15.439547614743935,14.660679581690399,15.415581917074276,179500
2016-01-26,15.781058311462402,16.44609188231437,15.36166754479491,15.894893144028934,707800
2016-01-27,16.46406364440918,16.577898467455242,15.637266177503415,15.775065564863073,600200
2016-01-28,16.338247299194336,16.625828930764296,16.176482202905802,16.529968386907644,394700
2016-01-29,17.278879165649414,17.278879165649414,16.27833376439292,16.284325191076825,559300
2016-02-01,17.015260696411133,17.296852013499645,16.955347577280747,17.08715666791714,301400
2016-02-02,16.94336700439453,17.15306122129786,16.72168879156387,17.00927041138653,298400
2016-02-03,17.242929458618164,17.590424160906622,16.673756569452827,17.11711180045895,243000
2016-02-04,17.362754821777344,17.722232381507762,17.26689429154892,17.26689429154892,226900
2016-02-05,16.979307174682617,17.344776041448213,16.84749927420439,17.344776041448213,462000
2016-02-08,16.7156925201416,17.051204312690846,16.54194577038746,16.907413544455455,521400
2016-02-09,16.188457489013672,16.631812582784004,16.050658164479778,16.577890909227737,387700
2016-02-10,16.03269386291504,16.589884074341427,15.984763583585243,16.21243212471478,271000
2016-02-11,15.5294189453125,16.032687241812013,15.45153270209717,15.870922187348414,479800
2016-02-12,15.475499153137207,15.822993862956968,15.271795239510348,15.691185918800393,392000
2016-02-16,15.900884628295898,16.074631448653847,15.583345838523767,15.685197816922534,391100
2016-02-17,15.960790634155273,16.278329304925457,15.870921544012006,16.08061684951128,467800
2016-02-18,15.936824798583984,16.23039774563914,15.721138085340442,16.032685306081692,533100
2016-02-19,15.661229133605957,15.960793584625184,15.547395464996988,15.864933051718847,669300
2016-02-22,15.89488697052002,16.1165639795403,15.805016739176569,15.805016739176569,242100
2016-02-23,15.61928939819336,16.06863604897106,15.565367708680224,15.828984730439146,581200
2016-02-24,15.679204940795898,15.900883158972979,15.128006251468136,15.499466709758764,677700
2016-02-25,15.751104354858398,15.990755762768876,15.64326093561167,15.757094640151614,601100
2016-02-26,15.888894081115723,16.08061509051574,15.775059303254205,15.894885505502893,494100
2016-02-29,15.840968132019043,16.068636606841647,15.643255644522581,15.88889839738947,431900
2016-03-01,15.978767395019531,16.74565277855403,15.733124643799037,15.90088114284499,496000
2016-03-02,16.528709411621094,16.601629537326776,15.775193719032373,15.969650092018027,502000
2016-03-03,16.632015228271484,16.747472296443902,16.528710742665652,16.534786454426648,430900
2016-03-04,17.057390213012695,17.106004033123174,16.583405756696738,16.644172162551165,511300
2016-03-07,17.33083724975586,17.464524915730873,17.02092382681679,17.02092382681679,334300
2016-03-08,17.166767120361328,17.34906860846414,17.087770117928667,17.197150315363597,280500
2016-03-09,17.859514236450195,17.87166797811688,17.22145786652902,17.245764190817788,407500
2016-03-10,17.99928092956543,18.01143351285056,17.75013384798336,17.841285756412134,395300
2016-03-11,18.473264694213867,18.55226285776514,18.011432931977943,18.108660549391335,466500
2016-03-14,17.82912826538086,18.467184535958392,17.695440604995927,18.351727485235035,430200
2016-03-15,17.658977508544922,17.79874318300454,17.452368590520404,17.750128229074726,255100
2016-03-16,17.634668350219727,17.744049660855232,17.40375199242385,17.57997769490197,436900
2016-03-17,18.13296890258789,18.20588903962152,17.507065071318394,17.66506024695083,418200
2016-03-18,18.722412109375,18.74671959519898,18.053971316796883,18.199813913651326,639100
2016-03-21,18.546184539794922,18.679872213546666,18.351729320139828,18.64341214962247,242300
2016-03-22,18.80141258239746,18.9411771658721,18.388194545129075,18.430731491487023,276800
2016-03-23,18.309192657470703,18.868252037189748,18.2301956529542,18.77102441976423,363200
2016-03-24,18.139041900634766,18.303113912493302,17.902048608268736,18.25450011183645,270300
2016-03-28,18.26058006286621,18.345655103053474,18.011434131767544,18.205889379547507,159700
2016-03-29,19.03232192993164,19.153857017530143,18.23019359710609,18.23019359710609,312300
2016-03-30,19.147781372070312,19.324005985411745,18.965478729011217,19.153858242743407,320200
2016-03-31,19.141706466674805,19.445543077256943,18.886483667424017,19.184243406709154,462300
2016-04-01,19.469850540161133,19.50630944981206,18.874329903227768,19.11132324736098,182900
2016-04-04,19.512388229370117,19.6217695987016,19.348316175372897,19.488080743276576,191200
2016-04-05,19.257158279418945,19.475919777913163,19.22069706379966,19.378692187683665,246000
2016-04-06,19.378694534301758,19.4698464253435,19.05055166730258,19.238930001302933,217300
2016-04-07,19.269317626953125,19.51846355930526,19.208551230999696,19.31185572678312,280400
2016-04-08,19.579233169555664,19.700765967025493,19.305779739069507,19.378699881169307,217000
2016-04-11,19.700763702392578,19.83445254594908,19.409082008477867,19.633921598703584,153900
2016-04-12,19.955989837646484,20.05929317857609,19.670382665281902,19.743305125091698,193400
2016-04-13,20.168672561645508,20.23551698416912,19.804069570903078,19.998524808377613,245900
2016-04-14,20.3023624420166,20.35705312522586,20.095753451902674,20.186905363281237,137500
2016-04-15,20.472509384155273,20.60619823066652,19.962063800672404,20.217287751458493,157100
2016-04-18,20.612272262573242,20.685194710047607,20.350974939102024,20.369204391926054,119200
2016-04-19,20.752038955688477,20.861420307903437,20.53935196278645,20.697348279580993,161500
2016-04-20,20.587970733642578,20.83711667795196,20.47251133046464,20.788501704384508,172400
2016-04-21,20.630510330200195,20.733813685184792,20.46036021891699,20.64266407515541,235700
2016-04-22,20.806737899780273,20.897887517453515,20.600128854394903,20.61228028227932,187100
2016-04-25,20.563655853271484,20.758111041446593,20.44212078113987,20.758111041446593,189200
2016-04-26,21.37186050415039,21.43870491194683,20.673037872843913,21.262481485497492,275800
2016-04-27,21.58455467224121,21.779009931785676,20.673044773842967,21.298947495621107,204500
2016-04-28,21.45694351196289,21.8397759943628,21.42048228207692,21.542017396940647,217900
2016-04-29,21.402252197265625,21.633166358822752,21.274639055459442,21.414405940203807,174200
2016-05-02,21.201719284057617,21.59670782309389,21.1895655409084,21.49948019598966,235900
2016-05-03,20.812807083129883,21.232100756277873,20.612273814609566,21.080182456401012,157900
2016-05-04,20.879650115966797,20.98903147004353,20.691270602148176,20.715578084851703,212100
2016-05-05,20.861419677734375,21.049796864567124,20.788497233067798,20.90395661141203,126400
2016-05-06,20.83103370666504,21.025488918636388,20.624424754184357,20.78242106271669,192200
2016-05-09,20.84926986694336,21.061954575421677,20.58189215561123,20.764193665462567,133800
2016-05-10,21.098417282104492,21.122722451854436,20.73381191877982,20.86750078380783,204200
2016-05-11,20.879650115966797,21.147025471438177,20.81280569757667,21.086259082768496,249400
2016-05-12,20.982954025268555,21.17133354433867,20.80673056597822,20.964724571777293,162800
2016-05-13,20.95865249633789,21.013343184389804,20.648737824680516,20.88573003354227,224100
2016-05-16,21.26856231689453,21.359714225488382,20.97687945471927,20.97687945471927,301300
2016-05-17,21.27463722229004,21.35971341552656,20.952571175492704,21.153104439559208,284000
2016-05-18,20.9404239654541,21.42048648848805,20.81888882672412,21.256414398916068,222300
2016-05-19,20.45428466796875,20.946500911160857,20.429977177865222,20.758121339993295,191100
2016-05-20,20.69734764099121,20.709501381761118,20.387433046581133,20.551505069841348,200200
2016-05-23,20.484664916992188,20.837116518388694,20.46643546108875,20.66089071769044,127500
2016-05-24,20.837114334106445,20.861421818155964,20.53327773775525,20.53327773775525,151900
2016-05-25,21.0741024017334,21.128793071142816,20.7641878357171,20.824956533999128,170500
2016-05-26,20.837114334106445,21.1531046724824,20.782423654039658,21.080182220333842,123700
2016-05-27,20.83103370666504,21.06802585137456,20.727730389469187,20.818879966155706,151400
2016-05-31,20.770273208618164,20.86142512922662,20.697353062985176,20.800656409457773,152900
2016-06-01,20.910030364990234,20.910030364990234,20.581886348981225,20.666960208371233,264200
2016-06-02,20.982954025268555,20.989032055158443,20.61227301701822,20.849267502850633,215600
2016-06-03,21.080184936523438,21.098416710954382,20.8067338190445,21.001189080317754,113900
2016-06-06,20.997255325317383,21.38427384972726,20.966540090172334,21.089403374174765,238600
2016-06-07,21.24297523498535,21.39040925483919,21.0341084206745,21.0341084206745,187400
2016-06-08,21.273691177368164,21.347408189779145,21.138541368430054,21.242975950815385,77000
2016-06-09,21.390411376953125,21.414984497173794,21.077112296115615,21.181544541920875,117300
2016-06-10,21.13239860534668,21.402695871421635,21.058679251799553,21.230688733321344,125000
2016-06-13,20.948104858398438,21.341267756763944,20.886674400471634,21.08325467794351,103700
2016-06-14,20.450511932373047,20.892816382293706,20.25393165609237,20.868245605324926,240500
2016-06-15,20.22935676574707,20.739236080419218,20.217070206626815,20.518085046519232,155800
2016-06-16,20.296932220458984,20.327647447383075,19.971344253483142,20.14949585043311,159600
2016-06-17,20.677806854248047,21.292120786154907,20.364507780081087,20.364507780081087,500200
2016-06-20,20.763809204101562,20.954247355383128,20.653232515411823,20.898959011038258,152100
2016-06-21,20.610233306884766,20.92353474514854,20.60409119826591,20.73923867867722,87800
2016-06-22,20.475078582763672,20.690087459684875,20.456647576583993,20.653227790746524,110900
2016-06-23,20.868244171142578,20.905101505773576,20.634804230319418,20.634804230319418,201300
2016-06-24,19.873056411743164,20.65323545132696,19.86077219429499,20.223215194562886,598200
2016-06-27,19.24030876159668,19.713330686829718,19.22188009678931,19.713330686829718,289000
2016-06-28,19.940628051757812,19.97748772831779,19.33860072847377,19.33860072847377,342200
2016-06-29,20.186357498168945,20.333791539156834,19.946775423997252,20.149497816211056,185900
2016-06-30,20.948104858398438,20.966535870513884,19.98363213973275,20.26621833909261,346100
2016-07-01,21.12010955810547,21.27368801143551,20.966531104775424,21.046390213243765,245300
2016-07-05,20.80066680908203,21.113965833541,20.69623223864817,21.015675713767468,193100
2016-07-06,21.224546432495117,21.292121341715525,20.597945924390064,20.659378725236678,187800
2016-07-07,20.862098693847656,21.29211887629485,20.76380856729585,21.230688425983022,87600
2016-07-08,21.617706298828125,21.654565978167444,20.892815675773182,21.064825169268335,178000
2016-07-11,22.262739181518555,22.27502339863982,21.617707641827092,21.72828434329295,233300
2016-07-12,22.766477584838867,22.870909839543163,20.27850402089765,22.336457318020514,338400
2016-07-13,22.766477584838867,22.97534443766939,22.588325963190677,22.88319640070048,191900
2016-07-14,22.50847053527832,22.96306404655802,22.490041860301627,22.858629420370804,288000
2016-07-15,22.649749755859375,22.87090310472395,22.453169522073363,22.67432287093794,176300
2016-07-18,22.520750045776367,22.7971918009523,22.422459904316238,22.588324957421797,109900
2016-07-19,22.49003028869629,22.612893526644417,22.232017254663088,22.53303207046493,244000
2016-07-20,22.533037185668945,22.61904076872982,22.324170336768866,22.490035394138506,98000
2016-07-21,22.66819190979004,22.717335820689904,22.36103485054314,22.43475188860413,186400
2016-07-22,22.9937686920166,23.067485701382104,21.021821701683745,22.59446373306231,99900
2016-07-25,22.7111873626709,23.061346124866684,22.65589901372305,23.006057775918837,99900
2016-07-26,22.987627029418945,23.21492487961892,22.834048540948466,23.14734996974443,210700
2016-07-27,22.741907119750977,22.772622354522156,22.311886802687873,22.422463522601877,205700
2016-07-28,23.34393310546875,23.466796379971413,22.741905638169936,22.741905638169936,248000
2016-07-29,23.49750518798828,23.866092567294046,23.36235538864618,23.36235538864618,308100
2016-08-01,23.651081085205078,23.66950974914294,23.337782081155723,23.540504414735622,187600
2016-08-02,23.227214813232422,23.866099637055335,23.122780207325977,23.638804097266625,226700
2016-08-03,23.251781463623047,23.42993306689729,23.11048954001917,23.24563935538883,203500
2016-08-04,23.196487426757812,23.76779943271171,23.184203213302148,23.700226885021117,149400
2016-08-05,23.411508560180664,23.608088866521502,23.257930049388005,23.270216611462068,222700
2016-08-08,23.30092430114746,23.595794665192987,23.196489729040163,23.417643087929644,159900
2016-08-09,23.04906463623047,23.399223475472077,22.932345804290684,23.159641358456476,151100
2016-08-10,23.165773391723633,23.337782853379494,23.055196717595308,23.055196717595308,122500
2016-08-11,23.307071685791016,23.325502698819278,22.993772585373033,23.264069894428193,228600
2016-08-12,23.227214813232422,23.337791528464138,22.91391333893519,23.257930046702988,134900
2016-08-15,23.614227294921875,23.681802204084775,23.227211195315366,23.227211195315366,150700
2016-08-16,23.552791595458984,23.64493960443045,23.38692658536307,23.50978981618462,277900
2016-08-17,23.687944412231445,23.81080531533967,23.466791037162224,23.54050804771146,139900
2016-08-18,23.694091796875,23.866098974271047,23.44836524909033,23.620374769908413,286300
2016-08-19,23.90909194946289,23.921378506662286,23.608079500051886,23.68794095013735,223300
2016-08-22,23.810802459716797,23.927523584461394,23.601935668692033,23.89066391189659,145300
2016-08-23,24.37598419189453,24.51113404665291,23.810813989341437,23.976679081066074,190800
2016-08-24,23.878387451171875,24.517274651916424,23.872245341524547,24.3575540234414,250900
2016-08-25,23.718656539916992,24.191678454047157,23.644939538996546,23.902950213928705,197500
2016-08-26,23.208784103393555,24.013536354061205,23.079778715068688,23.75552323398934,208200
2016-08-29,23.454504013061523,23.534365473235418,23.276352426297247,23.276352426297247,207600
2016-08-30,23.350067138671875,23.601935709749775,23.245634914688438,23.393071261782904,133900
2016-08-31,23.264062881469727,23.589650788039233,23.02448087512124,23.300922552993022,244000
2016-09-01,23.76165771484375,23.792372935827785,23.14734392147844,23.251776141508394,190100
2016-09-02,23.921388626098633,24.111826828118296,23.743239329898092,23.82924292325466,184300
2016-09-06,24.01967430114746,24.271542924745418,23.835380586416083,24.03196086125245,119900
2016-09-07,24.031963348388672,24.375980036666444,23.730950796639842,24.031963348388672,390000
2016-09-08,23.835376739501953,24.007386209788578,23.755515283419644,23.915238195584266,120300
2016-09-09,23.288639068603516,23.614224674710766,23.030628364161124,23.614224674710766,322000
2016-09-12,23.294780731201172,23.44221709050941,23.06134314881016,23.184206390996785,309300
2016-09-13,22.238157272338867,23.313206289090132,22.170582387767162,23.067479862178633,171700
2016-09-14,22.127586364746094,22.348739737752187,21.73442585425592,22.336453178871682,134500
2016-09-15,22.520750045776367,22.551465275591067,21.77743070452027,22.121445027919815,154100
2016-09-16,22.405920028686523,22.60453188116556,22.275581444429665,22.536260980583425,292300
2016-09-19,22.660398483276367,22.765912393695153,22.38730769522669,22.51144073257318,91500
2016-09-20,22.610742568969727,22.82797356901339,22.592123445434652,22.77211383076783,106500
2016-09-21,23.045209884643555,23.057623424468325,22.294206114909123,22.666605206730306,263900
2016-09-22,23.541736602783203,23.758967602594463,22.933487435671342,23.225197297183563,236300
2016-09-23,23.84586524963379,23.883105872498966,23.29968365345625,23.37416253154576,213600
2016-09-26,23.926546096801758,24.255498930721252,23.659660952131347,23.6782824427262,289500
2016-09-27,24.11274528503418,24.361011315561,23.864481622147697,23.938960484249606,264200
2016-09-28,24.298948287963867,24.553419927862898,24.131369056668326,24.131369056668326,294600
2016-09-29,23.734149932861328,24.292745112747145,23.6596686814304,24.187233558014867,175400
2016-09-30,24.1375732421875,24.37963132857958,23.709316809927692,23.963788435063012,483600
2016-10-03,23.95136833190918,24.572030893122026,23.65965617049442,24.572030893122026,469600
2016-10-04,23.392780303955078,23.9948239833729,23.361747637185655,23.95137777636756,200300
2016-10-05,22.9769344329834,23.96999384892525,22.964520894329077,23.504496803769932,258400
2016-10-06,23.250022888183594,23.454842704325667,22.722460569410654,22.939691555343,214500
2016-10-07,23.54794692993164,23.827245677103104,23.28726967766547,23.386575635810793,299300
2016-10-10,24.187232971191406,24.218265641380878,23.43002350683533,23.60380835400913,245100
2016-10-11,23.79621124267578,24.274121870661645,23.746557083468645,24.050682889510785,263100
2016-10-12,24.181020736694336,24.491352118944437,23.430019359882817,23.821037564457303,112700
2016-10-13,23.9762020111084,24.100335031093483,23.814828374835663,23.88930960741097,269100
2016-10-14,24.385839462280273,24.6651381669695,23.771382311963986,24.013440400147832,296800
2016-10-17,24.23687744140625,24.32997779146466,22.747288413953466,23.52311677230604,270400
2016-10-18,24.08171272277832,24.379630540059082,24.08171272277832,24.329978754332462,132400
2016-10-19,24.454111099243164,24.516176421608847,24.019646739762546,24.050679400945388,113800
2016-10-20,24.423078536987305,24.485146233261688,23.957581469311762,24.32998054403651,194000
2016-10-21,24.23687744140625,24.32997779146466,23.02658472884819,23.678282443976553,357400
2016-10-24,24.267915725708008,24.73341284858712,24.019652014090298,24.485149136969408,282400
2016-10-25,24.795469284057617,25.043732882853302,24.17480673560881,24.329972372721013,515200
2016-10-26,24.423078536987305,24.950643300937234,24.36101320835344,24.702377251120733,360400
2016-10-27,24.14377784729004,24.51617448738414,24.019644844711973,24.51617448738414,313000
2016-10-28,24.423078536987305,24.454113568944756,24.050681829903077,24.050681829903077,214400
2016-10-31,23.833450317382812,24.67134407475217,23.833450317382812,24.485145725074588,306800
2016-11-01,23.336917877197266,23.988615642731585,23.150719530319076,23.957580611884858,217900
2016-11-02,22.933486938476562,23.398983957386207,22.933486938476562,23.398983957386207,160900
2016-11-03,23.398983001708984,23.67828167517552,22.56108698130938,23.05761900864552,317000
2016-11-04,23.305889129638672,23.988619673085584,23.305889129638672,23.554155212281337,358600
2016-11-07,23.492084503173828,24.081714598306124,23.274853484375868,23.740350554063387,356600
2016-11-08,23.4610538482666,23.740352587530403,23.36795584693916,23.523121550125634,227100
2016-11-09,24.48514175415039,24.795473075831286,22.933485145745934,23.150716123866523,459700
2016-11-10,24.36102294921875,25.167884382288786,24.26792255140082,24.70238712848206,464800
2016-11-11,24.795469284057617,25.136833212176512,24.298939718826517,24.45410535593872,369800
2016-11-14,25.04374885559082,25.16788191797977,24.733417383439054,24.82651777214108,425500
2016-11-15,25.198904037475586,25.32303704787325,24.361010360661787,25.074773394718168,318900
2016-11-16,25.44717025756836,25.8816346135427,24.733407217921922,24.919607918796828,466300
2016-11-17,25.850597381591797,25.9623168353059,23.80240897525979,25.447165757886438,492000
2016-11-18,26.471269607543945,26.533334941051525,25.757506434003236,25.974737468920473,460600
2016-11-21,26.874698638916016,27.06089700450412,26.47126924141523,26.688500273327907,325100
2016-11-22,26.967796325683594,27.060894315405967,25.07477545631009,26.16093524322084,419200
2016-11-23,26.471269607543945,27.122965079936368,26.34713657288808,26.96779937852671,283900
2016-11-25,26.471269607543945,26.688500642461182,26.254036204986,26.502302274297737,152500
2016-11-28,26.160932540893555,26.65746220437785,25.912666525331307,26.440228848850836,329300
2016-11-29,26.036806106567383,26.409202856288744,25.81957269619593,26.223004481428063,226400
2016-11-30,25.49683380126953,26.098875221576815,25.323046574278806,26.098875221576815,283200
2016-12-01,25.167877197265625,25.714061148745085,25.074779193667137,25.540276314581945,226300
2016-12-02,25.602340698242188,25.757506399443656,25.062364721000478,25.19890892806209,237500
2016-12-05,25.726472854614258,25.881638550519483,25.571307158709036,25.69544018896134,288400
2016-12-06,25.850597381591797,25.912662692481923,25.633364058196662,25.757497047616763,402000
2016-12-07,26.564361572265625,26.73814872835492,25.912666247941246,25.912666247941246,362100
2016-12-08,26.90572738647461,27.309159092857037,26.409197694678003,26.595396033146688,446700
2016-12-09,27.046607971191406,27.4222543421699,26.90886985395865,27.01530450499343,216800
2016-12-12,26.827470779418945,27.203119424554377,26.42052106589804,26.921383537777967,229800
2016-12-13,27.046607971191406,27.1718242242847,26.595830415376113,27.046607971191406,184200
2016-12-14,26.26399803161621,26.921380091063504,26.201388737959107,26.89007663838513,272200
2016-12-15,25.594100952148438,26.17009227789582,25.450103120711592,26.17009227789582,349300
2016-12-16,26.107479095458984,26.326605658513632,25.73183048812192,25.73183048812192,624800
2016-12-19,26.201393127441406,26.451825567423707,25.888353771613907,26.138786211596205,152000
2016-12-20,26.26399803161621,26.70225353401452,25.888349434574646,26.263998031616207,185100
2016-12-21,26.13878059387207,26.85877191285571,26.044867851987167,26.263996786951864,143400
2016-12-22,25.982267379760742,26.138787062771346,25.73183493162344,26.013570838702694,129300
2016-12-23,26.232694625854492,26.232694625854492,25.888349480875455,25.982262227378893,59300
2016-12-27,26.32660675048828,26.639646075436538,26.170087088014153,26.295303295653557,53900
2016-12-28,25.700529098510742,26.639647109820274,25.48140251785876,26.2953043166669,156100
2016-12-29,26.26399803161621,26.295301484294583,25.700526330204042,25.825742529217894,90700
2016-12-30,26.076175689697266,26.420518455828475,25.888350191534407,26.420518455828475,163800
2017-01-03,26.26399803161621,26.70225353401452,25.763135623861142,26.389214230630063,242500
2017-01-04,26.42052459716797,26.85878021425128,26.264004904516856,26.42052459716797,330200
2017-01-05,26.232694625854492,26.670947740736263,26.170085332085417,26.420517730561016,231000
2017-01-06,25.88835906982422,26.451830980951975,25.88835906982422,26.264007806676467,171600
2017-01-09,25.606616973876953,26.10747940122531,25.606616973876953,25.88835044730385,169500
2017-01-10,26.232694625854492,26.263998078588855,25.544006724196766,25.637919470700208,177000
2017-01-11,26.483116149902344,26.639635751720085,25.919647016338217,26.201380388970485,190800
2017-01-12,25.825746536254883,26.38921832509346,25.51270718430028,26.38921832509346,231300
2017-01-13,25.950958251953125,26.2326940974885,25.637918954313886,25.919654799849262,276300
2017-01-17,25.794445037841797,26.138787873485015,25.54401258193715,25.982268185619834,239100
2017-01-18,25.5753116607666,26.138783395878185,25.450097842564464,25.857047528322394,203200
2017-01-19,25.011837005615234,25.60661206904638,25.011837005615234,25.51269933702568,180900
2017-01-20,25.011837005615234,25.368701566013925,24.85531737778072,25.13705318554284,218700
2017-01-23,25.10576057434082,25.168369891435432,24.824027006469404,24.980546716754077,198700
2017-01-24,25.6191349029541,25.70052578884373,25.07444719526264,25.137056487600926,215300
2017-01-25,25.731828689575195,25.950957625614063,25.575309044533252,25.575309044533252,139300
2017-01-26,25.512699127197266,25.85704182794116,25.418786395948946,25.669218753744488,155600
2017-01-27,25.043148040771484,25.575313981317596,24.88662836551666,25.575313981317596,150600
2017-01-30,24.886625289916992,24.980538038784015,24.448369775704915,24.886625289916996,175800
2017-01-31,25.794445037841797,25.888355417580367,24.949237290389288,24.949237290389288,382400
2017-02-01,25.950958251953125,26.076174448668883,25.29357620457078,25.66922240641775,360400
2017-02-02,26.670949935913086,26.82746960076774,25.512705371308854,26.013567821183642,540200
2017-02-03,27.265729904174805,27.328339214036752,26.357915211734802,26.608347674580653,342700
2017-02-06,26.95269012451172,27.359642273593106,26.45182759446604,27.171819123363594,363100
2017-02-07,26.921384811401367,27.10920794870448,26.733561674098258,26.921384811401367,293800
2017-02-08,27.265729904174805,27.45355305715871,26.858780137426503,26.858780137426503,245000
2017-02-09,28.2674503326416,28.298753785631938,27.32833241312926,27.32833241312926,375300
2017-02-10,28.01702308654785,28.486582132691108,27.954416169049072,28.330062450643357,291900
2017-02-13,27.672679901123047,28.204845857792407,27.453550916146835,28.048326177795445,315400
2017-02-14,27.578767776489258,27.797896766540187,27.328337715674987,27.5161608583609,125800
2017-02-15,27.610061645507812,27.703974378381652,27.171808594229915,27.42223856806014,147200
2017-02-16,27.297019958496094,27.766578804490635,27.20310962227706,27.61005918915912,169500
2017-02-17,27.64137077331543,27.64137077331543,27.109202537497293,27.390938381365682,227900
2017-02-21,27.954416275024414,28.07963011049665,27.45355137993217,27.70398382747829,189500
2017-02-22,27.797897338867188,27.923111177701916,27.578768344304642,27.82920079857587,202900
2017-02-23,28.048328399658203,28.067112386790352,27.484858940014085,27.985721478020288,215400
2017-02-24,27.610061645507812,27.910581435384096,27.484847852742703,27.891797455829323,179400
2017-02-27,28.048328399658203,28.110937709597085,27.547465861651997,27.610072783289908,299500
2017-02-28,27.703977584838867,28.110929623326104,27.67267413302453,27.98571342776847,221900
2017-03-01,28.110933303833008,28.173540215658676,27.57876500011243,27.954413635968237,232900
2017-03-02,27.829193115234375,27.985712758865276,27.73528037373574,27.985712758865276,188200
2017-03-03,27.939687728881836,27.939687728881836,27.52927327337103,27.687124616472055,214600
2017-03-06,27.813413619995117,27.895497014799997,27.3398594638932,27.71870423394733,234100
2017-03-07,27.78183937072754,27.81340916101561,27.466136650605637,27.750269580439472,299700
2017-03-08,27.371427536010742,27.813411868937248,27.339857742649027,27.813411868937248,260700
2017-03-09,27.30828857421875,27.52927954142881,27.024155610219463,27.403000365092147,316000
2017-03-10,27.1820068359375,27.623991176485443,27.055725251692248,27.529279386146285,235200
2017-03-13,27.560848236083984,27.687127396347353,27.137805341615802,27.182003529432098,204100
2017-03-14,27.750276565551758,28.097549163374847,27.1504407646094,27.434573765963275,294700
2017-03-15,28.1922607421875,28.28697013613709,27.52928294143442,27.90812774309635,345200
2017-03-16,28.25539779663086,28.28696759177441,27.908125232809873,28.28696759177441,271400
2017-03-17,28.22382164001465,28.41324277680258,28.065970291254636,28.097540079282552,439000
2017-03-20,27.97126579284668,28.5079619633779,27.93969599660862,28.160686978896084,336800
2017-03-21,27.78183937072754,28.19225387033426,27.73764118260012,28.129111881137515,164600
2017-03-22,27.908126831054688,28.03440842748176,27.466142447870478,27.71870564072463,168100
2017-03-23,28.25539779663086,28.350109590682486,27.52928046522436,27.908125232809873,177700
2017-03-24,28.25539779663086,28.47638877125668,28.116487807654075,28.31853738691796,262300
2017-03-27,28.1922607421875,28.318539934120285,27.52928294143442,28.00283713704594,146900
2017-03-28,28.318531036376953,28.476382385316896,28.002828338497075,28.097540111309215,153700
2017-03-29,28.697378158569336,28.91836910242352,28.160682081376745,28.35010564310392,437200
2017-03-30,28.760515213012695,28.91836656150192,28.57109407654971,28.665805849091416,325200
2017-03-31,28.8552303314209,29.04465148984794,28.539527597835598,28.66580917299386,510400
2017-04-03,29.04465103149414,29.07622082263033,28.728948302890945,28.886799667192545,427900
2017-04-04,29.07622528076172,29.297218669840316,28.823664504327514,28.98151589283178,378600
2017-04-05,28.602663040161133,29.234068415920188,28.55846485654763,29.234068415920188,475000
2017-04-06,29.51820945739746,29.581349048938133,28.192258766075074,28.63424072410185,585600
2017-04-07,30.212749481201172,30.307461261090328,29.32878330625841,29.5182044574161,550200
2017-04-10,30.14961051940918,30.84415555745516,30.118040728338123,30.2127501015513,376700
2017-04-11,29.51820945739746,29.960193824045263,28.94994349904728,29.48663966162712,377300
2017-04-12,29.202499389648438,29.4866322978664,29.044648041596286,29.360350737700593,379300
2017-04-13,29.6129150390625,30.244320456452996,29.170930765165046,29.170930765165046,355800
2017-04-17,30.086475372314453,30.08647537231445,29.612921210579938,29.70763059775423,273700
2017-04-18,29.77077865600586,30.24433291410592,29.644497038788206,30.02333948181965,293200
2017-04-19,29.265636444091797,30.017010337603825,29.07621532447254,29.644481091950528,529700
2017-04-20,29.644485473632812,29.70762505329834,29.32878275806403,29.391922337729557,268200
2017-04-21,29.549779891967773,29.739201079305687,29.265646906650364,29.549779891967773,216000
2017-04-24,29.707618713378906,30.054891144668854,29.423485848279842,29.928612012287097,484300
2017-04-25,28.571102142333984,29.89705288051872,28.413250749282415,29.89705288051872,825200
2017-04-26,29.36035919189453,29.568724187459015,28.38168103388894,28.571102224370485,529800
2017-04-27,29.644485473632812,30.339030484435906,29.32878275806403,29.518203905681183,392500
2017-04-28,28.444812774658203,29.833905135717277,28.38167319813661,29.676053785792845,459300
2017-05-01,29.013086318969727,29.01308631896973,28.1038607599194,28.539532143171378,428900
2017-05-02,28.82366180419922,29.10779234999343,28.728950016520606,28.981513177916366,455600
2017-05-03,28.507951736450195,29.170926854098298,28.286958424820696,28.855224187730613,314700
2017-05-04,28.22382164001465,29.20249952060265,28.160679655338384,29.20249952060265,451600
2017-05-05,28.63423728942871,28.716320675482518,28.116484993312213,28.381676544939612,451900
2017-05-08,28.63423728942871,28.855230650554997,28.381676544939612,28.63423728942871,184900
2017-05-09,28.507951736450195,28.728942639459497,28.286958424820696,28.571091306275655,174800
2017-05-10,28.476388931274414,28.823663905667825,28.381679545311567,28.444819135953463,490800
2017-05-11,28.034400939941406,28.413243219418803,27.876549588722416,28.3816734308991,409100
2017-05-12,28.129112243652344,28.22382402435776,27.718700147377035,28.002830672252003,176100
2017-05-15,28.602663040161133,28.82365636684902,28.002827451465958,28.255390565217724,231400
2017-05-16,28.66581153869629,28.811034519095855,28.05334741423737,28.634239335835634,166900
2017-05-17,27.623991012573242,28.634238863299004,27.56085142513571,28.381678104927996,506800
2017-05-18,27.466142654418945,27.844985037927998,27.245151665475525,27.592424251795673,342000
2017-05-19,28.002830505371094,28.06597249500529,27.339855270246055,27.46613684089383,218200
2017-05-22,28.065975189208984,28.35010814828677,27.81341202366854,28.129114776283668,114500
2017-05-23,28.25539779663086,28.413249180969583,27.876555437666326,28.16068600257924,107500
2017-05-24,28.444812774658203,28.728945686246266,28.179623662922975,28.318531212994568,181300
2017-05-25,28.444812774658203,28.69737589798547,28.413242986397407,28.539524548061042,109100
2017-05-26,28.22382164001465,28.53952433753468,28.192251851986732,28.53952433753468,78100
2017-05-30,28.160680770874023,28.50795567879908,28.078599800474034,28.223822758051547,637200
2017-05-31,28.886795043945312,28.918364830028846,28.002826581884666,28.286959473877037,336900
2017-06-01,29.32878303527832,29.36035282540948,28.41324466975111,28.949938327842613,267900
2017-06-02,29.107789993286133,29.739195437033086,29.07622020282291,29.391922924696384,286600
2017-06-05,28.741756439208984,29.21919423767841,28.582610506385844,29.15553440752462,336000
2017-06-06,28.70992660522461,28.900903675927893,28.149734644842923,28.582611795921526,207000
2017-06-07,28.646270751953125,28.805416700575087,28.060614826644045,28.646270751953125,156600
2017-06-08,28.9327335357666,28.9327335357666,28.359807157484322,28.646270346625464,175000
2017-06-09,29.696636199951172,29.696636199951175,28.601711251527384,29.02822124567529,293100
2017-06-12,29.72845458984375,30.04674638967425,29.53747999562019,29.728454589843746,396800
2017-06-13,30.174070358276367,30.205899059718526,29.60114401882046,29.855778487106257,181500
2017-06-14,29.951255798339844,30.365036080733038,29.270111588276137,30.237718883967936,205500
2017-06-15,29.919437408447266,30.142240758224244,29.664802927238384,29.664802927238384,201800
2017-06-16,30.078580856323242,30.14223825715626,29.56931436453652,29.728460294993255,443800
2017-06-19,30.396873474121094,30.543287442382105,29.779386471493744,30.110410306491175,258100
2017-06-20,30.046749114990234,30.460527035276357,29.855774503444795,30.396869640885857,322900
2017-06-21,29.887603759765625,30.269552990001856,29.823943935810263,30.04674967709305,125300
2017-06-22,30.142234802246094,30.205894624156596,29.760285584278712,29.919431496494106,117800
2017-06-23,30.683334350585938,30.74699174825065,29.98309083440378,30.2058965829784,490300
2017-06-26,30.71515655517578,30.906131136165374,30.556010666288856,30.8743024440627,385200
2017-06-27,28.96455955505371,30.74699350353602,28.932730854404316,30.301384409321894,650700
2017-06-28,29.123703002929688,29.282848920978484,28.81177593506949,29.18736039879961,231600
2017-06-29,28.869070053100586,29.091875806895896,28.550778200570814,29.091875806895896,204200
2017-06-30,29.09187126159668,29.25101716299669,28.875432738557713,29.02821144401243,251000
2017-07-03,29.25102424621582,29.473827590778804,29.028218473278503,29.18736441321616,146700
2017-07-05,29.123703002929688,29.41016614109232,28.96455708488089,29.219191525108563,171000
2017-07-06,28.678089141845703,29.028209617217296,28.56987110132344,28.996380924615075,309600
2017-07-07,29.0600528717041,29.155538989379302,28.678101115879507,28.70992982177124,297800
2017-07-10,28.869070053100586,29.155533206052205,28.82450938801635,29.060047107317743,432500
2017-07-11,29.09187126159668,29.142796687290335,28.7417507641914,28.837236848007166,199100
2017-07-12,29.696636199951172,29.8876108604409,29.31468445059716,29.31468445059716,195600
2017-07-13,29.21919822692871,29.887610750368353,29.187367093318855,29.760293501052576,180100
2017-07-14,29.34650993347168,29.44199846741843,28.900903250718297,29.18736399580996,344400
2017-07-17,29.44199562072754,29.473824319507568,28.9327291551249,29.314678397233365,414400
2017-07-18,29.569311141967773,29.887602968192674,29.31467670963829,29.346505406585997,206300
2017-07-19,30.205904006958008,30.30139012692357,29.632977573666,29.632977573666,257500
2017-07-20,30.365039825439453,30.587843125974977,29.95125949201765,30.205893916950117,191100
2017-07-21,30.619678497314453,30.797923604975473,30.17407179909784,30.55602109139047,404000
2017-07-24,30.269550323486328,30.683330643436356,30.046747030204788,30.683330643436356,248300
2017-07-25,30.906137466430664,31.192600610775866,30.237725081874565,31.033454689292316,505400
2017-07-26,30.81065559387207,31.19260488643788,30.74699575952818,31.128947480468373,384300
2017-07-27,30.906137466430664,31.160771912153965,30.587845623463565,31.001625990670416,516400
2017-07-28,30.269550323486328,30.9061339367179,29.951258516870546,30.874305241731072,292200
2017-07-31,30.460535049438477,30.52419488895181,29.874879096163287,30.396877638299724,241300
2017-08-01,31.065282821655273,31.065282821655273,30.479627006890702,30.651504890364826,169100
2017-08-02,30.301389694213867,31.065290784903002,30.205903575611863,31.065290784903002,172900
2017-08-03,30.65151023864746,30.778825053029117,30.269558510379223,30.333218345944477,351400
2017-08-04,30.84248924255371,31.001635211371454,30.65151456564737,30.71517198182456,164100
2017-08-07,30.874305725097656,30.95706227605805,30.587842608983845,30.87430572509766,260200
2017-08-08,30.428701400756836,31.033456421831467,30.30138417078731,30.8743104914631,237700
2017-08-09,30.01493263244629,30.55602799008745,29.98310149392334,30.30139345215342,171500
2017-08-10,29.76029396057129,30.174074420142972,29.76029396057129,29.951268623306454,121200
2017-08-11,29.72845458984375,29.98308657268392,29.569308689928498,29.823940672768668,236400
2017-08-14,30.142234802246094,30.26955201769319,29.696628190742114,29.696628190742114,192300
2017-08-15,29.855785369873047,30.142246177265626,29.69663939759947,30.142246177265626,141500
2017-08-16,29.473833084106445,30.078588254258555,29.429272406888636,29.9512709929042,141000
2017-08-17,28.232484817504883,29.569311982682475,28.168827421799563,29.47382346075051,449600
2017-08-18,28.264320373535156,28.35980648205846,27.914197357159942,28.00968589405761,232500
2017-08-21,28.327978134155273,28.487124078729178,28.137003486341463,28.137003486341463,196600
2017-08-22,28.073339462280273,28.55077722475697,28.073339462280273,28.455291129286053,193600
2017-08-23,28.168827056884766,28.423461493155337,27.914192620614187,27.946023746428477,269900
2017-08-24,28.39162826538086,28.582605292631875,28.136996276335793,28.296142180129124,267500
2017-08-25,28.869070053100586,28.996387279787317,28.506217535486577,28.646266727679393,133600
2017-08-28,28.869070053100586,29.091875806895896,28.550778200570814,28.996387279787317,374000
2017-08-29,28.837251663208008,28.996397646369616,28.64627696908908,28.64627696908908,125400
2017-08-30,29.31468391418457,29.346512618954684,28.741759943198996,28.741759943198996,197300
2017-08-31,30.428701400756836,30.460530101155676,29.155533957809904,29.34650858857711,306800
2017-09-01,29.951255798339844,30.556010661693914,29.855769722046183,30.49235327749814,323200
2017-09-05,30.269550323486328,30.384135568137914,29.537480625294286,29.91942982188372,231600
2017-09-06,30.619678497314453,30.778824440498777,30.32685054466514,30.428703851168137,241200
2017-09-07,30.428701400756836,30.74699326149357,30.428701400756836,30.74699326149357,210100
2017-09-08,31.033451080322266,31.033451080322266,30.33321007857732,30.52418467647378,309900
2017-09-11,30.906137466430664,31.415403929503217,30.874308767808763,31.192600610775866,261000
2017-09-12,30.93796730041504,31.12894435590302,30.651506573931343,31.00162712836908,254000
2017-09-13,30.683334350585938,31.160772118193474,30.61967452454716,30.87430897195414,272800
2017-09-14,30.79560661315918,31.148472449451976,30.538975579083548,30.699369363527087,344900
2017-09-15,30.69938850402832,30.923941410702813,30.442759757364335,30.69938850402832,559200
2017-09-18,30.667299270629883,30.827693097827126,30.50690544343264,30.731458269958125,320300
2017-09-19,31.43718719482422,31.43718719482422,30.667296406692394,30.795611945950256,321100
2017-09-20,31.180559158325195,31.469268537968418,31.11640260614474,31.40511198578796,337900
2017-09-21,31.37303352355957,31.405111799459473,30.956008594614083,31.148480697429086,237400
2017-09-22,32.078765869140625,32.25840617483482,31.052246340294367,31.437190551757812,611700
2017-09-25,32.495784759521484,32.8807288993774,31.85420956148485,32.17499716050317,511700
2017-09-26,32.5599479675293,32.91281390922136,32.49579141355461,32.59202624451664,418900
2017-09-27,32.944881439208984,32.976962153146886,32.33538703302663,32.65617459308676,321100
2017-09-28,32.88072967529297,32.97696693623552,32.49578552635318,32.912807946468746,239100
2017-09-29,32.720340728759766,32.91281283179877,32.431631350493475,32.91281283179877,273000
2017-10-02,33.2015266418457,33.52231433886837,32.78450165674988,32.88073894482304,348300
2017-10-03,33.58646774291992,33.650626744744464,33.201523521635345,33.23360179883978,317700
2017-10-04,33.041114807128906,33.458139565213834,33.041114807128906,33.26566509384259,324900
2017-10-05,32.65617752075195,33.490224762198636,32.592018534539086,33.00904337896997,375500
2017-10-06,32.52787399291992,32.9641454704161,32.20708628578544,32.62410883661068,661700
2017-10-09,32.5599479675293,32.752420076869,32.303316856799256,32.752420076869,168100
2017-10-10,32.848655700683594,33.16944334923047,32.52786805213671,32.624102878251456,217400
2017-10-11,33.105289459228516,33.39399887695177,32.765255282474406,32.81658248892117,255300
2017-10-12,33.105289459228516,33.458157885010216,33.02830109697428,33.07321117890724,172000
2017-10-13,33.554386138916016,33.71477995645138,33.04112641228592,33.1694419557973,201800
2017-10-16,33.65062713623047,33.74686196896336,33.23360218547418,33.618548858652844,156400
2017-10-17,33.522308349609375,33.8880060630846,33.32983625526696,33.5543866240972,179900
2017-10-18,34.00349044799805,34.06764699817901,33.297758606345425,33.49023070430382,267700
2017-10-19,34.2280387878418,34.38843260118204,33.61854425508117,33.90725116116131,316000
2017-10-20,34.00349044799805,34.516750191692275,33.90725317531109,34.38843464391484,282700
2017-10-23,33.68270492553711,36.15276897444357,33.61854837131188,35.799903031373454,1623600
2017-10-24,32.88072967529297,34.067642840703314,32.335391723059075,33.586461430820975,928400
2017-10-25,32.495784759521484,33.29775375706728,32.36746923043113,32.944885440215,524100
2017-10-26,33.297752380371094,33.71477477340402,32.6561772088604,32.88072753992312,660900
2017-10-27,33.23360061645508,33.6185472714597,33.073206788723716,33.20152234039192,532200
2017-10-30,33.009056091308594,33.42607864892675,32.656190097195996,33.13737166573572,461000
2017-10-31,33.23360061645508,33.39399444418644,32.84865640886604,33.10528506478687,491100
2017-11-01,33.68270492553711,33.90725531274109,33.297760705354385,33.39399553669223,589000
2017-11-02,33.297752380371094,34.13179961385199,33.26567166386352,33.74685304249654,517000
2017-11-03,33.26567077636719,33.50305534563179,32.867894865919055,33.13735770342036,351500
2017-11-06,32.91281509399414,33.45815561207235,32.81658025956792,33.201524492104284,343200
2017-11-07,33.297752380371094,33.39398718764867,32.8486492708306,32.91280580901565,487200
2017-11-08,33.522308349609375,33.74685871843962,33.13736416092454,33.29775798077913,290200
2017-11-09,33.42606735229492,33.68269841441847,33.20151700849821,33.32983253955998,469600
2017-11-10,33.74686050415039,33.939335056093036,33.39399457128153,33.42607284746677,643200
2017-11-13,33.71477508544922,34.677137851622355,33.61854027728095,33.61854027728095,567800
2017-11-14,34.099727630615234,34.4525935505095,33.55438716585546,33.74685926330547,616700
2017-11-15,34.29220199584961,34.51675238315515,33.682704940771565,34.00349260687415,559200
2017-11-16,34.548828125,34.612987121961766,33.97141183683704,34.35635602894568,689000
2017-11-17,34.324275970458984,34.48466978340505,34.13180388440677,34.35635424356513,460100
2017-11-20,33.77893829345703,34.420513551092185,33.65062275244693,34.2601197366834,344700
2017-11-21,33.77893829345703,34.03556692806187,33.618544479048246,33.843094840254395,252700
2017-11-22,33.71477508544922,33.87516887981141,33.55438129108703,33.811012341032566,183000
2017-11-24,33.477386474609375,33.84308405917123,33.26566553227641,33.84308405917123,188900
2017-11-27,33.329833984375,33.61854332992546,33.009046366522334,33.42606880128162,510900
2017-11-28,33.522308349609375,33.843095989318556,33.26567725887585,33.42607107873044,503000
2017-11-29,32.91281509399414,33.61854945019846,32.75242125586803,33.426074886514535,452300
2017-11-30,33.105289459228516,33.201526747608234,32.88073904956371,32.94489561020625,567200
2017-12-01,33.16944122314453,33.29775676382165,32.68825978116685,33.04112568246741,538300
2017-12-04,32.5599479675293,33.45815440766878,32.399554135176935,33.29776057531642,511700
2017-12-05,32.848655700683594,33.13736507385889,32.463709053978015,32.68826187641015,288600
2017-12-06,32.81657791137695,33.041128289719495,32.547115009950325,32.81657791137695,190900
2017-12-07,33.139888763427734,33.33387786284822,32.654914781523914,32.94589966400725,561200
2017-12-08,32.68724822998047,33.30154914443244,32.65491712221045,33.17222224664696,602400
2017-12-11,32.94590377807617,33.13989290172075,32.46092973561197,32.751914654431594,608300
2017-12-12,33.333885192871094,33.59253902677911,32.97823802127691,33.042900246401025,1098500
2017-12-13,32.88124084472656,33.59253762493777,32.816578622300845,33.43087960216781,737400
2017-12-14,32.978233337402344,33.13989134395824,32.71957954023075,32.978233337402344,788600
2017-12-15,33.139888763427734,33.43087364591107,32.88123498639694,32.97823076945979,701400
2017-12-18,33.07523727416992,33.398553366911734,32.94591034373199,33.07523727416992,420000
2017-12-19,32.84891128540039,33.4308811815486,32.81658017266011,32.9782382030673,303700
2017-12-20,32.68724822998047,33.10756003110692,32.67431529353138,32.913570917781406,272800
2017-12-21,32.04061508178711,32.881236187793505,32.00828397515327,32.68724708128515,564000
2017-12-22,31.523300170898438,32.36392101544815,31.490969074320475,32.00827401968149,803700
2017-12-26,31.9759578704834,32.299273920808396,30.909013917728625,31.361656881524762,697500
2017-12-27,31.9759578704834,32.55792528104497,31.9759578704834,32.07295120555747,723100
2017-12-28,32.07293701171875,32.29925962681088,31.781954668564694,31.975943719568935,439400
2017-12-29,32.26693344116211,32.622580499924595,31.74962593746577,32.10527546293325,515700
2018-01-02,32.71958541870117,32.78425011296458,32.33160711994419,32.59026096358609,427100
2018-01-03,33.46321105957031,33.52787328266498,32.816578961800836,32.816578961800836,505600
2018-01-04,32.36393356323242,33.592535443171165,32.29927134500639,33.52787075823962,739600
2018-01-05,32.39625930786133,32.687244175105434,32.2022702186003,32.55791729336304,628800
2018-01-08,33.333885192871094,33.495543222387155,32.59025973712067,33.042900246401025,846400
2018-01-09,32.55792236328125,33.592535111625125,32.460929036899486,33.46320820974396,662400
2018-01-10,32.78424072265625,32.848902931692756,31.97595077617412,32.42859363954515,880400
2018-01-11,33.527862548828125,33.62485831912294,32.590248280601124,32.71957268538767,719200
2018-01-12,33.333885192871094,33.75419705629517,33.26922296774698,33.52787433494922,332500
2018-01-16,33.139888763427734,33.6571938507841,33.10755765797519,33.46320475136361,472500
2018-01-17,33.91584777832031,34.10983687860164,33.139888910489745,33.17222001608576,295600
2018-01-18,33.527862548828125,34.012836466892395,33.48259851381185,33.72185408941776,452600
2018-01-19,33.5925407409668,33.81886100715583,33.36621800807186,33.36621800807186,504800
2018-01-22,33.56019973754883,33.78651993704794,33.36620817602939,33.62486194691852,439500
2018-01-23,33.948184967041016,34.01284718981977,33.236890649651954,33.46321089608328,464000
2018-01-24,35.24143600463867,35.43542506728655,33.94817229804642,33.98050339737028,771300
2018-01-25,35.79108428955078,35.823417866597495,34.88580086647159,35.24144801363504,594200
2018-01-26,35.88807678222656,36.049734785750104,35.40310277165593,35.952738996953826,372300
2018-01-29,35.564762115478516,36.01740503574388,35.30610831341102,35.888078134710135,695400
2018-01-30,34.95045471191406,35.92040258995075,34.75646562964773,34.75646562964773,503500
2018-01-31,34.20683288574219,35.37076996174534,33.980510211679885,35.112116181875635,764200
2018-02-01,34.20683288574219,34.336157308971785,33.78652111013024,34.303826203164384,642500
2018-02-02,33.68952560424805,34.20683316825995,33.33387850401883,33.915848280179574,604500
2018-02-05,32.78424072265625,33.689523982693146,32.68724494239633,33.46320378436021,627200
2018-02-06,32.84891128540039,33.07523400799393,31.94362779514358,32.39626830691909,847000
2018-02-07,32.331607818603516,32.81658193588257,32.169949779510496,32.65492389678955,707400
2018-02-08,31.749624252319336,32.49325189938522,31.71729315173057,32.3639250303253,620000
2018-02-09,31.9759578704834,32.39626725588247,31.296994658142044,32.008288982174754,561900
2018-02-12,32.84891128540039,32.88124239814067,31.781969764736388,32.072952246104705,482400
2018-02-13,33.56019973754883,33.65719305160337,32.59025179677233,32.88123420564114,602200
2018-02-14,35.11211395263672,35.241440834360716,33.13988702313737,33.23688280110664,840600
2018-02-15,34.91813278198242,35.293180577363174,34.56248562661818,35.17678660408678,632300
2018-02-16,35.40311050415039,35.5001063141318,34.497824500010296,34.88580527323001,433200
2018-02-20,33.5925407409668,35.46777249902053,33.46321381741339,35.33844804217303,4085200
2018-02-21,33.62487030029297,34.1421755038794,33.15929438371229,33.4632122700031,1510400
2018-02-22,33.139888763427734,33.980509838719975,33.07522655252265,33.91584762781489,678900
2018-02-23,33.786521911621094,33.85118412476982,33.17222101988692,33.36621012603842,607100
2018-02-26,34.4978141784668,34.562478854675746,33.75418890235267,33.851182216608336,624200
2018-02-27,34.04517364501953,34.659472033011916,33.8511820838586,34.56247871913662,662000
2018-02-28,33.07523727416992,34.239174714699246,33.04290369153092,34.239174714699246,770000
2018-03-01,32.49325942993164,33.39854525645271,32.23460563186693,33.10756035030626,858900
2018-03-02,33.56019973754883,33.62486194691852,32.16994003575378,32.363929130568046,773300
2018-03-05,33.04290008544922,33.65720108795916,33.04290008544922,33.49554305923053,602500
2018-03-06,33.727203369140625,33.75978954182938,32.847364275716245,33.2384033203125,658400
2018-03-07,33.17324447631836,33.792389467891134,32.97772238827788,33.531697494114866,701000
2018-03-08,33.20582580566406,33.36875919775646,32.879959021479266,33.23841198684929,792300
2018-03-09,32.945133209228516,33.564280630717754,32.61926640698854,33.303586194459214,627400
2018-03-12,33.53168869018555,33.66203588593362,32.87995519761115,32.87995519761115,630400
2018-03-13,33.792388916015625,34.05308337170102,33.6294555027539,33.72721654517757,679200
2018-03-14,33.69462966918945,34.020496489034294,33.499110074515855,33.89014926386305,299900
2018-03-15,34.21601104736328,34.21601104736328,33.69462470958907,33.727210889543805,745400
2018-03-16,34.83516311645508,34.90033548516757,33.95532122183751,34.11825462978523,885000
2018-03-19,34.18342590332031,34.704812256894876,33.92273148344991,34.67222607595263,441200
2018-03-20,33.85756301879883,34.50929665732752,33.71418082274923,34.2160160227563,423700
2018-03-21,34.0530891418457,34.54188946445593,33.727222260105556,33.92274189191624,342800
2018-03-22,34.574466705322266,34.96550835388417,33.6620411643439,33.7597997118596,648300
2018-03-23,32.87995910644531,34.52884424310811,32.87995910644531,34.5092930315797,470500
2018-03-26,34.020503997802734,34.15085125174331,33.1732505764396,33.238422960326346,695600
2018-03-27,34.378944396972656,34.83515837435529,33.596863648054736,34.118249985277956,663300
2018-03-28,34.378944396972656,35.030677940043226,34.346358217052355,34.346358217052355,696100
2018-03-29,33.9227294921875,34.76998257778323,33.811935986254205,34.60704919646997,811800
2018-04-02,33.890140533447266,34.085660077753204,33.43392660595614,33.79237951821135,791600
2018-04-03,33.401344299316406,34.216011233446075,33.07547752566454,34.02049166648819,852100
2018-04-04,34.476707458496094,34.574466004028906,33.108065445539935,33.108065445539935,757200
2018-04-05,34.378944396972656,34.83515837435529,34.21601101120501,34.54187778274029,583800
2018-04-06,34.31378173828125,34.70482098021125,33.922740010184384,34.21602068471532,571700
2018-04-09,34.118255615234375,34.57446966789826,34.053083244639495,34.44412244054193,392100
2018-04-10,34.24860382080078,34.57447065541576,34.15084526211628,34.44412342433644,421800
2018-04-11,34.24860382080078,34.561435683691165,34.05308421726512,34.11825658972146,363100
2018-04-12,34.18342590332031,34.541878866017434,33.92273148344991,34.346359294197754,303900
2018-04-13,34.41152572631836,34.59401278324813,34.183420012863415,34.183420012863415,574300
2018-04-16,34.31378173828125,34.47671517011323,34.1834344955823,34.34636792741427,703000
2018-04-17,34.607059478759766,34.80258158336118,34.28119261931319,34.28119261931319,492600
2018-04-18,34.672237396240234,34.93292941505885,34.60706252691029,34.70482358782168,425200
2018-04-19,34.44411849975586,34.607051893768265,34.24859892417423,34.57446571219904,419400
2018-04-20,34.15085220336914,34.541891489920246,34.053091138647794,34.281196974774744,530800
2018-04-23,34.21601104736328,34.44411679321257,34.05307766142346,34.21601104736328,217000
2018-04-24,33.987911224365234,34.50929765299805,33.890150181298694,34.21601700996503,374200
2018-04-25,34.08567810058594,34.24861155468641,33.85757225931216,34.02050571341263,377000
2018-04-26,33.9227294921875,34.15083771772572,33.66203757378594,34.08566287350076,288500
2018-04-27,34.31378173828125,34.47671517011323,33.824981442785315,33.857567631918336,369200
2018-04-30,33.792388916015625,34.47671124064815,33.792388916015625,34.444122569062536,590800
2018-05-01,33.759796142578125,33.95531570310443,33.40134320058555,33.824970986864294,504600
2018-05-02,33.792388916015625,34.02049718628199,33.531696946496815,33.792388916015625,500000
2018-05-03,33.596866607666016,34.41153360826978,33.49910805929339,33.89014722511665,544400
2018-05-04,31.77201271057129,34.24859987077742,31.706840345631534,34.24859987077742,790600
2018-05-07,32.13046646118164,32.488919449285646,31.804599656329565,32.13046646118164,870900
2018-05-08,31.543899536132812,32.16304431609654,31.022510794445378,32.13045814128252,956200
2018-05-09,31.315797805786133,31.674250775080672,31.185450593451858,31.446145018120408,675300
2018-05-10,31.57648277282715,31.73941611790245,31.31578842624044,31.478721771315747,581800
2018-05-11,31.087684631347656,32.63881086707976,30.826990268880415,31.576484696349457,511200
2018-05-14,30.6314754486084,31.283208968791556,30.30560868851682,31.022514566251864,1133200
2018-05-15,30.273025512695312,30.598892305111484,30.11009211648723,30.598892305111484,634700
2018-05-16,30.370790481567383,30.696657342898224,30.30561810376796,30.338204292667672,384800
2018-05-17,30.761825561523438,30.813962955266597,30.273025375120522,30.50113113430869,367000
2018-05-18,31.478742599487305,31.576503665683127,30.827008787960995,30.89218366081394,663000
2018-05-21,31.902362823486328,31.96753519434401,31.44614876898279,31.641668367722424,629000
2018-05-22,32.521507263183594,32.521507263183594,31.869773670624134,31.96753221780824,700500
2018-05-23,32.488914489746094,32.912542265852196,32.2608087556373,32.488914489746094,696500
2018-05-24,32.13046646118164,32.47588696491801,31.77201347307764,32.39116089952987,501900
2018-05-25,32.6192741394043,32.847382446745314,32.163060010889254,32.163060010889254,457600
2018-05-29,32.488914489746094,32.684436531743394,32.391155954913486,32.52150315418967,397800
2018-05-30,32.87995910644531,32.94513146898418,32.55409232141843,32.55409232141843,464700
2018-05-31,32.91254425048828,33.10806381810943,32.55409129548848,32.81478322359462,591300
2018-06-01,33.336177825927734,33.4013501977005,32.651855491480575,33.04289718061704,369400
2018-06-04,33.596866607666016,33.69462764220502,33.23841362463364,33.33617465917264,372700
2018-06-05,33.890140533447266,33.92272670980394,33.531687621192056,33.59685997390541,667000
2018-06-06,33.824485778808594,33.98868231171543,33.528931518488235,33.89016338979523,416000
2018-06-07,33.92298126220703,33.98865882781484,33.66026598889875,33.75878484274899,424600
2018-06-08,34.054344177246094,34.12002426330496,33.48294120844894,33.7916313493279,554700
2018-06-11,34.25138854980469,34.546940225154515,33.72595778153925,34.15286965439502,411700
2018-06-12,34.514095306396484,34.57977539349914,34.08718601470536,34.152863596368874,592800
2018-06-13,33.594600677490234,34.48126066381249,33.364724103134485,34.448421869030085,818200
2018-06-14,33.16767883300781,33.97552496729774,33.036321188026974,33.72594569237801,725600
2018-06-15,32.872135162353516,33.29904701730128,32.806457571795164,33.06917043946807,891000
2018-06-18,33.200531005859375,33.26621110755435,32.642263921370464,32.83929921557598,550800
2018-06-19,33.00349426269531,33.299048443747665,32.806458977140274,33.16769075156444,582700
2018-06-20,31.985464096069336,33.13483907124835,31.886945238878546,33.00348143014017,443600
2018-06-21,31.26300621032715,32.051149750385655,31.098809743874927,31.91979207613603,476000
2018-06-22,31.755590438842773,31.952628170852694,31.26300111969564,31.361519985700603,1953900
2018-06-25,32.149662017822266,32.18250080326847,31.164483421803844,31.722750290705456,559500
2018-06-26,32.904972076416016,33.03632975546233,32.03801490232539,32.116831013016785,580400
2018-06-27,32.70793151855469,33.397556090170205,31.38779319605863,33.036324410318166,610100
2018-06-28,33.00349426269531,33.00349426269531,32.3795471039047,32.773620180454365,239900
2018-06-29,33.39754867553711,33.72594149439367,32.47805028600176,32.93780073348862,512500
2018-07-02,32.64224624633789,33.26619309466877,32.14965702483009,33.26619309466877,363900
2018-07-03,32.872135162353516,33.00349284890971,32.21534923501203,32.675099885238964,128700
2018-07-05,33.39754867553711,33.463228742571445,32.80644310485832,33.036317075882565,196500
2018-07-06,33.52892303466797,33.79163842302017,33.167691254763426,33.496084237483856,194000
2018-07-09,33.39754867553711,33.955817970856295,33.20051348531084,33.52890630416741,488900
2018-07-10,33.00349426269531,33.52892252598861,32.70794008164296,33.52892252598861,683900
2018-07-11,32.543739318847656,33.00348992839071,32.51090052647442,32.90497104583174,281200
2018-07-12,32.24818801879883,32.7407774641294,32.1496716329964,32.7407774641294,422900
2018-07-13,31.95262908935547,32.4123771294242,31.85411022051851,32.215341897189184,264400
2018-07-16,32.478065490722656,32.51090428689423,32.05115362417347,32.083992420345055,297800
2018-07-17,32.57658004760742,32.74077652467286,32.0511518220859,32.543741253282214,492800
2018-07-18,31.68992042541504,32.70793809343375,31.36152746763872,32.4780640251661,480000
2018-07-19,32.64224624633789,32.67508502668407,31.525710176499206,31.624229022976102,497900
2018-07-20,31.985464096069336,32.609411012254235,31.854106454961155,32.609411012254235,430000
2018-07-23,31.26300621032715,31.91979207613603,31.13165104151677,31.91979207613603,385000
2018-07-24,31.197328567504883,31.328686241508542,30.901774427356465,31.263006151787092,460300
2018-07-25,30.967449188232422,31.16448441261268,30.54053744754286,31.131645626122438,328700
2018-07-26,30.671899795532227,31.328685647661658,30.639061004013595,30.96745393007831,337200
2018-07-27,30.11363410949707,31.230170699785493,30.0151177225372,30.803261345413706,604700
2018-07-30,29.98227882385254,30.63906475641939,29.752402244190442,30.212152898075136,908500
2018-07-31,30.704734802246094,31.00028890036084,29.653878570547985,29.982271456133503,637100
2018-08-01,30.639060974121094,31.065970274325203,30.37634563134996,30.83609622847985,425000
2018-08-02,30.901775360107422,30.967455451811386,30.382913910123044,30.54054362477324,285100
2018-08-03,30.3763427734375,30.967450986339433,30.277823902807526,30.86893211570946,517400
2018-08-06,30.146474838256836,30.540545389493875,29.850920672109325,30.310671318845515,320900
2018-08-07,30.100492477416992,30.442018866628185,29.91659076156616,30.277822427206374,253100
2018-08-08,30.146474838256836,30.21215242831652,29.68672419152065,30.17931363328668,241400
2018-08-09,30.11363410949707,30.409188281255698,30.0151177225372,30.08079531384378,226300
2018-08-10,29.94942855834961,30.310662717487645,29.68671576722229,30.21214385491568,295600
2018-08-13,29.71955680847168,29.949430831334002,29.476546769240226,29.883753254927324,229700
2018-08-14,29.98227882385254,30.179314102534693,29.71956344865,29.752402244190442,285200
2018-08-15,30.146474838256836,30.16617761418685,29.6210440960215,29.949437057198853,312700
2018-08-16,30.639060974121094,30.704738557094284,30.047952705605635,30.212149168477797,502300
2018-08-17,31.32868003845215,31.460037686447084,30.50769787028222,30.639055518277157,501700
2018-08-20,31.82126235961914,31.854101138055267,31.295834388326483,31.328673166762613,520500
2018-08-21,31.722755432128906,31.985470769155214,31.52572018207874,31.78843551910505,431600
2018-08-22,31.32868003845215,31.886946910632197,31.164483604818162,31.62423412008107,314900
2018-08-23,30.639060974121094,31.23016673719736,30.60621967719531,31.23016673719736,265300
2018-08-24,30.93462371826172,31.118525526456153,30.507714264661985,30.704749589818793,175200
2018-08-27,30.901775360107422,31.13165192291232,30.639062509609523,31.065971831208355,219100
2018-08-28,30.93462371826172,31.052845414443823,30.57339187123422,30.9017849149756,290000
2018-08-29,30.770418167114258,31.197330000881003,30.757284654005783,31.065972320842054,251900
2018-08-30,30.540538787841797,30.80325410217084,30.49456398365005,30.77041280880052,233600
2018-08-31,31.722755432128906,31.886951891410565,30.63906030413343,30.63906030413343,591600
2018-09-04,30.868927001953125,31.952624377601364,30.737569364686895,31.657070320111977,239900
2018-09-05,31.26300621032715,31.492882766623804,30.704739226565295,30.770416810970485,251600
2018-09-06,31.525720596313477,31.755594640152594,31.19732767343521,31.32868534367435,231600
2018-09-07,31.06597137451172,31.657079663961,30.934613698474184,31.460044402624334,463600
2018-09-10,31.230167388916016,31.62424041129633,31.065970922617364,31.230167388916016,304900
2018-09-11,31.13165283203125,31.328688102018408,30.83609867433082,31.197330420213838,265100
2018-09-12,31.624237060546875,31.74245870419086,31.00029005363452,31.065967631019408,345000
2018-09-13,31.988496780395508,32.253412882359186,31.71695891277497,31.78981096713634,287200
2018-09-14,31.690473556518555,32.25341976165473,31.690473556518555,31.922275826784414,342300
2018-09-17,31.425556182861328,32.2203020372109,31.22687035088079,31.657355899100715,509500
2018-09-18,31.259979248046875,31.756695011967874,31.16063508469187,31.458665048329873,365900
2018-09-19,30.46523094177246,31.524890137872084,30.39900318942629,31.35931823057984,655500
2018-09-20,30.895723342895508,31.09440915485975,30.3658911424213,30.49834919253985,425400
2018-09-21,30.531455993652344,31.226859963913657,30.465228247163925,30.829485905703393,937400
2018-09-24,30.332780838012695,30.8493670417426,30.26655306835814,30.630810854313125,437800
2018-09-25,30.167207717895508,30.73015384384422,30.134093834352026,30.465237722641607,571000
2018-09-26,30.554977416992188,30.626788644519333,29.765073089421207,30.088216764997785,720400
2018-09-27,30.303651809692383,30.863765814253153,30.231840565954556,30.44727155784918,429000
2018-09-28,29.406023025512695,30.36108899777729,29.298307561735488,30.267738517776277,625400
2018-10-01,28.802825927734375,29.714808015903916,28.687930697533712,29.449110570368713,685300
2018-10-02,28.874629974365234,29.003887430857702,28.24270767519976,28.802821493788503,498500
2018-10-03,27.596426010131836,28.86745609815388,27.345093537635318,28.86745609815388,601400
2018-10-04,27.79030990600586,27.869300887692017,27.172747037533995,27.467166226070784,581300
2018-10-05,27.646684646606445,27.941103776127466,27.560513929002607,27.826208572883107,414200
2018-10-08,28.012914657592773,28.249887575509604,27.603600289661852,27.603600289661852,336700
2018-10-09,27.323549270629883,28.056007439423365,27.287645022411475,28.056007439423365,815200
2018-10-10,26.720348358154297,27.58924375846751,26.662902109360285,27.223016046864913,1447700
2018-10-11,26.21050453186035,26.713172289924195,25.944809773478184,26.634181290030302,1030400
2018-10-12,25.61448097229004,26.411567907322006,25.420597478277763,26.375663658035236,887500
2018-10-15,25.46368408203125,25.86581883733727,25.298522326990984,25.564217086028027,790200
2018-10-16,26.01661491394043,26.260767636886175,25.20516575542684,25.46368072552452,587000
2018-10-17,26.303848266601562,26.339752506479712,25.822722686417045,26.009429116692083,682900
2018-10-18,25.901718139648438,26.49773903416637,25.700652170084986,26.246403832893666,555100
2018-10-19,26.232038497924805,26.404382693914094,25.858628356046403,25.858628356046403,392300
2018-10-22,25.5642147064209,26.18896015479407,25.492406207198506,26.102786668544812,782500
2018-10-23,25.700654983520508,25.80118797930752,25.018463275841743,25.312882508926005,767000
2018-10-24,25.959165573120117,26.05969855189241,25.48522243082343,25.786821367140313,661900
2018-10-25,26.375667572021484,26.454658575765333,25.607305018126127,26.059706296365135,588700
2018-10-26,24.63786506652832,26.153044730222724,23.761787414136194,26.153044730222724,1524200
2018-10-29,26.382844924926758,27.337911060282536,25.276976566667646,25.607300027658756,1589800
2018-10-30,25.887353897094727,26.662898701580627,25.679105450780753,26.59826996787347,1199400
2018-10-31,26.030967712402344,26.648530419180492,25.851443797144398,25.995063477214266,869700
2018-11-01,26.670080184936523,26.698804677185237,25.951984314628838,26.13150828220576,460800
2018-11-02,26.662900924682617,26.79933815640997,26.088424765674798,26.68444292460841,906100
2018-11-05,26.641355514526367,26.899870464399278,26.39720281068177,26.65571776055468,555700
2018-11-06,25.995067596435547,26.75624736458381,25.815543652729943,26.691618635277074,446200
2018-11-07,26.203319549560547,26.217679056386682,25.614478414909897,26.00225084285605,456500
2018-11-08,26.203319549560547,26.303852533253618,25.786822629325417,26.11714607269361,311500
2018-11-09,25.966346740722656,26.196137201668293,25.758098279453677,26.13869095609107,432400
2018-11-12,26.217683792114258,26.64136054229163,25.872998040340626,25.95198903874437,484600
2018-11-13,26.447467803955078,26.72752470833981,26.181770403979606,26.332569854137862,396300
2018-11-14,26.57672691345215,27.072214816357555,26.36129870055857,26.655717897354073,511200
2018-11-15,26.397201538085938,26.756249453529165,25.95916538227249,26.519279253782102,334400
2018-11-16,26.160228729248047,26.53363885278512,25.851447333617735,25.851447333617735,715000
2018-11-19,26.57672691345215,26.713166881762145,25.96634652036729,26.01661301206518,550200
2018-11-20,25.995067596435547,26.619810153522025,25.872989890270382,26.490552694908548,528500
2018-11-21,26.188955307006836,26.440287747080202,25.858629149501365,26.066877593743953,508200
2018-11-23,25.980709075927734,26.13150855281759,25.700652121898468,26.102784060271414,171500
2018-11-26,26.038158416748047,26.160236154920973,25.72219717913827,26.052520664728316,705200
2018-11-27,26.124324798583984,26.203315771329866,25.70782793840313,26.038151334142313,288200
2018-11-28,26.368480682373047,26.526459907797665,25.90889977328635,26.13150773525868,397100
2018-11-29,26.61980438232422,26.799328287108878,26.28229856474749,26.28229856474749,426900
2018-11-30,26.641355514526367,26.73470874405122,26.20331933759542,26.67726249925631,527200
2018-12-03,26.325397491455078,26.950140202702652,26.131511255691628,26.713169962981986,424600
2018-12-04,25.5642147064209,26.4402926413911,25.406235460267904,26.4402926413911,766700
2018-12-06,26.95731544494629,26.97167768884159,25.133351560011974,25.363141983700935,646000
2018-12-07,25.478044509887695,26.92141893357917,25.334424769021663,26.92141893357917,741200
2018-12-10,25.33442497253418,25.844275193670175,25.133358977297792,25.52831121336301,529600
2018-12-11,25.06154441833496,25.592933774251787,25.03999968168239,25.585754021579646,566400
2018-12-12,25.147716522216797,25.693468152640907,25.11899203132126,25.16925852072934,447300
2018-12-13,25.104633331298828,25.506768042673542,25.01846258576089,25.15489982780584,518600
2018-12-14,24.3219051361084,25.341602645066033,24.156743422968983,24.91792599333684,624500
2018-12-17,23.43536376953125,24.45271400323268,23.340894860330998,24.45271400323268,627600
2018-12-18,23.51529312133789,24.03123367363551,23.40629034682737,23.631561453856445,620700
2018-12-19,23.413564682006836,23.914971474833585,23.311830211467186,23.551632496016875,531000
2018-12-20,22.141874313354492,23.471694766825546,21.960204844923865,23.406293647308278,811400
2018-12-21,21.82213592529297,22.99208629935671,21.800335091231666,22.192741788167265,1585100
2018-12-24,21.131790161132812,22.192740459453216,21.131790161132812,21.858467953999867,381400
2018-12-26,21.858469009399414,21.909336235591685,20.615850588892393,21.21899313065266,735100
2018-12-27,22.120075225830078,22.127342171009474,20.397848027099638,21.487864855503492,729700
2018-12-28,22.75954818725586,23.05748597061687,22.163672620533838,22.41074318030071,708500
2018-12-31,22.992084503173828,23.021152279651403,22.447076168470065,22.75954783546468,601500
2019-01-02,22.352609634399414,22.643280481616145,21.647732656645353,22.592413256606708,759000
2019-01-03,22.883085250854492,23.25369111939318,22.170941292969797,22.352610754840054,416600
2019-01-04,23.798704147338867,23.805969707526305,22.897623607014925,22.99935808197832,472800
2019-01-07,24.111167907714844,24.38730622821414,23.638826262549383,23.820495699604464,517400
2019-01-08,24.227439880371094,24.4672421318813,23.60976481030732,23.60976481030732,772700
2019-01-09,24.271038055419922,24.358238609591403,23.885896961389253,24.271038055419922,313700
2019-01-10,24.794246673583984,24.83784834113096,24.162037740460377,24.220173297189678,279300
2019-01-11,24.779708862304688,24.83784440983238,24.278302239128017,24.779708862304688,360000
2019-01-14,24.387310028076172,24.743380627833446,24.300106688822265,24.699781730262544,492900
2019-01-15,24.779708862304688,24.80151107865531,24.205635576773883,24.445437780186907,393200
2019-01-16,25.07765007019043,25.150319514617497,24.518110594409233,24.80151449753515,491200
2019-01-17,25.390121459960938,25.41918923739847,24.794245882770657,24.968649775340026,525400
2019-01-18,25.717130661010742,25.95693570068216,25.38285948939866,25.411927270944812,545400
2019-01-22,25.222984313964844,25.70985985327599,25.084916537889924,25.644458744176156,478800
2019-01-23,25.026782989501953,25.782528583568293,24.750647415253614,25.31018966631874,325400
2019-01-24,25.72439956665039,25.789800690561016,24.968653861917872,25.019521094730994,336900
2019-01-25,25.78252601623535,26.276667103761916,25.673526017903544,25.797059903757383,517600
2019-01-28,25.869731903076172,26.000534145687343,25.586327968104023,25.61539574914121,466300
2019-01-29,26.02233123779297,26.094997904005215,25.673526250274065,25.826127912553158,369300
2019-01-30,26.392942428588867,26.647278597509274,25.99327011797551,26.095004585543673,313500
2019-01-31,26.799880981445312,26.87254766059811,25.96420031090757,26.371140921509134,572200
2019-02-01,27.17775535583496,27.373955955107075,26.669080256693523,26.79261417268384,545000
2019-02-04,27.25768280029297,27.323083912556157,26.705408897224974,27.26495113057543,494300
2019-02-05,27.548355102539062,27.577422879637698,26.174934513270145,26.698143412822418,522700
2019-02-06,27.04694938659668,27.599223310891265,27.003347719393464,27.482954970405252,872200
2019-02-07,26.487409591674805,26.967016887228606,25.884265613600093,26.92341521597602,974400
2019-02-08,26.029600143432617,26.770811876763343,25.62265955296007,26.465605740894933,541700
2019-02-11,25.811594009399414,26.36386787962546,25.579057351193118,26.1385995512694,713200
2019-02-12,25.6807918548584,26.12406572690528,25.63719019181824,25.935127959120233,470400
2019-02-13,25.717130661010742,25.978735150813662,25.5499950752047,25.709865101652312,380300
2019-02-14,25.440988540649414,25.86246299494387,25.346522422595125,25.702592991996895,375600
2019-02-15,25.775266647338867,25.956936126901038,25.455526589193433,25.564529385753243,444500
2019-02-19,26.31300163269043,26.356603297238582,25.57178996770617,25.702592189294904,437500
2019-02-20,26.727205276489258,26.91614303336784,26.131329776282282,26.305733646319787,401100
2019-02-21,26.734481811523438,26.749015702825393,26.494676763125696,26.618213453164138,326500
2019-02-22,26.916147232055664,27.257683923903716,26.756277223920893,26.814412780353866,492000
2019-02-25,27.417558670043945,27.613762048827116,26.901617991793604,26.92341744319516,747900
2019-02-26,26.5455379486084,27.57015348947239,26.5310040606178,27.47568737561702,422900
2019-02-27,26.67634391784668,26.865281716224136,26.349338322236523,26.37840610230322,289600
2019-02-28,26.153135299682617,26.654541984854074,26.131333080636328,26.62547420749624,373400
2019-03-01,26.31300163269043,26.378402743484795,25.70986051941413,26.26213441007878,609100
2019-03-04,26.095003128051758,26.37840706389298,25.48459358467983,26.37114150463949,398700
2019-03-05,25.898799896240234,26.102268821054736,25.84793266503661,25.956935458790774,235600
2019-03-06,25.615398406982422,26.051404079555283,25.593598954970716,25.89880237136043,295200
2019-03-07,25.61539077758789,25.835898546360156,25.387536862203252,25.76239502214515,437300
2019-03-08,25.92410659790039,26.012308045630455,25.49044550774015,25.49044550774015,379000
2019-03-11,27.188331604003906,27.217730208794993,26.298957217097914,26.298957217097914,470600
2019-03-12,27.210378646850586,27.56318710533418,27.114825479801162,27.26917865466166,451600
2019-03-13,27.430891036987305,27.533793181523595,27.195685334083464,27.254488161746,453600
2019-03-14,27.188331604003906,27.445586920130022,27.0854266736808,27.445586920130022,428400
2019-03-15,26.886978149414062,27.335337080387273,26.73997388823729,27.203033525715483,859700
2019-03-18,26.835521697998047,26.95312453487278,26.54886495835794,26.9237259285587,385700
2019-03-19,27.158931732177734,27.195682093150673,26.886975696330616,26.98252607408569,415600
2019-03-20,27.151578903198242,27.482337746611293,26.850221468949172,27.151578903198242,307400
2019-03-21,27.504383087158203,27.702838362075962,26.931069717755072,27.011922178337002,321000
2019-03-22,26.72527313232422,27.489693045931773,26.72527313232422,27.438241975195982,341500
2019-03-25,26.11520004272461,26.850218363579206,26.085801440833432,26.681164486247333,647500
2019-03-26,26.05640411376953,26.4900651031111,25.821198438588286,26.203408361726012,443900
2019-03-27,26.247507095336914,26.43126170026737,25.85794823012363,26.129904260336332,1130300
2019-03-28,27.489686965942383,27.526437322072166,26.24015523042274,26.357758052361504,564300
2019-03-29,27.776355743408203,28.040962908761838,27.445596786716152,27.57054861264778,928900
2019-04-01,27.798404693603516,27.97481040061036,27.416194664983344,27.923359320207027,768400
2019-04-02,27.592592239379883,28.151205006488393,27.28388304407491,27.908650385202055,814300
2019-04-03,27.78370475769043,27.98216013214431,27.504396882102714,27.64405222183341,549800
2019-04-04,27.952754974365234,27.967455682048335,27.53379461895344,27.798401749502634,366000
2019-04-05,28.65101432800293,28.702465387082377,28.12915198369855,28.408459735753013,496700
2019-04-08,28.504016876220703,28.78332469467069,28.305561542364643,28.504016876220703,404100
2019-04-09,28.055654525756836,28.562819080293607,27.982153798022278,28.540769422747847,309200
2019-04-10,28.371707916259766,28.423158977769823,28.077702251041245,28.08505120102587,309400
2019-04-11,28.614267349243164,28.6436687590079,28.099753893851265,28.371709924493203,291300
2019-04-12,28.687763214111328,28.783316377737087,28.430507931894606,28.518709342387158,662900
2019-04-15,28.504016876220703,28.76127503664438,28.37906507557416,28.72452467197617,316600
2019-04-16,28.04095458984375,28.533415598473844,27.77634750299117,28.50401418796293,358000
2019-04-17,28.18796157836914,28.393768688548732,27.84985370261655,28.224714750672433,541900
2019-04-18,28.099754333496094,28.364361417773235,27.783696183262045,28.11445503860847,709700
2019-04-22,27.497039794921875,28.09240574215978,27.16628093534526,27.97480290362952,653800
2019-04-23,28.298206329345703,28.562813382603338,27.416183753111085,27.519085872961835,592000
2019-04-24,28.628971099853516,28.922976817160787,28.298212214493912,28.298212214493912,326700
2019-04-25,28.606916427612305,28.798022792773452,28.320259683743423,28.452563227663344,270700
2019-04-26,29.334583282470703,29.437485406520786,28.643667018225443,28.702467030308668,618000
2019-04-29,28.62161636352539,29.415437605705662,28.48931282316201,29.415437605705662,622900
2019-04-30,28.415815353393555,29.25373600230943,27.79105074432416,29.25373600230943,1044100
2019-05-01,28.974430084228516,29.363991824904616,28.67307258891678,28.67307258891678,736000
2019-05-02,28.886219024658203,29.14347711550327,28.54811127495909,28.842119720532786,468300
2019-05-03,29.694753646850586,29.76090543542328,28.98913363411736,28.996485390555183,415400
2019-05-06,29.54039192199707,29.694747934891094,29.209635846630032,29.319886937128043,340400
2019-05-07,28.592222213745117,29.50364362954843,28.41581653114304,29.290487580867275,269400
2019-05-08,28.063011169433594,28.834780160580838,28.04831046055121,28.570173008444975,235700
2019-05-09,28.085052490234375,28.18795461797808,27.61464116119306,27.893948939263602,325800
2019-05-10,28.401111602783203,28.467263373442933,27.871897437505346,28.033602388867532,242000
2019-05-13,27.746950149536133,28.070357300825098,27.585245171955027,28.004205519439488,333200
2019-05-14,27.776355743408203,28.107114700100247,27.76165503379148,27.82780682512989,232900
2019-05-15,27.761646270751953,27.893949811666797,27.460288828417646,27.592592369332493,316400
2019-05-16,27.967449188232422,28.246756961611705,27.746944231931995,27.791046344741137,181800
2019-05-17,27.497039794921875,27.857200065099263,27.43088802300655,27.761646882583165,438400
2019-05-20,26.570920944213867,27.423542325676944,26.490068457406245,27.335338083410537,519100
2019-05-21,26.798770904541016,26.901673034660977,26.578265939444993,26.798770904541016,259300
2019-05-22,26.5047664642334,26.784071458002845,26.321011850708445,26.784071458002845,285600
2019-05-23,25.600692749023438,26.350409065170634,25.43163604610788,26.262207640424975,491900
2019-05-24,25.71830177307129,25.97555715877481,25.527195368942895,25.755052141904162,452900
2019-05-28,25.49779510498047,25.887356883065003,25.402244702470234,25.74770154976405,649700
2019-05-29,25.2919864654541,25.5492418188297,25.086182182753625,25.43163897101899,341300
2019-05-30,25.10088348388672,25.497791352230468,24.88037568562859,25.159683507248594,313600
2019-05-31,24.733369827270508,25.078826562292072,24.703968418881082,24.8289201987272,486900
2019-06-03,24.6378173828125,24.902424458421546,24.483464189998124,24.762769166365263,491500
2019-06-04,24.939180374145508,25.0126811098017,24.62312216385187,24.836278222677503,528200
2019-06-05,25.35079002380371,25.505143240289087,24.718673647103824,25.11558151751291,507800
2019-06-06,25.640806198120117,25.819281737751506,25.07563885670357,25.432587099193885,449100
2019-06-07,26.302650451660156,26.429071228784032,25.581318716300963,25.81184621618192,457500
2019-06-10,26.66703224182129,26.778576963856946,26.42162874715277,26.42162874715277,461100
2019-06-11,27.12066078186035,27.135533982088887,26.681911303823632,26.860384033020296,257200
2019-06-12,27.42555046081543,27.6263343806739,27.15040055020984,27.232201721645424,432000
2019-06-13,27.73044204711914,27.998153922077144,27.455292155205473,27.455292155205473,464800
2019-06-14,27.78250503540039,28.288182540592544,27.767631833862605,27.827121803240612,293700
2019-06-17,28.005598068237305,28.035344472038666,27.745324126908404,27.879180107241325,279300
2019-06-18,29.054122924804688,29.411071115562716,28.19149742127977,28.19149742127977,559300
2019-06-19,29.039249420166016,29.217724932033413,28.704609608397163,28.95001308261833,766100
2019-06-20,29.567235946655273,29.62672873123312,29.098743033579225,29.29208890991301,370800
2019-06-21,29.03182029724121,29.500313294681476,28.9574543031274,29.500313294681476,634400
2019-06-24,28.429466247558594,29.277218655571094,28.429466247558594,29.098745957448667,386900
2019-06-25,28.14688491821289,28.555890815877,28.07252175687729,28.496398017390305,889000
2019-06-26,27.64864730834961,28.585636251739544,27.440428173545836,28.22125276583294,812400
2019-06-27,28.377422332763672,28.377422332763675,27.64865239022812,27.80481677003428,464100
2019-06-28,28.987194061279297,29.195413123560336,28.41458880323447,28.41458880323447,821600
2019-07-01,29.388769149780273,29.649043042482102,28.994639301753885,29.143365619427687,506800
2019-07-02,29.760591506958008,29.8572658857534,29.247478887393694,29.455698007778153,475000
2019-07-03,30.06548309326172,30.065483093261715,29.649042042215548,29.88700754659262,200700
2019-07-05,29.98368263244629,30.080357007390457,29.49287841339745,29.849826678453635,263200
2019-07-08,30.050613403320312,30.22908897082803,29.857267472228784,30.020867002606874,451900
2019-07-09,29.195423126220703,29.872138147255765,28.868221225280244,29.872138147255765,372500
2019-07-10,29.351593017578125,29.448264574652356,29.09875425912783,29.247483441176215,325200
2019-07-11,28.756669998168945,29.336713397581835,28.54845089091808,29.299531819397405,412800
2019-07-12,28.801288604736328,29.106182074211752,28.645124279662387,28.845908199088516,321100
2019-07-15,28.41459083557129,28.845905023170896,28.236118151357232,28.83103182669103,342700
2019-07-16,28.570758819580078,28.749234363530306,28.22868376684572,28.33279331882813,320000
2019-07-17,28.288179397583008,28.533580103757938,28.094830635847305,28.51127172231644,317000
2019-07-18,28.265865325927734,28.3625396970363,28.087392618866946,28.169193791591695,329800
2019-07-19,28.3476619720459,28.83846609324935,28.1840624894928,28.1840624894928,441100
2019-07-22,28.020462036132812,28.43690304179617,27.92378767402355,28.362537056799713,227200
2019-07-23,28.258434295654297,28.369981881530535,28.087396744277566,28.087396744277566,301100
2019-07-24,28.60050392150879,28.637685497423075,28.132010958798478,28.132010958798478,232400
2019-07-25,28.16919708251953,28.749237703390392,28.12457748215529,28.741802521716114,367600
2019-07-26,28.60050392150879,28.667431892863462,28.139446139272373,28.169192534712764,313800
2019-07-29,28.630250930786133,28.786415255037756,28.310484264877115,28.59306935407467,427400
2019-07-30,29.344148635864258,29.373895033178975,27.827116414084784,28.979765197463042,562000
2019-07-31,27.380931854248047,29.14336476534064,27.351185456875978,28.689744970893226,999800
2019-08-01,27.20246124267578,27.96097457678715,26.934749319213978,27.336314367633875,539600
2019-08-02,27.37350082397461,27.522227159841368,26.957059707937834,27.128097263603024,259100
2019-08-05,27.031421661376953,27.209897227880564,26.719092965961746,26.919876914488476,524100
2019-08-06,26.96449089050293,27.32144198660269,26.681908624851804,27.05373008291417,277400
2019-08-07,27.618898391723633,27.775062728603558,26.65216313518777,26.79345427282589,363900
2019-08-08,27.990724563598633,28.04277935130141,27.440430283091267,27.670957818125498,393800
2019-08-09,27.432985305786133,28.02046386002272,27.09834544345058,28.02046386002272,264100
2019-08-12,27.165273666381836,27.403239162509507,27.06116411642254,27.35118438752986,300900
2019-08-13,27.440427780151367,27.886612444555084,27.038859880124274,27.135534264228482,206400
2019-08-14,26.800899505615234,27.35863186184698,26.78602630236957,27.128101466699412,217000
2019-08-15,27.135528564453125,27.150398924939893,26.815761915313544,26.815761915313544,223100
2019-08-16,27.633773803710938,27.879177355692136,27.24707910277788,27.24707910277788,275800
2019-08-19,28.035343170166016,28.251000332551637,27.596593663176293,27.916360397258956,220500
2019-08-20,27.604022979736328,27.916354465232306,27.544533024310528,27.916354465232306,143400
2019-08-21,27.96841812133789,28.10970929251682,27.641213333889084,27.775069322068436,197600
2019-08-22,28.005598068237305,28.213817221300424,27.648649732940584,28.079961240967503,172400
2019-08-23,27.135528564453125,28.117136889374336,27.053727397914304,27.849425012255402,254100
2019-08-26,27.574281692504883,27.611463272306295,27.247076981997978,27.43298771777774,177900
2019-08-27,27.105783462524414,27.960971069910748,27.090910264556072,27.8568615209048,231900
2019-08-28,28.25099754333496,28.280741106045344,27.07604029470469,27.157841474897026,341100
2019-08-29,28.77154541015625,28.95002097065302,28.35510716361845,28.35510716361845,191700
2019-08-30,28.61537742614746,28.98719886282314,28.474086301448782,28.79385296393166,208300
2019-09-03,28.38485336303711,28.45921936880723,28.079959831312273,28.45921936880723,186500
2019-09-04,28.377422332763672,28.600514709168685,28.295621132834693,28.578206322560227,310800
2019-09-05,28.89052391052246,29.143362595817774,28.39971973751066,28.563322074105386,232500
2019-09-06,29.046693801879883,29.247477732942198,28.808728291755504,28.853345051920922,191800
2019-09-09,29.492876052856445,29.515184431145496,29.00950705359597,29.091308223019045,249800
2019-09-10,29.77546501159668,30.191903256632326,29.373897129507064,29.41851672866351,557000
2019-09-11,31.210691452026367,31.225564649500882,29.611858183170238,29.991117626839532,471900
2019-09-12,31.616130828857422,31.76629112796249,30.962936821430276,31.413414854676,452200
2019-09-13,31.165639877319336,32.104137863874065,31.07554487254928,31.706215634076802,374900
2019-09-16,31.30078887939453,31.541044173688224,30.65510456602338,30.940405937953997,653400
2019-09-17,31.338327407836914,31.36835716803752,30.782735315129717,31.2557391231307,207400
2019-09-18,31.165639877319336,31.45094406717117,30.70765526569822,31.45094406717117,201900
2019-09-19,31.090564727783203,31.608614644345035,31.060532101413823,31.345836323785168,245900
2019-09-20,30.83529281616211,31.3458360029403,30.760214115076025,31.022992432946186,899200
2019-09-23,30.872835159301758,31.165646131616942,30.580024186986574,30.745200782269656,458800
2019-09-24,30.685131072998047,31.143118574158553,30.542480402172938,31.0079746274532,430200
2019-09-25,31.007980346679688,31.150633907885066,30.700153047755958,30.767725033571864,871000
2019-09-26,31.128103256225586,31.240724170100584,30.917880605332318,30.985452580843553,284200
2019-09-27,30.61756706237793,31.4209213633505,30.572520977806793,31.21069866449995,315800
2019-09-30,30.850303649902344,30.992954302257413,30.692636687183313,30.78273168529871,333200
2019-10-01,30.58002471923828,31.173156263470077,30.50494600956783,30.962933585137467,195400
2019-10-02,30.437374114990234,30.565008494620205,29.919321278901258,30.3622925410292,314700
2019-10-03,30.92539405822754,30.947919964344862,29.986895785306547,30.28721637826904,322300
2019-10-04,30.707658767700195,31.10558104287782,30.47491020942653,30.91037183553374,252600
2019-10-07,30.324745178222656,30.797748945028825,30.30972886739581,30.587526321589834,406000
2019-10-08,29.97187614440918,30.302229332835047,29.761653471097535,30.069480755904927,182600
2019-10-09,30.031940460205078,30.332261010434742,29.896796499008634,30.14456138255846,142800
2019-10-10,30.016921997070312,30.4824162389347,29.85925500831978,30.122033322903995,208500
2019-10-11,30.45238494873047,30.89535613112908,30.24966903162581,30.279701655804725,219100
2019-10-14,30.47490692138672,30.519955856083076,30.294714046669867,30.44487429825581,110400
2019-10-15,30.45989418029785,30.760214718673,30.384815477738524,30.48992680694915,148000
2019-10-16,31.068044662475586,31.12060033161582,30.399834414204726,30.52746879238268,237400
2019-10-17,31.173160552978516,31.443448527495168,31.0455232920925,31.128111602535878,256700
2019-10-18,31.698713302612305,31.743759379204725,31.038009826590166,31.038009826590166,240300
2019-10-21,32.07411575317383,32.411972817641804,31.81884412539785,32.03657353350472,300100
2019-10-22,32.457027435302734,32.70479238088821,31.976516725879726,32.119167447717885,425200
2019-10-23,32.44951248168945,32.7198004032322,32.216763912790086,32.50957487310505,472500
2019-10-24,32.344390869140625,32.54710388180351,32.239276705449356,32.47953192289317,279200
2019-10-25,32.55462646484375,33.102709077447244,32.13417823443168,32.17171759013097,369400
2019-10-28,32.291847229003906,32.95255081333096,32.239291554984995,32.72731180123998,398500
2019-10-29,32.79487228393555,33.56068694758498,31.93896261987689,32.08161327586386,521000
2019-10-30,32.44951248168945,32.80989542239011,32.15670152137449,32.75733975587558,527400
2019-10-31,31.886411666870117,32.53960552828898,31.796313789104943,32.53960552828898,367800
2019-11-01,32.284332275390625,32.37442728445248,31.908933062886085,31.908933062886085,444100
2019-11-04,32.930023193359375,33.03513452678446,32.02155768124937,32.351907995452365,413400
2019-11-05,32.74983215332031,33.25286867427371,32.276831126000026,33.020120091257155,391600
2019-11-06,32.877464294433594,32.96005258088227,32.56212746109035,32.70478099734488,247400
2019-11-07,32.95254898071289,33.14024862436158,32.80989828260483,33.04264400772487,214500
2019-11-08,33.02012252807617,33.41053814901137,32.884978549134395,32.884978549134395,300800
2019-11-11,33.08018493652344,33.102707976379996,32.892485300201045,32.89999202546351,115200
2019-11-12,32.862457275390625,33.433062989568164,32.839934232378354,33.027633894999454,188600
2019-11-13,32.457027435302734,32.847443102726366,32.44952070849852,32.64472711017546,191500
2019-11-14,32.83241271972656,32.85493575456016,32.38944156223186,32.38944156223186,320800
2019-11-15,32.71229553222656,33.14025051503515,32.607184184037706,32.937534544641174,166900
2019-11-18,32.930023193359375,33.102706507424735,32.64471895687054,32.64471895687054,230600
2019-11-19,33.072669982910156,33.26036958878827,32.63720838658865,33.140241955589026,162100
2019-11-20,32.92250061035156,33.17026539626659,32.56211781053071,32.937516918352586,259400
2019-11-21,32.4420051574707,32.89248601284601,32.41197252763184,32.89248601284601,209500
2019-11-22,32.089134216308594,32.57715159991365,32.089134216308594,32.52459592574187,275000
2019-11-25,32.457027435302734,32.50958311514152,32.021565678914286,32.15670967394823,337800
2019-11-26,32.55462646484375,32.77986546310873,32.38944986288379,32.5020707940509,309600
2019-11-27,33.072669982910156,33.072669982910156,32.45701550475543,32.57714313795468,244100
2019-11-29,32.607177734375,33.125227646865866,32.5846546968094,33.11021133379918,88800
2019-12-02,31.953990936279297,32.74232893020588,31.886418944567332,32.57715231400563,392300
2019-12-03,31.638641357421875,31.7888015971348,31.40589570673178,31.653657667800005,400300
2019-12-04,31.818838119506836,32.24679299351993,31.571073263989412,31.571073263989412,396600
2019-12-05,32.0140495300293,32.051588884500035,31.773794224533585,31.946477546354306,185500
2019-12-06,32.08162307739258,32.52459435550409,32.07411635176021,32.23178336666364,203600
2019-12-09,32.0140495300293,32.20925875578778,31.766287499267104,32.02155911936494,266900
2019-12-10,31.70622444152832,32.03657479349663,31.60861982187452,32.03657479349663,164100
2019-12-11,32.09663009643555,32.17921837481768,31.638642635638963,31.653658946623757,280300
2019-12-12,32.08162307739258,32.494561724836025,31.931462788121518,32.096639392726615,237900
2019-12-13,32.233192443847656,32.24077299384107,31.84666823703246,32.07403558757862,283100
2019-12-16,32.66519546508789,32.869826974154165,32.2786712087181,32.286248868550295,271200
2019-12-17,32.271087646484375,32.72582232270501,32.18771894791299,32.64245362413363,363600
2019-12-18,32.2104606628418,32.490880334389274,32.03614557560239,32.362039879481785,423500
2019-12-19,33.18815231323242,33.2866763725276,32.27110200323549,32.27867966505287,486000
2019-12-20,33.3397216796875,33.7717205534736,33.20330067837263,33.30182470844104,1032900
2019-12-23,33.051727294921875,33.400357519253845,33.04414674288268,33.339727558607784,150000
2019-12-24,32.74856948852539,32.99109511834017,32.657623100128234,32.99109511834017,70100
2019-12-26,32.8092041015625,32.854675852633584,32.58941433427322,32.733413031221176,103900
2019-12-27,32.82434844970703,32.953188878160915,32.74855741138195,32.85466197390456,116600
2019-12-30,32.88499069213867,32.91530711881065,32.642465061029945,32.77130842881909,151400
2019-12-31,32.794036865234375,33.044140100718344,32.73340402564255,32.90771910276966,264700
2020-01-02,31.86941146850586,32.930463204398585,31.748148660786697,32.930463204398585,528500
2020-01-03,32.316566467285156,32.46056802953992,31.61172554076055,31.61172554076055,314100
2020-01-06,32.930458068847656,33.10477314706344,32.11193207604353,32.11193207604353,413400
2020-01-07,32.87741470336914,33.468570597874496,32.83952061366844,33.468570597874496,218100
2020-01-08,32.801612854003906,33.142665331505526,32.703088831384484,32.725824699507,229300
2020-01-09,33.051727294921875,33.27151704592253,32.81677933097634,32.81677933097634,139600
2020-01-10,32.854671478271484,33.40035554754031,32.73340867300434,33.02140891968881,300800
2020-01-13,32.854671478271484,33.157829937006014,32.77130564869615,32.77130564869615,471600
2020-01-14,33.31698226928711,33.385192768614964,32.687932456492845,32.71824598531294,303600
2020-01-15,33.80203628540039,33.976354269320154,33.19572229067898,33.24119692445802,437000
2020-01-16,34.150665283203125,34.27950572682215,33.8323486670354,34.1051906548555,245000
2020-01-17,33.862667083740234,34.42350641078482,33.75656250246872,34.42350641078482,191800
2020-01-21,33.453407287597656,33.78688216488441,33.40035499187172,33.7262493176929,252400
2020-01-22,33.445831298828125,33.54435534373847,33.12751461743034,33.438250746983684,314500
2020-01-23,33.362457275390625,33.50645593509176,33.04414064456052,33.385193145045285,285200
2020-01-24,33.08961868286133,33.53677580929729,32.9531976686176,33.37003837163645,248300
2020-01-27,32.99867248535156,33.18814579605138,32.35446149429223,32.52119893287071,334600
2020-01-28,33.2639274597168,33.33971850385712,32.89256146239372,33.119928812549254,247400
2020-01-29,33.12751007080078,33.59740592212823,33.11235186032573,33.24119520379714,318000
2020-01-30,32.95320129394531,33.127516411070985,32.61972927307015,32.922884867192955,393600
2020-01-31,32.58940887451172,32.77130452172389,31.67235876051953,32.77130452172389,544100
2020-02-03,32.248355865478516,32.854669861986636,31.990672055570915,32.76372348529372,301700
2020-02-04,30.641624450683594,32.40751422681901,30.52036164584654,32.255937889122684,630100
2020-02-05,31.960350036621094,32.134667990531014,30.8159327492983,30.899301451307565,458100
2020-02-06,31.11909294128418,32.15740571928897,31.111512390954005,31.967932436894444,309200
2020-02-07,30.414249420166016,31.11909019987186,30.376355345251927,31.103931991679705,486900
2020-02-10,30.52792739868164,30.846243944176003,30.118667398949164,30.323295953249303,423200
2020-02-11,30.709829330444336,31.361617871155328,30.603724757050973,30.603724757050973,293000
2020-02-12,31.3313045501709,31.42983147426214,30.656780074514945,30.838672820847773,243400
2020-02-13,31.952777862548828,32.12709295524721,31.172148775435826,31.172148775435826,231700
2020-02-14,31.839096069335938,32.08920224457521,31.42225533507063,32.051308158029904,241400
2020-02-18,31.73298454284668,31.80119504019041,31.35403797785547,31.71024867410972,292500
2020-02-19,31.210039138793945,31.786036642064673,31.210039138793945,31.67993206707792,263200
2020-02-20,31.740568161010742,31.778462242945878,31.19488412951874,31.19488412951874,139200
2020-02-21,32.233192443847656,32.25593120269518,31.528351633361662,31.710247248478222,395900
2020-02-24,31.240346908569336,31.998239824226957,31.187294635763866,31.55108288834368,333900
2020-02-25,29.550260543823242,31.2176234629707,29.535102331141278,31.2176234629707,386400
2020-02-26,29.247100830078125,30.020152297219397,29.209206745549633,29.694257966234353,336100
2020-02-27,27.738889694213867,29.012150489141693,27.738889694213867,28.7923636605369,299600
2020-02-28,27.844999313354492,27.905629270044113,26.46563093671583,27.09468372277888,765900
2020-03-02,28.648365020751953,28.648365020751953,27.594893838291487,27.94352404853403,449800
2020-03-03,29.30772590637207,29.936778591093237,27.822256067622618,28.542255118293202,732200
2020-03-04,30.75531005859375,30.79320414358892,29.694258331928733,29.709416544153473,588200
2020-03-05,30.02048110961914,30.648140073978617,29.392822145259665,30.150604175928446,509900
2020-03-06,29.446407318115234,30.24246079534311,28.58146136891367,29.08665044403987,824000
2020-03-09,27.180700302124023,28.382440569166196,26.468845695406255,27.938485156895144,711900
2020-03-10,28.083921432495117,28.114539655742476,25.76464503992573,27.97676057104385,712300
2020-03-11,25.15995216369629,27.379724054074497,24.999210846646022,27.280216273079837,491500
2020-03-12,20.536710739135742,23.77451458828255,20.506093964512022,23.422413650341984,823300
2020-03-13,24.960941314697266,24.960941314697266,21.432270583572635,21.891533816640706,792700
2020-03-16,22.69523811340332,23.62141892217729,21.439920166260883,21.654243347950395,702000
2020-03-17,24.233776092529297,24.6241483348277,21.784372985809558,23.13154454850965,693800
2020-03-18,17.926565170288086,23.43006699472473,17.14581774841542,22.618701339857353,726900
2020-03-19,22.121164321899414,22.611045776708266,18.110268214160463,18.110268214160463,922900
2020-03-20,21.47054100036621,23.2540119541438,19.947319152286425,22.274251989123844,877800
2020-03-23,20.291763305664062,21.814984881869933,19.289039847952104,21.669551240536105,478400
2020-03-24,23.50660514831543,23.514259705095828,21.049549360146933,21.508812547268896,532500
2020-03-25,23.583147048950195,25.244147755946084,22.33548360966593,23.39944208328635,623800
2020-03-26,23.797475814819336,24.69303718478419,22.488575620336807,23.896982147051776,553200
2020-03-27,22.741167068481445,24.134265748230238,22.40437532872266,22.710550301211295,625700
2020-03-30,23.66734504699707,23.99648364880166,22.220667570184304,22.894252425538138,537600
2020-03-31,24.02710723876953,24.111305917095045,22.825369367923415,23.636733539202595,499400
2020-04-01,21.225597381591797,23.58314658444497,20.995966544024235,22.87894349995858,494900
2020-04-02,21.700170516967773,22.565114931172907,20.85053375525855,20.98065829119638,390300
2020-04-03,19.88608741760254,22.235982851743582,19.602876053725563,21.416964074106957,566000
2020-04-06,21.25621795654297,21.42461382538947,20.4678161297578,20.490779800037632,676700
2020-04-07,21.906835556030273,22.718199403303373,21.43226336765117,21.883871891123242,374800
2020-04-08,23.08561134338379,23.41474993665458,21.654243015384985,22.22066699405396,608800
2020-04-09,24.241432189941406,25.029834202595648,23.705624770085862,23.82044168859617,480000
2020-04-13,22.894256591796875,24.340934331873648,22.679933368839848,24.340934331873648,354600
2020-04-14,23.896984100341797,24.32563061565356,23.19278077942419,24.32563061565356,336800
2020-04-15,22.82536506652832,23.560186438989753,22.526844659568226,22.817710509945066,585600
2020-04-16,23.39179229736328,23.4606818560301,22.35079727965126,22.771787729319513,428600
2020-04-17,23.759201049804688,24.892049169664816,23.368827415266924,24.11895645733992,413600
2020-04-20,24.095996856689453,24.3639005483785,22.993766777674914,23.146853558670323,358300
2020-04-21,23.31524658203125,24.172537997779195,22.22067119597205,23.338210253331123,585000
2020-04-22,24.16488265991211,24.509330418493672,23.077960406113828,23.835744015035825,310800
2020-04-23,24.12661361694336,24.953285395791724,23.958216270177054,24.172539502444362,235700
2020-04-24,24.60118293762207,24.815504696259435,23.896979745047545,24.226118400049195,183400
2020-04-27,25.695762634277344,26.07082867344152,24.716002577560744,24.937980377884127,386900
2020-04-28,26.269832611083984,27.295519674613292,25.65748277910701,26.981690203230446,440800
2020-04-29,28.114540100097656,28.772817310747612,26.882184334101513,27.41799156974086,420100
2020-04-30,26.874534606933594,27.463922348027037,26.59132330170411,27.18070812288266,421000
2020-05-01,24.99921226501465,25.956010044477726,23.958215813772405,25.956010044477726,872600
2020-05-04,25.136991500854492,25.33600415518609,24.295009158848863,25.25946150042358,411700
2020-05-05,25.022172927856445,26.02489798980966,24.846122497726935,25.611560673897806,246400
2020-05-06,25.657489776611328,26.170331988285017,25.29773287474672,25.481439334398786,379000
2020-05-07,25.948354721069336,26.698483765430037,25.71872093776486,26.101440016719188,324400
2020-05-08,28.015033721923828,28.099232381402196,26.514775723681936,26.576012174180626,731000
2020-05-11,26.468854904174805,27.502195327548602,26.461198886864295,27.326144888302736,771000
2020-05-12,25.06044578552246,26.606628246282607,25.02217154290043,26.598975149707055,495500
2020-05-13,23.9505615234375,24.945630580536495,23.720929191828713,24.823160587661462,603800
2020-05-14,23.820438385009766,23.835746040058105,22.289561923401255,23.292285596966714,460000
2020-05-15,23.38413429260254,23.95055979368821,22.871290686992715,23.65203793015228,368400
2020-05-18,25.756994247436523,25.910079537534276,24.815502777829863,24.815502777829863,473400
2020-05-19,24.82316017150879,25.825885228804257,24.807851057666696,25.764648773435873,406800
2020-05-20,25.77229881286621,25.917733917154763,25.16760494737413,25.450816220066464,324100
2020-05-21,25.80292320251465,26.46120057734965,25.695762312642017,25.810579220314267,455700
2020-05-22,25.695762634277344,25.917740434600727,25.22884481977481,25.917740434600727,259500
2020-05-26,26.729101181030273,27.28021763256989,26.667867641923138,26.843918081739385,484300
2020-05-27,27.173053741455078,27.609353243992302,26.752063351978865,27.218981080638116,424800
2020-05-28,26.95873260498047,27.632316075331598,26.583666626333855,27.632316075331598,287300
2020-05-29,26.017242431640625,26.66786365187266,25.66513868477487,26.66786365187266,380600
2020-06-01,26.736759185791016,26.99700831615039,26.04021047216965,26.208607827083156,247400
2020-06-02,27.31848907470703,27.548122877093654,26.683176869205283,26.683176869205283,331400
2020-06-03,28.16046905517578,28.497260775844882,27.777749996268522,27.92318218748399,321900
2020-06-04,28.16046714782715,28.56287044690152,27.696157238439245,27.897357411971228,260400
2020-06-05,28.787294387817383,29.553406198654663,28.547399210114946,29.06588157430768,630500
2020-06-08,29.847469329833984,30.458813075836332,29.027185204108907,29.398636736067704,553200
2020-06-09,29.6617488861084,29.90164111932151,29.12778911125621,29.18969868886678,442500
2020-06-10,28.725387573242188,29.646273411768888,28.655740769925135,29.646273411768888,362000
2020-06-11,26.574079513549805,27.58782676171548,26.380616501060945,27.355668785119814,468300
2020-06-12,27.169939041137695,27.92057628346696,26.10202265704224,27.750327931101012,615100
2020-06-15,28.0908203125,28.268805875825347,25.985945381688186,26.04011477261284,469900
2020-06-16,29.089096069335938,29.692699669570814,28.5319216986508,29.220649489074912,426600
2020-06-17,27.951528549194336,29.18195313315112,27.928313937877792,29.112306347190902,380900
2020-06-18,27.936054229736328,28.11404277610495,27.49495885415182,27.62651522077068,331500
2020-06-19,29.63852882385254,29.715915789352163,27.936053959002308,28.4003668959674,1597500
2020-06-22,29.50697135925293,30.056405454814733,28.84145830738461,30.056405454814733,439100
2020-06-23,29.50697135925293,29.917111888051107,29.050398657530046,29.69269414693077,359800
2020-06-24,28.73311996459961,30.07188330841392,28.199160299787813,29.243862066586633,521000
2020-06-25,28.725387573242188,28.84920378447124,28.075351726286826,28.60931153572132,401500
2020-06-26,27.57234001159668,28.462267795899592,27.36339967475766,28.41583857794223,756600
2020-06-29,29.197429656982422,29.23612165869697,27.866403543526317,28.183682680802423,495000
2020-06-30,29.42958641052246,29.878421923359173,29.034923245795948,29.05813785783554,596500
2020-07-01,29.437332153320312,29.74687119646517,28.98849655554509,29.414114584876298,326900
2020-07-02,29.42958641052246,30.31177709215524,29.336725010353405,30.102839679777528,256200
2020-07-06,29.452802658081055,30.187959558574278,29.336723699050257,30.03319154921395,186900
2020-07-07,29.065874099731445,29.77781632478054,28.586083867709362,28.973009760108294,470100
2020-07-08,29.61531639099121,29.66948579482438,28.996235381461375,29.104574189127707,273200
2020-07-09,29.25160026550293,29.715913161406213,28.965275898502814,29.483755237449255,283300
2020-07-10,30.644527435302734,30.791561153807887,29.677212769390277,30.048664198869538,792800
2020-07-13,29.9171142578125,31.147538893680558,29.87068208120986,30.954075919185648,558200
2020-07-14,30.845741271972656,30.884433281670347,29.96355046201641,30.133795895088472,770000
2020-07-15,31.6273250579834,31.758881410752743,30.95407475854795,31.511249048845208,652100
2020-07-16,31.472564697265625,31.9291375718594,31.31779663293819,31.364225871431778,291000
2020-07-17,32.18449401855469,32.50177311420822,31.186224564421575,31.449334274378906,403200
2020-07-20,31.991043090820312,32.24641272609388,31.83627209416388,32.006520485687076,174300
2020-07-21,31.859485626220703,32.524998822786834,31.743409596687084,32.28510659054402,269300
2020-07-22,32.09164047241211,32.339272853779235,31.55768075158043,31.57315814441723,443600
2020-07-23,32.89645767211914,33.20599975126322,32.068436005222594,32.068436005222594,1016600
2020-07-24,32.86549377441406,33.14408095308659,32.61786138270758,32.896445609369145,315500
2020-07-27,34.126869201660156,34.35902714410194,32.6488121217699,32.88097006421169,1200400
2020-07-28,33.507781982421875,34.01852404674479,32.617854193379856,32.99703991809897,809000
2020-07-29,34.04948043823242,34.40545157069507,33.6857691343625,33.96435626481517,742500
2020-07-30,32.97383117675781,33.70899109992727,32.819060200509895,33.531005510445965,465700
2020-07-31,33.12859344482422,33.15954527032913,32.39343371489883,32.865483739967026,435400
2020-08-03,33.6083869934082,33.647078996555756,32.78036572760602,33.236938449572605,322000
2020-08-04,33.86375427246094,33.92566383489458,33.00478123377232,33.484568534591354,404000
2020-08-05,34.405452728271484,34.428670291264,33.86375583994477,34.2352073277195,342400
2020-08-06,34.31259536743164,34.76142796059129,33.60839021539684,34.34355015372152,289800
2020-08-07,34.55248260498047,34.668558598917144,34.02626316683891,34.29711010470138,375500
2020-08-10,34.45962142944336,34.76142317418644,34.26615846978646,34.41319220841242,528600
2020-08-11,34.823333740234375,35.50432420438414,34.66082555792915,34.707254780296026,540600
2020-08-12,35.25668716430664,35.58170348576723,34.95488249893728,35.14060821977918,355700
2020-08-13,35.225738525390625,35.40372410654838,34.846549798916655,35.256693309594766,344600
2020-08-14,35.040016174316406,35.4656371184214,34.73821437904995,35.070970961526044,304500
2020-08-17,34.86203384399414,35.17931306260853,34.75369503061527,35.163835667552796,311600
2020-08-18,34.69952392578125,35.279912927917195,34.62213990630091,34.91620154193511,375700
2020-08-19,35.349552154541016,35.426936157446065,34.699516493302994,34.869764842106676,487300
2020-08-20,35.44241714477539,35.88351250051521,34.82333620268536,35.20252494022157,376700
2020-08-21,36.66510772705078,36.72701435055377,35.48885236038351,35.5894539445883,473900
2020-08-24,36.742496490478516,37.2455015244648,36.378785067380385,37.059775725943446,495500
2020-08-25,35.71327590942383,36.95917532167515,35.67458094247483,36.95917532167515,404300
2020-08-26,35.61266326904297,35.79838606397336,35.25669211875088,35.77517145260971,343800
2020-08-27,35.85256576538086,36.16210480443458,35.45016235780094,36.02281120365648,311700
2020-08-28,36.39426040649414,36.56450879951644,35.69779534342439,35.868040784435436,247900
2020-08-31,35.628143310546875,36.49485663937724,35.628143310546875,36.13114529023834,446100
2020-09-01,36.26270294189453,36.394256356765126,35.24895582208267,35.58945257023889,409200
2020-09-02,35.61266326904297,36.247221563741256,35.380508299374675,36.19305216921901,491300
2020-09-03,34.598915100097656,35.97637338434408,34.34354552763179,35.79838486315786,498500
2020-09-04,33.79410934448242,34.939412696246286,33.08216704950493,34.78464173368274,433600
2020-09-08,32.92739486694336,34.32806774583153,32.788101300998214,33.476828959276716,463800
2020-09-09,33.46908950805664,33.7863686199948,33.082163617790094,33.368487950024466,356000
2020-09-10,33.21372985839844,33.84829127988264,33.043484408157155,33.39171843457793,308100
2020-09-11,32.81132507324219,33.113126872572565,32.30058288544978,32.62559929949448,439900
2020-09-14,33.5847282409668,33.71753452341805,32.90506309390802,33.084743759643445,463700
2020-09-15,33.68628692626953,33.89721719333236,33.31130077819951,33.780035698380786,397600
2020-09-16,33.07693862915039,33.93628161189808,32.90506884055072,33.76441480342375,651700
2020-09-17,32.67070007324219,33.053500120812615,32.20196811878358,32.67070007324219,400600
2020-09-18,31.912919998168945,32.905072373203325,31.23325763956886,32.905072373203325,921300
2020-09-21,30.741085052490234,31.350440249769502,30.514532933372468,31.350440249769502,335800
2020-09-22,31.22544288635254,31.350438281514155,30.389535622435762,30.795768421617034,382500
2020-09-23,30.327037811279297,31.303565311591296,30.311413013659255,31.084824105161545,353600
2020-09-24,30.25672149658203,31.506678228284994,30.045791242229818,30.178600504655204,249800
2020-09-25,31.155134201049805,31.264504804252958,30.045797411149056,30.10829660162253,416700
2020-09-28,32.65507507324219,32.65507507324219,31.50668089796114,31.670736782983422,432700
2020-09-29,32.65507507324219,32.88163014120157,32.209778825253096,32.483208280415305,575700
2020-09-30,32.889442443847656,33.37380219177667,32.58476636442065,32.889442443847656,438200
2020-10-01,33.826908111572266,34.162833771327925,33.108185384734625,33.97534218177249,677700
2020-10-02,34.240962982177734,34.498764702237914,33.178500545276975,33.2488106471344,569900
2020-10-05,35.569034576416016,35.61590896645424,34.10815035833176,34.52219703989769,444200
2020-10-06,35.30341720581055,35.97526852838502,34.95968063664168,35.74871345819128,505800
2020-10-07,35.569034576416016,36.295571231319606,35.34248247487773,35.709654766405436,621500
2020-10-08,36.436187744140625,36.44400163175437,35.451849493680115,35.88152092856268,652200
2020-10-09,36.412757873535156,36.52212847664515,35.92058717941477,36.52212847664515,406000
2020-10-12,36.740867614746094,36.99085840210438,35.944020862494575,36.51431551253876,292000
2020-10-13,35.936214447021484,36.49088138956058,35.78778332975945,36.35807507097754,362800
2020-10-14,35.412784576416016,36.248691639267314,35.123730373280836,35.85026686418891,415500
2020-10-15,36.04558181762695,36.162766307123285,34.50657355752692,35.13155352800687,296700
2020-10-16,35.70965576171875,36.1940155319049,35.623720867649425,35.70965576171875,290200
2020-10-19,35.584659576416016,36.006520148794664,35.16279900403736,35.49091377592918,320600
2020-10-20,36.57680892944336,36.818988790029394,35.764337442437025,36.00651730302306,382500
2020-10-21,36.35806655883789,37.04553965900902,36.14713629624279,36.52993334381821,383900
2020-10-22,36.85022735595703,37.084596257672075,36.225250571673804,36.36587072065308,501900
2020-10-23,37.1236686706543,37.31116027609239,36.56900178272239,36.897113582301714,572100
2020-10-26,35.23310852050781,37.02210748943537,34.826875731698046,36.46744062382471,394800
2020-10-27,33.62379837036133,35.092493705889396,32.82695150697873,34.17846532091051,667800
2020-10-28,32.69413757324219,34.04565417577524,32.65507707157872,33.201933035243066,380300
2020-10-29,33.100364685058594,33.65503439198388,32.326956822082686,32.5535088644964,520600
2020-10-30,32.459774017333984,33.397241028185334,32.07697690015019,33.05350441559421,417500
2020-11-02,32.93632507324219,33.44412065274728,32.50665349526724,32.97538558394429,316700
2020-11-03,33.6628532409668,33.79565953923031,33.03787629005729,33.74097424228355,365800
2020-11-04,33.47536087036133,33.842536157008055,33.09256376652251,33.280055374081215,157200
2020-11-05,34.53781509399414,34.75655922467667,33.66284751163803,33.787842880546044,233700
2020-11-06,33.80347442626953,34.717502685209126,33.60035504864389,34.69406698014665,139600
2020-11-09,33.85034942626953,37.787705894327885,33.79566114659655,36.66274732918626,541700
2020-11-10,33.6472282409668,34.451885874133296,32.99881558961301,33.975343000786005,398100
2020-11-11,33.6159782409668,34.16283418061777,33.287866465251284,33.81128372083321,421800
2020-11-12,32.83475112915039,33.57691243130548,32.522264198854586,33.57691243130548,320100
2020-11-13,33.76441192626953,33.78784762994507,32.99100092360072,33.03787531107689,246800
2020-11-16,34.131587982177734,34.733129277590166,33.826911880113414,34.48313847691557,294000
2020-11-17,34.20188903808594,34.990924715444606,33.467541627782744,33.889402109927495,670300
2020-11-18,34.33470916748047,34.89718700837729,33.826913650710196,34.18627507297424,504200
2020-11-19,34.803436279296875,34.85812157582003,33.85034755408966,34.16283453706123,292800
2020-11-20,35.35029983520508,35.42842085273532,34.35033650621411,34.35033650621411,578500
2020-11-23,35.23310852050781,35.936209462919365,34.97530682837372,35.701843475490584,446800
2020-11-24,35.97527313232422,36.22526393828056,35.358107026314606,35.56122641873256,483000
2020-11-25,35.83464813232422,36.389317952623664,35.56903256405233,35.936207814931876,553700
2020-11-27,35.514347076416016,36.05339209799953,35.365915987351386,35.834647938173944,135600
2020-11-30,36.35806655883789,36.639306908964684,35.08467407581931,35.25654384092456,772900
2020-12-01,36.529937744140625,36.86586342724313,35.80340405896286,36.654933139239795,640200
2020-12-02,35.29561233520508,36.29557560210268,35.25655182886544,36.28776469288499,400000
2020-12-03,35.50653839111328,36.12370444975632,34.99093202088467,35.12373832255139,397800
2020-12-04,36.03776931762695,36.16276471017808,35.4674776528546,35.77996464416981,324100
2020-12-07,35.59246826171875,36.233069934961016,35.389348913544474,36.05338926857598,316900
2020-12-08,36.24870300292969,36.36588451812231,35.05343128311146,35.319046889723786,374100
2020-12-09,37.303348541259766,37.45959352908067,36.47525219189665,36.62368627138288,377800
2020-12-10,37.256473541259766,37.72520849705272,37.006482756886946,37.303347930876626,265300
2020-12-11,37.4127197265625,37.725209707114466,36.85023895361909,36.85023895361909,486800
2020-12-14,38.12976837158203,38.7995429282416,37.924898028492464,37.97217418143512,298400
2020-12-15,39.879051208496094,39.879051208496094,37.91701004573609,38.27947752154762,395200
2020-12-16,39.800262451171875,40.19424645209991,39.35112093058267,40.11545085425806,476500
2020-12-17,40.304561614990234,40.58034919357377,39.63478705779439,39.9657351579538,427000
2020-12-18,39.13837432861328,40.70643217998437,38.886224775507344,40.50156179528321,976400
2020-12-21,38.169166564941406,38.52375274499791,37.42847777115832,38.03521345573073,277400
2020-12-22,38.665584564208984,38.74438015176691,37.956412252751676,38.2322028209224,271000
2020-12-23,39.91057586669922,40.72218185258911,39.1147265938624,39.327478290387326,607800
2020-12-24,39.90269470214844,40.57246923286811,39.634785491032375,40.257280864781315,189600
2020-12-28,39.96574401855469,40.233653299657995,39.64267720950599,40.16273604860536,258000
2020-12-29,39.48508071899414,40.65915146745698,39.35112458319777,40.028777608632,274200
2020-12-30,39.73722839355469,40.02877572595015,39.4850788618841,39.4850788618841,183600
2020-12-31,39.41415786743164,39.75298433196862,39.11472919987028,39.705705172082325,308000
2021-01-04,39.22505187988281,40.05242080694604,39.1541346291591,39.87906685943034,539200
2021-01-05,39.492958068847656,39.918461539888106,39.01229707443451,39.23293017378488,556900
2021-01-06,39.98149490356445,40.52519170420802,39.492952612814285,39.90269630544709,457800
2021-01-07,40.99009323120117,41.21072329592637,39.64266875444221,39.768743506550784,305800
2021-01-08,40.186363220214844,41.44711066791719,39.98149288716034,41.04524835829301,241800
2021-01-11,39.46931838989258,39.91845992250637,39.209287499505926,39.62691259565484,253100
2021-01-12,39.63479232788086,40.10757496156423,39.05957601188006,39.57175644690549,458600
2021-01-13,39.42204284667969,40.48580157886931,39.185653019257465,39.40628312407024,295700
2021-01-14,39.59538650512695,40.966451957434664,39.44567368801281,39.77661875927322,195000
2021-01-15,39.816017150878906,40.950692854212384,39.00441117319043,39.32747789297643,352500
2021-01-19,40.01301193237305,40.470034790677076,39.595389876643594,40.37547947738836,335900
2021-01-20,40.68278121948242,40.81673431209984,39.65842360854506,40.099683683857805,283100
2021-01-21,41.021610260009766,41.16344472352924,40.162725122412525,40.76157940827106,226000
2021-01-22,41.58106994628906,41.604708023405344,40.06029153071741,40.55671219117397,255200
2021-01-25,41.26588439941406,42.40843863051777,41.03737595788088,41.64410868861939,358100
2021-01-26,40.060298919677734,41.573196251352265,39.902704696163354,41.12405466814515,297500
2021-01-27,37.78306579589844,39.40627793473734,37.68062911535658,39.22504565738442,426100
2021-01-28,39.256561279296875,39.5638682851661,37.389078162650684,38.27948274811569,498200
2021-01-29,37.63335037231445,38.89410097632899,37.601833936755106,38.89410097632899,328000
2021-02-01,39.03593444824219,39.114730043893694,36.98721589685068,37.184207891838746,437800
2021-02-02,38.25584411621094,40.31244098669258,37.25512443952274,40.31244098669258,660700
2021-02-03,39.38262939453125,39.83965215102955,38.058843279937044,38.12188214532655,486000
2021-02-04,40.04454040527344,40.328209414988414,39.20141474076497,39.406285133414734,513500
2021-02-05,39.351112365722656,40.43850881325032,38.95712845054612,40.43850881325032,373300
2021-02-08,40.78522872924805,40.79311009376059,39.40628451381728,39.42204423698253,1016800
2021-02-09,40.63551330566406,41.41560302092549,40.407001842966714,40.974339817702294,349400
2021-02-10,41.39196014404297,41.56531407457025,40.682790712163175,40.682790712163175,417700
2021-02-11,42.17992401123047,42.45571460123184,41.1398065426669,41.17132598252864,965200
2021-02-12,42.447845458984375,42.78667202039747,41.762313976854195,41.8883887667386,307100
2021-02-16,42.28237533569336,42.99942630872944,41.76231642124808,42.778796164983035,478700
2021-02-17,40.89554214477539,42.39267960504813,40.800983816527804,41.880502186741474,387700
2021-02-18,40.80886459350586,41.124049998888424,40.59611286679642,40.59611286679642,263400
2021-02-19,41.912017822265625,42.03021422738542,40.89554136284507,40.958577241278704,339100
2021-02-22,42.550270080566406,42.936375705727386,41.541672047939045,41.912014947248586,710300
2021-02-23,42.1090087890625,42.69998478837722,41.39983939340045,42.55815030807294,380800
2021-02-24,41.93565368652344,42.857574710600204,41.785937857894204,42.17992181810323,861200
2021-02-25,40.4779167175293,42.27448586361434,40.22576718928219,41.69138820088071,394600
2021-02-26,39.989376068115234,40.730064907267504,39.60327042487945,40.57247371168657,829500
2021-03-01,41.659873962402344,42.21933361607979,40.82462967294505,41.08465759136821,432300
2021-03-02,40.63551330566406,41.54167779243788,40.19425010244087,41.462879181580355,448000
2021-03-03,40.69854736328125,41.431357825040834,40.50155536831059,40.90341771547264,399900
2021-03-04,40.22992706298828,41.57224728886853,39.713648421543844,40.57146468180643,509800
2021-03-05,41.42134094238281,41.62785060308397,39.38800083512635,40.857404771796055,405800
2021-03-08,41.413387298583984,42.25531763849586,41.22276350496166,41.548415263151156,384600
2021-03-09,41.77081298828125,42.64451198840658,41.60401640224272,42.15206362633107,292200
2021-03-10,42.890743255615234,43.14491038066303,41.95350084578483,42.21561239781538,636400
2021-03-11,42.93838882446289,43.56586203615244,42.596851276752105,43.19255587905087,451000
2021-03-12,42.88280487060547,43.34348168089557,42.295041458953854,43.04960149002544,372400
2021-03-15,43.017818450927734,43.20050084715362,42.302971657078146,42.914562129613785,797600
2021-03-16,42.88280487060547,43.44673802954613,42.541267204224766,42.946345141374884,723200
2021-03-17,42.43800354003906,42.565087089582356,41.079797536186874,41.82641301101485,591600
2021-03-18,41.016265869140625,42.28710475459891,40.944781162896646,42.19178979299915,565600
2021-03-19,40.5238037109375,41.30219078914362,40.22197916064185,40.80179801390017,1048700
2021-03-22,40.563514709472656,40.825626207575844,40.11872081719627,40.62705799261665,434900
2021-03-23,39.197364807128906,40.928879901023734,39.125880127842954,40.5476292881355,576000
2021-03-24,39.31650924682617,39.9201553283642,39.10999962232679,39.65804684227226,510300
2021-03-25,41.008304595947266,41.16715975837933,38.99879239651558,40.68265287642113,622900
2021-03-26,41.596073150634766,41.88201189472245,40.62706222111749,41.28630718784338,490700
2021-03-29,41.596073150634766,42.62862736990967,41.41339073744781,41.596073150634766,546900
2021-03-30,41.921730041503906,42.13618412568799,41.33396968921674,41.53253794902668,267400
2021-03-31,42.032920837402344,42.47771475665442,41.6278429874792,41.84229703623052,486600
2021-04-01,43.31964874267578,43.47850394350761,42.072640415498974,42.46183247613047,635800
2021-04-05,44.169525146484375,44.376034807965425,43.542048704816516,43.8121016651602,447500
2021-04-06,44.995567321777344,45.19413557468914,44.16952266248561,44.16952266248561,439400
2021-04-07,44.884361267089844,45.15441418043076,44.415740124230915,44.97967619879421,395500
2021-04-08,45.67069625854492,45.74218094779821,44.98762101232702,45.13853481736783,439700
2021-04-09,45.93280792236328,46.06783287470775,45.575384475111804,45.758066897060125,212500
2021-04-12,45.813663482666016,46.147256663553534,45.297384859013455,45.83749070132632,246400
2021-04-13,46.210792541503906,46.26639139606773,45.448291367562646,45.80571170978426,378400
2021-04-14,46.9256477355957,47.12421597476818,45.99634680071488,46.226686685333554,327600
2021-04-15,47.124210357666016,47.40220464740682,46.72707392665886,47.354547184918175,241700
2021-04-16,48.839847564697266,48.99869973901708,47.30690044920526,47.6166664310043,555100
2021-04-19,48.94308853149414,49.63410804117762,48.45064024946461,48.77629197256788,517200
2021-04-20,48.42681884765625,49.260804772295565,47.91054025959302,48.974866048439665,438400
2021-04-21,47.362491607666016,48.88749404829201,47.25129389177585,48.665098616511685,820200
2021-04-22,47.362491607666016,47.78345525493893,47.02095403462593,47.42603186107018,442200
2021-04-23,47.171871185302734,47.89465946652725,47.06861485086754,47.52929462764693,340500
2021-04-26,48.81602096557617,50.825533844052316,48.21237478024551,49.8009208815392,647000
2021-04-27,48.744529724121094,50.61901435671668,48.736588327841986,48.96692820877688,753900
2021-04-28,48.0138053894043,49.19727051030994,47.87083600125431,48.236200868788195,664900
2021-04-29,48.26796340942383,49.427601090126124,48.02173772520187,48.63332820801596,597300
2021-04-30,47.14804458618164,48.16471303119549,46.65559618686693,47.958203389518665,794900
2021-05-03,47.63254928588867,48.29179425198159,46.88593078150749,47.346610542075524,513500
2021-05-04,47.63254928588867,48.093226016545884,47.386323583180506,47.75963283537109,647200
2021-05-05,47.688148498535156,48.09322636862875,47.092443787866976,47.85494509034364,628100
2021-05-06,48.43476867675781,48.44271310375409,47.092448355945194,47.735807566731246,521300
2021-05-07,50.388671875,50.507814022412965,48.41093404330165,48.56184480410215,579300
2021-05-10,50.293365478515625,52.159905792832575,49.975655070588445,50.65078892995596,616500
2021-05-11,48.80012893676758,50.13450773460087,48.36327942043294,49.896226455682964,610300
2021-05-12,45.83749771118164,49.173445179771996,45.72629996721384,48.74453699882939,537400
2021-05-13,47.354557037353516,47.56106972119348,46.00429228501539,46.18697774760888,617600
2021-05-14,47.71992874145508,48.22031860703725,47.132165321202656,47.561073517339985,345900
2021-05-17,47.44987106323242,47.815235921521335,46.870049098233864,47.68815236081601,390900
2021-05-18,46.87004089355469,47.664313766401925,46.60793242106859,47.39426086843744,509000
2021-05-19,46.544395446777344,46.59999431302119,44.98762113212776,46.28228693875793,875700
2021-05-20,46.53645324707031,46.933589730479376,45.90897687610538,46.73502148877485,477100
2021-05-21,46.560279846191406,47.02095961516563,46.234628055331,46.94153050159548,693500
2021-05-24,47.00507354736328,47.31483951389452,46.66353593556965,46.885931392584716,321300
2021-05-25,46.88593673706055,47.33073073170312,46.742967346993694,47.068619173276815,421300
2021-05-26,47.743743896484375,47.82316997350981,47.10038176490012,47.29100859163603,347000
2021-05-27,47.96614074707031,48.24413808465823,47.88671466770846,48.10911011385022,312900
2021-05-28,47.81523513793945,48.44271153422518,47.418098638504595,48.21237163737431,351700
2021-06-01,48.78424072265625,48.839842613925164,48.08528274274988,48.45064755450694,335500
2021-06-02,46.74296188354492,49.06224047250361,46.504680604588216,49.06224047250361,644900
2021-06-03,45.487205505371094,46.73496538559443,45.151271913292476,46.46301783674452,737200
2021-06-04,45.02329635620117,46.151078199507594,44.8313321259676,45.639177653775306,472000
2021-06-07,44.69536209106445,45.519201881939054,44.543389511348735,45.12727629092829,548700
2021-06-08,44.063480377197266,44.9913008595429,44.01548855785999,44.751347865192244,676400
2021-06-09,44.279441833496094,45.31124313180693,43.75154399152721,44.391419701312515,551000
2021-06-10,43.59956741333008,44.41541001265606,43.50358682845872,44.36742124580427,608600
2021-06-11,43.61557388305664,44.36743060139887,43.27964023958592,43.727551764213544,351600
2021-06-14,42.431793212890625,43.583572415502225,41.975881628912774,43.52758043655952,523400
2021-06-15,42.455787658691406,42.79971831174307,41.8239091740871,42.583762777621736,629500
2021-06-16,42.12785339355469,42.79172650292704,41.9758838744881,42.36780944104747,414900
2021-06-17,41.95988845825195,42.159849805900315,40.976078993962176,41.91989679895588,569100
2021-06-18,41.25602340698242,41.92789055214663,41.00007009541844,41.00007009541844,711100
2021-06-21,42.071868896484375,42.31182496926468,41.2720234569986,41.511979529778905,418300
2021-06-22,41.98389434814453,42.18385573605475,41.44799624193744,41.93590251662537,368300
2021-06-23,41.703941345214844,42.20784483389261,41.67194679488045,42.15985300839102,361100
2021-06-24,41.927894592285156,41.943891866497374,41.28002176811466,41.77592506402118,307600
2021-06-25,42.19184494018555,42.65575673773783,41.87190555903445,42.16785055450804,895300
2021-06-28,41.727928161621094,42.57576528464857,41.47197790771992,42.031870232316635,285400
2021-06-29,41.73593521118164,42.31182490308447,41.66394899969379,41.87990763415735,238800
2021-06-30,42.511783599853516,42.6077641921027,41.60795745693369,41.79991864143205,486800
2021-07-01,42.71174621582031,42.92770179200484,42.03187578500615,42.639760006702765,500400
2021-07-02,43.17565155029297,43.63156315489103,42.68774539947135,42.92769839381225,605200
2021-07-06,42.487789154052734,43.11966778743665,41.951894170842124,42.9517009763857,643900
2021-07-07,43.59157180786133,44.031486142477725,42.231834095364185,42.4237983229035,637900
2021-07-08,43.23963928222656,43.95150113187892,42.51178015996577,43.17565019179284,456000
2021-07-09,44.0474853515625,44.08747701080017,43.43960419811314,43.64756265684981,325800
2021-07-12,44.01548767089844,44.35942140796527,43.75154029778191,44.12746552926107,325600
2021-07-13,42.56776809692383,44.08747234531087,42.543770662986304,44.08747234531087,608200
2021-07-14,42.847713470458984,43.12765811148327,42.35980733795859,42.79172454225413,661400
2021-07-15,42.53578186035156,42.967699141574776,42.15985351730525,42.62376534924906,749400
2021-07-16,41.631954193115234,42.855719780861065,41.58396541986478,42.80772795644243,585000
2021-07-19,40.52016830444336,40.96008266923085,39.88029258737354,40.928088120585336,776200
2021-07-20,40.81611251831055,41.2720241827409,40.46418161716888,40.68813736778919,435700
2021-07-21,41.36800765991211,41.70394128442881,40.99207932195159,40.99207932195159,411200
2021-07-22,41.391998291015625,41.447987223354474,40.54416109233473,41.12005074058349,308300
2021-07-23,42.063865661621094,42.095860206823644,41.184037026725356,41.44798439672697,306900
2021-07-26,41.77592468261719,42.52777825671884,41.423993806665614,42.207841928899605,328400
2021-07-27,42.46378707885742,42.73573460277483,41.12004673140289,41.3040107841753,502700
2021-07-28,41.407997131347656,42.76773493495297,41.2480274395409,42.50378448579661,429100
2021-07-29,42.31182098388672,42.57576836744818,41.735931345326556,41.919895412940406,434700
2021-07-30,41.54396438598633,42.65575193208861,41.43198653054943,42.175842914429104,368200
2021-08-02,41.18403625488281,42.34380951064577,41.04006385533734,41.695936763858846,284300
2021-08-03,41.73593521118164,41.743932323049975,40.70413386357847,41.27202339244476,327500
2021-08-04,40.78411865234375,41.79192252282029,40.71213244365485,41.40799709353551,352800
2021-08-05,41.00007247924805,41.62395394500937,40.83210568319105,40.896094777594456,234600
2021-08-06,40.936092376708984,41.415998449707224,40.68014206428747,41.24803162927468,325600
2021-08-09,40.41618728637695,40.93608801942657,40.32820380375304,40.792115602618,382500
2021-08-10,40.61614227294922,41.088051109393334,40.19222525164382,40.36819218931818,256900
2021-08-11,41.43999481201172,41.49598375070056,40.55216585399105,40.64014934369303,275300
2021-08-12,41.43999481201172,41.96789269905532,40.888099486124105,41.5999614647408,357900
2021-08-13,41.1600456237793,41.79992136575801,40.96808442676979,41.61595728063714,199200
2021-08-16,40.70412826538086,40.952081415552215,40.496169822555174,40.952081415552215,293900
2021-08-17,39.95228576660156,40.336211263825824,39.55236299226355,40.336211263825824,246600
2021-08-18,39.632347106933594,40.39220100336933,39.57635816151747,39.94428638887163,378800
2021-08-19,39.34439468383789,39.6323395200958,39.12043894504534,39.29640591190697,284000
2021-08-20,39.496368408203125,39.904288237266215,39.04845386648224,39.208423563608854,241000
2021-08-23,40.176239013671875,40.24022811809705,39.51236883668711,39.800310653095075,221800
2021-08-24,40.60814666748047,40.720124522452736,40.096246158368544,40.22422128564653,255400
2021-08-25,41.04006576538086,41.288015869674126,40.47217325133559,40.81610699390481,314800
2021-08-26,40.936092376708984,41.320017845341255,40.69613934020987,40.968086928553774,235300
2021-08-27,42.19984436035156,42.39180860977778,40.86410393098158,40.86410393098158,377800
2021-08-30,41.9678840637207,42.39180109833034,41.831908775477345,42.255828861254685,259500
2021-08-31,41.551963806152344,41.84790571183483,41.36799975390822,41.83990860137538,501200
2021-09-01,42.247833251953125,42.57576973977727,41.727932528032106,41.79991873517243,442200
2021-09-02,43.007686614990234,43.15165902804021,42.29582471222535,42.44779423659232,457500
2021-09-03,43.73554229736328,43.87151453706494,42.519777046055445,43.095666652245406,498900
2021-09-07,42.879703521728516,43.67154859545129,42.7117367547167,43.67154859545129,300100
2021-09-08,42.2878303527832,42.79173386760742,41.91990215835148,42.79173386760742,427700
2021-09-09,41.10405349731445,42.42379959180533,41.10405349731445,42.31182172704474,425400
2021-09-10,41.407997131347656,41.86390876973766,41.31201653673084,41.33601092259302,270200
2021-09-13,41.01607131958008,41.99988079985222,40.968082548112406,41.75992778900966,443600
2021-09-14,40.42747497558594,41.306333260957786,40.21784043698545,41.09669872235729,451400
2021-09-15,41.741737365722656,41.77398978402605,40.33072636042799,40.572613346183665,504800
2021-09-16,41.9916877746582,42.06425110009404,41.20958357018955,41.66916975250871,434400
2021-09-17,42.74959945678711,43.0963052405263,42.30613950048992,42.31420106663655,1206900
2021-09-20,41.58853530883789,42.1771279932114,41.209577153186174,41.87073622745556,423100
2021-09-21,42.08843994140625,42.74153444522401,41.48372098556926,42.74153444522401,409000
2021-09-22,43.088233947753906,43.42687811307518,42.24162814808953,42.49157972068954,222900
2021-09-23,43.38657760620117,43.93485646254391,43.2172539330952,43.2172539330952,348700
2021-09-24,43.14468002319336,43.67683257645728,42.822165095137436,43.19305864649358,268800
2021-09-27,43.01566696166992,43.5720102807174,42.92697744594273,43.2575569659997,431600
2021-09-28,42.63671875,43.0479262870455,42.51577372840797,42.82216552755069,356400
2021-09-29,43.20112228393555,43.49138478971008,42.29001155873341,42.68509287467516,263400
2021-09-30,41.58853530883789,43.596200303024894,41.56434446169971,43.56394789068021,358900
2021-10-01,41.53208541870117,42.531888511451164,40.645165751135586,41.65303040780505,377000
2021-10-04,42.10457229614258,42.161012494199596,41.4595361884736,41.52404102954454,386100
2021-10-05,41.411163330078125,42.17714145099457,41.411163330078125,42.0561964039908,343400
2021-10-06,41.91106033325195,43.3946378262768,40.919321482183825,42.77379257952487,329900
2021-10-07,41.87879943847656,42.38676418771043,41.82235925253496,41.98361824483644,470000
2021-10-08,41.86267852783203,42.34645556594044,41.74979814166802,41.92718336321709,289200
2021-10-11,42.21745300292969,42.4270875864327,41.92718736749464,41.92718736749464,589500
2021-10-12,43.426883697509766,43.942910038872235,42.29807376895966,42.29807376895966,402500
2021-10-13,43.74134063720703,44.07192023143479,42.943110210493245,43.459139669851574,417500
2021-10-14,44.17673873901367,44.434751928986216,43.58008131485227,43.62845994138206,412200
2021-10-15,44.5315055847168,45.06365816727238,44.45893918365195,44.837897397630556,673900
2021-10-18,43.51557922363281,44.51537955821757,43.41076040483028,44.33799741381306,340800
2021-10-19,43.47526168823242,43.77359193265522,43.193060728113316,43.77359193265522,248500
2021-10-20,43.547821044921875,43.84615124108964,42.9269790330813,43.37850049623808,558200
2021-10-21,43.84615707397461,43.87034484821593,43.007612708332324,43.58814389620155,1185200
2021-10-22,44.74114227294922,44.85402265537706,44.10417088552385,44.10417088552385,366100
2021-10-25,45.6361198425293,45.732877084085665,44.70888601247689,44.789513971347716,564500
2021-10-26,43.547821044921875,47.571218690929484,43.50750706796278,47.571218690929484,661800
2021-10-27,42.58833694458008,44.04772635770466,42.20131721046205,44.04772635770466,636600
2021-10-28,42.42708969116211,42.77379554226894,41.93525101513798,42.7012291298103,580700
2021-10-29,42.14488220214844,42.628656160285956,41.870742805667895,42.43514780733487,628700
2021-11-01,43.45106887817383,43.53976147700776,42.080372068375404,42.23356949391017,423300
2021-11-02,42.93504333496094,43.5962024416639,42.773784341086184,43.443008089150595,492200
2021-11-03,45.861881256103516,46.063454218458,42.62864921751247,42.62864921751247,645200
2021-11-04,45.86995315551758,46.797190221553436,45.72482034386397,46.18440655551374,478200
2021-11-05,45.95057678222656,46.72461626885103,45.83769333247093,46.28115633854073,298400
2021-11-08,45.57162094116211,46.41822686530024,45.434549711596304,45.82963411659926,267300
2021-11-09,45.54743576049805,46.289222913175465,45.410364523127754,45.60387595360351,178200
2021-11-10,44.85401916503906,46.103770992291096,44.80564054386613,45.58774466948454,229800
2021-11-11,44.8459587097168,45.32167109716374,44.65245035848131,45.01528236174759,248600
2021-11-12,44.596004486083984,45.07977837831297,44.499247247030674,45.03139975878632,290000
2021-11-15,44.87820816040039,45.1765353096956,44.42668357776364,44.652447406961805,226100
2021-11-16,45.644187927246094,45.78932072476991,44.4831255470556,44.684698535198706,243400
2021-11-17,46.31340408325195,46.40209668141381,44.74919895672278,45.07977850166098,230300
2021-11-18,45.861881256103516,46.76492726623897,45.75706245446658,46.305341158131505,355700
2021-11-19,46.26502990722656,46.57141861351426,45.58774459077249,45.58774459077249,246300
2021-11-22,46.19245910644531,47.09550508364179,45.41035505679453,46.361779650464804,265200
2021-11-23,45.66031265258789,46.36984733326277,45.44261346337187,45.95863980413891,350200
2021-11-24,46.03120422363281,46.10377061692163,45.25716474572508,45.63611984333603,168200
2021-11-26,44.26542663574219,45.232974457220664,43.89453002336529,45.03946612322877,276900
2021-11-29,43.886470794677734,44.96690212357155,43.733276432463114,44.96690212357155,387900
2021-11-30,43.65263748168945,44.16060217599216,42.8221579134199,43.5397571220131,529200
2021-12-01,43.79777908325195,45.27329484850916,43.75746510034673,44.48312601991999,497800
2021-12-02,45.39423751831055,46.119901525170704,43.76552736183759,43.99935277246584,402900
2021-12-03,45.813514709472656,45.97477373699896,45.16041703208317,45.35392848026676,344000
2021-12-06,47.135826110839844,47.56316293088843,46.45047919161123,46.61173819488845,518500
2021-12-07,47.74860382080078,48.15174974140664,47.2083866877941,47.24870066470283,313400
2021-12-08,47.90180587768555,48.35333048875306,47.53897387555628,47.748611510457536,281600
2021-12-09,48.240447998046875,48.554901360905376,47.34546345713598,47.788923406699496,342400
2021-12-10,49.224124908447266,49.28862974340146,48.04693935237155,48.5145871027502,420400
2021-12-13,48.97417068481445,49.47407079471669,48.61133871965983,49.23218384320009,422700
2021-12-14,48.06454086303711,49.08788051326341,47.71530518996071,48.771132600055346,554600
2021-12-15,49.177215576171875,49.44523492201482,48.145752536036035,48.235092317983685,435100
2021-12-16,49.2746696472168,49.89192455613657,48.97416568003888,49.50208081807269,264900
2021-12-17,49.14473342895508,49.95690885106985,48.99042121410648,49.169100798396805,1062800
2021-12-20,47.95083236694336,49.06351170479921,46.903125444611874,49.06351170479921,699300
2021-12-21,48.52582550048828,49.18793583130038,47.419401447438986,48.40385807034104,726600
2021-12-22,49.77164077758789,49.911032599414916,48.46484120169835,48.647792344715725,545500
2021-12-23,49.292476654052734,50.451170433649814,48.97013039817439,49.8239056366572,290200
2021-12-27,50.154972076416016,50.18110700686481,49.170515374695114,49.33604546317344,254100
2021-12-28,50.851924896240234,51.00874110606715,50.02428452734554,50.18110073717246,299300
2021-12-29,51.6795654296875,51.83638164001373,50.65154952793247,51.05230058838257,294400
2021-12-30,51.92350387573242,52.385242004053886,51.80153644222372,51.80153644222372,288000
2021-12-31,52.46364974975586,52.768568331406854,52.019336018363504,52.34168231709546,287700
2022-01-03,50.86063766479492,52.88182063331211,50.703821458326956,52.271980199643664,390800
2022-01-04,50.82578659057617,51.39206767990532,50.79965166512994,50.97388893258859,384300
2022-01-05,49.292476654052734,51.1655538642857,49.25762787125029,50.9390434227955,440500
2022-01-06,49.71937561035156,49.98944876263473,49.02241638890241,49.46672685402508,253000
2022-01-07,49.2663459777832,50.00686777102469,48.94400299572178,49.579978424486576,250900
2022-01-10,49.7629280090332,49.86747437021519,49.03112009757551,49.318617605781114,287200
2022-01-11,51.148136138916016,51.209119855086755,49.56255287175029,50.02428767228967,438800
2022-01-12,50.95647430419922,52.010625193012324,50.9303360520869,51.00003362656873,337600
2022-01-13,51.37464141845703,52.210992235921736,51.24396014925698,51.37464141845703,228300
2022-01-14,49.74550247192383,51.14813454692013,49.39702457941795,50.89548583158324,460000
2022-01-18,47.9246940612793,49.67580732033308,47.837575420576265,49.29248064853137,400900
2022-01-19,47.41068649291992,48.90915105348527,47.37584103037151,47.99439202516743,265200
2022-01-20,46.23457336425781,48.15121359905071,46.17358964380489,48.15121359905071,358700
2022-01-21,45.345947265625,46.63532252362909,45.22397982982728,46.16487717460407,460600
2022-01-24,46.887969970703125,46.975088615784735,44.16982769912472,44.648986893800156,407800
2022-01-25,45.90351486206055,46.52206922690412,44.86678832816997,46.52206922690412,362200
2022-01-26,45.128135681152344,46.63531049235419,44.54443358231804,46.426224463031836,332300
2022-01-27,44.98876190185547,46.20844308029147,44.727402598866,45.703145547596485,522600
2022-01-28,46.400089263916016,46.42622751181968,44.43117962891432,44.95389805990939,556200
2022-01-31,46.86183547973633,47.0970598116906,45.60730570931353,46.06904383797784,569800
2022-02-01,45.4679069519043,46.1735798402125,43.76035649504313,45.73798003039917,847100
2022-02-02,46.53948974609375,47.98568454316,45.851244459052566,46.62661171641522,653800
2022-02-03,46.225852966308594,46.87925268035728,45.85123686438499,46.04289852061923,382000
2022-02-04,46.11260223388672,46.54820210133446,45.32852114313549,45.71185115344198,495600
2022-02-07,46.24327850341797,46.53948319069852,45.76411604255147,46.13873215375825,450600
2022-02-08,47.74174499511719,48.00310425193974,45.79025944236979,46.17358613081864,429900
2022-02-09,49.11823654174805,49.34474698544415,47.76787776694971,47.95082889339997,493600
2022-02-10,47.933406829833984,49.54512490974734,47.74174183660815,48.63907976759573,363800
2022-02-11,47.45425796508789,48.43871142500733,47.105776687869344,48.08151961137201,301800
2022-02-14,47.036075592041016,47.680761540848735,46.365251391053384,47.680761540848735,442900
2022-02-15,48.16862869262695,48.47354723601208,47.419396473608785,47.53265335687878,275300
2022-02-16,48.08151626586914,48.36901379807498,47.68947901048086,48.2731812873397,421700
2022-02-17,46.84440994262695,48.15120953934883,46.70501811857782,47.724320208806525,299000
2022-02-18,46.635318756103516,47.532656704654116,46.50464079546162,46.731151254592106,227100
2022-02-22,46.356544494628906,46.87926641300992,45.82511203978858,46.48722580506511,342600
2022-02-23,45.102012634277344,46.99251454593906,45.0323150572426,46.68759595482052,360700
2022-02-24,46.53077697753906,46.60047455045116,43.82134531280015,43.943312742033136,574000
2022-02-25,47.811439514160156,47.88113376062306,45.81639144329343,46.65274234102657,407700
2022-02-28,47.82886505126953,48.072799904772175,46.59175974415654,47.06220838165147,518200
2022-03-01,47.00994110107422,48.569389563593255,46.64403877491277,47.82015719284719,498900
2022-03-02,48.16862869262695,48.63907729387504,47.018645438484654,47.21030709859979,486900
2022-03-03,48.001773834228516,48.5901617555069,47.55389926133402,48.39695925150166,334300
2022-03-04,48.21253967285156,48.26522882756155,47.05333136891617,47.299223024289574,374100
2022-03-07,47.43095016479492,49.582512240373816,47.28165975690878,48.379395167916115,499100
2022-03-08,46.58789825439453,47.89640056530115,46.35957072330872,47.43095839228195,391700
2022-03-09,47.149925231933594,47.98420472697147,46.552756962855256,47.57145518363202,456900
2022-03-10,48.87118148803711,49.03803606330706,46.64058234484047,46.94794691771211,463700
2022-03-11,48.16863250732422,49.47713470025,47.99299750695116,49.04682090928107,370400
2022-03-14,48.14228820800781,48.61651075183537,47.59781233362594,48.33549072957228,264500
2022-03-15,47.75589370727539,48.888754377005235,47.31679943760576,48.511136387110895,274800
2022-03-16,48.660423278808594,48.739460375580734,47.00064759661685,47.98421775087433,311900
2022-03-17,48.99412536621094,49.20488867920946,48.30035581504401,48.30035581504401,243500
2022-03-18,48.92387771606445,49.099516075963415,48.13351012155375,48.809715629649745,769700
2022-03-21,48.93265151977539,49.14341482874965,48.537466127920666,48.93265151977539,317300
2022-03-22,47.940303802490234,49.2751505422124,47.755885046679204,49.117076365796436,694900
2022-03-23,47.03577423095703,47.85248975125914,47.00942629964134,47.85248975125914,380300
2022-03-24,45.76239776611328,47.360700375847,45.38477648853657,47.360700375847,432800
2022-03-25,46.64936828613281,46.73718913881253,44.69100849668545,45.80630820054545,472000
2022-03-28,46.79865264892578,47.43094591094331,46.3244301898959,46.83378098293296,287700
2022-03-29,47.36070251464844,47.88761423505065,46.7196253598173,47.15871957682682,400300
2022-03-30,47.044551849365234,47.632939813490914,46.86013309121565,47.49242980489749,584800
2022-03-31,46.3068733215332,47.60659173445239,46.271744981989286,47.14993337045005,498200
2022-04-01,46.90404510498047,47.070899704914986,45.77996495800459,46.47373128932828,321600
2022-04-04,47.000648498535156,47.290448958912,46.4825171542025,47.06212142497943,371900
2022-04-05,45.75361633300781,47.228973178565674,45.621890077168416,46.868916052567805,358700
2022-04-06,44.65587615966797,45.78873993269177,44.58562283383367,45.36720992761789,459500
2022-04-07,45.13010787963867,45.50772921436026,44.26070311366916,44.66466903220092,611300
2022-04-08,45.43747329711914,45.990729625894076,44.84908527521758,45.13888908078623,299200
2022-04-11,45.70092010498047,46.1312304975589,45.26182595335696,45.38477177980794,279200
2022-04-12,45.63066864013672,46.728404144470396,45.49894238963042,46.14001952215854,359600
2022-04-13,46.09611511230469,46.45617225762745,45.74483837783326,45.74483837783326,395800
2022-04-14,46.1575813293457,46.614239677774144,45.78874047675927,46.16636173892081,196400
2022-04-18,46.09611511230469,46.48251684020468,45.82387547558817,45.93804091679486,175300
2022-04-19,47.61537170410156,47.86126336128996,46.30686963544352,46.30686963544352,258400
2022-04-20,47.69441223144531,48.78336394909009,47.66806430197034,47.870047227823434,451700
2022-04-21,47.88760757446289,48.361830066880074,47.676844255625845,47.97542841566379,313200
2022-04-22,47.54512023925781,48.247670301063515,47.474866908088714,47.67684984148142,520600
2022-04-25,47.185062408447266,47.77345037943742,45.91168855632557,47.36070075874386,980500
2022-04-26,47.20262908935547,48.985350567141424,46.52642358225868,47.1148115845473,742500
2022-04-27,48.06325149536133,49.19611535340666,46.66693178312528,46.79866138523211,644900
2022-04-28,49.64399337768555,49.88110466773745,47.78223475026927,48.28280191259334,352400
2022-04-29,48.64285659790039,49.92501090159482,48.51113034342447,49.19611624676366,424800
2022-05-02,47.7734489440918,49.301494840709616,46.66692971548447,48.713110237420274,422200
2022-05-03,49.02926254272461,49.46835676567566,47.77345279708278,47.77345279708278,397700
2022-05-04,50.90858459472656,51.04909461017596,48.87996810602928,49.02926188183221,345200
2022-05-05,49.26636505126953,50.662684660531276,48.79214588870763,50.57486716561829,325900
2022-05-06,48.379398345947266,49.19611381338837,47.6505003771464,49.19611381338837,386900
2022-05-09,47.237754821777344,48.85362161115473,47.03577189185803,48.05447030146402,456400
2022-05-10,46.77230453491211,47.80856693379125,46.20148418469644,47.764658191470396,395600
2022-05-11,45.34086608886719,47.325570313887695,45.270609411864044,46.59667571510513,330800
2022-05-12,45.92925262451172,45.92925262451172,44.655878775213665,45.42868550479129,344000
2022-05-13,45.75361633300781,46.649368942812444,45.525288812872375,46.298095577217694,510900
2022-05-16,46.06976318359375,46.57911406939369,44.910554750420765,46.38591154719055,256500
2022-05-17,48.32670593261719,48.35305386227979,46.33321788931883,46.473727897435666,385900
2022-05-18,46.89525604248047,48.15984597451656,46.68448937879655,47.69440725266026,329600
2022-05-19,47.15871810913086,47.9139606748859,46.29809387257972,46.56154972458143,374200
2022-05-20,46.71961975097656,47.703189740990695,45.95559684310985,47.61537224814077,319200
2022-05-23,47.02699279785156,47.606597065135134,46.78110109355648,47.08846572392533,251000
2022-05-24,46.78987503051758,46.99185795253101,45.75361249147636,46.89526004636848,250200
2022-05-25,47.422176361083984,47.8085780735734,46.49129539687662,46.49129539687662,300300
2022-05-26,47.7734489440918,48.14228645361237,47.571462669804475,47.71197602583836,214200
2022-05-27,49.19611740112305,49.257590324658835,48.20376351400901,48.20376351400901,241600
2022-05-31,46.06976318359375,47.81735959346587,45.2881760347144,45.437469806423074,1701400
2022-06-01,45.58675765991211,46.38590893397248,44.787606385851745,46.38590893397248,876700
2022-06-02,46.525596618652344,46.59645390033709,44.78077829042989,45.53361832569397,583000
2022-06-03,45.5424690246582,46.71159039932852,45.321045110585786,46.277598041135825,458100
2022-06-06,46.75587463378906,47.18100814452701,45.52475820877817,46.06502972251168,699500
2022-06-07,47.00387954711914,47.012738397868986,45.82590579701059,46.658458698430636,478200
2022-06-08,45.480472564697266,46.73816220789014,45.33876138871253,46.587592182909574,343500
2022-06-09,44.91363525390625,45.61333577867143,44.89592093165962,45.53362301789234,351800
2022-06-10,42.88538360595703,44.70991794018268,42.85881381647938,44.293639885507964,356700
2022-06-13,40.299156188964844,42.114831781087084,40.08658772465392,41.9376919572715,582700
2022-06-14,40.52058410644531,40.644580981704344,39.72345651026378,40.57372707241124,509400
2022-06-15,40.671142578125,41.19370314615319,39.95373126481666,41.12284925114062,482500
2022-06-16,39.73230743408203,40.06887272739926,39.050321377550624,39.94487249821655,1133200
2022-06-17,40.060020446777344,40.564866780193555,39.484320206586546,40.02459180405939,939300
2022-06-21,40.343448638916016,40.954580988462816,39.980313445434476,40.343448638916016,405300
2022-06-22,40.12202072143555,40.963432441920816,40.03345248924194,40.03345248924194,385100
2022-06-23,39.555171966552734,40.15744534542502,38.97061290807801,39.989164369639965,472600
2022-06-24,40.36115264892578,40.618005211978506,39.52859990992081,39.68802540570105,595400
2022-06-27,40.23715591430664,40.67114491518115,40.03344630878133,40.432010049444315,392400
2022-06-28,39.2363166809082,40.58257447646247,39.11231983029913,40.55600468809218,623400
2022-06-29,39.094608306884766,39.316032235563235,38.62519065925794,39.05917966741757,599100
2022-06-30,39.13888931274414,39.75002146977027,38.412619154572845,38.793468551987154,634200
2022-07-01,39.9537353515625,39.99801946280764,38.86432999735871,38.91746957938843,366800
2022-07-05,39.83858871459961,39.8828728200147,38.73146918591912,39.32488701019541,444700
2022-07-06,39.73230743408203,40.24600915462443,39.35145803395851,40.01572977203524,376000
2022-07-07,40.28144454956055,40.64457969215266,40.006877635440134,40.077734921146565,414600
2022-07-08,40.36115264892578,40.84828460662722,40.04230165736529,40.15744304402013,277900
2022-07-11,40.19287109375,40.688858514543334,39.68802482406483,40.29915362982558,400600
2022-07-12,40.024593353271484,40.61801131645173,39.68803137040776,40.21059204540945,443900
2022-07-13,40.15744400024414,40.5028647897728,39.51974200193828,39.652597711139016,299600
2022-07-14,39.4754638671875,39.74117194714835,39.09461438040105,39.422320899730714,244400
2022-07-15,40.06887435913086,40.325723540531385,39.670310624321885,40.299153751097755,301600
2022-07-18,39.75002670288086,40.414298523683925,39.413461367648836,40.219444375076776,338100
2022-07-19,40.72429275512695,41.13171201501509,40.35230213835814,40.78629119125509,419600
2022-07-20,41.41512680053711,41.556837968340716,40.246008821492175,40.40543430760383,402400
2022-07-21,41.68083953857422,41.71626479767021,41.08742168145996,41.29999012934021,300200
2022-07-22,41.450557708740234,42.09711515844334,41.24684810502509,41.92883419328585,280300
2022-07-25,41.30885314941406,41.78712971056297,41.167141951147144,41.6631328344121,375500
2022-07-26,42.185691833496094,42.79682071821423,41.025429121007804,41.9996931480068,836900
2022-07-27,42.46025085449219,42.66396046107386,41.671982218127155,42.51339381307649,335300
2022-07-28,42.78797149658203,43.159962164572036,42.35397900526519,42.46912042192669,271600
2022-07-29,43.4256591796875,43.6913705931661,42.61082075575865,43.15995114486987,612900
2022-08-01,44.010215759277344,44.169641247030604,43.17766306219093,43.319374231453736,389000
2022-08-02,42.69053268432617,44.001361892428754,42.68167383542781,43.83308092862981,310100
2022-08-03,42.77910614013672,43.151100130222076,42.56654104179765,42.75253634750966,317200
2022-08-04,41.69855499267578,42.69053322624776,41.65426750494358,42.69053322624776,405900
2022-08-05,41.61884307861328,41.72512561824558,40.963426763781925,41.406274620687675,317000
2022-08-08,42.052833557128906,42.47796710918816,41.61884453423267,41.61884453423267,312700
2022-08-09,41.7516975402832,42.07054855412128,41.59227203336416,41.91998189684285,381400
2022-08-10,42.53110885620117,42.911958285882385,42.17682921693366,42.17682921693366,255600
2022-08-11,42.867679595947266,43.31052751169605,42.36283324228656,42.51339991188365,334100
2022-08-12,43.50537109375,43.50537109375,42.938526396032486,43.17766463638098,300000
2022-08-15,43.48766326904297,43.63823331485701,42.87653437154947,43.36366639523224,345700
2022-08-16,43.806514739990234,44.320219940791475,43.16881604280501,43.41680979289585,434700
2022-08-17,43.08909606933594,43.50537074034396,42.84995783093002,43.3370897779076,275700
2022-08-18,43.59394454956055,44.07221767200428,43.266234699547425,43.266234699547425,434500
2022-08-19,43.01823806762695,43.35480336548253,42.89424121543301,43.35480336548253,305300
2022-08-22,41.79597854614258,42.51339327395856,41.725124647589666,42.51339327395856,315400
2022-08-23,41.742835998535156,42.19453928333926,41.65426440831622,41.795975574005816,253400
2022-08-24,41.89340591430664,42.265399865033096,41.71626609865885,41.769409056951474,384500
2022-08-25,42.60196304321289,42.71710443354793,42.03511831950358,42.10597559929778,243900
2022-08-26,41.40627670288086,42.76139013198538,41.38856238227451,42.76139013198538,279900
2022-08-29,40.98999786376953,41.45056005510708,40.95457260186751,41.308848871515615,265500
2022-08-30,40.626853942871094,41.105130350871974,40.47628732108955,40.89256193220701,446500
2022-08-31,41.11399459838867,41.24685031075406,40.494010283779815,40.87485972198875,641800
2022-09-01,41.61884307861328,41.990833656656825,40.83942990443408,41.03428404264413,832800
2022-09-02,40.511722564697266,42.2122566768693,40.34343822035084,41.68969608181751,473200
2022-09-06,40.81285858154297,41.3708444276542,40.591434661405245,40.591434661405245,376300
2022-09-07,41.42399597167969,41.45056576643245,40.812867041735174,40.89257642599345,323900
2022-09-08,41.184852600097656,41.29999399425209,40.52058078396705,41.051996885407064,642500
2022-09-09,42.13255310058594,42.20341039334775,41.238001740768915,41.609992391783415,640900
2022-09-12,42.708248138427734,43.29280717080077,42.34511303314541,42.34511303314541,737500
2022-09-13,40.56486511230469,42.03511993803469,40.25487294792172,41.83141031877428,1630100
2022-09-14,39.8120231628418,40.40543767159314,39.22746412465137,40.40543767159314,3497900
2022-09-15,39.22746276855469,40.32572352783712,39.04146748525602,40.03344570817649,975800
2022-09-16,38.56318664550781,39.42230906688843,38.35061821814589,39.42230906688843,1545900
2022-09-19,39.726348876953125,39.78003094592944,38.34845222067918,38.4021342896555,929400
2022-09-20,37.570030212402344,39.12687159602297,37.310555510747974,39.12687159602297,862300
2022-09-21,37.39108657836914,38.366350736851274,37.373191416094315,37.74003370984522,658600
2022-09-22,37.0689811706543,37.39108727126369,36.92582328295604,37.212139058352555,500200
2022-09-23,36.15635681152344,36.65741124221158,35.7626733815818,36.61267161865683,903100
2022-09-26,35.342140197753906,36.075824860452464,35.073719562426994,35.80740422512555,890900
2022-09-27,35.4047737121582,35.78056535492306,34.98424586298542,35.56582678574975,1057300
2022-09-28,36.44266891479492,36.514249574614965,35.29740566290399,35.55688043502107,702800
2022-09-29,35.9505615234375,36.2726676457028,35.655296440309804,36.129509748379725,920700
2022-09-30,36.72003173828125,37.042137818764026,36.12055577445985,36.12055577445985,1183800
2022-10-03,37.731082916259766,37.856349047184096,36.81845356873974,37.11371520160726,712800
2022-10-04,38.357398986816406,38.437925505307184,38.02634703886676,38.02634703886676,447700
2022-10-05,38.28582000732422,38.303715167633186,37.84739711263671,38.02634530257351,1015300
2022-10-06,38.25898361206055,38.41109080012196,38.017407429930834,38.24109186113902,579400
2022-10-07,38.03529357910156,38.250032103222786,37.91898014947424,38.21424178034374,688100
2022-10-10,38.31266403198242,38.616874954676504,38.05318930697654,38.40213642735882,427400
2022-10-11,38.66161346435547,39.0463509311571,38.12477223368744,38.24108908515505,616000
2022-10-12,38.16950988769531,38.74214146572348,38.02635199318827,38.598983571216436,372100
2022-10-13,39.21635437011719,39.21635437011719,37.58792864338858,38.00845644752894,1074700
2022-10-14,37.98161697387695,39.726356214056075,37.963721809862136,39.69056588602644,897500
2022-10-17,38.14266586303711,38.86740115398753,37.99055869213248,38.52740331437138,524600
2022-10-18,40.2005615234375,40.71056169357954,39.082139498888615,39.39529630050104,1085500
2022-10-19,39.41318893432617,39.65476848571107,38.885293636074636,39.26108518705768,497500
2022-10-20,39.21635437011719,39.98582591213407,39.0821423521118,39.502670156252165,282700
2022-10-21,39.6279296875,39.753192407179384,38.903190992443854,39.314769475148424,580000
2022-10-24,39.75319290161133,40.35266547129093,39.502667459136646,39.93214110901603,316600
2022-10-25,40.21846008300781,40.57635311320587,37.52529770901374,39.05530176184561,1009500
2022-10-26,39.27898025512695,40.433189113703094,38.983715221969454,40.18266368907462,861400
2022-10-27,39.824764251708984,40.11108338913854,39.31476415451871,39.869503856813786,563200
2022-10-28,40.3795051574707,40.665820890280926,39.618976219006925,39.967923305047336,637900
2022-10-31,39.806880950927734,40.11109189915779,39.4758255513089,39.88740747878726,547800
2022-11-01,39.93214416503906,40.290037194084995,39.58319701112907,40.1558285881253,491900
2022-11-02,39.1179313659668,40.683722262103025,39.1089820780516,39.601087105635195,830700
2022-11-03,38.75108337402344,39.16266181570336,38.34845080579187,38.54529415318348,526000
2022-11-04,39.81582260131836,39.88740324655553,38.903189853462585,39.03740185670577,448700
2022-11-07,40.719505310058594,40.880558345715365,39.97687490177724,40.08424245449743,367500
2022-11-08,40.665828704833984,41.06846134808055,40.34372259023674,40.630038378066864,521600
2022-11-09,40.03056335449219,40.943192740049206,40.01266819218573,40.540563534190085,439100
2022-11-10,42.866886138916016,43.02793920949659,41.18477818682657,41.18477818682657,857300
2022-11-11,42.90266799926758,43.072666912141685,42.195824486051556,42.85793180252734,414100
2022-11-14,41.52477264404297,42.68793086282884,41.50687748213511,42.68793086282884,562000
2022-11-15,42.04372024536133,42.80424582055636,41.80214068999099,42.097402315563855,450900
2022-11-16,41.70372009277344,41.91845520546265,41.453194656918335,41.83792868491593,338300
2022-11-17,41.480037689208984,41.480037689208984,40.74635309476026,40.88951098116115,300200
2022-11-18,42.18687438964844,42.37476844504368,41.63213468350151,42.08845271877874,322700
2022-11-21,42.240562438964844,42.410564772059914,41.95424667213997,41.98108770866944,327200
2022-11-22,43.09951400756836,43.13530433525406,42.43741001115038,42.56267274489684,245200
2022-11-23,43.1263542175293,43.314248299665664,42.634249206296985,42.89372052361013,260200
2022-11-25,43.242671966552734,43.439511927259936,43.08161891760387,43.14425027962251,90900
2022-11-28,41.63213348388672,42.96529381907988,41.41739840195187,42.92950350103988,326600
2022-11-29,41.927406311035156,42.160036595395454,41.53371956544404,41.5784591779181,212100
2022-11-30,42.7595100402832,42.77740520157579,41.05056138810141,41.54266637761182,699300
2022-12-01,42.52687454223633,43.44845653714365,42.40161183168558,43.153191508142974,213300
2022-12-02,42.67003631591797,43.08161821942457,41.99898309389051,42.24951195105826,297400
2022-12-05,41.74845886230469,42.42845797858649,41.51582857370002,42.42845797858649,436600
2022-12-06,40.51372528076172,41.88267639478588,40.200568425384084,41.65004266237358,375900
2022-12-07,41.80215072631836,41.936359347199975,40.51372612167053,40.51372612167053,313100
2022-12-08,42.12424850463867,42.23161606263377,41.57845801400447,41.9184558498478,261500
2022-12-09,42.02582931518555,42.45530298580788,41.918458337664966,42.061616227872406,280700
2022-12-12,42.7058219909668,42.723717151184374,41.66792659041702,42.007927808245356,464900
2022-12-13,42.87744903564453,44.566532284785666,42.71486311373373,43.86199558693151,637900
2022-12-14,43.193580627441406,43.82585874509619,42.85937780857017,43.419393994772506,484100
2022-12-15,41.92903137207031,42.60647158683729,41.495470048096145,42.60647158683729,379500
2022-12-16,41.1793327331543,41.757414499487716,40.483827031272185,41.22449472509176,921100
2022-12-19,40.176719665527344,41.38707962587686,39.90574427498561,41.025776808061856,407300
2022-12-20,40.333621978759766,40.58282326497044,38.995320339851986,39.696773073720315,493700
2022-12-21,40.795108795166016,41.23813217093888,40.232098821526485,40.46284038312716,395800
2022-12-22,40.88739776611328,40.942776999939774,39.973663293411896,40.40745496879248,239000
2022-12-23,41.413490295410156,41.413490295410156,40.81356440851803,40.90585961547483,149800
2022-12-27,40.878170013427734,41.51501536426522,40.804331034343576,41.44117990601737,183800
2022-12-28,40.20440673828125,41.45963774405368,40.185946992791536,41.04430579346271,355000
2022-12-29,41.21967315673828,41.46887447020029,40.601287450650126,40.601287450650126,315900
2022-12-30,40.60128402709961,40.961240275913816,40.278243749849395,40.92432078351324,334300
2023-01-03,40.518218994140625,41.19198392101694,40.324393409579876,41.08122543817173,296600
2023-01-04,40.979698181152344,41.29350681078666,40.65665791841431,40.87817134203,332200
2023-01-05,39.88136291503906,40.952003412059035,39.74292011747349,40.62896669690323,337400
2023-01-06,41.090457916259766,41.238132375583554,39.72446828730547,40.25055876869879,416600
2023-01-09,40.942779541015625,41.19198082744689,40.64743065061631,41.19198082744689,331500
2023-01-10,39.89059829711914,40.85971205451996,39.66908487102124,40.85971205451996,434700
2023-01-11,41.2288932800293,41.321192000925976,40.19517225183983,40.259779596049405,256600
2023-01-12,41.34888458251953,41.404263821386806,40.84125388249761,41.404263821386806,291300
2023-01-13,40.942779541015625,41.17352108169237,40.7304977460934,41.17352108169237,255100
2023-01-17,40.63819122314453,41.395023049741255,40.56435577512417,41.13659370041627,383300
2023-01-18,40.942779541015625,41.09968209867429,40.4536086014486,40.6381990173208,680400
2023-01-19,40.979698181152344,41.238127574673626,40.56436271239569,40.79510424827867,332200
2023-01-20,42.3918342590332,42.47490135083472,40.62896910710006,41.164287626948216,539100
2023-01-23,43.09328079223633,43.213267356733155,42.24415377170084,42.33644896233788,469900
2023-01-24,42.613346099853516,43.194815768980106,42.23493011346496,42.816399782591546,320600
2023-01-25,43.01945495605469,43.09329042089477,42.17955585858358,42.4379852667788,210500
2023-01-26,44.31160354614258,44.34852303733813,43.40709713687031,43.42555688246809,298000
2023-01-27,45.013057708740234,45.09612479966107,44.117779453353066,44.26545389045273,301900
2023-01-30,44.43159103393555,44.83769840365645,43.94242008859342,44.56080573490618,444100
2023-01-31,45.17919158935547,45.43762097234777,43.70244370736849,44.27468522804613,500500
2023-02-01,45.42839050292969,45.723739359832564,44.071629270957274,44.800773301802046,427300
2023-02-02,45.99140548706055,46.655938728731236,45.77912017172015,45.926794616628804,511100
2023-02-03,45.271488189697266,45.94525304533188,45.05920640127839,45.67759554218241,353000
2023-02-06,43.91472625732422,44.90229964709566,43.656293369695206,44.77308144286312,533000
2023-02-07,44.41313171386719,44.570037795719436,43.61938023362263,43.81320580777383,534800
2023-02-08,44.17316436767578,44.45928164587694,43.88704356863786,44.09009726607359,326400
2023-02-09,43.88704299926758,44.62541527013174,43.61015383779811,44.45005295606297,381200
2023-02-10,44.11778259277344,44.3023765324928,43.67475924994889,43.67475924994889,323600
2023-02-13,44.283912658691406,44.394667603864825,43.877808845831375,44.1085503687638,391600
2023-02-14,44.10854721069336,45.096120576469275,43.665523940882885,44.25622163396351,516300
2023-02-15,44.81000900268555,44.819240636497625,43.76705619463204,43.76705619463204,617000
2023-02-16,43.91472625732422,44.76385333155026,43.905494625175294,44.17315562411718,879200
2023-02-17,43.58246612548828,44.18239205723091,43.194818481448934,44.18239205723091,705500
2023-02-21,42.345680236816406,43.09328042884539,41.93957295143196,42.91791815977944,490600
2023-02-22,42.631805419921875,43.351721414787576,42.34568816528793,42.34568816528793,466200
2023-02-23,42.85332107543945,43.39787127589656,42.38260634036744,42.91792842796516,319300
2023-02-24,42.631805419921875,42.72410414789772,42.07802713541269,42.41029551445279,299100
2023-02-27,42.80717086791992,43.50862359021341,42.511821982655675,43.2501941958163,298200
2023-02-28,42.6041145324707,43.02867808846048,42.585654788188165,42.659493765318324,539400
2023-03-01,42.945613861083984,43.444016427412606,42.34568797569119,42.38260394587978,430100
2023-03-02,43.392967224121094,43.392967224121094,42.703300823081754,42.703300823081754,412700
2023-03-03,43.71916198730469,44.00807693719345,43.40228878766603,43.65392370107496,333200
2023-03-06,43.3370475769043,43.87759740372384,42.87105781801285,43.87759740372384,586800
2023-03-07,42.96425247192383,43.42092397999626,42.71262114170179,43.215887357365425,636800
2023-03-08,44.31562423706055,44.33426425357044,43.066771572654915,43.066771572654915,556600
2023-03-09,44.595211029052734,45.52719039062306,44.269019674590766,44.753649369233635,506500
2023-03-10,44.44609832763672,44.930728064305164,43.58867894714447,44.334261790011524,837300
2023-03-13,44.57658004760742,44.86549140985297,43.58868052307924,43.86827365486056,820600
2023-03-14,44.80025863647461,45.78815828240635,43.94283911961385,45.5458415979231,673300
2023-03-15,45.22895431518555,45.36875263234684,43.76574709783131,43.92418542762869,973000
2023-03-16,45.909305572509766,45.96522561869425,44.58589647645185,44.64181652263633,597200
2023-03-17,45.657676696777344,45.881349783049615,44.94937029473607,45.79747148689261,1263500
2023-03-20,45.89999008178711,46.47781637263441,45.443318565407715,45.750873504948466,651800
2023-03-21,45.946590423583984,46.505780278435466,45.685637291118496,46.22618357339983,599900
2023-03-22,44.01738739013672,45.71358964280384,43.989429145327485,45.499234803754625,646600
2023-03-23,43.54207992553711,44.34358280082695,43.159968503040716,44.28766275538137,621800
2023-03-24,43.7098388671875,43.76575536043347,42.34914612961625,43.38364391730129,702800
2023-03-27,44.31562423706055,44.43678256676502,43.5141213032334,43.81235445695239,340900
2023-03-28,43.60731506347656,44.34357961038329,43.41160025132742,43.96146466016003,468800
2023-03-29,44.4833869934082,44.529985263529106,43.72848221865723,43.896238835268555,370000
2023-03-30,44.80025863647461,45.20101014485692,44.61386200730749,44.94937522876431,314800
2023-03-31,46.13298416137695,46.226180687089894,45.0705281252834,45.089168141469905,689900
2023-04-03,45.359439849853516,46.077064480268575,44.87481364601802,45.872031411021126,545600
2023-04-04,45.182369232177734,45.35012583958594,44.539304607259574,45.31284580344636,395400
2023-04-05,45.191680908203125,45.29419565182173,44.390178086619876,45.02392433832667,354800
2023-04-06,45.43400192260742,45.54583847034,44.98665217645735,45.359441853972534,259600
2023-04-10,46.263465881347656,46.7201374408215,45.34080808609676,45.44332285373133,548000
2023-04-11,46.142295837402344,46.5337290112771,45.806786259362774,46.31005240403166,517800
2023-04-12,45.564476013183594,46.561693768094315,45.42468122491417,46.561693768094315,432000
2023-04-13,45.70427322387695,45.96522633302105,44.74433196983214,45.52719485248391,410700
2023-04-14,45.3687629699707,45.95591105852792,44.94005324731229,45.74155619719871,372800
2023-04-17,45.53651809692383,45.65767642514527,45.098486602352175,45.36876150560786,522500
2023-04-18,45.21031951904297,45.63903274870158,44.97732466703648,45.545832674767404,399400
2023-04-19,45.71359634399414,46.01182951640861,44.94937339527959,45.08917175025756,238500
2023-04-20,44.52065658569336,45.210319354195086,44.40882005259943,45.210319354195086,503500
2023-04-21,44.52997589111328,44.688414242441276,43.9707896569166,44.688414242441276,367400
2023-04-24,43.76575469970703,44.4740610820322,43.34636323059601,44.4740610820322,476600
2023-04-25,43.43024444580078,44.43678403937321,43.383646180591626,44.334265722781225,605800
2023-04-26,42.16275405883789,43.001533474005996,41.97635744817176,42.83377687992845,900400
2023-04-27,42.52622985839844,42.67534645119007,41.89248345022899,42.15343659880934,467700
2023-04-28,43.08540725708008,43.27180384821784,42.48894100961466,42.48894100961466,300200
2023-05-01,42.20002365112305,43.486156144122695,42.15342539486475,42.89900816065474,395900
2023-05-02,41.68743896484375,42.4796236037377,41.156210980691256,42.153428674115716,759300
2023-05-03,42.11614990234375,43.15064765666829,41.79927674836344,41.79927674836344,497900
2023-05-04,41.762001037597656,42.09751065805948,41.24940948851812,41.88315580808963,302900
2023-05-05,42.57282257080078,42.70329912806228,41.85519795064302,42.246631177647046,321400
2023-05-08,43.094730377197266,43.132006852404324,42.33050397433275,42.712618953374694,320000
2023-05-09,44.00807189941406,44.362221539771674,42.7871775086099,42.7871775086099,392000
2023-05-10,44.762969970703125,44.87481005977614,43.70051401104465,44.446096828768205,547700
2023-05-11,43.4675178527832,44.641813866245386,43.35568132228845,44.641813866245386,321200
2023-05-12,43.75643539428711,43.76575362438529,43.12268909102812,43.5607205652505,282800
2023-05-15,43.924190521240234,44.15718537338207,43.150645905624074,43.96146699561626,393200
2023-05-16,43.22521209716797,43.933514983869465,43.19725029339489,43.83099666554771,298200
2023-05-17,43.53276062011719,43.86827380146384,42.89901428984452,43.36500402944386,324500
2023-05-18,43.88691711425781,44.231748552001996,43.33704903801825,43.50480564129268,306300
2023-05-19,43.38364791870117,44.44610405100261,43.17861483252258,44.30630924977446,578700
2023-05-22,43.30908203125,43.57935334389802,42.61009751069513,43.57935334389802,267500
2023-05-23,43.38364791870117,43.70052111212615,42.908339906173644,43.10405476102498,386600
2023-05-24,42.50758743286133,43.46752522239877,42.386429097072586,43.14133380514424,275500
2023-05-25,42.43302536010742,42.69398203681289,41.939077364375066,42.479627179132436,224000
2023-05-26,42.70330047607422,42.749898740107206,42.22799249458625,42.50758563400386,241800
2023-05-30,43.34635925292969,43.374321051784186,42.349141604119275,43.03880790728364,243600
2023-05-31,43.36500549316406,43.551402106339246,42.72194091069036,43.52344385868986,475300
2023-06-01,43.22384262084961,43.72261430979708,42.89446576775948,43.44029078001434,267600
2023-06-02,44.04258346557617,44.268444451218706,43.421470242482435,43.572043036264596,382600
2023-06-05,43.2614860534668,43.70379159371401,43.007393803569,43.656738271126656,262400
2023-06-06,44.240203857421875,44.39077663171244,43.3179451661499,43.3179451661499,316500
2023-06-07,45.39773941040039,45.66124088584548,44.437836562786806,44.45665860959551,396800
2023-06-08,45.31303787231445,45.529486006015304,44.56017042821301,45.529486006015304,270200
2023-06-09,45.20952606201172,45.55772498031262,44.92720251771535,45.15305991717699,285200
2023-06-12,45.8870964050293,45.90591845107398,44.72956749781818,45.15305455897791,323900
2023-06-13,47.129329681396484,47.24225837579413,45.68006434186261,45.764761760145454,526100
2023-06-14,47.82572555541992,48.15510239659759,47.298719019597335,47.36459797777119,707200
2023-06-15,48.39037322998047,48.47507064595808,47.242257089986396,47.590455982366194,816800
2023-06-16,48.842098236083984,49.03031153677322,47.59987178385435,48.757400814798395,1382000
2023-06-20,48.75739669799805,48.870325386864245,47.64692108598862,48.71033978686037,464000
2023-06-21,48.842098236083984,49.03031153677322,48.20216296191253,48.59741520128623,335100
2023-06-22,48.72916030883789,48.82327053823073,48.24921070371804,48.7762172185034,312600
2023-06-23,47.27049255371094,48.371559058979344,47.148151033139186,48.10805396929105,741400
2023-06-26,47.69397735595703,47.976300890546845,46.85641598103389,46.85641598103389,351300
2023-06-27,48.917381286621094,49.10559817127833,47.87278098721498,47.90101585337358,411800
2023-06-28,50.23488998413086,50.26312125703237,48.89855349109656,48.98325089973914,506400
2023-06-29,50.20665740966797,50.26312354798272,49.651419614356676,50.13137281518652,318400
2023-06-30,49.736122131347656,50.696025041585315,49.190297098039146,50.67720299354866,616900
2023-07-03,49.6984748840332,50.281943934272356,49.48202674587897,49.717296929516806,124800
2023-07-05,49.3126335144043,49.90551181150775,49.067950505176455,49.62318830003874,266800
2023-07-06,48.870323181152344,49.00207391053952,48.145690579584745,48.96442981930372,329400
2023-07-07,49.21852493286133,49.406741810125666,48.503305107182854,48.60682456917515,311800
2023-07-10,50.3101806640625,51.015991291526696,49.25617113223208,49.25617113223208,466900
2023-07-11,50.37605285644531,50.5736825480171,49.76435250520752,50.28194621469743,448100
2023-07-12,50.4136962890625,51.09127558857832,50.34782092271382,51.07245354248752,523800
2023-07-13,50.4231071472168,50.667786557010444,50.027851374549414,50.43251637492736,269600
2023-07-14,50.385467529296875,50.385467529296875,49.453795945969134,50.19725064893448,332500
2023-07-17,50.50780487060547,50.62073715149027,49.877282457054626,50.14078393257577,304300
2023-07-18,50.92188262939453,51.232437426425356,50.46075145812045,50.46075145812045,214900
2023-07-19,50.187835693359375,50.743069862665095,49.54790052711448,50.45133714183504,308400
2023-07-20,50.69602584838867,50.790136090069645,50.00903723884147,50.37605820655065,358400
2023-07-21,50.25371170043945,50.808949466809146,50.21606761019181,50.79012742168532,245600
2023-07-24,49.886688232421875,50.45133882794665,49.613777547353244,50.34781937260353,344800
2023-07-25,50.05608367919922,50.15960313583925,49.529080758032755,49.70788480772307,231600
2023-07-26,50.10314178466797,50.19724842571201,49.58554448911102,49.96197823316367,252600
2023-07-27,49.76435089111328,50.451339405417706,49.46320533936171,50.21606921874065,341600
2023-07-28,49.74552917480469,50.58309047053129,49.51025898656966,50.21606955127475,269200
2023-07-31,50.47016525268555,50.55486266986644,49.61378185227362,49.84905205667182,351400
2023-08-01,49.369102478027344,49.86787778937236,47.091688454307665,49.80199882452864,625700
2023-08-02,48.09864044189453,49.05854329226949,47.92924561006728,48.90797050730509,336800
2023-08-03,48.211570739746094,48.35273430095242,47.11991711489107,47.87278106480169,268600
2023-08-04,47.872779846191406,48.484483809263146,47.65633169047298,48.051587497826304,348900
2023-08-07,47.93865966796875,48.66329239046668,47.929250438558604,48.2209868094153,239500
2023-08-08,48.1833381652832,48.29626685724255,47.03521842889158,47.37400809470802,298500
2023-08-09,48.17392349243164,48.45625059636979,47.901012796530075,48.126870171754696,213800
2023-08-10,47.04463195800781,48.362142957271566,47.016397092137666,48.16451684587277,360000
2023-08-11,46.13178253173828,47.27990228849806,46.056494342470806,46.74348291481345,370300
2023-08-14,46.06591033935547,46.112963665924795,45.595369893784806,45.858871394523995,251800
2023-08-15,45.068359375,45.63301001444297,44.98366195858047,45.60477514901086,268700
2023-08-16,44.70133972167969,45.31304370121491,44.691930492890165,45.068360673425424,272400
2023-08-17,44.00493621826172,44.85191036634251,43.91082957511422,44.7295688583001,339200
2023-08-18,43.75084686279297,44.28726261800349,43.43087925530439,43.75084686279297,498500
2023-08-21,43.760257720947266,44.14610070994303,43.28030808680654,43.562631612179814,442700
2023-08-22,44.13669204711914,44.24962074072822,43.78848955775529,44.014350534911884,259200
2023-08-23,45.52948760986328,45.58595015720325,44.23079517197164,44.40018999386786,463200
2023-08-24,45.50125503540039,45.92474211144636,45.11541205276702,45.50125503540039,326900
2023-08-25,45.5859489440918,46.178830804951076,45.13423062770217,45.604770989350286,461900
2023-08-28,45.68947219848633,46.59290890641327,45.501255320183624,45.708294245310434,243900
2023-08-29,45.60477828979492,45.65183161550445,44.9554337791507,45.585956241523384,287900
2023-08-30,45.237754821777344,45.604775767930136,45.115413309746934,45.57654449205329,263700
2023-08-31,44.47547912597656,45.26598717885599,44.456660668234804,45.22834667343393,378300
2023-09-01,44.50371170043945,45.06835874201355,44.428423513595796,44.72015985270747,225000
2023-09-05,43.33677291870117,44.38137324850339,43.233253449630524,44.38137324850339,365300
2023-09-06,43.54380798339844,44.099045785436374,43.13914296208579,43.51557670886815,312300
2023-09-07,43.2520751953125,43.74143767026498,43.167377774841135,43.49675822775802,268800
2023-09-08,43.1673698425293,43.619088138723924,43.092085254799144,43.22383597578034,225600
2023-09-11,43.29912567138672,43.459111272835436,43.035624198339804,43.346182582949375,282800
2023-09-12,43.4496955871582,43.56262785952982,43.15796285837676,43.233247450019746,205000
2023-09-13,43.50616455078125,43.53439582573984,43.28971639957597,43.43087995424557,228000
2023-09-14,45.1407356262207,45.16924440443859,43.41113299329729,43.962323248457764,280400
2023-09-15,45.321292877197266,45.37831405334033,44.87463968570011,45.28328238499433,858600
2023-09-18,44.95066452026367,45.61589707769184,43.30659199811563,45.30228604517433,292300
2023-09-19,43.791263580322266,45.036195136277556,43.791263580322266,44.95066518298686,387900
2023-09-20,43.0214958190918,44.275932770226035,42.96447463941261,44.13338163364105,257600
2023-09-21,42.7078857421875,42.964475618753625,42.63186112610832,42.8409351644717,417200
2023-09-22,42.688873291015625,43.04049842480933,42.6793715746654,42.74589446479381,379300
2023-09-25,43.040504455566406,43.12603441560517,42.39427889643486,42.39427889643486,360800
2023-09-26,42.850433349609375,42.93596330141401,42.60334883618807,42.69838050475954,359700
2023-09-27,43.0309944152832,43.202054316687395,42.51781833629637,42.96447152309555,388700
2023-09-28,42.897953033447266,43.22106581090169,42.72689311448751,43.05000589194193,335700
2023-09-29,43.135536193847656,43.572687712336815,42.71739173597447,43.240073214622484,415300
2023-10-02,43.14503860473633,43.15454032178554,42.68887643140473,43.08801742676341,329900
2023-10-03,42.60334777832031,43.21155914261737,42.432287878958554,42.94546395181814,386600
2023-10-04,43.29709243774414,43.34460827452145,42.52732283113828,42.64136156444901,236900
2023-10-05,43.05000305175781,43.49665988015454,42.82192559167607,43.363614090902544,301500
2023-10-06,43.135536193847656,43.363617296013295,42.707886393053414,42.88845165629217,343800
2023-10-09,43.230567932128906,43.54417534336715,42.707882871355444,42.83142694255879,281200
2023-10-10,42.850433349609375,43.34460600167777,42.76490339780473,43.268577766639964,304500
2023-10-11,43.19255447387695,43.52516894924515,42.96447338703456,43.088017460125265,202800
2023-10-12,42.76490783691406,43.18305229734914,42.35626509423213,43.173550579596004,337100
2023-10-13,42.641361236572266,43.030996895511755,42.35626259287463,42.75540359423207,207200
2023-10-16,43.5346794128418,43.63921281366465,42.76490973257399,43.173552493370025,355100
2023-10-17,43.249568939208984,43.981324358007036,43.17354433250595,43.354105945498084,332100
2023-10-18,42.3942756652832,42.94546587945837,42.18520163996201,42.926458820317734,283500
2023-10-19,41.938114166259766,42.755399525584984,41.89059833436947,42.20420572502589,286700
2023-10-20,41.291893005371094,41.98563437390296,41.25387888580678,41.96662731412081,244900
2023-10-23,40.569637298583984,41.168346964860824,40.569637298583984,41.02579583591012,279900
2023-10-24,40.98778533935547,41.03530117392577,40.28453866194737,40.78821303379895,355400
2023-10-25,39.85688781738281,40.86424015894027,39.83788075902599,40.569636192248055,305000
2023-10-26,40.65517044067383,40.82623035874555,40.03745729228248,40.09447484815566,373000
2023-10-27,40.427093505859375,40.76921334656527,39.97093492666022,40.65517098284589,365200
2023-10-30,40.522125244140625,40.826230964060066,40.03745788590218,40.81672924634902,312200
2023-10-31,40.7216911315918,41.01629511346008,39.25818381498306,40.39857837333254,408700
2023-11-01,40.01845169067383,40.58864902154707,39.4007348945393,40.24652917293263,431500
2023-11-02,42.47980499267578,42.527320827214105,40.67417427841325,40.67417427841325,633000
2023-11-03,44.07636642456055,44.36146508767506,42.99298932958969,43.04050516923774,375600
2023-11-06,43.76275634765625,43.89580215177158,43.316103094587106,43.89580215177158,299300
2023-11-07,43.14503860473633,43.99083280592563,43.0690103674391,43.715235883562,212100
2023-11-08,42.384769439697266,43.240068957070285,42.31824654670445,42.973977385099026,267100
2023-11-09,42.166194915771484,42.71738875955095,41.9001033361405,42.71738875955095,260700
2023-11-10,42.83142852783203,42.973979663360126,42.07116426387611,42.31824879020205,293800
2023-11-13,42.61285400390625,42.91695971823355,42.28974122928023,42.61285400390625,206000
2023-11-14,45.311790466308594,45.349804583154956,43.65821263574901,43.80076376131001,328800
2023-11-15,44.96967697143555,45.69193079189834,44.70358536664727,45.24527391938125,264500
2023-11-16,44.73208999633789,44.92215696436737,44.3424543432291,44.8366270100154,171100
2023-11-17,44.941165924072266,45.644409022724986,44.808120128393426,45.093218779880374,278900
2023-11-20,44.98868179321289,45.150236366585474,44.51351616532734,44.96967473307034,128000
2023-11-21,44.64656066894531,44.74159596690755,44.18090039722112,44.69407650531346,150600
2023-11-22,45.283287048339844,45.32129754445717,44.912654803080265,45.083714723899725,128500
2023-11-24,45.26427459716797,45.463843272615414,45.07420763831176,45.36881160580017,121000
2023-11-27,44.36145782470703,45.01718500503574,44.332949050630965,44.41847899808476,330500
2023-11-28,43.83877944946289,44.513513734154486,43.7057336609576,44.36146088654475,296200
2023-11-29,43.696231842041016,44.637061404828586,43.534677264465756,44.304443281520356,426700
2023-11-30,43.56318664550781,43.96232404872842,43.259080921560816,43.69623244658135,568200
2023-12-01,43.781761169433594,44.22841802488129,43.42063427300299,43.42063427300299,781200
2023-12-04,43.51567077636719,43.952822301091324,43.05000684769934,43.610702455576366,662700
2023-12-05,43.36362075805664,43.572691191071826,42.954977985253365,43.30659957165627,476800
2023-12-06,43.08802032470703,44.02884988579464,43.03099914289907,43.753252944895365,431600
2023-12-07,42.62235641479492,43.23057147856964,42.422787716251065,42.99298865880996,384700
2023-12-08,42.755401611328125,42.97397734886677,42.28023601879391,42.479804697604095,376600
2023-12-11,42.888450622558594,43.382623310984734,42.53682544747731,42.669874868582305,579600
2023-12-12,41.95712661743164,42.82192791981287,41.833582538455445,42.82192791981287,387100
2023-12-13,43.64871597290039,43.65821769059926,41.73854807030275,41.73854807030275,652600
2023-12-14,45.81771469116211,46.019258004934414,44.18616573446716,44.18616573446716,748300
2023-12-15,44.8195915222168,45.96167399523084,44.59885307757185,45.94247887033619,1461600
2023-12-18,45.38583755493164,45.45301866545566,44.81959415116071,45.25147533388361,708100
2023-12-19,46.604698181152344,47.01738421644441,45.472211432364226,45.472211432364226,994000
2023-12-20,47.209327697753906,47.91953267256474,46.42234588466649,46.460736134352636,881700
2023-12-21,47.247718811035156,47.833157315614535,46.77745105761931,47.468457259121585,391800
2023-12-22,47.401275634765625,47.95792327603395,47.02697985030383,47.6124183485013,385000
2023-12-26,47.247718811035156,47.67000058201409,47.22852368584123,47.65080911791595,254100
2023-12-27,47.420467376708984,47.62201068302607,47.209324678036516,47.276505780142216,317300
2023-12-28,47.54523468017578,47.79476396934205,47.1709389158786,47.19972977125668,295100
2023-12-29,47.122947692871094,47.54523308341037,47.08456110735469,47.26690928711774,342800
2024-01-02,47.60281753540039,48.02510295027436,46.78704488391399,46.78704488391399,381300
2024-01-03,47.122947692871094,47.554828814515616,46.92140438980212,47.391675758058476,418400
2024-01-04,46.633487701416016,47.45885974834127,46.53751574013916,47.334093269804846,745700
2024-01-05,46.71026611328125,47.1037606866336,46.086441021755135,46.086441021755135,455400
2024-01-08,47.190128326416016,47.33408991923655,46.47992707660973,46.47992707660973,210600
2024-01-09,46.691070556640625,47.01738033291689,46.50871871451552,46.55670469256591,255600
2024-01-10,46.68147277832031,47.17093929020506,46.489525198386985,46.68147277832031,381200
2024-01-11,46.47993087768555,46.8254357998335,46.10563509905715,46.36476379066812,302800
2024-01-12,45.798519134521484,47.28610647528235,45.62576667832003,47.14214487474928,294400
2024-01-16,45.462608337402344,45.86569860790733,45.17468880766761,45.40502662811267,334700
2024-01-17,44.42610168457031,45.155498142655304,43.97502539142154,44.73321636808987,443900
2024-01-18,44.790794372558594,44.80039376498975,44.07099370623305,44.62764131218398,451800
2024-01-19,45.107513427734375,45.4242275133828,44.31093217796111,44.83878898737516,384300
2024-01-22,45.73133850097656,45.91368669057799,45.1650951467351,45.47220981400888,412500
2024-01-23,45.07871627807617,46.14402181953046,45.059521154858615,46.14402181953046,408900
2024-01-24,44.66603088378906,45.64496021450918,44.64683576031273,45.548984597127536,388200
2024-01-25,44.50287628173828,45.52979163945068,44.37811346485049,45.328248325005205,352700
2024-01-26,44.128578186035156,44.68522578074054,43.73508730950376,44.68522578074054,394300
2024-01-29,44.17656326293945,44.483677908549254,43.84065776339603,43.9174345942508,579100
2024-01-30,43.821468353271484,44.55086481640998,42.62180046836907,42.832943187662565,588000
2024-01-31,42.92891311645508,44.19576204989513,42.842536886398,43.71589491871039,715800
2024-02-01,43.907840728759766,43.96542610016892,42.9193156500235,43.04407846310005,485000
2024-02-02,43.03448486328125,43.58153310492966,42.78495556367322,43.312808680567834,416500
2024-02-05,42.49702835083008,42.976895441191196,41.8252173532008,42.45864176603366,317700
2024-02-06,42.621795654296875,43.01528652965679,42.42984808217353,42.44904320549541,309900
2024-02-07,42.75615692138672,42.95770022021558,42.31468007792483,42.736961798484636,1425400
2024-02-08,42.8713264465332,43.36079295575652,42.420253846402474,42.717769115640614,744100
2024-02-09,42.95770263671875,43.05367825662809,42.67938249172053,42.871326409348114,506100
2024-02-12,43.600730895996094,43.71589799046601,42.99609724311115,43.264825345002194,429300
2024-02-13,42.52582550048828,42.87132675163375,41.95958215233669,42.189916319767,539300
2024-02-14,42.70817565917969,42.99609521230332,42.362670730993024,42.880928123273016,636500
2024-02-15,42.9481086730957,43.51435204003398,42.93851294125757,43.09207027833766,401400
2024-02-16,42.506629943847656,42.79454948075375,42.074748807940736,42.49703055132998,560100
2024-02-20,42.103538513183594,42.564210491868536,42.036357411777175,42.22830498483643,305500
2024-02-21,42.103538513183594,42.41065316564023,41.87320435438885,42.04595680403263,404800
2024-02-22,42.3626708984375,42.43945139882502,41.40293661016806,42.03636109398206,630000
2024-02-23,42.391456604003906,42.535418194188004,41.71964561273231,42.391456604003906,379800
2024-02-26,41.949981689453125,42.276291469233925,41.64286703331772,42.08434389387543,437500
2024-02-27,42.29549026489258,42.34347624762438,41.575689540628105,41.74844200733924,462800
2024-02-28,43.053680419921875,43.140056651632605,41.959583925649774,41.959583925649774,464700
2024-02-29,43.38957977294922,43.86944684496439,42.91931209258767,43.2456218480018,463100
2024-03-01,43.946231842041016,44.118984298575924,43.09206895200485,43.33200251262605,311200
2024-03-04,45.510597229003906,45.7313393323973,43.94623300822946,44.0038147212054,444500
2024-03-05,44.33012390136719,45.60657221729346,43.927037271766665,45.414624634156986,360400
2024-03-06,44.50287628173828,44.81959034252027,44.224556130830756,44.742809844962586,347300
2024-03-07,44.98744201660156,45.10374138792088,44.192748130783734,44.67731775369572,360900
2024-03-08,45.53985595703125,45.92750944712894,45.365410592546766,45.520472727980426,314600
2024-03-11,45.7724494934082,45.85967217980786,45.21035061203396,45.30726306493442,219000
2024-03-12,44.8614616394043,45.46232700447475,44.56102710838245,45.43325400685024,261000
2024-03-13,44.36719512939453,45.190965736952755,44.20244322606666,44.541640495843424,404300
2024-03-14,43.34960174560547,44.41565722576491,43.12670014355645,44.076456242406984,448900
2024-03-15,43.39805221557617,43.53373111213123,42.63243505687656,43.06854473952561,1126200
2024-03-18,42.91348648071289,43.54342849657151,42.797190801329435,43.3786728952197,287900
2024-03-19,43.56281280517578,43.82448086300078,42.64212971956332,42.64212971956332,336300
2024-03-20,44.36719512939453,44.657939871458005,43.204230949032514,43.204230949032514,327000
2024-03-21,44.85176467895508,45.103742961967725,44.40596149759173,44.49318418063873,262100
2024-03-22,44.871150970458984,45.11343580690528,44.667632595117674,44.95837365945858,348100
2024-03-25,44.774234771728516,45.83059671820579,44.73546831386425,45.09404880667642,355500
2024-03-26,44.871150970458984,45.462326562903655,44.75485528411726,45.11343580690528,541900
2024-03-27,45.510780334472656,45.75306515784226,44.99713769196046,45.278188974342726,260800
2024-03-28,45.568931579589844,45.79183318106726,45.34602997811243,45.743376954132714,355300
2024-04-01,45.23942184448242,45.57861911338076,45.094049473827155,45.57861911338076,369500
2024-04-02,44.64824676513672,45.045593725896104,44.25089980437733,44.74515921528369,500500
2024-04-03,44.30904769897461,44.541639048701015,44.02799642916342,44.30904769897461,359600
2024-04-04,43.95046615600586,44.997138383597665,43.85355370395761,44.76454332291957,351800
2024-04-05,43.85354995727539,44.08614499808144,43.59188192273337,43.92138940730783,222000
2024-04-08,43.78571701049805,44.309053157310366,43.727567317416685,44.10553108001226,221700
2024-04-09,44.842079162597656,44.9002288557976,44.01830847864499,44.01830847864499,290000
2024-04-10,42.63243865966797,43.611267708229,42.46768305923316,43.611267708229,430200
2024-04-11,43.10731506347656,43.339910119139894,42.53552273598441,42.75842432846806,292200
2024-04-12,42.55490493774414,43.330215609611194,42.29323689280659,42.855339440518264,219800
2024-04-15,41.89589309692383,42.69058705754487,41.605152035204235,42.55490814187394,179300
2024-04-16,41.11088943481445,41.79898118271889,41.013976978645324,41.79898118271889,298100
2024-04-17,39.89946365356445,41.39193907956259,39.84131766097562,41.20780394140947,491100
2024-04-18,39.492427825927734,40.17082609852849,39.39551537140184,39.92854126524059,459500
2024-04-19,39.918846130371094,39.9866855850937,39.29859757463696,39.29859757463696,390600
2024-04-22,40.073909759521484,40.14174921676682,39.61841678901326,39.938230845030816,215500
2024-04-23,40.17082595825195,40.88798699197484,40.073909807091326,40.073909807091326,232100
2024-04-24,40.132057189941406,40.37434200845034,39.57964809949886,39.84131614712527,323100
2024-04-25,39.773475646972656,39.9091545502513,39.22106657106799,39.74439895557521,535200
2024-04-26,39.78316879272461,40.025453625441536,39.511810963113064,40.025453625441536,315500
2024-04-29,39.67655944824219,40.30650143769202,39.49242432219005,40.27742844330822,363800
2024-04-30,38.77526092529297,39.69594397971788,38.629892251629855,39.26952402787726,570300
2024-05-01,39.50211715698242,40.77169100032116,39.27921555645238,39.521500387068485,600100
2024-05-02,40.132057189941406,40.26773609679074,39.44396919264953,39.899462137504734,320500
2024-05-03,40.70384979248047,41.16903620361492,40.34526929374676,40.810455704881214,300600
2024-05-06,41.372554779052734,41.72144551344934,40.674777007232514,41.0430472740085,441800
2024-05-07,41.04304885864258,41.82805304134322,41.00428609541424,41.508238987113934,468600
2024-05-08,41.15934371948242,41.24656639687112,40.75230332601094,40.91705891528857,406700
2024-05-09,41.634220123291016,41.76989902296437,41.00428184666863,41.16903373999406,395200
2024-05-10,41.837738037109375,42.11878929606178,41.479157563567895,41.702059138848966,403000
2024-05-13,42.671199798583984,42.70027648989204,42.23509009566425,42.23509009566425,358200
2024-05-14,42.855342864990234,43.339912535749605,42.59367479914339,43.19454015573252,414300
2024-05-15,43.03947830200195,43.48528151486225,42.84564969298388,43.44651875063721,530200
2024-05-16,42.6615104675293,43.078240643120694,42.51613810042611,43.029784419743926,536300
2024-05-17,42.477378845214844,42.72935344575116,42.27385677508082,42.72935344575116,451700
2024-05-20,42.23508834838867,42.48706291513967,41.82804795967069,42.24477811377527,322100
2024-05-21,42.6615104675293,42.70027692501986,41.99280571219496,42.12848461643907,214400
2024-05-22,42.32231140136719,42.73904159558262,42.19632595435176,42.525833463801796,195200
2024-05-23,41.43070602416992,42.29323942941472,41.343483337292746,42.29323942941472,403500
2024-05-24,41.43070602416992,41.837742764948004,41.236877420334736,41.837742764948004,275500
2024-05-28,41.421016693115234,41.76021398066327,41.207804856957516,41.682681059524775,243500
2024-05-29,40.771690368652344,41.033358425300534,40.62631799374566,41.033358425300534,236200
2024-05-30,41.149658203125,41.314413824217404,40.92675658386045,41.07212897323767,398800
2024-05-31,41.411319732666016,41.82804990616338,41.14965169137887,41.36286350953274,647100
2024-06-03,41.634220123291016,41.915271385170236,41.37255208950409,41.779592485496885,236500
2024-06-04,41.47916030883789,41.90558395670484,41.21749226045762,41.42101431829091,345200
2024-06-05,41.45008850097656,41.72144632323055,41.08181453007968,41.56638418237498,225500
2024-06-06,41.33379364013672,41.51792878075408,41.043048885409235,41.12058180586273,477500
2024-06-07,40.844051361083984,41.30440142917176,40.697128821152425,40.98117707227589,262400
2024-06-10,40.29554748535156,40.73631139834359,39.82540055695861,40.569798926148536,463100
2024-06-11,40.197601318359375,40.73631110304647,39.737247486305286,40.07026869188568,716600
2024-06-12,39.90375900268555,41.490505303599555,39.89396217359352,41.34358275838349,595800
2024-06-13,39.541351318359375,39.99191204971415,39.26709988427908,39.95273220587538,512900
2024-06-14,39.45320129394531,39.85478538035673,39.18874293415304,39.26710262730445,499000
2024-06-17,39.6784782409668,39.90376048168681,39.032025743567836,39.21812813925866,369500
2024-06-18,39.38463592529297,39.668684190304155,39.227920285355,39.590324502137385,424500
2024-06-20,39.335662841796875,39.609914276567395,39.05161457784423,39.061411407026355,338200
2024-06-21,39.11038589477539,39.71765855430549,39.03202620379307,39.40422726316765,827200
2024-06-24,39.23771667480469,39.913552163888376,39.06141111480102,39.169153816624984,282100
2024-06-25,38.640235900878906,39.1397658139837,38.43454733291784,39.12997272158359,498500
2024-06-26,38.1994743347168,38.6402382473965,38.17988441233152,38.25824410187264,758600
2024-06-27,38.42475509643555,38.70880338312704,37.93501821720023,38.27783627450247,638500
2024-06-28,38.58146667480469,38.924284695911325,38.36598127504597,38.66961945321548,1096400
2024-07-01,37.004512786865234,38.57167284691367,36.877183904340264,38.42475030689821,365300
2024-07-02,37.190616607666016,37.21020652951888,36.44621452283956,37.122053749378786,599600
2024-07-03,36.730262756347656,37.71952952257125,36.661699898114115,37.406098245962056,208700
2024-07-05,36.847801208496094,37.00451685810326,36.29929830306893,36.847801208496094,270700
2024-07-08,37.171024322509766,37.21999725583048,36.62251775468995,36.975128852831595,402300
2024-07-09,36.88697814941406,37.19061633128357,36.700879497788215,37.161229580524896,327900
2024-07-10,36.955543518066406,37.06328622657904,36.45601355797555,37.06328622657904,260400
2024-07-11,38.5618782043457,39.169154583535374,37.54322840441892,37.66076420125747,761400
2024-07-12,38.885108947753906,39.09079754024055,38.424755085754,38.92428879481685,475400
2024-07-15,39.1005859375,39.619709507743224,38.92428411968382,39.129972687465546,364900
2024-07-16,40.67753982543945,40.77548943308721,39.169153231618864,39.39443172461548,476800
2024-07-17,41.92147445678711,41.98024422507284,40.5795965069599,40.5795965069599,595700
2024-07-18,41.53947830200195,42.64628459813723,40.81466614032513,41.578658145637576,481300
2024-07-19,41.098716735839844,41.5884535999077,40.78528544174807,41.51989073784986,482800
2024-07-22,41.4023551940918,41.53948091906008,40.74610584923471,41.18686977691547,440500
2024-07-23,40.33472442626953,41.294608136348195,40.31513450528074,40.94199703134065,456300
2024-07-24,39.90375900268555,40.59918441239777,39.86457915910852,40.3739059164232,376600
2024-07-25,41.17707443237305,41.7941401609944,40.02129519026318,40.1192410637726,683500
2024-07-26,42.18593215942383,42.37203081820074,41.34358417562029,41.79414118301429,537900
2024-07-29,42.45039367675781,42.6952621211931,41.833324150590016,42.33285786961974,362000
2024-07-30,44.233028411865234,44.37015412047654,42.656075290044484,43.615958986719,642400
2024-07-31,43.44945526123047,44.3505692993731,43.331919459819645,43.978371972172845,610900
2024-08-01,42.29367446899414,43.90980756106596,42.20552168694667,43.380890868781115,568400
2024-08-02,42.21531677246094,42.88135921572464,41.12810405775287,41.69619688500968,450200
2024-08-05,42.0977783203125,42.62669500427609,40.89302614221472,40.89302614221472,612200
2024-08-06,42.13695526123047,42.430796597723116,41.735371229531616,41.80393408350005,355400
2024-08-07,41.500301361083984,42.66587750419833,41.412148574935806,42.401419145753785,303800
2024-08-08,40.92240905761719,41.8529097986876,40.77549024780326,41.657014315873475,387200
2024-08-09,40.834259033203125,41.245639948517734,40.5600075805906,40.912618726175744,280400
2024-08-12,40.02129364013672,40.71671902974647,39.6490926097052,40.71671902974647,405000
2024-08-13,40.30534362792969,40.57959506405331,39.835192971152644,40.27595687663388,394400
2024-08-14,39.531558990478516,40.3543170450342,39.37484334848675,40.30534410748596,516200
2024-08-15,40.2073974609375,40.6187783867489,39.78622344145255,40.03109188364631,532600
2024-08-16,40.76569366455078,40.902819382429165,40.15842102691983,40.15842102691983,685200
2024-08-19,40.775489807128906,41.167277032127416,40.56000440472263,40.814665914151895,360700
2024-08-20,40.38370132446289,40.70692944791185,40.01150026193263,40.638366585918874,342100
2024-08-21,40.442466735839844,40.75589799586533,40.11923864721617,40.75589799586533,223200
2024-08-22,40.29554748535156,40.32493050075248,39.77642761915853,40.29554748535156,437500
2024-08-23,43.25355911254883,43.439657773329095,40.5893894116338,40.61877616383805,793700
2024-08-26,42.70505142211914,43.59637233124535,42.6266954697849,43.518016378911106,706400
2024-08-27,42.07818603515625,42.469976979732,41.921470404605024,42.352441190917425,396100
2024-08-28,41.99003982543945,42.33285788964862,41.696198439257266,41.960656807740015,312100
2024-08-29,42.17613983154297,42.52874723303369,41.65701621792315,42.29367563203988,354100
2024-08-30,42.56792449951172,42.616897435385226,41.99983171786713,42.59731125015223,302600
2024-09-03,42.4307975769043,42.72463892017796,42.17613607577256,42.17613607577256,358100
2024-09-04,41.6864013671875,42.64628512985488,41.568861834815145,42.44059655279664,410800
2024-09-05,41.53947830200195,42.49936205270142,41.48070853654852,42.107574825531835,404800
2024-09-06,41.754966735839844,41.970448418682594,41.49050837670047,41.50030147012231,532300
2024-09-09,40.775489807128906,41.38276243453368,40.08985749288711,41.33378949845831,694400
2024-09-10,41.74516677856445,42.36223623699349,40.697130250341225,40.912615653436085,486200
2024-09-11,41.67660140991211,41.71578125109558,40.883230176121096,41.28481420726336,341000
2024-09-12,43.65514373779297,44.017547970794006,42.264292838148265,42.87156550303569,534500
2024-09-13,44.842498779296875,44.842498779296875,43.942086878998516,44.26861174232338,308400
2024-09-16,44.981021881103516,45.2778602559011,44.73365593968807,45.07997052237253,445000
2024-09-17,45.46586227416992,45.63406930807192,44.74355415455194,45.277861736861986,537500
2024-09-18,45.20859909057617,45.82206935644959,44.90186773214427,45.61427909245772,428500
2024-09-19,45.5944938659668,46.00017387432306,45.45596576292636,45.802280358770155,363900
2024-09-20,45.12944412231445,45.93090737753466,44.99091979546182,45.47575493944605,2457600
2024-09-23,44.654502868652344,45.485652621270134,44.60503043297966,45.12944504521895,355400
2024-09-24,45.060184478759766,45.09976393850384,44.189455236915194,44.535766073413306,291600
2024-09-25,44.535762786865234,45.09976061033515,44.31808332334667,45.08986385887695,416400
2024-09-26,44.73365783691406,45.21849676343321,44.51597836589955,44.891971895154114,478000
2024-09-27,44.654502868652344,45.34712829158465,44.456609351456706,45.12944504521895,400800
2024-09-30,44.57534408569336,44.8128170619415,44.06082244924313,44.496188943280586,343700
2024-10-01,44.417030334472656,44.55555466553461,43.83324652892235,44.466502770636936,323000
2024-10-02,44.29829406738281,44.614922176336464,43.94208650118375,44.2587146101374,338900
2024-10-03,43.6650390625,43.95198069923851,43.36820067392281,43.95198069923851,210100
2024-10-04,43.38798522949219,43.734299817085656,43.041674416403495,43.674930631482695,279900
2024-10-07,43.1604118347168,43.2692534615187,42.17094799034315,43.07135993774297,451000
2024-10-08,43.140621185302734,43.31872497545393,42.97241414710713,43.18020064411521,329900
2024-10-09,42.2599983215332,43.11093780008701,42.200632908753555,42.992203200022836,412100
2024-10-10,42.15115737915039,42.329261169373964,41.715794655551065,41.715794655551065,415300
2024-10-11,42.49747085571289,42.70525734729787,42.18084274248679,42.18084274248679,223300
2024-10-14,42.55683517456055,42.9031497594766,42.210524364149244,42.31936598299415,283600
2024-10-15,43.29893493652344,43.52651493581583,42.55683707436669,42.55683707436669,403500
2024-10-16,43.61556625366211,43.77388031118246,43.37809328012915,43.5364073376495,327600
2024-10-17,42.9526252746582,43.44735719616982,42.794311210754685,43.42756746636875,367200
2024-10-18,43.5067253112793,43.66503937127363,42.88336204870571,43.05156908610378,504700
2024-10-21,42.25010681152344,43.34841228014801,42.220420329597765,43.3286225503659,265200
2024-10-22,41.5673713684082,42.21052432950678,41.53768866311295,42.21052432950678,335200
2024-10-23,41.7355842590332,42.04231940227159,41.34969397288148,41.547587491922215,406600
2024-10-24,42.05221176147461,42.23031554854242,41.666321480995975,41.70590093912324,258500
2024-10-25,41.76526641845703,42.73494049709312,41.735583712066656,42.73494049709312,270700
2024-10-28,41.85431671142578,42.487572920234314,41.715792387562004,41.76526482115553,405400
2024-10-29,40.093074798583984,41.122118086485635,39.30150449039231,41.122118086485635,807700
2024-10-30,41.62674331665039,42.41831363127372,40.261282164859516,40.42949297987604,577000
2024-10-31,41.13201141357422,41.804847124881825,41.0726422245159,41.33979791352083,526500
2024-11-01,41.369483947753906,41.973053711378036,41.171590427538725,41.30022178185434,362300
2024-11-04,42.00273895263672,42.49747085131441,41.379375703441475,41.517900031150454,453100
2024-11-05,41.85431671142578,42.11157940531971,41.43874373983446,41.577268063698234,355900
2024-11-06,41.68611145019531,43.14062068695474,41.37937630969936,42.78441688527206,613400
2024-11-07,42.1016845703125,42.71515107870688,41.45853535531183,41.83452888734118,441900
2024-11-08,41.88400650024414,42.29957950466793,41.76526812083303,41.83453028823699,416400
2024-11-11,41.95326614379883,42.329259665799675,41.71579317376767,41.982948849613415,352000
2024-11-12,40.874752044677734,42.02252993280654,40.79559312676991,41.72568776515715,344900
2024-11-13,41.062747955322266,41.508007422991795,40.57790902952547,41.49811067120754,321400
2024-11-14,41.47832107543945,41.66632161489568,40.56801618261626,40.90443402876937,474300
2024-11-15,41.32990264892578,41.8345275172304,41.11221940892919,41.785055083005204,413200
2024-11-18,41.448638916015625,41.86421568416218,41.122117817369336,41.20127296041801,277000
2024-11-19,41.22106170654297,41.34969305724681,40.696647101026684,41.15179954258817,286300
2024-11-20,41.14190673828125,41.359586208266194,40.70654024930164,40.89454078754461,261700
2024-11-21,41.28042984008789,41.51789903201574,40.84506336404559,41.12211578730108,264800
2024-11-22,42.63599395751953,42.71514909629768,41.508005864771576,41.508005864771576,382300
2024-11-25,44.24882125854492,44.68418396104497,42.81409802883359,42.932832625060016,900600
2024-11-26,44.05093002319336,44.3279786868628,43.7639846075329,44.070719752670456,584600
2024-11-27,44.37744903564453,44.862287948762614,44.29829389596482,44.41702849273678,311000
2024-11-29,44.367557525634766,44.79302726718261,44.29829536068557,44.476399148984896,235700
2024-12-02,43.69472122192383,44.219135827661056,43.49682770718181,44.219135827661056,298600
2024-12-03,43.56608963012695,43.80356260140448,43.16040962567751,43.68482800301813,218900
2024-12-04,43.21977996826172,43.704615126436565,42.94273130644751,43.39788375785797,270900
2024-12-05,43.289039611816406,43.358301773234935,42.69536286408481,43.190094745362714,248100
2024-12-06,43.80356216430664,44.91176054536556,43.55619621834229,44.763343242489825,462400
2024-12-09,43.892616271972656,44.723766043357806,43.84314383518288,43.91240600158957,309100
2024-12-10,42.92293930053711,44.02124468662661,42.59641444542738,43.991558206931806,265300
2024-12-11,43.348411560058594,43.635353200870085,43.021886685835405,43.03178343781457,389400
2024-12-12,42.6063117980957,43.427564774150184,42.586522069521465,43.120833417511484,366800
2024-12-13,42.2599983215332,42.38862967339723,41.71579398219213,42.2599983215332,332100
2024-12-16,41.97999954223633,42.650001525878906,41.93000030517578,42.650001525878906,482300
2024-12-17,41.40999984741211,41.97999954223633,40.95000076293945,41.79999923706055,373600
2024-12-18,39.029998779296875,41.77000045776367,38.95000076293945,41.31999969482422,575500
2024-12-19,38.400001525878906,39.18000030517578,38.150001525878906,38.939998626708984,554500
2024-12-20,38.75,39.060001373291016,38.20000076293945,38.349998474121094,1142600
2024-12-23,39.58000183105469,39.83000183105469,38.709999084472656,39.060001373291016,743100
2024-12-24,39.540000915527344,39.61000061035156,38.880001068115234,39.310001373291016,232600
