Date,Adj Close,Close,High,Low,Open,Volume
2021-07-29,14.100000381469727,14.100000381469727,15.670000076293945,13.199999809265137,14.920000076293945,670900
2021-07-30,17.0,17.0,25.780000686645508,15.645000457763672,16.270000457763672,1804100
2021-08-02,18.0,18.0,19.0,14.539999961853027,16.510000228881836,311000
2021-08-03,19.18000030517578,19.18000030517578,21.1200008392334,17.399999618530273,18.31999969482422,332600
2021-08-04,19.5,19.5,20.344999313354492,18.010000228881836,19.18000030517578,138800
2021-08-05,23.399999618530273,23.399999618530273,23.719999313354492,19.709999084472656,20.079999923706055,112700
2021-08-06,18.790000915527344,18.790000915527344,24.100000381469727,18.25,24.100000381469727,140400
2021-08-09,18.780000686645508,18.780000686645508,19.475000381469727,17.25,18.059999465942383,94100
2021-08-10,18.31999969482422,18.31999969482422,18.93000030517578,17.6200008392334,18.280000686645508,68300
2021-08-11,17.440000534057617,17.440000534057617,18.354999542236328,17.0,18.010000228881836,149400
2021-08-12,17.149999618530273,17.149999618530273,18.27199935913086,16.700000762939453,17.399999618530273,86600
2021-08-13,17.100000381469727,17.100000381469727,17.235000610351562,16.520000457763672,16.520000457763672,82500
2021-08-16,15.550000190734863,15.550000190734863,17.183000564575195,15.210000038146973,16.6200008392334,71800
2021-08-17,14.760000228881836,14.760000228881836,16.079999923706055,14.538999557495117,15.600000381469727,103500
2021-08-18,14.180000305175781,14.180000305175781,15.390000343322754,13.765000343322754,15.210000038146973,121100
2021-08-19,12.920000076293945,12.920000076293945,15.100000381469727,11.859999656677246,13.729999542236328,132800
2021-08-20,12.6899995803833,12.6899995803833,13.4350004196167,12.260000228881836,13.050000190734863,64700
2021-08-23,12.880000114440918,12.880000114440918,13.710000038146973,12.819999694824219,13.399999618530273,176300
2021-08-24,13.09000015258789,13.09000015258789,13.21399974822998,12.670000076293945,13.0,60200
2021-08-25,12.829999923706055,12.829999923706055,13.194999694824219,12.70199966430664,12.859999656677246,30900
2021-08-26,13.130000114440918,13.130000114440918,13.149999618530273,12.75,13.0,90300
2021-08-27,13.0,13.0,13.399999618530273,12.800000190734863,13.0,102800
2021-08-30,12.869999885559082,12.869999885559082,13.401000022888184,12.670000076293945,13.020000457763672,113300
2021-08-31,13.149999618530273,13.149999618530273,13.23900032043457,12.770000457763672,12.800000190734863,69200
2021-09-01,13.130000114440918,13.130000114440918,13.569999694824219,12.800000190734863,13.569999694824219,77200
2021-09-02,13.039999961853027,13.039999961853027,13.149999618530273,12.899999618530273,13.010000228881836,90600
2021-09-03,14.100000381469727,14.100000381469727,14.529999732971191,12.774999618530273,13.380000114440918,101800
2021-09-07,15.770000457763672,15.770000457763672,16.69099998474121,14.029999732971191,14.350000381469727,114700
2021-09-08,12.800000190734863,12.800000190734863,15.949999809265137,12.680000305175781,15.850000381469727,143300
2021-09-09,12.3100004196167,12.3100004196167,12.899999618530273,12.25,12.899999618530273,88500
2021-09-10,11.399999618530273,11.399999618530273,12.989999771118164,10.800000190734863,12.579999923706055,95100
2021-09-13,11.319999694824219,11.319999694824219,12.111000061035156,10.850000381469727,11.40999984741211,87400
2021-09-14,11.8100004196167,11.8100004196167,12.0,11.010000228881836,11.4399995803833,88500
2021-09-15,12.770000457763672,12.770000457763672,12.8100004196167,11.510000228881836,11.800000190734863,165700
2021-09-16,13.800000190734863,13.800000190734863,13.800000190734863,12.220000267028809,12.520000457763672,113000
2021-09-17,12.789999961853027,12.789999961853027,13.869999885559082,12.520000457763672,13.6899995803833,871300
2021-09-20,10.829999923706055,10.829999923706055,13.180000305175781,10.529999732971191,12.850000381469727,178100
2021-09-21,11.0,11.0,11.359999656677246,10.050000190734863,10.84000015258789,142200
2021-09-22,12.300000190734863,12.300000190734863,12.350000381469727,10.994999885559082,11.0,96700
2021-09-23,13.579999923706055,13.579999923706055,13.699999809265137,11.975000381469727,12.25,78900
2021-09-24,13.899999618530273,13.899999618530273,14.289999961853027,12.920000076293945,13.510000228881836,39600
2021-09-27,13.9399995803833,13.9399995803833,14.399999618530273,13.003000259399414,13.609999656677246,42700
2021-09-28,15.770000457763672,15.770000457763672,15.979999542236328,13.569999694824219,13.569999694824219,95800
2021-09-29,16.0,16.0,16.0,14.210000038146973,15.8100004196167,112400
2021-09-30,17.579999923706055,17.579999923706055,17.579999923706055,14.770000457763672,15.680000305175781,104000
2021-10-01,19.579999923706055,19.579999923706055,19.8799991607666,17.01099967956543,17.649999618530273,104700
2021-10-04,19.5,19.5,19.829999923706055,18.06599998474121,19.25,120800
2021-10-05,19.360000610351562,19.360000610351562,19.55500030517578,18.170000076293945,19.280000686645508,45500
2021-10-06,19.309999465942383,19.309999465942383,19.799999237060547,18.56999969482422,19.059999465942383,91100
2021-10-07,18.950000762939453,18.950000762939453,19.389999389648438,18.5,19.389999389648438,54400
2021-10-08,17.729999542236328,17.729999542236328,18.989999771118164,17.290000915527344,18.989999771118164,74700
2021-10-11,16.729999542236328,16.729999542236328,17.459999084472656,15.819999694824219,17.280000686645508,61600
2021-10-12,16.709999084472656,16.709999084472656,16.790000915527344,16.139999389648438,16.790000915527344,29200
2021-10-13,15.930000305175781,15.930000305175781,16.790000915527344,15.0,16.790000915527344,121900
2021-10-14,14.479999542236328,14.479999542236328,16.68000030517578,14.0,16.030000686645508,102800
2021-10-15,15.520000457763672,15.520000457763672,15.5600004196167,14.468999862670898,14.989999771118164,37200
2021-10-18,16.979999542236328,16.979999542236328,17.09000015258789,14.664999961853027,15.710000038146973,45700
2021-10-19,16.18000030517578,16.18000030517578,17.280000686645508,15.819999694824219,16.81999969482422,89300
2021-10-20,15.59000015258789,15.59000015258789,16.709999084472656,15.140000343322754,16.170000076293945,72700
2021-10-21,15.970000267028809,15.970000267028809,16.239999771118164,15.510000228881836,15.510000228881836,13800
2021-10-22,16.229999542236328,16.229999542236328,16.229999542236328,15.430000305175781,15.890000343322754,21300
2021-10-25,17.829999923706055,17.829999923706055,17.850000381469727,15.550000190734863,16.139999389648438,33000
2021-10-26,18.520000457763672,18.520000457763672,18.979999542236328,16.80500030517578,17.670000076293945,108300
2021-10-27,16.920000076293945,16.920000076293945,18.399999618530273,16.530000686645508,18.399999618530273,40300
2021-10-28,16.81999969482422,16.81999969482422,17.649999618530273,16.260000228881836,16.940000534057617,35200
2021-10-29,17.850000381469727,17.850000381469727,18.084999084472656,17.170000076293945,17.170000076293945,26800
2021-11-01,18.190000534057617,18.190000534057617,18.389999389648438,17.149999618530273,18.059999465942383,10900
2021-11-02,19.0,19.0,19.5,18.299999237060547,18.299999237060547,72500
2021-11-03,18.149999618530273,18.149999618530273,19.020000457763672,17.739999771118164,18.700000762939453,25900
2021-11-04,19.0,19.0,19.469999313354492,17.559999465942383,18.40999984741211,37700
2021-11-05,19.360000610351562,19.360000610351562,19.360000610351562,18.899999618530273,19.0,41700
2021-11-08,18.309999465942383,18.309999465942383,19.25,17.360000610351562,19.25,22100
2021-11-09,18.950000762939453,18.950000762939453,18.969999313354492,17.6299991607666,18.559999465942383,16600
2021-11-10,19.90999984741211,19.90999984741211,21.0,19.0,19.0,96400
2021-11-11,17.5,17.5,20.829999923706055,16.270000457763672,20.0,148000
2021-11-12,15.0,15.0,17.635000228881836,14.800000190734863,17.6299991607666,65000
2021-11-15,13.920000076293945,13.920000076293945,16.194000244140625,13.550000190734863,15.210000038146973,22100
2021-11-16,14.430000305175781,14.430000305175781,14.510000228881836,13.15999984741211,14.0,40100
2021-11-17,13.1899995803833,13.1899995803833,14.4399995803833,13.09000015258789,14.4399995803833,27800
2021-11-18,12.859999656677246,12.859999656677246,14.079999923706055,12.819999694824219,13.430000305175781,41100
2021-11-19,13.550000190734863,13.550000190734863,13.6899995803833,12.869999885559082,12.869999885559082,32700
2021-11-22,13.640000343322754,13.640000343322754,14.649999618530273,13.359999656677246,13.789999961853027,13900
2021-11-23,13.3100004196167,13.3100004196167,13.569999694824219,12.899999618530273,13.569999694824219,23400
2021-11-24,13.4399995803833,13.4399995803833,14.359999656677246,13.043999671936035,14.359999656677246,8200
2021-11-26,13.149999618530273,13.149999618530273,13.59000015258789,12.510000228881836,12.949999809265137,12900
2021-11-29,13.220000267028809,13.220000267028809,13.649999618530273,12.75,13.539999961853027,26300
2021-11-30,12.869999885559082,12.869999885559082,13.28499984741211,12.050000190734863,13.251999855041504,24100
2021-12-01,11.84000015258789,11.84000015258789,13.550000190734863,11.510000228881836,13.550000190734863,34900
2021-12-02,12.199999809265137,12.199999809265137,12.680000305175781,10.65999984741211,11.789999961853027,17500
2021-12-03,11.880000114440918,11.880000114440918,13.680000305175781,11.069999694824219,12.539999961853027,28400
2021-12-06,11.890000343322754,11.890000343322754,12.350000381469727,11.25,12.079999923706055,23900
2021-12-07,12.369999885559082,12.369999885559082,13.510000228881836,11.651000022888184,12.130000114440918,29700
2021-12-08,12.050000190734863,12.050000190734863,12.555000305175781,11.960000038146973,12.210000038146973,10500
2021-12-09,11.510000228881836,11.510000228881836,12.204999923706055,11.229999542236328,11.819999694824219,21400
2021-12-10,10.960000038146973,10.960000038146973,11.520000457763672,10.710000038146973,11.520000457763672,26600
2021-12-13,9.8100004196167,9.8100004196167,11.850000381469727,9.359999656677246,11.5,40100
2021-12-14,10.079999923706055,10.079999923706055,10.460000038146973,9.8100004196167,9.8100004196167,24900
2021-12-15,10.220000267028809,10.220000267028809,10.3100004196167,8.869999885559082,9.899999618530273,30100
2021-12-16,9.970000267028809,9.970000267028809,10.800000190734863,9.817000389099121,10.149999618530273,22900
2021-12-17,10.289999961853027,10.289999961853027,10.880000114440918,9.789999961853027,10.0600004196167,220100
2021-12-20,10.130000114440918,10.130000114440918,11.0600004196167,9.579999923706055,10.050000190734863,90400
2021-12-21,10.760000228881836,10.760000228881836,11.09000015258789,9.800000190734863,10.0600004196167,28900
2021-12-22,10.640000343322754,10.640000343322754,11.460000038146973,10.369999885559082,10.84000015258789,148100
2021-12-23,11.449999809265137,11.449999809265137,12.0,10.520000457763672,10.550000190734863,89300
2021-12-27,10.539999961853027,10.539999961853027,11.4399995803833,10.25,11.369999885559082,38200
2021-12-28,9.300000190734863,9.300000190734863,10.520000457763672,9.194999694824219,10.40999984741211,39600
2021-12-29,10.0,10.0,10.03499984741211,8.609999656677246,9.600000381469727,32500
2021-12-30,9.699999809265137,9.699999809265137,10.899999618530273,9.300000190734863,10.0,170500
2021-12-31,9.539999961853027,9.539999961853027,10.053000450134277,9.010000228881836,9.59000015258789,176100
2022-01-03,10.380000114440918,10.380000114440918,10.699999809265137,9.300000190734863,9.539999961853027,68300
2022-01-04,9.289999961853027,9.289999961853027,10.975000381469727,9.1899995803833,10.975000381469727,35900
2022-01-05,8.430000305175781,8.430000305175781,10.289999961853027,8.0600004196167,9.149999618530273,109000
2022-01-06,9.0,9.0,9.079999923706055,8.5,8.5,35100
2022-01-07,9.90999984741211,9.90999984741211,10.0,8.8100004196167,8.960000038146973,32000
2022-01-10,10.640000343322754,10.640000343322754,10.84000015258789,9.25,9.800000190734863,46000
2022-01-11,10.789999961853027,10.789999961853027,11.09000015258789,10.199999809265137,10.630000114440918,28500
2022-01-12,9.890000343322754,9.890000343322754,11.239999771118164,9.734999656677246,11.0,37200
2022-01-13,8.75,8.75,10.0600004196167,8.609999656677246,10.0600004196167,69100
2022-01-14,8.869999885559082,8.869999885559082,8.890000343322754,8.350000381469727,8.6899995803833,18000
2022-01-18,8.329999923706055,8.329999923706055,8.649999618530273,8.199999809265137,8.649999618530273,27300
2022-01-19,8.680000305175781,8.680000305175781,8.930000305175781,8.220000267028809,8.350000381469727,42400
2022-01-20,9.720000267028809,9.720000267028809,9.880000114440918,8.71500015258789,8.899999618530273,27100
2022-01-21,9.199999809265137,9.199999809265137,10.140000343322754,8.819999694824219,9.859999656677246,47400
2022-01-24,9.399999618530273,9.399999618530273,9.739999771118164,8.479999542236328,8.979999542236328,26200
2022-01-25,9.399999618530273,9.399999618530273,9.9399995803833,9.260000228881836,9.260000228881836,47900
2022-01-26,9.260000228881836,9.260000228881836,10.850000381469727,8.885000228881836,9.5,34000
2022-01-27,9.890000343322754,9.890000343322754,10.109999656677246,9.050000190734863,9.050000190734863,19900
2022-01-28,12.020000457763672,12.020000457763672,12.59000015258789,9.899999618530273,10.029999732971191,66300
2022-01-31,12.15999984741211,12.15999984741211,12.489999771118164,11.970000267028809,11.979999542236328,87500
2022-02-01,13.899999618530273,13.899999618530273,14.920000076293945,12.0,12.279999732971191,73500
2022-02-02,13.619999885559082,13.619999885559082,14.3100004196167,12.920000076293945,13.899999618530273,39400
2022-02-03,14.029999732971191,14.029999732971191,14.539999961853027,13.300000190734863,13.300000190734863,57800
2022-02-04,14.569999694824219,14.569999694824219,15.0,13.90999984741211,13.90999984741211,57300
2022-02-07,15.039999961853027,15.039999961853027,15.34000015258789,14.119999885559082,14.550000190734863,64000
2022-02-08,14.199999809265137,14.199999809265137,15.4399995803833,13.050000190734863,14.899999618530273,338300
2022-02-09,14.270000457763672,14.270000457763672,15.25,13.819999694824219,14.119999885559082,222900
2022-02-10,13.699999809265137,13.699999809265137,14.260000228881836,13.319999694824219,13.789999961853027,113900
2022-02-11,13.930000305175781,13.930000305175781,14.579999923706055,13.574999809265137,13.65999984741211,49300
2022-02-14,12.789999961853027,12.789999961853027,13.859999656677246,12.359999656677246,13.770000457763672,52000
2022-02-15,12.899999618530273,12.899999618530273,13.130000114440918,12.630000114440918,12.869999885559082,96900
2022-02-16,13.050000190734863,13.050000190734863,13.180000305175781,12.510000228881836,12.770000457763672,69500
2022-02-17,12.630000114440918,12.630000114440918,12.979999542236328,12.600000381469727,12.710000038146973,47400
2022-02-18,12.90999984741211,12.90999984741211,12.979999542236328,11.6899995803833,12.329999923706055,125100
2022-02-22,11.739999771118164,11.739999771118164,13.5,11.475000381469727,13.449999809265137,112500
2022-02-23,11.239999771118164,11.239999771118164,11.880000114440918,10.430000305175781,11.59000015258789,105200
2022-02-24,11.279999732971191,11.279999732971191,11.585000038146973,10.600000381469727,10.84000015258789,82500
2022-02-25,11.579999923706055,11.579999923706055,11.579999923706055,11.020000457763672,11.270000457763672,98700
2022-02-28,10.989999771118164,10.989999771118164,12.5,10.8100004196167,11.40999984741211,86300
2022-03-01,10.539999961853027,10.539999961853027,11.395000457763672,10.40999984741211,10.850000381469727,77300
2022-03-02,10.979999542236328,10.979999542236328,11.390000343322754,10.15999984741211,10.710000038146973,84900
2022-03-03,9.869999885559082,9.869999885559082,10.925000190734863,9.739999771118164,10.920000076293945,69900
2022-03-04,9.890000343322754,9.890000343322754,10.164999961853027,9.699999809265137,9.699999809265137,102700
2022-03-07,9.739999771118164,9.739999771118164,10.300000190734863,9.420000076293945,10.050000190734863,132300
2022-03-08,9.649999618530273,9.649999618530273,10.055000305175781,9.59000015258789,9.699999809265137,132200
2022-03-09,10.079999923706055,10.079999923706055,10.229999542236328,9.770000457763672,9.770000457763672,141400
2022-03-10,10.010000228881836,10.010000228881836,10.100000381469727,9.529999732971191,9.850000381469727,119100
2022-03-11,9.960000038146973,9.960000038146973,10.369999885559082,9.800000190734863,10.0,137100
2022-03-14,9.65999984741211,9.65999984741211,10.414999961853027,9.619999885559082,9.84000015258789,131100
2022-03-15,8.640000343322754,8.640000343322754,9.649999618530273,8.5,9.470000267028809,167200
2022-03-16,8.260000228881836,8.260000228881836,8.770000457763672,8.079999923706055,8.739999771118164,241900
2022-03-17,8.600000381469727,8.600000381469727,8.6899995803833,7.949999809265137,8.09000015258789,368000
2022-03-18,8.279999732971191,8.279999732971191,9.260000228881836,8.180000305175781,8.6899995803833,1512400
2022-03-21,7.71999979019165,7.71999979019165,8.220000267028809,7.510000228881836,8.220000267028809,238400
2022-03-22,7.559999942779541,7.559999942779541,7.929999828338623,7.380000114440918,7.849999904632568,263600
2022-03-23,7.239999771118164,7.239999771118164,7.590000152587891,7.230000019073486,7.5,92900
2022-03-24,7.190000057220459,7.190000057220459,7.679999828338623,7.119999885559082,7.289999961853027,217900
2022-03-25,6.960000038146973,6.960000038146973,7.300000190734863,6.940000057220459,7.25,178300
2022-03-28,7.119999885559082,7.119999885559082,7.135000228881836,6.735000133514404,7.079999923706055,113500
2022-03-29,6.909999847412109,6.909999847412109,7.340000152587891,6.869999885559082,7.28000020980835,168200
2022-03-30,7.0,7.0,7.28000020980835,6.760000228881836,6.949999809265137,95600
2022-03-31,6.980000019073486,6.980000019073486,7.099999904632568,6.860000133514404,7.010000228881836,108000
2022-04-01,7.679999828338623,7.679999828338623,7.699999809265137,6.900000095367432,7.03000020980835,78100
2022-04-04,8.220000267028809,8.220000267028809,8.460000038146973,7.5,7.679999828338623,84900
2022-04-05,7.789999961853027,7.789999961853027,8.270000457763672,7.684999942779541,8.229999542236328,116100
2022-04-06,8.029999732971191,8.029999732971191,8.0600004196167,7.5,7.75,101200
2022-04-07,8.09000015258789,8.09000015258789,8.220000267028809,7.795000076293945,7.949999809265137,83300
2022-04-08,8.140000343322754,8.140000343322754,8.350000381469727,7.804999828338623,8.039999961853027,65700
2022-04-11,8.199999809265137,8.199999809265137,8.399999618530273,7.809999942779541,8.039999961853027,93500
2022-04-12,8.0,8.0,8.329999923706055,7.760000228881836,8.220000267028809,77800
2022-04-13,8.529999732971191,8.529999732971191,8.710000038146973,7.96999979019165,8.029999732971191,61800
2022-04-14,9.029999732971191,9.029999732971191,9.640000343322754,8.640000343322754,8.640000343322754,81200
2022-04-18,8.869999885559082,8.869999885559082,9.239999771118164,8.619999885559082,9.109999656677246,76300
2022-04-19,9.739999771118164,9.739999771118164,9.9399995803833,8.8100004196167,8.8100004196167,78200
2022-04-20,10.1899995803833,10.1899995803833,10.199999809265137,9.475000381469727,9.84000015258789,102600
2022-04-21,10.539999961853027,10.539999961853027,10.835000038146973,10.350000381469727,10.420000076293945,144600
2022-04-22,10.109999656677246,10.109999656677246,11.649999618530273,9.75,10.59000015258789,89800
2022-04-25,10.180000305175781,10.180000305175781,10.279999732971191,9.770000457763672,9.9399995803833,58300
2022-04-26,9.65999984741211,9.65999984741211,11.09000015258789,9.430000305175781,10.039999961853027,56600
2022-04-27,9.729999542236328,9.729999542236328,10.095000267028809,9.380000114440918,9.789999961853027,48800
2022-04-28,10.109999656677246,10.109999656677246,10.34000015258789,9.380000114440918,9.949999809265137,41900
2022-04-29,9.960000038146973,9.960000038146973,10.5,9.859999656677246,10.180000305175781,40200
2022-05-02,9.369999885559082,9.369999885559082,10.930000305175781,8.760000228881836,10.0600004196167,34100
2022-05-03,9.6899995803833,9.6899995803833,9.829999923706055,9.09000015258789,9.300000190734863,43600
2022-05-04,10.609999656677246,10.609999656677246,10.699999809265137,9.239999771118164,9.829999923706055,43500
2022-05-05,10.579999923706055,10.579999923706055,10.65999984741211,10.270000457763672,10.430000305175781,30000
2022-05-06,10.84000015258789,10.84000015258789,11.680000305175781,10.100000381469727,10.680000305175781,66500
2022-05-09,10.079999923706055,10.079999923706055,11.58899974822998,9.8100004196167,10.84000015258789,43000
2022-05-10,10.6899995803833,10.6899995803833,11.15999984741211,10.149999618530273,10.149999618530273,58100
2022-05-11,9.5,9.5,10.75,9.270000457763672,10.75,26800
2022-05-12,10.600000381469727,10.600000381469727,11.470000267028809,9.579999923706055,9.579999923706055,50800
2022-05-13,10.970000267028809,10.970000267028809,11.1899995803833,10.359999656677246,10.699999809265137,35400
2022-05-16,10.899999618530273,10.899999618530273,11.635000228881836,10.729999542236328,10.850000381469727,24200
2022-05-17,11.569999694824219,11.569999694824219,11.65999984741211,10.699999809265137,11.229999542236328,23500
2022-05-18,10.770000457763672,10.770000457763672,12.550000190734863,10.630000114440918,11.380000114440918,50200
2022-05-19,9.819999694824219,9.819999694824219,10.600000381469727,9.5600004196167,10.600000381469727,31700
2022-05-20,11.010000228881836,11.010000228881836,11.210000038146973,9.5,10.050000190734863,36900
2022-05-23,12.65999984741211,12.65999984741211,15.279999732971191,11.140000343322754,11.34000015258789,566800
2022-05-24,12.75,12.75,13.039999961853027,12.020000457763672,12.180000305175781,154100
2022-05-25,13.0,13.0,13.0,12.149999618530273,12.550000190734863,67300
2022-05-26,13.0,13.0,13.859999656677246,12.359999656677246,13.0,120300
2022-05-27,13.0,13.0,13.180000305175781,12.720000267028809,12.869999885559082,122300
2022-05-31,13.600000381469727,13.600000381469727,13.800000190734863,12.555000305175781,12.84000015258789,49600
2022-06-01,13.649999618530273,13.649999618530273,14.470000267028809,13.390000343322754,13.84000015258789,85100
2022-06-02,13.229999542236328,13.229999542236328,14.369999885559082,13.210000038146973,13.270000457763672,75000
2022-06-03,9.260000228881836,9.260000228881836,13.09000015258789,9.100000381469727,13.09000015258789,498600
2022-06-06,7.659999847412109,7.659999847412109,9.350000381469727,7.400000095367432,9.289999961853027,310300
2022-06-07,7.619999885559082,7.619999885559082,7.909999847412109,7.300000190734863,7.610000133514404,142700
2022-06-08,7.400000095367432,7.400000095367432,8.149999618530273,7.320000171661377,7.480000019073486,74300
2022-06-09,7.170000076293945,7.170000076293945,7.590000152587891,7.119999885559082,7.349999904632568,73200
2022-06-10,7.130000114440918,7.130000114440918,7.260000228881836,6.71999979019165,7.070000171661377,60700
2022-06-13,6.489999771118164,6.489999771118164,7.110000133514404,6.460000038146973,6.940000057220459,102200
2022-06-14,6.260000228881836,6.260000228881836,6.840000152587891,5.900000095367432,6.519999980926514,107400
2022-06-15,7.0,7.0,7.0,6.400000095367432,6.409999847412109,98400
2022-06-16,6.909999847412109,6.909999847412109,7.059999942779541,6.659999847412109,6.760000228881836,131800
2022-06-17,7.199999809265137,7.199999809265137,7.449999809265137,6.909999847412109,6.909999847412109,115200
2022-06-21,7.300000190734863,7.300000190734863,7.75,7.119999885559082,7.400000095367432,91700
2022-06-22,7.300000190734863,7.300000190734863,7.610000133514404,7.21999979019165,7.25,95300
2022-06-23,7.360000133514404,7.360000133514404,7.369999885559082,7.070000171661377,7.349999904632568,59600
2022-06-24,8.0,8.0,8.09000015258789,6.909999847412109,7.409999847412109,462400
2022-06-27,7.690000057220459,7.690000057220459,8.09000015258789,7.489999771118164,8.069999694824219,118200
2022-06-28,7.300000190734863,7.300000190734863,7.980000019073486,7.010000228881836,7.710000038146973,112900
2022-06-29,7.039999961853027,7.039999961853027,7.795000076293945,6.909999847412109,7.329999923706055,113200
2022-06-30,7.550000190734863,7.550000190734863,7.949999809265137,7.090000152587891,7.090000152587891,46000
2022-07-01,7.539999961853027,7.539999961853027,7.684999942779541,7.210000038146973,7.519999980926514,34400
2022-07-05,7.869999885559082,7.869999885559082,8.074999809265137,7.489999771118164,7.489999771118164,61000
2022-07-06,8.010000228881836,8.010000228881836,8.130000114440918,7.75,7.869999885559082,34800
2022-07-07,8.460000038146973,8.460000038146973,8.699999809265137,8.020000457763672,8.020000457763672,43900
2022-07-08,8.920000076293945,8.920000076293945,9.050000190734863,8.289999961853027,8.399999618530273,60900
2022-07-11,8.069999694824219,8.069999694824219,8.850000381469727,8.020000457763672,8.829999923706055,21800
2022-07-12,8.09000015258789,8.09000015258789,8.34000015258789,8.020000457763672,8.119999885559082,48500
2022-07-13,8.229999542236328,8.229999542236328,8.399999618530273,7.869999885559082,7.869999885559082,25300
2022-07-14,8.449999809265137,8.449999809265137,8.619999885559082,8.0,8.109999656677246,41400
2022-07-15,9.170000076293945,9.170000076293945,9.449999809265137,8.449999809265137,8.800000190734863,47600
2022-07-18,8.899999618530273,8.899999618530273,9.270000457763672,8.880000114440918,9.239999771118164,28700
2022-07-19,9.609999656677246,9.609999656677246,9.649999618530273,9.072999954223633,9.149999618530273,36100
2022-07-20,10.050000190734863,10.050000190734863,10.649999618530273,9.649999618530273,9.649999618530273,57100
2022-07-21,10.0,10.0,10.520000457763672,9.470000267028809,9.960000038146973,43200
2022-07-22,9.489999771118164,9.489999771118164,10.204999923706055,9.430000305175781,10.09000015258789,29300
2022-07-25,9.114999771118164,9.114999771118164,9.529999732971191,8.859999656677246,9.529999732971191,18500
2022-07-26,10.270000457763672,10.270000457763672,10.760000228881836,8.979999542236328,8.979999542236328,56000
2022-07-27,10.289999961853027,10.289999961853027,10.550000190734863,10.100000381469727,10.479999542236328,29600
2022-07-28,9.779999732971191,9.779999732971191,10.170000076293945,9.6899995803833,10.170000076293945,20200
2022-07-29,9.329999923706055,9.329999923706055,9.739999771118164,9.149999618530273,9.739999771118164,39200
2022-08-01,9.109999656677246,9.109999656677246,10.0600004196167,9.010000228881836,9.140000343322754,59100
2022-08-02,9.279999732971191,9.279999732971191,10.039999961853027,9.09000015258789,9.119999885559082,40100
2022-08-03,9.680000305175781,9.680000305175781,9.75,9.364999771118164,9.449999809265137,29200
2022-08-04,10.479999542236328,10.479999542236328,10.635000228881836,9.6899995803833,9.6899995803833,23000
2022-08-05,11.25,11.25,11.40999984741211,10.359999656677246,10.399999618530273,35300
2022-08-08,10.600000381469727,10.600000381469727,11.28499984741211,10.5,11.28499984741211,40100
2022-08-09,10.289999961853027,10.289999961853027,10.789999961853027,10.279999732971191,10.390000343322754,38700
2022-08-10,10.729999542236328,10.729999542236328,10.755000114440918,10.199999809265137,10.539999961853027,31300
2022-08-11,10.670000076293945,10.670000076293945,10.84000015258789,10.529999732971191,10.75,17000
2022-08-12,11.779999732971191,11.779999732971191,11.880000114440918,10.779999732971191,10.779999732971191,40600
2022-08-15,12.949999809265137,12.949999809265137,12.970000267028809,11.819999694824219,11.850000381469727,26100
2022-08-16,11.869999885559082,11.869999885559082,12.930000305175781,11.869999885559082,12.75,17700
2022-08-17,12.520000457763672,12.520000457763672,12.84000015258789,11.760000228881836,11.760000228881836,25400
2022-08-18,12.859999656677246,12.859999656677246,12.949999809265137,12.449999809265137,12.5600004196167,31500
2022-08-19,12.220000267028809,12.220000267028809,12.710000038146973,12.0,12.640000343322754,35500
2022-08-22,10.479999542236328,10.479999542236328,12.229999542236328,10.079999923706055,12.229999542236328,34400
2022-08-23,10.710000038146973,10.710000038146973,10.946999549865723,10.479999542236328,10.479999542236328,12700
2022-08-24,11.399999618530273,11.399999618530273,11.40999984741211,10.699999809265137,10.760000228881836,34800
2022-08-25,11.529999732971191,11.529999732971191,11.539999961853027,11.079999923706055,11.079999923706055,19100
2022-08-26,11.010000228881836,11.010000228881836,11.649999618530273,10.930000305175781,11.649999618530273,19800
2022-08-29,11.180000305175781,11.180000305175781,12.220000267028809,10.819999694824219,10.850000381469727,60100
2022-08-30,11.09000015258789,11.09000015258789,11.234999656677246,11.0,11.229999542236328,25300
2022-08-31,11.050000190734863,11.050000190734863,11.680000305175781,11.029999732971191,11.029999732971191,30400
2022-09-01,10.920000076293945,10.920000076293945,11.100000381469727,10.75,11.039999961853027,19700
2022-09-02,11.5,11.5,11.640000343322754,11.119999885559082,11.220000267028809,36700
2022-09-06,11.319999694824219,11.319999694824219,11.760000228881836,11.149999618530273,11.5,41600
2022-09-07,12.489999771118164,12.489999771118164,12.5,11.4399995803833,11.4399995803833,23500
2022-09-08,12.130000114440918,12.130000114440918,12.614999771118164,11.829999923706055,12.312000274658203,40600
2022-09-09,12.420000076293945,12.420000076293945,12.5,11.84000015258789,12.40999984741211,31000
2022-09-12,13.869999885559082,13.869999885559082,14.09000015258789,12.039999961853027,12.5,41700
2022-09-13,12.899999618530273,12.899999618530273,14.489999771118164,12.779999732971191,14.399999618530273,85000
2022-09-14,13.579999923706055,13.579999923706055,13.9399995803833,12.739999771118164,12.739999771118164,61900
2022-09-15,13.510000228881836,13.510000228881836,14.03499984741211,13.300000190734863,13.319999694824219,88900
2022-09-16,13.880000114440918,13.880000114440918,14.279999732971191,12.6850004196167,13.5,424800
2022-09-19,14.0,14.0,14.109999656677246,12.100000381469727,13.539999961853027,40700
2022-09-20,14.550000190734863,14.550000190734863,14.90999984741211,13.699999809265137,13.869999885559082,103700
2022-09-21,14.5600004196167,14.5600004196167,15.890000343322754,13.72700023651123,14.470000267028809,99200
2022-09-22,13.260000228881836,13.260000228881836,15.23900032043457,13.239999771118164,14.65999984741211,65800
2022-09-23,13.600000381469727,13.600000381469727,14.039999961853027,12.069999694824219,12.970000267028809,81400
2022-09-26,13.390000343322754,13.390000343322754,13.920000076293945,12.779999732971191,13.260000228881836,39800
2022-09-27,13.479999542236328,13.479999542236328,14.454999923706055,13.0600004196167,13.449999809265137,31300
2022-09-28,13.930000305175781,13.930000305175781,14.152999877929688,13.4399995803833,13.529999732971191,100600
2022-09-29,14.460000038146973,14.460000038146973,14.5,13.600000381469727,13.970000267028809,42300
2022-09-30,14.470000267028809,14.470000267028809,15.680000305175781,14.25100040435791,14.489999771118164,67300
2022-10-03,14.859999656677246,14.859999656677246,14.930000305175781,13.5649995803833,14.600000381469727,34000
2022-10-04,10.760000228881836,10.760000228881836,14.550000190734863,10.119999885559082,14.289999961853027,150100
2022-10-05,11.029999732971191,11.029999732971191,11.270000457763672,10.09000015258789,10.6899995803833,99600
2022-10-06,11.609999656677246,11.609999656677246,11.739999771118164,10.640000343322754,11.050000190734863,25900
2022-10-07,11.010000228881836,11.010000228881836,11.510000228881836,10.630000114440918,11.510000228881836,31400
2022-10-10,10.390000343322754,10.390000343322754,11.236000061035156,9.489999771118164,10.920000076293945,25500
2022-10-11,9.930000305175781,9.930000305175781,10.899999618530273,9.569999694824219,10.34000015258789,48800
2022-10-12,8.890000343322754,8.890000343322754,10.0,8.619999885559082,10.0,42600
2022-10-13,9.050000190734863,9.050000190734863,9.109999656677246,7.789999961853027,8.40999984741211,68700
2022-10-14,8.699999809265137,8.699999809265137,9.800000190734863,8.529999732971191,9.800000190734863,21400
2022-10-17,8.819999694824219,8.819999694824219,9.369999885559082,8.399999618530273,8.920000076293945,55700
2022-10-18,8.5600004196167,8.5600004196167,9.1899995803833,8.25,8.829999923706055,47200
2022-10-19,8.0,8.0,8.65999984741211,7.519999980926514,8.460000038146973,58300
2022-10-20,8.819999694824219,8.819999694824219,8.854999542236328,8.0600004196167,8.0600004196167,92400
2022-10-21,7.880000114440918,7.880000114440918,8.960000038146973,7.400000095367432,8.960000038146973,104100
2022-10-24,8.460000038146973,8.460000038146973,8.9399995803833,7.449999809265137,7.789999961853027,88400
2022-10-25,9.3100004196167,9.3100004196167,9.859999656677246,8.045000076293945,8.529999732971191,56200
2022-10-26,9.289999961853027,9.289999961853027,9.8100004196167,9.0600004196167,9.220000267028809,72800
2022-10-27,9.0600004196167,9.0600004196167,9.979999542236328,8.595000267028809,9.369999885559082,83400
2022-10-28,9.640000343322754,9.640000343322754,9.899999618530273,8.789999961853027,9.149999618530273,69200
2022-10-31,9.5600004196167,9.5600004196167,9.84000015258789,9.279999732971191,9.529999732971191,44400
2022-11-01,9.020000457763672,9.020000457763672,9.979999542236328,8.890000343322754,9.640000343322754,76900
2022-11-02,8.970000267028809,8.970000267028809,9.319999694824219,8.430000305175781,8.970000267028809,63200
2022-11-03,8.399999618530273,8.399999618530273,8.979999542236328,7.869999885559082,8.760000228881836,54600
2022-11-04,8.619999885559082,8.619999885559082,8.710000038146973,8.100000381469727,8.479999542236328,30500
2022-11-07,8.970000267028809,8.970000267028809,10.069999694824219,8.225000381469727,8.520000457763672,33900
2022-11-08,9.0,9.0,9.420000076293945,8.899999618530273,8.899999618530273,37500
2022-11-09,8.029999732971191,8.029999732971191,9.130000114440918,7.900000095367432,9.069999694824219,55300
2022-11-10,6.699999809265137,6.699999809265137,7.800000190734863,6.670000076293945,7.690000057220459,177500
2022-11-11,5.590000152587891,5.590000152587891,5.75,4.860000133514404,5.010000228881836,1334900
2022-11-14,5.309999942779541,5.309999942779541,5.96999979019165,5.179999828338623,5.489999771118164,150000
2022-11-15,5.840000152587891,5.840000152587891,5.860000133514404,5.199999809265137,5.320000171661377,159200
2022-11-16,5.489999771118164,5.489999771118164,6.250999927520752,5.364999771118164,5.840000152587891,121700
2022-11-17,5.909999847412109,5.909999847412109,6.25,5.300000190734863,5.489999771118164,159900
2022-11-18,5.619999885559082,5.619999885559082,6.210000038146973,5.550000190734863,6.099999904632568,59900
2022-11-21,5.699999809265137,5.699999809265137,5.989999771118164,5.320000171661377,5.590000152587891,255200
2022-11-22,5.96999979019165,5.96999979019165,6.210000038146973,5.589000225067139,5.75,175900
2022-11-23,5.789999961853027,5.789999961853027,6.15500020980835,5.699999809265137,6.0,72600
2022-11-25,5.849999904632568,5.849999904632568,5.960000038146973,5.550000190734863,5.75,87700
2022-11-28,5.980000019073486,5.980000019073486,6.119999885559082,5.659999847412109,5.860000133514404,91400
2022-11-29,5.53000020980835,5.53000020980835,6.045000076293945,5.53000020980835,5.980000019073486,60300
2022-11-30,5.760000228881836,5.760000228881836,5.880000114440918,5.340000152587891,5.559999942779541,63800
2022-12-01,6.039999961853027,6.039999961853027,6.164999961853027,5.75,5.800000190734863,51500
2022-12-02,5.78000020980835,5.78000020980835,5.900000095367432,5.409999847412109,5.860000133514404,59300
2022-12-05,5.349999904632568,5.349999904632568,5.789999961853027,5.300000190734863,5.789999961853027,50600
2022-12-06,4.849999904632568,4.849999904632568,5.355000019073486,4.820000171661377,5.349999904632568,88600
2022-12-07,4.760000228881836,4.760000228881836,5.070000171661377,4.59499979019165,4.800000190734863,57900
2022-12-08,4.78000020980835,4.78000020980835,4.829999923706055,4.574999809265137,4.809999942779541,40900
2022-12-09,4.929999828338623,4.929999828338623,5.489999771118164,4.820000171661377,5.110000133514404,127800
2022-12-12,4.670000076293945,4.670000076293945,4.849999904632568,4.539999961853027,4.849999904632568,118000
2022-12-13,5.900000095367432,5.900000095367432,6.800000190734863,5.364999771118164,5.409999847412109,526000
2022-12-14,6.309999942779541,6.309999942779541,7.159999847412109,5.829999923706055,5.96999979019165,493200
2022-12-15,7.019999980926514,7.019999980926514,7.659999847412109,6.78000020980835,6.929999828338623,302300
2022-12-16,5.849999904632568,5.849999904632568,7.239999771118164,5.849999904632568,7.019999980926514,416100
2022-12-19,5.360000133514404,5.360000133514404,5.919000148773193,5.300000190734863,5.800000190734863,125000
2022-12-20,5.840000152587891,5.840000152587891,5.889999866485596,5.329999923706055,5.329999923706055,84900
2022-12-21,6.059999942779541,6.059999942779541,6.284999847412109,5.65500020980835,5.880000114440918,80100
2022-12-22,6.070000171661377,6.070000171661377,6.170000076293945,5.670000076293945,6.019999980926514,53100
2022-12-23,5.75,5.75,6.059999942779541,5.610000133514404,6.059999942779541,55400
2022-12-27,5.349999904632568,5.349999904632568,5.840000152587891,5.260000228881836,5.78000020980835,44400
2022-12-28,5.590000152587891,5.590000152587891,5.745999813079834,5.039999961853027,5.355000019073486,46700
2022-12-29,6.25,6.25,6.309999942779541,5.599999904632568,5.599999904632568,53600
2022-12-30,6.570000171661377,6.570000171661377,6.679999828338623,6.050000190734863,6.110000133514404,69300
2023-01-03,6.190000057220459,6.190000057220459,6.800000190734863,6.039999961853027,6.559999942779541,56200
2023-01-04,6.050000190734863,6.050000190734863,6.559999942779541,5.900000095367432,6.340000152587891,30600
2023-01-05,5.840000152587891,5.840000152587891,6.03000020980835,5.380000114440918,6.0,28400
2023-01-06,6.130000114440918,6.130000114440918,6.199999809265137,5.630000114440918,5.704999923706055,50200
2023-01-09,5.889999866485596,5.889999866485596,6.35099983215332,5.889999866485596,6.25,39900
2023-01-10,5.829999923706055,5.829999923706055,6.260000228881836,5.690000057220459,5.960000038146973,28300
2023-01-11,5.630000114440918,5.630000114440918,5.989999771118164,5.449999809265137,5.760000228881836,44100
2023-01-12,6.159999847412109,6.159999847412109,6.199999809265137,5.545000076293945,5.559999942779541,43800
2023-01-13,6.170000076293945,6.170000076293945,6.489999771118164,6.059999942779541,6.150000095367432,23500
2023-01-17,6.5,6.5,6.690000057220459,6.234000205993652,6.269999980926514,37100
2023-01-18,6.730000019073486,6.730000019073486,6.949999809265137,6.400000095367432,6.510000228881836,65500
2023-01-19,6.900000095367432,6.900000095367432,6.980000019073486,6.070000171661377,6.889999866485596,72800
2023-01-20,6.960000038146973,6.960000038146973,7.059999942779541,6.260000228881836,7.010000228881836,40500
2023-01-23,8.0,8.0,8.170000076293945,6.809999942779541,7.119999885559082,161300
2023-01-24,7.809999942779541,7.809999942779541,8.25,7.53000020980835,7.869999885559082,56100
2023-01-25,7.699999809265137,7.699999809265137,8.039999961853027,7.380000114440918,7.670000076293945,111100
2023-01-26,7.539999961853027,7.539999961853027,7.909999847412109,7.400000095367432,7.78000020980835,90700
2023-01-27,7.039999961853027,7.039999961853027,7.763999938964844,6.920000076293945,7.71999979019165,54700
2023-01-30,6.900000095367432,6.900000095367432,7.190000057220459,6.741000175476074,7.090000152587891,47600
2023-01-31,6.940000057220459,6.940000057220459,7.005000114440918,6.590000152587891,6.90500020980835,55900
2023-02-01,6.809999942779541,6.809999942779541,7.03000020980835,6.510000228881836,7.0,34500
2023-02-02,6.78000020980835,6.78000020980835,7.0,6.570000171661377,6.760000228881836,33500
2023-02-03,6.449999809265137,6.449999809265137,6.849999904632568,6.28000020980835,6.75,81400
2023-02-06,6.5,6.5,6.679999828338623,6.269999980926514,6.5,51300
2023-02-07,6.809999942779541,6.809999942779541,6.809999942779541,6.264999866485596,6.579999923706055,36900
2023-02-08,7.03000020980835,7.03000020980835,7.159999847412109,6.380000114440918,6.699999809265137,36200
2023-02-09,6.840000152587891,6.840000152587891,7.296999931335449,6.650000095367432,7.099999904632568,54000
2023-02-10,6.860000133514404,6.860000133514404,6.900000095367432,6.53000020980835,6.650000095367432,25100
2023-02-13,6.880000114440918,6.880000114440918,6.960000038146973,6.635000228881836,6.679999828338623,26100
2023-02-14,6.949999809265137,6.949999809265137,7.090000152587891,6.679999828338623,6.974999904632568,41400
2023-02-15,6.869999885559082,6.869999885559082,7.139999866485596,6.449999809265137,6.809999942779541,44800
2023-02-16,6.920000076293945,6.920000076293945,7.199999809265137,6.627999782562256,6.800000190734863,85600
2023-02-17,7.050000190734863,7.050000190734863,7.179999828338623,6.830999851226807,7.039999961853027,41400
2023-02-21,7.110000133514404,7.110000133514404,7.224999904632568,6.960000038146973,7.079999923706055,35700
2023-02-22,7.480000019073486,7.480000019073486,7.78000020980835,6.775000095367432,7.269999980926514,46300
2023-02-23,7.699999809265137,7.699999809265137,7.885000228881836,7.260000228881836,7.429999828338623,38200
2023-02-24,7.71999979019165,7.71999979019165,7.980000019073486,7.440000057220459,7.489999771118164,40500
2023-02-27,7.809999942779541,7.809999942779541,8.399999618530273,7.585000038146973,7.730000019073486,63400
2023-02-28,7.869999885559082,7.869999885559082,8.119999885559082,7.820000171661377,7.980000019073486,50000
2023-03-01,7.829999923706055,7.829999923706055,8.199999809265137,7.75,7.849999904632568,43600
2023-03-02,7.820000171661377,7.820000171661377,8.050000190734863,7.75,7.820000171661377,43200
2023-03-03,7.929999828338623,7.929999828338623,8.100000381469727,7.590000152587891,7.829999923706055,31800
2023-03-06,8.75,8.75,9.369999885559082,7.679999828338623,7.900000095367432,91800
2023-03-07,8.420000076293945,8.420000076293945,9.875,8.130000114440918,8.899999618530273,244600
2023-03-08,6.849999904632568,6.849999904632568,8.4399995803833,6.309999942779541,8.270000457763672,219500
2023-03-09,5.480000019073486,5.480000019073486,7.349999904632568,5.25,6.690000057220459,231300
2023-03-10,5.269999980926514,5.269999980926514,5.96999979019165,5.099999904632568,5.480000019073486,96400
2023-03-13,5.320000171661377,5.320000171661377,5.590000152587891,5.045000076293945,5.25,82700
2023-03-14,5.260000228881836,5.260000228881836,5.820000171661377,4.920000076293945,5.429999828338623,119400
2023-03-15,5.0,5.0,5.349999904632568,4.775000095367432,5.300000190734863,88200
2023-03-16,4.840000152587891,4.840000152587891,5.059999942779541,4.75,4.989999771118164,35700
2023-03-17,4.590000152587891,4.590000152587891,5.059999942779541,4.570000171661377,4.840000152587891,216900
2023-03-20,4.550000190734863,4.550000190734863,4.690000057220459,4.150000095367432,4.639999866485596,87700
2023-03-21,4.920000076293945,4.920000076293945,5.061999797821045,4.699999809265137,4.699999809265137,45200
2023-03-22,4.400000095367432,4.400000095367432,5.079999923706055,4.380000114440918,4.949999809265137,34700
2023-03-23,4.369999885559082,4.369999885559082,4.9019999504089355,4.309999942779541,4.460000038146973,44300
2023-03-24,4.550000190734863,4.550000190734863,4.590000152587891,4.250999927520752,4.309999942779541,29900
2023-03-27,4.699999809265137,4.699999809265137,4.78000020980835,4.46999979019165,4.550000190734863,18400
2023-03-28,5.079999923706055,5.079999923706055,5.110000133514404,4.6529998779296875,4.699999809265137,17400
2023-03-29,5.820000171661377,5.820000171661377,6.105000019073486,5.159999847412109,5.349999904632568,84800
2023-03-30,5.590000152587891,5.590000152587891,6.113999843597412,5.507999897003174,5.949999809265137,57500
2023-03-31,5.710000038146973,5.710000038146973,5.78000020980835,5.539999961853027,5.765999794006348,46900
2023-04-03,5.599999904632568,5.599999904632568,6.019999980926514,5.400000095367432,5.659999847412109,24900
2023-04-04,5.269999980926514,5.269999980926514,5.53000020980835,5.0,5.53000020980835,114900
2023-04-05,5.090000152587891,5.090000152587891,5.539999961853027,5.079999923706055,5.210000038146973,70700
2023-04-06,4.909999847412109,4.909999847412109,5.21999979019165,4.699999809265137,5.21999979019165,21500
2023-04-10,5.010000228881836,5.010000228881836,5.335000038146973,4.769999980926514,5.199999809265137,121700
2023-04-11,4.789999961853027,4.789999961853027,5.050000190734863,4.75,5.03000020980835,32000
2023-04-12,4.519999980926514,4.519999980926514,4.820000171661377,4.5,4.789999961853027,22400
2023-04-13,4.380000114440918,4.380000114440918,4.639999866485596,4.320000171661377,4.510000228881836,60100
2023-04-14,4.309999942779541,4.309999942779541,4.494999885559082,4.25,4.369999885559082,50400
2023-04-17,4.400000095367432,4.400000095367432,4.78000020980835,4.389999866485596,4.78000020980835,55200
2023-04-18,4.329999923706055,4.329999923706055,4.400000095367432,4.25,4.349999904632568,29700
2023-04-19,4.539999961853027,4.539999961853027,4.610000133514404,4.269999980926514,4.300000190734863,15500
2023-04-20,4.440000057220459,4.440000057220459,4.550000190734863,4.329999923706055,4.550000190734863,16800
2023-04-21,4.670000076293945,4.670000076293945,4.670000076293945,4.369999885559082,4.369999885559082,29900
2023-04-24,4.869999885559082,4.869999885559082,4.900000095367432,4.539999961853027,4.659999847412109,18300
2023-04-25,5.039999961853027,5.039999961853027,5.039999961853027,4.715000152587891,4.769999980926514,16800
2023-04-26,5.409999847412109,5.409999847412109,5.440000057220459,4.949999809265137,4.960000038146973,19200
2023-04-27,5.409999847412109,5.409999847412109,5.409999847412109,5.159999847412109,5.409999847412109,26700
2023-04-28,5.389999866485596,5.389999866485596,5.46999979019165,5.309999942779541,5.369999885559082,14300
2023-05-01,5.380000114440918,5.380000114440918,5.400000095367432,5.150000095367432,5.400000095367432,20500
2023-05-02,5.619999885559082,5.619999885559082,5.666999816894531,5.244999885559082,5.322000026702881,26400
2023-05-03,5.400000095367432,5.400000095367432,5.630000114440918,5.322000026702881,5.539999961853027,50600
2023-05-04,5.510000228881836,5.510000228881836,5.579999923706055,5.239999771118164,5.25,25600
2023-05-05,5.630000114440918,5.630000114440918,5.789999961853027,5.420000076293945,5.539999961853027,27200
2023-05-08,6.0,6.0,6.059999942779541,5.574999809265137,5.699999809265137,39800
2023-05-09,5.579999923706055,5.579999923706055,5.960000038146973,5.5,5.880000114440918,20400
2023-05-10,5.25,5.25,5.789999961853027,5.150000095367432,5.789999961853027,36500
2023-05-11,5.119999885559082,5.119999885559082,5.340000152587891,5.017000198364258,5.1579999923706055,15900
2023-05-12,5.210000038146973,5.210000038146973,5.420000076293945,5.119999885559082,5.21999979019165,10600
2023-05-15,5.440000057220459,5.440000057220459,5.449999809265137,5.170000076293945,5.170000076293945,12300
2023-05-16,5.5,5.5,5.574999809265137,5.179999828338623,5.440000057220459,11800
2023-05-17,5.639999866485596,5.639999866485596,5.690000057220459,5.328999996185303,5.328999996185303,13500
2023-05-18,5.940000057220459,5.940000057220459,5.968999862670898,5.510000228881836,5.510000228881836,34500
2023-05-19,6.320000171661377,6.320000171661377,6.340000152587891,5.869999885559082,6.0,45600
2023-05-22,6.800000190734863,6.800000190734863,7.230000019073486,6.389999866485596,6.460000038146973,103100
2023-05-23,7.079999923706055,7.079999923706055,7.369999885559082,6.650000095367432,6.75,92500
2023-05-24,7.300000190734863,7.300000190734863,7.489999771118164,7.09499979019165,7.460000038146973,71600
2023-05-25,6.159999847412109,6.159999847412109,7.820000171661377,5.900000095367432,7.420000076293945,71100
2023-05-26,6.349999904632568,6.349999904632568,6.440000057220459,5.869999885559082,6.380000114440918,40300
2023-05-30,6.639999866485596,6.639999866485596,7.0,6.255000114440918,6.269999980926514,68400
2023-05-31,7.159999847412109,7.159999847412109,7.311999797821045,6.78000020980835,6.789999961853027,52000
2023-06-01,7.590000152587891,7.590000152587891,8.109999656677246,7.170000076293945,7.25,98400
2023-06-02,8.0,8.0,8.09000015258789,7.635000228881836,7.78000020980835,100700
2023-06-05,8.489999771118164,8.489999771118164,8.895000457763672,7.809999942779541,8.010000228881836,123200
2023-06-06,8.890000343322754,8.890000343322754,9.0,8.479999542236328,8.640000343322754,156900
2023-06-07,8.470000267028809,8.470000267028809,9.140000343322754,8.062000274658203,8.90999984741211,122800
2023-06-08,7.829999923706055,7.829999923706055,8.649999618530273,7.769999980926514,8.479999542236328,186300
2023-06-09,7.889999866485596,7.889999866485596,8.164999961853027,7.659999847412109,7.840000152587891,89000
2023-06-12,7.940000057220459,7.940000057220459,8.149999618530273,7.789999961853027,7.940000057220459,66900
2023-06-13,8.0,8.0,8.369999885559082,7.920000076293945,7.920000076293945,60100
2023-06-14,7.730000019073486,7.730000019073486,8.0,7.670000076293945,7.960000038146973,46000
2023-06-15,7.369999885559082,7.369999885559082,7.835000038146973,7.289999961853027,7.699999809265137,80100
2023-06-16,7.559999942779541,7.559999942779541,7.800000190734863,7.360000133514404,7.559999942779541,174700
2023-06-20,7.920000076293945,7.920000076293945,8.074999809265137,7.050000190734863,7.559999942779541,83200
2023-06-21,7.329999923706055,7.329999923706055,8.145000457763672,7.269999980926514,7.889999866485596,103400
2023-06-22,7.889999866485596,7.889999866485596,8.199999809265137,7.28000020980835,7.28000020980835,85300
2023-06-23,8.140000343322754,8.140000343322754,8.260000228881836,7.630000114440918,7.690000057220459,2163000
2023-06-26,6.03000020980835,6.03000020980835,8.170000076293945,5.744999885559082,8.170000076293945,297500
2023-06-27,6.059999942779541,6.059999942779541,6.090000152587891,5.800000190734863,6.010000228881836,115700
2023-06-28,5.920000076293945,5.920000076293945,6.079999923706055,5.840000152587891,5.980000019073486,36700
2023-06-29,5.590000152587891,5.590000152587891,6.159999847412109,5.465000152587891,5.900000095367432,56900
2023-06-30,5.659999847412109,5.659999847412109,5.820000171661377,5.599999904632568,5.690000057220459,90100
2023-07-03,5.900000095367432,5.900000095367432,5.920000076293945,5.590000152587891,5.599999904632568,28200
2023-07-05,5.900000095367432,5.900000095367432,6.050000190734863,5.715000152587891,5.900000095367432,37700
2023-07-06,5.880000114440918,5.880000114440918,5.920000076293945,5.550000190734863,5.909999847412109,71400
2023-07-07,5.230000019073486,5.230000019073486,5.909999847412109,5.079999923706055,5.909999847412109,114600
2023-07-10,5.300000190734863,5.300000190734863,5.449999809265137,5.0,5.25,57100
2023-07-11,5.190000057220459,5.190000057220459,5.409999847412109,5.019999980926514,5.309999942779541,53900
2023-07-12,5.679999828338623,5.679999828338623,5.760000228881836,5.199999809265137,5.300000190734863,39700
2023-07-13,5.889999866485596,5.889999866485596,5.949999809265137,5.519999980926514,5.929999828338623,36600
2023-07-14,5.449999809265137,5.449999809265137,5.860000133514404,5.28000020980835,5.860000133514404,32300
2023-07-17,5.599999904632568,5.599999904632568,5.744999885559082,5.309999942779541,5.519999980926514,33100
2023-07-18,5.889999866485596,5.889999866485596,6.021999835968018,5.53000020980835,5.599999904632568,93000
2023-07-19,5.949999809265137,5.949999809265137,6.070000171661377,5.730999946594238,5.920000076293945,52700
2023-07-20,5.934999942779541,5.934999942779541,6.113999843597412,5.75,5.960000038146973,38900
2023-07-21,6.159999847412109,6.159999847412109,6.380000114440918,5.920000076293945,6.0,39100
2023-07-24,5.940000057220459,5.940000057220459,6.139999866485596,5.75,6.139999866485596,52700
2023-07-25,5.900000095367432,5.900000095367432,6.03000020980835,5.659999847412109,5.900000095367432,54400
2023-07-26,5.909999847412109,5.909999847412109,6.264999866485596,5.880000114440918,5.929999828338623,53600
2023-07-27,5.960000038146973,5.960000038146973,6.190000057220459,5.764999866485596,5.949999809265137,46800
2023-07-28,5.920000076293945,5.920000076293945,6.139999866485596,5.889999866485596,6.0,41900
2023-07-31,5.980000019073486,5.980000019073486,6.079999923706055,5.940000057220459,5.940000057220459,81700
2023-08-01,5.989999771118164,5.989999771118164,6.019999980926514,5.949999809265137,5.980000019073486,23100
2023-08-02,5.829999923706055,5.829999923706055,6.0,5.800000190734863,5.869999885559082,41100
2023-08-03,5.800000190734863,5.800000190734863,5.949999809265137,5.699999809265137,5.809999942779541,51800
2023-08-04,5.940000057220459,5.940000057220459,6.034999847412109,5.860000133514404,5.860000133514404,15100
2023-08-07,5.5,5.5,5.940000057220459,5.380000114440918,5.940000057220459,28500
2023-08-08,5.28000020980835,5.28000020980835,5.659999847412109,5.034999847412109,5.619999885559082,33800
2023-08-09,5.260000228881836,5.260000228881836,5.320000171661377,5.117000102996826,5.28000020980835,21900
2023-08-10,5.599999904632568,5.599999904632568,5.599999904632568,5.260000228881836,5.260000228881836,25800
2023-08-11,5.800000190734863,5.800000190734863,5.860000133514404,5.559999942779541,5.639999866485596,24400
2023-08-14,6.0,6.0,6.329999923706055,5.75,5.78000020980835,51200
2023-08-15,5.989999771118164,5.989999771118164,6.159999847412109,5.804999828338623,5.989999771118164,58000
2023-08-16,5.429999828338623,5.429999828338623,5.980000019073486,5.380000114440918,5.900000095367432,24600
2023-08-17,5.46999979019165,5.46999979019165,5.690000057220459,5.389999866485596,5.510000228881836,24100
2023-08-18,5.300000190734863,5.300000190734863,5.485000133514404,5.25,5.400000095367432,47600
2023-08-21,5.03000020980835,5.03000020980835,5.46999979019165,4.940000057220459,5.360000133514404,63100
2023-08-22,5.400000095367432,5.400000095367432,5.489999771118164,4.989999771118164,5.039999961853027,19600
2023-08-23,5.550000190734863,5.550000190734863,5.570000171661377,5.099999904632568,5.369999885559082,31500
2023-08-24,5.599999904632568,5.599999904632568,5.75,5.489999771118164,5.489999771118164,24500
2023-08-25,5.46999979019165,5.46999979019165,5.760000228881836,5.409999847412109,5.635000228881836,15900
2023-08-28,5.480000019073486,5.480000019073486,5.632999897003174,5.449999809265137,5.5,20700
2023-08-29,5.599999904632568,5.599999904632568,5.710000038146973,5.519999980926514,5.710000038146973,9600
2023-08-30,5.579999923706055,5.579999923706055,5.699999809265137,5.5,5.699999809265137,9300
2023-08-31,5.320000171661377,5.320000171661377,5.599999904632568,5.320000171661377,5.559999942779541,28100
2023-09-01,5.409999847412109,5.409999847412109,5.579999923706055,5.190000057220459,5.400000095367432,34400
2023-09-05,5.429999828338623,5.429999828338623,5.485000133514404,5.235000133514404,5.449999809265137,17600
2023-09-06,5.429999828338623,5.429999828338623,5.539999961853027,5.340000152587891,5.449999809265137,17400
2023-09-07,5.300000190734863,5.300000190734863,5.5,5.0,5.449999809265137,36700
2023-09-08,5.320000171661377,5.320000171661377,5.409999847412109,5.099999904632568,5.369999885559082,23000
2023-09-11,5.349999904632568,5.349999904632568,5.440000057220459,5.199999809265137,5.389999866485596,29500
2023-09-12,5.53000020980835,5.53000020980835,5.590000152587891,5.170000076293945,5.289999961853027,29000
2023-09-13,5.559999942779541,5.559999942779541,5.960000038146973,5.510000228881836,5.510000228881836,33600
2023-09-14,5.054999828338623,5.054999828338623,5.769999980926514,4.965000152587891,5.619999885559082,70100
2023-09-15,4.929999828338623,4.929999828338623,5.150000095367432,4.800000190734863,5.070000171661377,75600
2023-09-18,4.75,4.75,4.949999809265137,4.710000038146973,4.949999809265137,26000
2023-09-19,4.699999809265137,4.699999809265137,5.0,4.699999809265137,4.78000020980835,36800
2023-09-20,4.789999961853027,4.789999961853027,4.880000114440918,4.644999980926514,4.730000019073486,22200
2023-09-21,4.78000020980835,4.78000020980835,4.929999828338623,4.690000057220459,4.78000020980835,13200
2023-09-22,4.860000133514404,4.860000133514404,4.920000076293945,4.71999979019165,4.789999961853027,16500
2023-09-25,4.659999847412109,4.659999847412109,4.849999904632568,4.559999942779541,4.849999904632568,31700
2023-09-26,4.949999809265137,4.949999809265137,5.0,4.579999923706055,4.724999904632568,35400
2023-09-27,3.5199999809265137,3.5199999809265137,4.889999866485596,3.450000047683716,4.789999961853027,142500
2023-09-28,3.640000104904175,3.640000104904175,3.950000047683716,3.549999952316284,3.5799999237060547,66500
2023-09-29,3.369999885559082,3.369999885559082,3.6760001182556152,3.3010001182556152,3.5899999141693115,55900
2023-10-02,3.1549999713897705,3.1549999713897705,3.4100000858306885,3.0269999504089355,3.369999885559082,48900
2023-10-03,3.4749999046325684,3.4749999046325684,3.559999942779541,3.0999999046325684,3.0999999046325684,60500
2023-10-04,3.7100000381469727,3.7100000381469727,3.9749999046325684,3.4700000286102295,3.4700000286102295,88500
2023-10-05,3.75,3.75,4.039999961853027,3.6500000953674316,3.7100000381469727,67500
2023-10-06,3.5999999046325684,3.5999999046325684,3.7699999809265137,3.5,3.6700000762939453,61200
2023-10-09,3.4100000858306885,3.4100000858306885,3.630000114440918,3.3499999046325684,3.559999942779541,44200
2023-10-10,3.690000057220459,3.690000057220459,3.8399999141693115,3.309999942779541,3.319999933242798,74700
2023-10-11,3.759999990463257,3.759999990463257,3.9100000858306885,3.6500000953674316,3.700000047683716,34800
2023-10-12,3.5799999237060547,3.5799999237060547,3.9700000286102295,3.5,3.740000009536743,47500
2023-10-13,3.680000066757202,3.680000066757202,3.700000047683716,3.5799999237060547,3.5799999237060547,16700
2023-10-16,3.75,3.75,4.119999885559082,3.49399995803833,3.7100000381469727,49600
2023-10-17,3.9600000381469727,3.9600000381469727,4.1519999504089355,3.819999933242798,3.819999933242798,33900
2023-10-18,3.5250000953674316,3.5250000953674316,4.068999767303467,3.515000104904175,3.890000104904175,32300
2023-10-19,3.384999990463257,3.384999990463257,3.5299999713897705,3.359999895095825,3.5299999713897705,22000
2023-10-20,3.380000114440918,3.380000114440918,3.5299999713897705,3.3299999237060547,3.4100000858306885,44000
2023-10-23,3.4800000190734863,3.4800000190734863,3.6419999599456787,3.380000114440918,3.4200000762939453,14200
2023-10-24,3.4600000381469727,3.4600000381469727,3.73799991607666,3.3499999046325684,3.4700000286102295,27000
2023-10-25,3.450000047683716,3.450000047683716,3.569999933242798,3.359999895095825,3.369999885559082,18600
2023-10-26,3.75,3.75,3.759999990463257,3.36299991607666,3.36299991607666,26600
2023-10-27,4.019999980926514,4.019999980926514,4.099999904632568,3.697999954223633,3.7200000286102295,26600
2023-10-30,4.389999866485596,4.389999866485596,4.599999904632568,3.9100000858306885,4.119999885559082,96900
2023-10-31,4.199999809265137,4.199999809265137,4.502999782562256,3.684999942779541,4.349999904632568,82900
2023-11-01,4.230000019073486,4.230000019073486,4.28000020980835,3.8450000286102295,4.110000133514404,14600
2023-11-02,4.110000133514404,4.110000133514404,4.449999809265137,4.010000228881836,4.230000019073486,42800
2023-11-03,4.139999866485596,4.139999866485596,4.380000114440918,3.799999952316284,4.239999771118164,71900
2023-11-06,3.549999952316284,3.549999952316284,4.199999809265137,3.5,4.130000114440918,42400
2023-11-07,3.440000057220459,3.440000057220459,3.625,3.299999952316284,3.450000047683716,90200
2023-11-08,3.0,3.0,3.4000000953674316,2.953000068664551,3.359999895095825,218600
2023-11-09,3.0399999618530273,3.0399999618530273,3.075000047683716,2.8450000286102295,3.009999990463257,123200
2023-11-10,2.869999885559082,2.869999885559082,3.0299999713897705,2.75,3.0299999713897705,41300
2023-11-13,2.5399999618530273,2.5399999618530273,2.930000066757202,2.5,2.8499999046325684,114500
2023-11-14,2.390000104904175,2.390000104904175,2.7049999237060547,2.2850000858306885,2.6700000762939453,373000
2023-11-15,2.3350000381469727,2.3350000381469727,2.4800000190734863,2.319999933242798,2.450000047683716,81100
2023-11-16,1.9850000143051147,1.9850000143051147,2.309999942779541,1.975000023841858,2.309999942779541,129100
2023-11-17,1.9900000095367432,1.9900000095367432,2.0899999141693115,1.9600000381469727,2.0199999809265137,140200
2023-11-20,2.450000047683716,2.450000047683716,2.4600000381469727,2.0,2.049999952316284,515800
2023-11-21,2.4000000953674316,2.4000000953674316,2.5899999141693115,2.25,2.3499999046325684,49300
2023-11-22,2.4000000953674316,2.4000000953674316,2.5989999771118164,2.3399999141693115,2.4800000190734863,39900
2023-11-24,2.440000057220459,2.440000057220459,2.5850000381469727,2.4000000953674316,2.450000047683716,14900
2023-11-27,2.299999952316284,2.299999952316284,2.4800000190734863,2.25,2.4600000381469727,65400
2023-11-28,2.069999933242798,2.069999933242798,2.437999963760376,2.0399999618530273,2.3499999046325684,172100
2023-11-29,1.9600000381469727,1.9600000381469727,2.200000047683716,1.909999966621399,2.0999999046325684,158400
2023-11-30,1.909999966621399,1.909999966621399,2.13700008392334,1.7200000286102295,1.9900000095367432,175500
2023-12-01,2.2300000190734863,2.2300000190734863,2.2899999618530273,1.8799999952316284,1.9800000190734863,252900
2023-12-04,2.640000104904175,2.640000104904175,2.75,1.9900000095367432,2.2300000190734863,198700
2023-12-05,2.5399999618530273,2.5399999618530273,2.7850000858306885,2.430000066757202,2.630000114440918,100200
2023-12-06,2.509999990463257,2.509999990463257,2.640000104904175,2.4130001068115234,2.640000104904175,49700
2023-12-07,2.740000009536743,2.740000009536743,2.859999895095825,2.390000104904175,2.569999933242798,489100
2023-12-08,2.890000104904175,2.890000104904175,2.9600000381469727,2.6530001163482666,2.6700000762939453,78400
2023-12-11,2.75,2.75,2.9749999046325684,2.680000066757202,2.930000066757202,91200
2023-12-12,2.8399999141693115,2.8399999141693115,2.9100000858306885,2.6500000953674316,2.6600000858306885,122200
2023-12-13,2.9700000286102295,2.9700000286102295,3.0,2.700000047683716,2.799999952316284,88400
2023-12-14,3.259999990463257,3.259999990463257,3.3399999141693115,2.8499999046325684,3.0299999713897705,168500
2023-12-15,3.0399999618530273,3.0399999618530273,3.319999933242798,3.0399999618530273,3.319999933242798,182200
2023-12-18,2.9000000953674316,2.9000000953674316,3.140000104904175,2.7899999618530273,3.0899999141693115,194500
2023-12-19,2.9100000858306885,2.9100000858306885,3.049999952316284,2.755000114440918,2.880000114440918,70400
2023-12-20,2.75,2.75,3.2699999809265137,2.700000047683716,2.940000057220459,106100
2023-12-21,2.609999895095825,2.609999895095825,2.799999952316284,2.549999952316284,2.75,145300
2023-12-22,2.640000104904175,2.640000104904175,2.7100000381469727,2.5799999237060547,2.640000104904175,217400
2023-12-26,2.630000114440918,2.630000114440918,2.8340001106262207,2.609999895095825,2.7799999713897705,235300
2023-12-27,2.5999999046325684,2.5999999046325684,2.7699999809265137,2.5899999141693115,2.7699999809265137,201200
2023-12-28,2.5,2.5,2.625,2.4600000381469727,2.5899999141693115,103400
2023-12-29,2.390000104904175,2.390000104904175,2.555000066757202,2.319999933242798,2.5399999618530273,108200
2024-01-02,2.4000000953674316,2.4000000953674316,2.490000009536743,2.3299999237060547,2.369999885559082,356800
2024-01-03,2.25,2.25,2.4000000953674316,2.0199999809265137,2.4000000953674316,198600
2024-01-04,2.1500000953674316,2.1500000953674316,2.265000104904175,2.0999999046325684,2.25,197800
2024-01-05,2.119999885559082,2.119999885559082,2.5,2.0999999046325684,2.25,178700
2024-01-08,2.0999999046325684,2.0999999046325684,2.1500000953674316,2.0299999713897705,2.130000114440918,172900
2024-01-09,1.9800000190734863,1.9800000190734863,2.0999999046325684,1.9500000476837158,2.0999999046325684,203500
2024-01-10,2.0,2.0,2.109999895095825,1.9500000476837158,1.9600000381469727,147200
2024-01-11,1.9199999570846558,1.9199999570846558,2.069999933242798,1.8799999952316284,2.059999942779541,131500
2024-01-12,1.909999966621399,1.909999966621399,1.9910000562667847,1.850000023841858,1.9199999570846558,56900
2024-01-16,1.690000057220459,1.690000057220459,1.9199999570846558,1.659000039100647,1.9199999570846558,239000
2024-01-17,1.5950000286102295,1.5950000286102295,1.7050000429153442,1.5149999856948853,1.6699999570846558,230400
2024-01-18,1.5299999713897705,1.5299999713897705,1.6349999904632568,1.5210000276565552,1.6200000047683716,124300
2024-01-19,1.440000057220459,1.440000057220459,1.659999966621399,1.3600000143051147,1.649999976158142,497000
2024-01-22,1.4600000381469727,1.4600000381469727,1.5499999523162842,1.4299999475479126,1.4600000381469727,232100
2024-01-23,1.3799999952316284,1.3799999952316284,1.5399999618530273,1.340000033378601,1.4700000286102295,309200
2024-01-24,1.3899999856948853,1.3899999856948853,1.5199999809265137,1.350000023841858,1.4800000190734863,247500
2024-01-25,1.399999976158142,1.399999976158142,1.4600000381469727,1.3600000143051147,1.399999976158142,278600
2024-01-26,1.3899999856948853,1.3899999856948853,1.4459999799728394,1.3700000047683716,1.409999966621399,223800
2024-01-29,1.399999976158142,1.399999976158142,1.4079999923706055,1.3200000524520874,1.399999976158142,376700
2024-01-30,1.3899999856948853,1.3899999856948853,1.437000036239624,1.3600000143051147,1.4299999475479126,157100
2024-01-31,1.350000023841858,1.350000023841858,1.4259999990463257,1.3200000524520874,1.3899999856948853,259800
2024-02-01,1.3600000143051147,1.3600000143051147,1.3899999856948853,1.3200000524520874,1.3600000143051147,228100
2024-02-02,1.309999942779541,1.309999942779541,1.399999976158142,1.2949999570846558,1.399999976158142,368300
2024-02-05,1.25,1.25,1.3109999895095825,1.225000023841858,1.309999942779541,273800
2024-02-06,1.5499999523162842,1.5499999523162842,1.6399999856948853,1.309999942779541,1.399999976158142,1033400
2024-02-07,1.690000057220459,1.690000057220459,1.7999999523162842,1.5,1.590000033378601,662300
2024-02-08,1.7100000381469727,1.7100000381469727,1.8890000581741333,1.5499999523162842,1.7100000381469727,670200
2024-02-09,1.7699999809265137,1.7699999809265137,1.850000023841858,1.7400000095367432,1.7699999809265137,212800
2024-02-12,1.659999966621399,1.659999966621399,1.850000023841858,1.6299999952316284,1.7799999713897705,317600
2024-02-13,1.6799999475479126,1.6799999475479126,1.690000057220459,1.600000023841858,1.690000057220459,324600
2024-02-14,1.7100000381469727,1.7100000381469727,1.7999999523162842,1.649999976158142,1.690000057220459,188400
2024-02-15,1.8600000143051147,1.8600000143051147,1.8799999952316284,1.6799999475479126,1.7000000476837158,143800
2024-02-16,2.0,2.0,2.069999933242798,1.809999942779541,1.8600000143051147,217500
2024-02-20,1.8300000429153442,1.8300000429153442,2.049999952316284,1.809999942779541,2.0299999713897705,241200
2024-02-21,1.7999999523162842,1.7999999523162842,1.840000033378601,1.7200000286102295,1.809999942779541,158300
2024-02-22,1.8300000429153442,1.8300000429153442,1.8899999856948853,1.781000018119812,1.7999999523162842,144900
2024-02-23,1.7000000476837158,1.7000000476837158,1.8730000257492065,1.6799999475479126,1.809999942779541,182500
2024-02-26,1.7999999523162842,1.7999999523162842,1.8799999952316284,1.7300000190734863,1.7599999904632568,307400
2024-02-27,2.119999885559082,2.119999885559082,2.140000104904175,1.7999999523162842,1.7999999523162842,164700
2024-02-28,2.2200000286102295,2.2200000286102295,2.375,2.119999885559082,2.140000104904175,432000
2024-02-29,2.325000047683716,2.325000047683716,2.4000000953674316,2.180000066757202,2.2899999618530273,248800
2024-03-01,2.359999895095825,2.359999895095825,2.509999990463257,2.2899999618530273,2.3499999046325684,193000
2024-03-04,1.9700000286102295,1.9700000286102295,2.5799999237060547,1.9700000286102295,2.4200000762939453,278500
2024-03-05,1.8550000190734863,1.8550000190734863,2.1600000858306885,1.840000033378601,2.049999952316284,195400
2024-03-06,1.850000023841858,1.850000023841858,1.9299999475479126,1.809999942779541,1.850000023841858,54600
2024-03-07,1.8600000143051147,1.8600000143051147,1.9450000524520874,1.7699999809265137,1.8899999856948853,80800
2024-03-08,1.8700000047683716,1.8700000047683716,1.9800000190734863,1.8300000429153442,1.8700000047683716,45000
2024-03-11,1.840000033378601,1.840000033378601,1.9600000381469727,1.8200000524520874,1.8300000429153442,49100
2024-03-12,1.6799999475479126,1.6799999475479126,1.8600000143051147,1.6200000047683716,1.8600000143051147,146700
2024-03-13,1.7549999952316284,1.7549999952316284,1.7649999856948853,1.6399999856948853,1.7100000381469727,91900
2024-03-14,1.5950000286102295,1.5950000286102295,1.8799999952316284,1.559999942779541,1.7599999904632568,121700
2024-03-15,1.6200000047683716,1.6200000047683716,1.850000023841858,1.559999942779541,1.809999942779541,196500
2024-03-18,1.6299999952316284,1.6299999952316284,1.7000000476837158,1.5099999904632568,1.600000023841858,175300
2024-03-19,1.600000023841858,1.600000023841858,1.649999976158142,1.5299999713897705,1.600000023841858,156200
2024-03-20,1.6799999475479126,1.6799999475479126,1.690000057220459,1.5099999904632568,1.6200000047683716,95600
2024-03-21,1.6399999856948853,1.6399999856948853,1.7000000476837158,1.5499999523162842,1.7000000476837158,82200
2024-03-22,1.600000023841858,1.600000023841858,1.6799999475479126,1.559999942779541,1.6799999475479126,50400
2024-03-25,1.5,1.5,1.659999966621399,1.4800000190734863,1.6399999856948853,98900
2024-03-26,1.4700000286102295,1.4700000286102295,1.6299999952316284,1.4600000381469727,1.5499999523162842,129100
2024-03-27,1.590000033378601,1.590000033378601,1.6100000143051147,1.4550000429153442,1.5099999904632568,79300
2024-03-28,1.850000023841858,1.850000023841858,1.8600000143051147,1.590000033378601,1.600000023841858,241400
2024-04-01,1.7899999618530273,1.7899999618530273,1.850000023841858,1.7000000476837158,1.840000033378601,158000
2024-04-02,1.7100000381469727,1.7100000381469727,1.7400000095367432,1.6399999856948853,1.7400000095367432,121400
2024-04-03,1.6699999570846558,1.6699999570846558,1.7000000476837158,1.590000033378601,1.690000057220459,68100
2024-04-04,1.5800000429153442,1.5800000429153442,1.690000057220459,1.559999942779541,1.690000057220459,72900
2024-04-05,1.6299999952316284,1.6299999952316284,1.649999976158142,1.559999942779541,1.590000033378601,64900
2024-04-08,1.6699999570846558,1.6699999570846558,1.7100000381469727,1.559999942779541,1.6299999952316284,78100
2024-04-09,1.649999976158142,1.649999976158142,1.6699999570846558,1.600000023841858,1.6699999570846558,43300
2024-04-10,1.6299999952316284,1.6299999952316284,1.6699999570846558,1.559999942779541,1.600000023841858,1910700
2024-04-11,2.9800000190734863,2.9800000190734863,3.4600000381469727,2.630000114440918,3.3299999237060547,79900400
2024-04-12,2.200000047683716,2.200000047683716,2.7699999809265137,2.009999990463257,2.700000047683716,4459700
2024-04-15,1.8300000429153442,1.8300000429153442,2.009999990463257,1.7719999551773071,2.0,1677500
2024-04-16,1.7999999523162842,1.7999999523162842,1.9600000381469727,1.7100000381469727,1.8700000047683716,746000
2024-04-17,1.7599999904632568,1.7599999904632568,1.7999999523162842,1.7000000476837158,1.7599999904632568,518900
2024-04-18,1.6699999570846558,1.6699999570846558,1.8200000524520874,1.6699999570846558,1.7999999523162842,353900
2024-04-19,1.7599999904632568,1.7599999904632568,1.8200000524520874,1.649999976158142,1.649999976158142,313000
2024-04-22,1.7699999809265137,1.7699999809265137,1.840000033378601,1.6699999570846558,1.7799999713897705,267200
2024-04-23,1.7400000095367432,1.7400000095367432,1.8799999952316284,1.7000000476837158,1.75,243300
2024-04-24,1.5800000429153442,1.5800000429153442,1.75,1.5700000524520874,1.75,279800
2024-04-25,1.649999976158142,1.649999976158142,1.7200000286102295,1.5399999618530273,1.6100000143051147,324900
2024-04-26,1.7000000476837158,1.7000000476837158,1.715000033378601,1.600000023841858,1.6299999952316284,240000
2024-04-29,1.850000023841858,1.850000023841858,1.8799999952316284,1.6799999475479126,1.7000000476837158,298900
2024-04-30,1.9199999570846558,1.9199999570846558,1.965999960899353,1.7649999856948853,1.7999999523162842,312100
2024-05-01,1.899999976158142,1.899999976158142,1.9980000257492065,1.8799999952316284,1.9199999570846558,341200
2024-05-02,1.8300000429153442,1.8300000429153442,1.899999976158142,1.7999999523162842,1.899999976158142,159000
2024-05-03,1.8300000429153442,1.8300000429153442,1.8899999856948853,1.7799999713897705,1.8700000047683716,228000
2024-05-06,1.8799999952316284,1.8799999952316284,1.940000057220459,1.8200000524520874,1.850000023841858,218100
2024-05-07,1.9199999570846558,1.9199999570846558,1.940000057220459,1.809000015258789,1.8799999952316284,222800
2024-05-08,1.850000023841858,1.850000023841858,1.940000057220459,1.8350000381469727,1.940000057220459,145300
2024-05-09,1.899999976158142,1.899999976158142,1.9900000095367432,1.8630000352859497,1.899999976158142,197700
2024-05-10,1.8300000429153442,1.8300000429153442,2.0,1.8200000524520874,1.940000057220459,187700
2024-05-13,1.7799999713897705,1.7799999713897705,1.909999966621399,1.7699999809265137,1.840000033378601,144900
2024-05-14,1.840000033378601,1.840000033378601,1.8799999952316284,1.7999999523162842,1.7999999523162842,103900
2024-05-15,1.909999966621399,1.909999966621399,1.9199999570846558,1.7699999809265137,1.7799999713897705,227500
2024-05-16,1.8600000143051147,1.8600000143051147,2.0,1.8200000524520874,1.9199999570846558,223800
2024-05-17,1.7699999809265137,1.7699999809265137,1.8899999856948853,1.7599999904632568,1.8600000143051147,207100
2024-05-20,1.590000033378601,1.590000033378601,1.840000033378601,1.590000033378601,1.7699999809265137,490300
2024-05-21,1.6100000143051147,1.6100000143051147,1.7000000476837158,1.5700000524520874,1.6299999952316284,274600
2024-05-22,1.7100000381469727,1.7100000381469727,1.7300000190734863,1.659999966621399,1.6799999475479126,173800
2024-05-23,1.6100000143051147,1.6100000143051147,1.7100000381469727,1.600000023841858,1.7100000381469727,148100
2024-05-24,1.559999942779541,1.559999942779541,1.649999976158142,1.559999942779541,1.6100000143051147,179900
2024-05-28,1.5800000429153442,1.5800000429153442,1.6299999952316284,1.5499999523162842,1.5700000524520874,211200
2024-05-29,1.4700000286102295,1.4700000286102295,1.5800000429153442,1.440000057220459,1.5800000429153442,275200
2024-05-30,1.590000033378601,1.590000033378601,1.659999966621399,1.4800000190734863,1.4800000190734863,323300
2024-05-31,1.6699999570846558,1.6699999570846558,1.690000057220459,1.5959999561309814,1.600000023841858,163400
2024-06-03,1.5499999523162842,1.5499999523162842,1.6820000410079956,1.5299999713897705,1.659999966621399,123900
2024-06-04,1.5399999618530273,1.5399999618530273,1.600000023841858,1.5299999713897705,1.5399999618530273,129900
2024-06-05,1.6100000143051147,1.6100000143051147,1.6200000047683716,1.5099999904632568,1.5499999523162842,137900
2024-06-06,1.4900000095367432,1.4900000095367432,1.600000023841858,1.4900000095367432,1.5700000524520874,149900
2024-06-07,1.4800000190734863,1.4800000190734863,1.5399999618530273,1.4600000381469727,1.5199999809265137,115100
2024-06-10,1.524999976158142,1.524999976158142,1.5499999523162842,1.440000057220459,1.4500000476837158,148700
2024-06-11,1.6399999856948853,1.6399999856948853,1.6399999856948853,1.4900000095367432,1.4900000095367432,154200
2024-06-12,1.649999976158142,1.649999976158142,1.7289999723434448,1.600000023841858,1.600000023841858,181000
2024-06-13,1.659999966621399,1.659999966621399,1.6799999475479126,1.600000023841858,1.6399999856948853,93800
2024-06-14,1.5449999570846558,1.5449999570846558,1.659999966621399,1.4800000190734863,1.6200000047683716,133600
2024-06-17,1.4500000476837158,1.4500000476837158,1.565000057220459,1.440000057220459,1.5399999618530273,198900
2024-06-18,1.399999976158142,1.399999976158142,1.475000023841858,1.3949999809265137,1.4500000476837158,174300
2024-06-20,1.440000057220459,1.440000057220459,1.4709999561309814,1.399999976158142,1.399999976158142,161600
2024-06-21,1.4600000381469727,1.4600000381469727,1.5,1.4299999475479126,1.4299999475479126,375500
2024-06-24,1.5399999618530273,1.5399999618530273,1.600000023841858,1.4500000476837158,1.4800000190734863,177900
2024-06-25,1.4900000095367432,1.4900000095367432,1.5499999523162842,1.4199999570846558,1.5199999809265137,280400
2024-06-26,1.399999976158142,1.399999976158142,1.5299999713897705,1.399999976158142,1.4900000095367432,215800
2024-06-27,1.4800000190734863,1.4800000190734863,1.5,1.3899999856948853,1.4199999570846558,230500
2024-06-28,1.340000033378601,1.340000033378601,1.5,1.340000033378601,1.5,3550100
2024-07-01,1.3600000143051147,1.3600000143051147,1.4199999570846558,1.3600000143051147,1.3799999952316284,203200
2024-07-02,1.2000000476837158,1.2000000476837158,1.4199999570846558,1.1549999713897705,1.3899999856948853,715700
2024-07-03,1.2799999713897705,1.2799999713897705,1.2999999523162842,1.25,1.2699999809265137,76700
2024-07-05,1.3300000429153442,1.3300000429153442,1.350000023841858,1.2799999713897705,1.2799999713897705,119700
2024-07-08,1.2999999523162842,1.2999999523162842,1.3700000047683716,1.2899999618530273,1.340000033378601,123900
2024-07-09,1.2899999618530273,1.2899999618530273,1.3300000429153442,1.2899999618530273,1.2999999523162842,138300
2024-07-10,1.3200000524520874,1.3200000524520874,1.340000033378601,1.2949999570846558,1.2999999523162842,93000
2024-07-11,1.4299999475479126,1.4299999475479126,1.440000057220459,1.309999942779541,1.309999942779541,105200
2024-07-12,1.3799999952316284,1.3799999952316284,1.4600000381469727,1.3700000047683716,1.440000057220459,94400
2024-07-15,1.340000033378601,1.340000033378601,1.4010000228881836,1.2899999618530273,1.3899999856948853,118700
2024-07-16,1.4500000476837158,1.4500000476837158,1.4700000286102295,1.3200000524520874,1.350000023841858,154600
2024-07-17,1.3899999856948853,1.3899999856948853,1.4900000095367432,1.3700000047683716,1.4600000381469727,65300
2024-07-18,1.2999999523162842,1.2999999523162842,1.4049999713897705,1.2899999618530273,1.3799999952316284,80200
2024-07-19,1.340000033378601,1.340000033378601,1.350000023841858,1.2999999523162842,1.309999942779541,48300
2024-07-22,1.3200000524520874,1.3200000524520874,1.3700000047683716,1.309999942779541,1.3700000047683716,52600
2024-07-23,1.340000033378601,1.340000033378601,1.3600000143051147,1.3200000524520874,1.350000023841858,36600
2024-07-24,1.2999999523162842,1.2999999523162842,1.3600000143051147,1.2899999618530273,1.2999999523162842,78600
2024-07-25,1.3300000429153442,1.3300000429153442,1.3799999952316284,1.309999942779541,1.3200000524520874,39800
2024-07-26,1.3600000143051147,1.3600000143051147,1.3799999952316284,1.3300000429153442,1.3600000143051147,66200
2024-07-29,1.3200000524520874,1.3200000524520874,1.3799999952316284,1.2899999618530273,1.3600000143051147,35200
2024-07-30,1.2999999523162842,1.2999999523162842,1.3600000143051147,1.2899999618530273,1.350000023841858,76700
2024-07-31,1.3899999856948853,1.3899999856948853,1.5399999618530273,1.2999999523162842,1.3200000524520874,375100
2024-08-01,1.3200000524520874,1.3200000524520874,1.4119999408721924,1.2799999713897705,1.3899999856948853,86600
2024-08-02,1.2599999904632568,1.2599999904632568,1.2999999523162842,1.2000000476837158,1.2899999618530273,104800
2024-08-05,1.1799999475479126,1.1799999475479126,1.2200000286102295,1.090000033378601,1.1299999952316284,124800
2024-08-06,1.2000000476837158,1.2000000476837158,1.2300000190734863,1.1699999570846558,1.190000057220459,43500
2024-08-07,1.2000000476837158,1.2000000476837158,1.2269999980926514,1.159999966621399,1.159999966621399,71300
2024-08-08,1.190000057220459,1.190000057220459,1.2300000190734863,1.190000057220459,1.2000000476837158,24600
2024-08-09,1.1399999856948853,1.1399999856948853,1.2300000190734863,1.1399999856948853,1.2300000190734863,115500
2024-08-12,1.100000023841858,1.100000023841858,1.1779999732971191,1.100000023841858,1.159999966621399,115600
2024-08-13,1.1399999856948853,1.1399999856948853,1.1399999856948853,1.0950000286102295,1.125,56100
2024-08-14,1.090000033378601,1.090000033378601,1.149999976158142,1.090000033378601,1.1399999856948853,48000
2024-08-15,1.1100000143051147,1.1100000143051147,1.2100000381469727,1.100000023841858,1.100000023841858,126100
2024-08-16,1.100000023841858,1.100000023841858,1.1299999952316284,1.090000033378601,1.100000023841858,55600
2024-08-19,1.1399999856948853,1.1399999856948853,1.1799999475479126,1.1100000143051147,1.149999976158142,90200
2024-08-20,1.1100000143051147,1.1100000143051147,1.159999966621399,1.100000023841858,1.159999966621399,81000
2024-08-21,1.1399999856948853,1.1399999856948853,1.159999966621399,1.100000023841858,1.1200000047683716,208200
2024-08-22,1.100000023841858,1.100000023841858,1.159999966621399,1.100000023841858,1.149999976158142,56800
2024-08-23,1.1299999952316284,1.1299999952316284,1.1469999551773071,1.100000023841858,1.1100000143051147,55500
2024-08-26,1.1399999856948853,1.1399999856948853,1.2100000381469727,1.1200000047683716,1.1399999856948853,83600
2024-08-27,1.2400000095367432,1.2400000095367432,1.25,1.149999976158142,1.1699999570846558,136200
2024-08-28,1.159999966621399,1.159999966621399,1.2300000190734863,1.159999966621399,1.2200000286102295,34600
2024-08-29,1.190000057220459,1.190000057220459,1.2300000190734863,1.1670000553131104,1.1799999475479126,28800
2024-08-30,1.149999976158142,1.149999976158142,1.190000057220459,1.1399999856948853,1.1699999570846558,35100
2024-09-03,1.100000023841858,1.100000023841858,1.190000057220459,1.100000023841858,1.149999976158142,78200
2024-09-04,1.1100000143051147,1.1100000143051147,1.1449999809265137,1.090000033378601,1.100000023841858,35200
2024-09-05,1.1100000143051147,1.1100000143051147,1.1299999952316284,1.100000023841858,1.100000023841858,25700
2024-09-06,1.100000023841858,1.100000023841858,1.149999976158142,1.0950000286102295,1.1200000047683716,107200
2024-09-09,1.1100000143051147,1.1100000143051147,1.1299999952316284,1.090000033378601,1.090000033378601,80500
2024-09-10,1.1100000143051147,1.1100000143051147,1.1299999952316284,1.0800000429153442,1.0800000429153442,63300
2024-09-11,1.1100000143051147,1.1100000143051147,1.149999976158142,1.090000033378601,1.1100000143051147,59200
2024-09-12,1.100000023841858,1.100000023841858,1.159999966621399,1.100000023841858,1.159999966621399,39000
2024-09-13,1.1299999952316284,1.1299999952316284,1.159999966621399,1.1100000143051147,1.1100000143051147,36400
2024-09-16,1.100000023841858,1.100000023841858,1.190999984741211,1.100000023841858,1.1699999570846558,27200
2024-09-17,1.100000023841858,1.100000023841858,1.149999976158142,1.100000023841858,1.100000023841858,40200
2024-09-18,1.100000023841858,1.100000023841858,1.1399999856948853,1.100000023841858,1.100000023841858,69500
2024-09-19,1.100000023841858,1.100000023841858,1.1299999952316284,1.100000023841858,1.1299999952316284,52300
2024-09-20,1.100000023841858,1.100000023841858,1.1299999952316284,1.100000023841858,1.1100000143051147,74800
2024-09-23,1.100000023841858,1.100000023841858,1.1299999952316284,1.100000023841858,1.1299999952316284,31000
2024-09-24,1.100000023841858,1.100000023841858,1.1200000047683716,1.100000023841858,1.100000023841858,32400
2024-09-25,1.100000023841858,1.100000023841858,1.1299999952316284,1.090000033378601,1.1100000143051147,60100
2024-09-26,1.1100000143051147,1.1100000143051147,1.1299999952316284,1.093999981880188,1.100000023841858,20900
2024-09-27,1.1050000190734863,1.1050000190734863,1.1399999856948853,1.100000023841858,1.1150000095367432,28700
2024-09-30,1.1699999570846558,1.1699999570846558,1.1699999570846558,1.1100000143051147,1.149999976158142,33900
2024-10-01,1.1200000047683716,1.1200000047683716,1.1799999475479126,1.1100000143051147,1.1699999570846558,95700
2024-10-02,1.090000033378601,1.090000033378601,1.1399999856948853,1.090000033378601,1.1100000143051147,107900
2024-10-03,1.100000023841858,1.100000023841858,1.1200000047683716,1.090000033378601,1.090000033378601,18800
2024-10-04,1.1100000143051147,1.1100000143051147,1.1399999856948853,1.100000023841858,1.100000023841858,27600
2024-10-07,1.1299999952316284,1.1299999952316284,1.1399999856948853,1.1100000143051147,1.1399999856948853,25000
2024-10-08,1.1100000143051147,1.1100000143051147,1.1399999856948853,1.1100000143051147,1.1299999952316284,25600
2024-10-09,1.1200000047683716,1.1200000047683716,1.1399999856948853,1.1100000143051147,1.1200000047683716,34000
2024-10-10,1.1100000143051147,1.1100000143051147,1.1299999952316284,1.100000023841858,1.100000023841858,30500
2024-10-11,1.100000023841858,1.100000023841858,1.1299999952316284,1.090000033378601,1.1100000143051147,178500
2024-10-14,1.0800000429153442,1.0800000429153442,1.1200000047683716,1.0800000429153442,1.100000023841858,94300
2024-10-15,1.090000033378601,1.090000033378601,1.1200000047683716,1.0800000429153442,1.0800000429153442,61000
2024-10-16,1.0950000286102295,1.0950000286102295,1.1200000047683716,1.090000033378601,1.090000033378601,93600
2024-10-17,1.090000033378601,1.090000033378601,1.1200000047683716,1.090000033378601,1.090000033378601,84400
2024-10-18,1.1200000047683716,1.1200000047683716,1.1200000047683716,1.090000033378601,1.090000033378601,198300
2024-10-21,1.100000023841858,1.100000023841858,1.1200000047683716,1.090000033378601,1.1100000143051147,113500
2024-10-22,1.0800000429153442,1.0800000429153442,1.1200000047683716,1.059999942779541,1.090000033378601,127100
2024-10-23,1.0299999713897705,1.0299999713897705,1.100000023841858,1.0,1.0800000429153442,120300
2024-10-24,0.9929999709129333,0.9929999709129333,1.059999942779541,0.9919999837875366,1.0499999523162842,85200
2024-10-25,1.0299999713897705,1.0299999713897705,1.0809999704360962,1.0,1.0,90100
2024-10-28,1.0399999618530273,1.0399999618530273,1.0700000524520874,1.0199999809265137,1.0299999713897705,82000
2024-10-29,1.0199999809265137,1.0199999809265137,1.090000033378601,0.9620000123977661,1.0299999713897705,119500
2024-10-30,1.0199999809265137,1.0199999809265137,1.059999942779541,0.9950000047683716,1.0099999904632568,25300
2024-10-31,1.0299999713897705,1.0299999713897705,1.0800000429153442,0.9990000128746033,1.0199999809265137,62200
2024-11-01,1.0099999904632568,1.0099999904632568,1.0700000524520874,1.003000020980835,1.0399999618530273,72700
2024-11-04,1.0199999809265137,1.0199999809265137,1.069000005722046,1.0099999904632568,1.0099999904632568,24300
2024-11-05,1.0199999809265137,1.0199999809265137,1.0399999618530273,1.0,1.0,33000
2024-11-06,1.0,1.0,1.0499999523162842,0.9900000095367432,1.0399999618530273,96600
2024-11-07,0.9900000095367432,0.9900000095367432,1.0399999618530273,0.9900000095367432,0.9900000095367432,94000
2024-11-08,1.0,1.0,1.0160000324249268,0.9800000190734863,0.9900000095367432,86400
2024-11-11,1.0499999523162842,1.0499999523162842,1.0800000429153442,0.9819999933242798,1.0099999904632568,87100
2024-11-12,1.1100000143051147,1.1100000143051147,1.1200000047683716,1.059999942779541,1.059999942779541,119000
2024-11-13,1.090000033378601,1.090000033378601,1.149999976158142,1.0700000524520874,1.1200000047683716,61300
2024-11-14,1.0099999904632568,1.0099999904632568,1.1100000143051147,1.0010000467300415,1.1100000143051147,50200
2024-11-15,0.9919999837875366,0.9919999837875366,1.0199999809265137,0.949999988079071,1.0199999809265137,64900
2024-11-18,0.9599999785423279,0.9599999785423279,0.9900000095367432,0.9599999785423279,0.9700000286102295,20600
2024-11-19,0.9599999785423279,0.9599999785423279,0.9700000286102295,0.9589999914169312,0.9599999785423279,76100
2024-11-20,0.9940000176429749,0.9940000176429749,1.0099999904632568,0.9599999785423279,0.9599999785423279,50100
2024-11-21,0.9890000224113464,0.9890000224113464,1.0499999523162842,0.9800000190734863,1.0,16000
2024-11-22,1.0199999809265137,1.0199999809265137,1.1490000486373901,0.9890000224113464,1.0,65100
2024-11-25,1.0499999523162842,1.0499999523162842,1.100000023841858,1.0499999523162842,1.0700000524520874,80400
2024-11-26,1.0800000429153442,1.0800000429153442,1.1150000095367432,1.059999942779541,1.059999942779541,30000
2024-11-27,1.100000023841858,1.100000023841858,1.1200000047683716,1.0549999475479126,1.100000023841858,68800
2024-11-29,1.1699999570846558,1.1699999570846558,1.2200000286102295,1.0700000524520874,1.0700000524520874,144500
2024-12-02,1.1299999952316284,1.1299999952316284,1.2100000381469727,1.100000023841858,1.1699999570846558,147100
2024-12-03,1.059999942779541,1.059999942779541,1.1399999856948853,1.059999942779541,1.1399999856948853,91800
2024-12-04,1.090000033378601,1.090000033378601,1.1200000047683716,1.059999942779541,1.0700000524520874,18100
2024-12-05,1.059999942779541,1.059999942779541,1.1380000114440918,1.0499999523162842,1.100000023841858,63300
2024-12-06,1.059999942779541,1.059999942779541,1.100000023841858,1.0199999809265137,1.100000023841858,60900
2024-12-09,1.159999966621399,1.159999966621399,1.218999981880188,1.0729999542236328,1.1299999952316284,248800
2024-12-10,1.190000057220459,1.190000057220459,1.2000000476837158,1.1200000047683716,1.1799999475479126,173100
2024-12-11,1.2000000476837158,1.2000000476837158,1.2400000095367432,1.1799999475479126,1.2100000381469727,135600
2024-12-12,1.1200000047683716,1.1200000047683716,1.2000000476837158,1.1100000143051147,1.190000057220459,77800
2024-12-13,1.0800000429153442,1.0800000429153442,1.149999976158142,1.0700000524520874,1.1299999952316284,89300
2024-12-16,1.0299999713897705,1.0299999713897705,1.0809999704360962,1.0,1.0800000429153442,195500
2024-12-17,1.0299999713897705,1.0299999713897705,1.0759999752044678,0.9990000128746033,1.0700000524520874,112700
2024-12-18,0.9760000109672546,0.9760000109672546,1.024999976158142,0.9610000252723694,1.0199999809265137,135900
2024-12-19,0.9760000109672546,0.9760000109672546,1.0240000486373901,0.9300000071525574,0.9900000095367432,83600
2024-12-20,0.949999988079071,0.949999988079071,1.0,0.9319999814033508,0.9700000286102295,104000
