Date,Adj Close,Close,High,Low,Open,Volume
1995-12-15,3.3632090091705322,22.0,22.375,22.0,22.0,536300
1995-12-18,3.3632090091705322,22.0,22.25,22.0,22.0,120100
1995-12-19,3.4014267921447754,22.25,22.25,22.0,22.25,14400
1995-12-20,3.4014267921447754,22.25,22.25,22.0,22.25,41800
1995-12-21,3.4014267921447754,22.25,22.25,22.0,22.25,12800
1995-12-22,3.4014267921447754,22.25,22.25,22.0,22.25,21200
1995-12-26,3.3632090091705322,22.0,22.25,22.0,22.0,8500
1995-12-27,3.3632090091705322,22.0,22.5,22.0,22.0,28500
1995-12-28,3.4014267921447754,22.25,22.375,22.0,22.375,6900
1995-12-29,3.3632090091705322,22.0,22.5,22.0,22.0,4900
1996-01-02,3.4396448135375977,22.5,22.5,22.0,22.0,8800
1996-01-03,3.4014267921447754,22.25,22.5,22.0,22.125,22700
1996-01-04,3.4396448135375977,22.5,22.5,22.0,22.0,40600
1996-01-05,3.3632090091705322,22.0,22.5,22.0,22.0,9200
1996-01-08,3.4205353260040283,22.375,22.375,22.0,22.375,2600
1996-01-09,3.382317304611206,22.125,22.375,22.0,22.0,45500
1996-01-10,3.3632090091705322,22.0,22.25,22.0,22.0,66600
1996-01-11,3.3632090091705322,22.0,22.25,22.0,22.25,17800
1996-01-12,3.4014267921447754,22.25,22.25,22.0,22.25,10000
1996-01-15,3.3632090091705322,22.0,22.25,22.0,22.0,21800
1996-01-16,3.4014267921447754,22.25,22.25,22.0,22.25,26400
1996-01-17,3.3632090091705322,22.0,22.25,22.0,22.25,13400
1996-01-18,3.3632090091705322,22.0,22.25,22.0,22.25,8000
1996-01-19,3.3632090091705322,22.0,22.25,22.0,22.25,32800
1996-01-22,3.3632090091705322,22.0,22.25,22.0,22.0,30400
1996-01-23,3.372762441635132,22.0625,22.25,22.0,22.25,31000
1996-01-24,3.372762441635132,22.0625,22.5,22.0,22.25,23900
1996-01-25,3.3632090091705322,22.0,22.5,22.0,22.0,9900
1996-01-26,3.4396448135375977,22.5,22.5,22.0,22.0,16200
1996-01-29,3.4205353260040283,22.375,22.5,22.0,22.0,7400
1996-01-30,3.3632090091705322,22.0,22.5,22.0,22.25,30400
1996-01-31,3.4014267921447754,22.25,22.5,22.0,22.25,25800
1996-02-01,3.4014267921447754,22.25,22.375,22.0,22.375,8300
1996-02-02,3.3632090091705322,22.0,22.375,22.0,22.0,25700
1996-02-05,3.382317304611206,22.125,22.375,22.0,22.0,23500
1996-02-06,3.3632090091705322,22.0,22.375,22.0,22.0,10400
1996-02-07,3.4014267921447754,22.25,22.5,22.0,22.375,46600
1996-02-08,3.2676613330841064,21.375,22.25,21.125,22.0,124700
1996-02-09,3.3440980911254883,21.875,21.875,21.25,21.75,34600
1996-02-12,3.3058817386627197,21.625,21.875,21.375,21.375,27300
1996-02-13,3.2867720127105713,21.5,21.75,21.375,21.375,10800
1996-02-14,3.248553991317749,21.25,21.75,21.25,21.75,27500
1996-02-15,3.3058817386627197,21.625,21.625,21.25,21.625,15900
1996-02-16,3.248553991317749,21.25,21.625,21.25,21.25,9200
1996-02-20,3.248553991317749,21.25,21.625,21.25,21.625,24900
1996-02-21,3.248553991317749,21.25,21.25,21.25,21.25,4000
1996-02-22,3.3058817386627197,21.625,21.625,21.25,21.25,11900
1996-02-23,3.324990749359131,21.75,21.875,21.5,21.875,25000
1996-02-26,3.3058817386627197,21.625,21.875,21.625,21.75,14300
1996-02-27,3.324990749359131,21.75,21.875,21.625,21.625,25600
1996-02-28,3.3440980911254883,21.875,21.875,21.75,21.875,26200
1996-02-29,3.3632090091705322,22.0,22.0,21.75,21.75,27000
1996-03-01,3.3632090091705322,22.0,22.0,21.875,22.0,11200
1996-03-04,3.3632090091705322,22.0,22.25,21.875,22.25,21200
1996-03-05,3.3632090091705322,22.0,22.25,21.375,22.25,21700
1996-03-06,3.324990749359131,21.75,21.75,21.75,21.75,6700
1996-03-07,3.324990749359131,21.75,21.75,21.5,21.75,11000
1996-03-08,3.248553991317749,21.25,21.75,21.25,21.375,10600
1996-03-11,3.324990749359131,21.75,21.75,21.25,21.25,2400
1996-03-12,3.3058817386627197,21.625,21.75,21.5,21.75,31300
1996-03-13,3.3632090091705322,22.0,22.0,21.5,21.75,38400
1996-03-14,3.382317304611206,22.125,22.125,21.625,21.625,7800
1996-03-15,3.3632090091705322,22.0,22.0,21.625,21.75,3900
1996-03-18,3.382317304611206,22.125,22.125,21.75,21.75,6000
1996-03-19,3.3440980911254883,21.875,22.125,21.625,21.625,7800
1996-03-20,3.3440980911254883,21.875,21.875,21.5,21.875,6900
1996-03-21,3.324990749359131,21.75,22.0,21.625,21.875,20200
1996-03-22,3.382317304611206,22.125,22.125,21.75,21.75,22300
1996-03-25,3.382317304611206,22.125,22.125,21.875,22.125,8200
1996-03-26,3.382317304611206,22.125,22.125,21.875,22.0,13800
1996-03-27,3.3632090091705322,22.0,22.125,21.75,21.875,11100
1996-03-28,3.324990749359131,21.75,22.0,21.75,22.0,6400
1996-03-29,3.3058817386627197,21.625,22.0,21.5,21.75,30300
1996-04-01,3.2676613330841064,21.375,21.75,21.375,21.5,11200
1996-04-02,3.2867720127105713,21.5,21.75,21.25,21.75,17400
1996-04-03,3.2676613330841064,21.375,21.625,21.25,21.625,21500
1996-04-04,3.229444980621338,21.125,21.625,21.125,21.625,16800
1996-04-08,3.2103350162506104,21.0,21.375,20.875,21.125,21500
1996-04-09,3.2103350162506104,21.0,21.375,20.875,21.375,12800
1996-04-10,3.2103350162506104,21.0,21.375,20.875,21.375,14600
1996-04-11,3.248553991317749,21.25,21.375,20.875,21.375,5300
1996-04-12,3.248553991317749,21.25,21.25,20.875,20.875,6700
1996-04-15,3.2103350162506104,21.0,21.375,21.0,21.25,6400
1996-04-16,3.229444980621338,21.125,21.375,20.875,21.125,19200
1996-04-17,3.191225528717041,20.875,21.0,20.875,21.0,1800
1996-04-18,3.2676613330841064,21.375,21.375,20.875,20.875,15900
1996-04-19,3.191225528717041,20.875,21.375,20.875,21.375,2500
1996-04-22,3.248553991317749,21.25,21.25,20.875,21.25,12200
1996-04-23,3.2676613330841064,21.375,21.375,20.875,21.375,13100
1996-04-24,3.324990749359131,21.75,21.75,21.0,21.375,22900
1996-04-25,3.3058817386627197,21.625,22.0,21.5,21.875,27600
1996-04-26,3.3440980911254883,21.875,21.875,21.5,21.875,28600
1996-04-29,3.248553991317749,21.25,21.875,21.25,21.875,30100
1996-04-30,3.2103350162506104,21.0,21.5,21.0,21.5,24300
1996-05-01,3.1147897243499756,20.375,21.375,20.0,21.375,34700
1996-05-02,3.019243001937866,19.75,20.5,19.75,20.5,12200
1996-05-03,3.057461738586426,20.0,20.25,19.875,20.125,17300
1996-05-06,3.057461738586426,20.0,20.25,20.0,20.25,3000
1996-05-07,3.1338980197906494,20.5,20.625,20.25,20.25,13500
1996-05-08,3.1530075073242188,20.625,20.625,20.25,20.625,3400
1996-05-09,3.1530075073242188,20.625,20.625,20.25,20.25,12900
1996-05-10,3.1530075073242188,20.625,20.625,20.125,20.125,5100
1996-05-13,3.1530075073242188,20.625,20.625,20.25,20.625,12100
1996-05-14,3.0956802368164062,20.25,20.625,19.875,20.625,24600
1996-05-15,3.0765719413757324,20.125,20.375,20.125,20.375,7500
1996-05-16,3.057461738586426,20.0,20.375,20.0,20.375,13700
1996-05-17,3.0765719413757324,20.125,20.375,20.0,20.0,7000
1996-05-20,3.1530075073242188,20.625,20.625,20.0,20.375,25600
1996-05-21,3.1721174716949463,20.75,20.875,20.375,20.375,44300
1996-05-22,3.1721174716949463,20.75,20.875,20.5,20.875,10900
1996-05-23,3.2676613330841064,21.375,21.375,20.875,20.875,9900
1996-05-24,3.2676613330841064,21.375,21.375,20.875,21.375,4400
1996-05-28,3.229444980621338,21.125,21.5,21.0,21.0,35000
1996-05-29,3.2867720127105713,21.5,21.5,21.0,21.25,25200
1996-05-30,3.229444980621338,21.125,21.5,21.0,21.5,15900
1996-05-31,3.2103350162506104,21.0,21.5,21.0,21.5,12200
1996-06-03,3.2676613330841064,21.375,21.375,21.0,21.375,7300
1996-06-04,3.248553991317749,21.25,21.375,21.0,21.375,22200
1996-06-05,3.2103350162506104,21.0,21.375,21.0,21.25,12800
1996-06-06,3.248553991317749,21.25,21.375,21.0,21.375,9700
1996-06-07,3.2676613330841064,21.375,21.375,21.0,21.0,7100
1996-06-10,3.2103350162506104,21.0,21.375,21.0,21.0,4900
1996-06-11,3.191225528717041,20.875,21.375,20.875,21.0,8700
1996-06-12,3.248553991317749,21.25,21.25,20.875,21.25,6700
1996-06-13,3.191225528717041,20.875,21.25,20.875,20.875,3900
1996-06-14,3.229444980621338,21.125,21.375,20.875,21.25,13900
1996-06-17,3.191225528717041,20.875,21.375,20.875,21.0,12300
1996-06-18,3.2103350162506104,21.0,21.375,20.875,20.875,8700
1996-06-19,3.248553991317749,21.25,21.25,20.875,20.875,5700
1996-06-20,3.248553991317749,21.25,21.25,20.875,21.25,8000
1996-06-21,3.2676613330841064,21.375,21.375,20.875,20.875,12500
1996-06-24,3.2103350162506104,21.0,21.375,20.875,21.375,4200
1996-06-25,3.1721174716949463,20.75,21.375,20.75,20.875,24500
1996-06-26,3.191225528717041,20.875,21.125,20.875,21.125,3300
1996-06-27,3.1721174716949463,20.75,21.125,20.75,21.125,29300
1996-06-28,3.1338980197906494,20.5,21.0,20.5,21.0,9200
1996-07-01,3.1721174716949463,20.75,20.875,20.5,20.875,8900
1996-07-02,3.1338980197906494,20.5,20.75,20.5,20.75,23700
1996-07-03,3.1721174716949463,20.75,20.875,20.5,20.875,5800
1996-07-05,3.191225528717041,20.875,20.875,20.75,20.75,4300
1996-07-08,3.2103350162506104,21.0,21.0,20.75,20.875,22300
1996-07-09,3.248553991317749,21.25,21.25,20.625,21.0,31500
1996-07-10,3.3058817386627197,21.625,21.625,21.0,21.25,21200
1996-07-11,3.248553991317749,21.25,21.625,21.125,21.625,29600
1996-07-12,3.248553991317749,21.25,21.25,20.875,21.25,7700
1996-07-15,3.191225528717041,20.875,21.25,20.875,21.25,10400
1996-07-16,3.191225528717041,20.875,21.25,20.75,20.875,22100
1996-07-17,3.191225528717041,20.875,21.375,20.875,21.125,6200
1996-07-18,3.2103350162506104,21.0,21.375,20.875,20.875,7000
1996-07-19,3.2676613330841064,21.375,21.375,21.125,21.125,7200
1996-07-22,3.324990749359131,21.75,21.75,21.25,21.5,5500
1996-07-23,3.2867720127105713,21.5,21.75,21.5,21.75,8500
1996-07-24,3.3058817386627197,21.625,21.75,21.25,21.5,19700
1996-07-25,3.248553991317749,21.25,21.625,21.25,21.25,6200
1996-07-26,3.2867720127105713,21.5,21.75,21.5,21.625,7000
1996-07-29,3.2867720127105713,21.5,21.75,21.5,21.75,9400
1996-07-30,3.3142271041870117,21.125,21.5,20.75,21.5,39100
1996-07-31,3.25539493560791,20.75,21.25,20.75,21.25,4400
1996-08-01,3.4515016078948975,22.0,22.25,21.5,21.75,70500
1996-08-02,3.4318907260894775,21.875,22.375,21.625,22.0,91600
1996-08-05,3.5103342533111572,22.375,22.375,21.875,22.375,49300
1996-08-06,3.628000020980835,23.125,23.125,22.0,22.0,148700
1996-08-07,3.588777542114258,22.875,23.375,22.875,23.375,115100
1996-08-08,3.6083896160125732,23.0,23.125,22.875,22.875,50500
1996-08-09,3.6476094722747803,23.25,23.5,22.875,22.875,63400
1996-08-12,3.6476094722747803,23.25,23.625,23.25,23.5,44100
1996-08-13,3.5299463272094727,22.5,23.5,22.5,23.25,68600
1996-08-14,3.598583936691284,22.9375,23.0,22.5,22.875,66700
1996-08-15,3.6868319511413574,23.5,23.75,22.5,22.5,55900
1996-08-16,3.7652759552001953,24.0,24.5,23.5,24.0,70300
1996-08-19,3.6868319511413574,23.5,24.25,23.5,24.25,53900
1996-08-20,3.726053476333618,23.75,24.0,23.5,23.5,50100
1996-08-21,3.726053476333618,23.75,24.125,23.5,23.875,42800
1996-08-22,3.7456655502319336,23.875,24.25,23.75,23.75,42000
1996-08-23,3.7848856449127197,24.125,24.25,23.75,23.875,14200
1996-08-26,3.726053476333618,23.75,24.125,23.5,23.625,26500
1996-08-27,3.7456655502319336,23.875,24.0,23.5,23.5,36700
1996-08-28,3.7652759552001953,24.0,24.0,23.5,23.5,26300
1996-08-29,3.726053476333618,23.75,24.5,23.5,24.0,42000
1996-08-30,3.7652759552001953,24.0,24.125,23.75,24.125,9200
1996-09-03,3.726053476333618,23.75,24.125,23.75,24.125,18400
1996-09-04,3.7652759552001953,24.0,24.125,23.75,24.125,17600
1996-09-05,3.726053476333618,23.75,24.125,23.75,24.125,27600
1996-09-06,3.726053476333618,23.75,24.125,23.75,24.125,23300
1996-09-09,3.7848856449127197,24.125,24.125,23.75,24.125,8100
1996-09-10,3.8044967651367188,24.25,24.25,23.75,24.125,23300
1996-09-11,3.8044967651367188,24.25,24.25,23.875,24.25,13400
1996-09-12,3.824110269546509,24.375,24.75,23.875,24.25,35700
1996-09-13,3.8633296489715576,24.625,24.625,24.25,24.25,15500
1996-09-16,3.8044967651367188,24.25,24.625,24.25,24.625,16900
1996-09-17,3.843719244003296,24.5,24.5,24.25,24.25,19600
1996-09-18,3.7456655502319336,23.875,24.5,23.875,24.25,13800
1996-09-19,3.6868319511413574,23.5,24.25,23.375,24.25,17300
1996-09-20,3.6868319511413574,23.5,23.75,23.25,23.25,9200
1996-09-23,3.667222023010254,23.375,23.5,23.0,23.375,21400
1996-09-24,3.6083896160125732,23.0,23.375,22.875,23.375,23200
1996-09-25,3.5299463272094727,22.5,23.25,22.5,23.0,22500
1996-09-26,3.6083896160125732,23.0,23.0,22.5,22.5,7500
1996-09-27,3.569166898727417,22.75,23.0,22.625,22.625,20300
1996-09-30,3.628000020980835,23.125,23.125,22.625,23.125,13500
1996-10-01,3.628000020980835,23.125,23.125,22.625,23.125,9900
1996-10-02,3.6476094722747803,23.25,23.375,22.875,23.125,27600
1996-10-03,3.6868319511413574,23.5,23.875,23.25,23.25,26200
1996-10-04,3.7456655502319336,23.875,23.875,23.5,23.875,2700
1996-10-07,3.7456655502319336,23.875,23.875,23.5,23.5,3400
1996-10-08,3.6476094722747803,23.25,23.5,22.875,23.5,35500
1996-10-09,3.588777542114258,22.875,23.25,22.875,23.0,8800
1996-10-10,3.588777542114258,22.875,23.25,22.875,22.875,3700
1996-10-11,3.628000020980835,23.125,23.25,22.75,22.875,8400
1996-10-14,3.6083896160125732,23.0,23.125,22.75,22.75,11700
1996-10-15,3.569166898727417,22.75,23.0,22.75,23.0,3800
1996-10-16,3.588777542114258,22.875,23.0,22.75,23.0,7200
1996-10-17,3.6476094722747803,23.25,23.25,22.75,22.75,12800
1996-10-18,3.628000020980835,23.125,23.5,22.75,22.75,14000
1996-10-21,3.667222023010254,23.375,23.5,23.125,23.5,13300
1996-10-22,3.6868319511413574,23.5,23.5,23.125,23.5,9000
1996-10-23,3.6868319511413574,23.5,23.5,23.125,23.5,20100
1996-10-24,3.6868319511413574,23.5,23.5,23.25,23.5,20400
1996-10-25,3.6868319511413574,23.5,23.5,23.25,23.5,15600
1996-10-28,3.6476094722747803,23.25,23.5,23.25,23.5,5200
1996-10-29,3.569166898727417,22.75,23.5,22.75,23.5,49700
1996-10-30,3.657593011856079,22.75,23.0,22.5,22.75,8900
1996-10-31,3.657593011856079,22.75,23.0,22.5,23.0,8000
1996-11-01,3.6173994541168213,22.5,22.75,22.5,22.5,3200
1996-11-04,3.657593011856079,22.75,22.75,22.5,22.5,1000
1996-11-05,3.597301959991455,22.375,22.75,22.375,22.75,10700
1996-11-06,3.6374964714050293,22.625,22.625,22.25,22.25,3300
1996-11-07,3.6173994541168213,22.5,22.5,22.0,22.5,8000
1996-11-08,3.5370121002197266,22.0,22.5,22.0,22.5,3100
1996-11-11,3.4968197345733643,21.75,22.5,21.75,22.5,13800
1996-11-12,3.5571095943450928,22.125,22.125,21.75,22.125,10300
1996-11-13,3.597301959991455,22.375,22.375,21.75,22.125,28800
1996-11-14,3.5772058963775635,22.25,22.75,22.25,22.625,38100
1996-11-15,3.597301959991455,22.375,22.625,22.125,22.5,11300
1996-11-18,3.5370121002197266,22.0,22.625,22.0,22.625,10500
1996-11-19,3.5395240783691406,22.015625,22.25,21.75,22.25,25500
1996-11-20,3.516915798187256,21.875,22.125,21.875,22.125,8900
1996-11-21,3.597301959991455,22.375,22.375,21.875,22.125,18200
1996-11-22,3.597301959991455,22.375,22.375,22.0,22.0,3200
1996-11-25,3.597301959991455,22.375,22.375,22.125,22.125,6900
1996-11-26,3.6374964714050293,22.625,22.625,22.125,22.375,10400
1996-11-27,3.6374964714050293,22.625,22.625,22.25,22.25,5100
1996-11-29,3.6374964714050293,22.625,22.625,22.625,22.625,800
1996-12-02,3.6374964714050293,22.625,22.625,22.25,22.625,3700
1996-12-03,3.6173994541168213,22.5,22.625,22.5,22.625,29200
1996-12-04,3.597301959991455,22.375,22.625,22.375,22.625,9700
1996-12-05,3.6374964714050293,22.625,22.625,22.375,22.625,6300
1996-12-06,3.5772058963775635,22.25,22.375,22.25,22.25,9200
1996-12-09,3.5772058963775635,22.25,22.5,22.25,22.5,23300
1996-12-10,3.5772058963775635,22.25,22.25,22.25,22.25,2900
1996-12-11,3.5797178745269775,22.265625,22.5,22.25,22.25,7400
1996-12-12,3.5772058963775635,22.25,22.5,22.25,22.25,28000
1996-12-13,3.5571095943450928,22.125,22.5,22.125,22.5,14900
1996-12-16,3.5571095943450928,22.125,22.125,22.125,22.125,2500
1996-12-17,3.597301959991455,22.375,22.375,22.125,22.125,3900
1996-12-18,3.597301959991455,22.375,22.375,22.125,22.125,5800
1996-12-19,3.5571095943450928,22.125,22.375,22.125,22.375,4300
1996-12-20,3.5571095943450928,22.125,22.625,22.125,22.375,10400
1996-12-23,3.6374964714050293,22.625,22.625,22.125,22.125,9100
1996-12-24,3.6374964714050293,22.625,22.625,22.125,22.125,4300
1996-12-26,3.6374964714050293,22.625,22.625,22.125,22.5,15300
1996-12-27,3.6073503494262695,22.4375,22.625,22.4375,22.625,14400
1996-12-30,3.597301959991455,22.375,22.625,22.375,22.625,1300
1996-12-31,3.6173994541168213,22.5,22.625,22.375,22.625,3300
1997-01-02,3.6374964714050293,22.625,22.625,22.375,22.625,13100
1997-01-03,3.6374964714050293,22.625,22.625,22.375,22.375,12500
1997-01-06,3.657593011856079,22.75,22.75,22.375,22.625,21300
1997-01-07,3.6776890754699707,22.875,23.125,22.625,22.75,24200
1997-01-08,3.8183653354644775,23.75,23.75,23.25,23.375,14600
1997-01-09,3.758075475692749,23.375,23.75,23.375,23.75,5200
1997-01-10,3.918851375579834,24.375,24.375,23.75,23.75,25800
1997-01-13,3.8384642601013184,23.875,24.625,23.875,24.125,26000
1997-01-14,3.7781736850738525,23.5,24.25,23.5,24.25,38400
1997-01-15,3.7781736850738525,23.5,23.75,23.0,23.75,22300
1997-01-16,3.7781736850738525,23.5,23.5,23.0,23.5,10000
1997-01-17,3.758075475692749,23.375,23.75,23.375,23.5,12700
1997-01-20,3.8183653354644775,23.75,23.75,23.5,23.5,3000
1997-01-21,3.8183653354644775,23.75,23.75,23.25,23.5,8100
1997-01-22,3.7379798889160156,23.25,23.75,23.25,23.25,16000
1997-01-23,3.7379798889160156,23.25,23.5,23.25,23.25,3800
1997-01-24,3.7178826332092285,23.125,23.5,22.875,23.5,12700
1997-01-27,3.657593011856079,22.75,23.0,22.75,22.875,12700
1997-01-28,3.7781736850738525,23.5,23.5,23.0,23.0,10300
1997-01-29,3.7379798889160156,23.25,23.5,23.0,23.5,4000
1997-01-30,3.8491313457489014,23.375,23.5,23.0,23.5,5600
1997-01-31,3.9108810424804688,23.75,23.75,23.0,23.5,7600
1997-02-03,3.869715690612793,23.5,23.75,23.0,23.75,7800
1997-02-04,3.766796588897705,22.875,23.5,22.875,23.125,4400
1997-02-05,3.766796588897705,22.875,23.25,22.875,22.875,26700
1997-02-06,3.705044984817505,22.5,23.0,22.5,22.75,6700
1997-02-07,3.766796588897705,22.875,23.0,22.375,22.375,8900
1997-02-10,3.684462785720825,22.375,23.0,22.375,22.375,6600
1997-02-11,3.746213436126709,22.75,22.75,22.375,22.75,9000
1997-02-12,3.684462785720825,22.375,22.75,22.375,22.75,15200
1997-02-13,3.725628614425659,22.625,23.125,22.375,22.375,9800
1997-02-14,3.7873802185058594,23.0,23.125,22.625,22.625,13400
1997-02-18,3.725628614425659,22.625,23.125,22.625,22.625,4200
1997-02-19,3.80796480178833,23.125,23.125,22.625,22.625,2900
1997-02-20,3.8491313457489014,23.375,23.375,22.625,23.125,7800
1997-02-21,3.766796588897705,22.875,23.5,22.875,22.875,1900
1997-02-24,3.869715690612793,23.5,23.5,23.5,23.5,300
1997-02-25,3.869715690612793,23.5,23.5,23.0,23.0,13000
1997-02-26,3.869715690612793,23.5,23.5,22.75,22.75,20100
1997-02-27,3.746213436126709,22.75,23.5,22.75,22.75,3400
1997-02-28,3.7873802185058594,23.0,23.5,22.75,23.5,3900
1997-03-03,3.5403761863708496,21.5,22.5,21.5,22.5,26800
1997-03-04,3.6021289825439453,21.875,22.25,21.5,22.25,18300
1997-03-05,3.5403761863708496,21.5,22.0,21.0,22.0,27700
1997-03-06,3.5403761863708496,21.5,21.75,21.0,21.0,29000
1997-03-07,3.4992103576660156,21.25,21.75,21.125,21.75,27000
1997-03-10,3.6227126121520996,22.0,22.25,21.25,21.25,45300
1997-03-11,3.58154559135437,21.75,22.375,21.75,22.25,57400
1997-03-12,3.5197932720184326,21.375,22.25,21.25,22.25,23500
1997-03-13,3.4580419063568115,21.0,21.75,21.0,21.25,26700
1997-03-14,3.58154559135437,21.75,21.75,21.25,21.75,4900
1997-03-17,3.4580419063568115,21.0,21.75,21.0,21.0,1500
1997-03-18,3.4580419063568115,21.0,21.5,21.0,21.0,18300
1997-03-19,3.4168760776519775,20.75,21.5,20.75,21.0,8200
1997-03-20,3.4168760776519775,20.75,21.5,20.75,21.5,14200
1997-03-21,3.4992103576660156,21.25,21.25,20.75,21.25,2800
1997-03-24,3.4168760776519775,20.75,21.25,20.75,20.75,13800
1997-03-25,3.4786272048950195,21.125,21.5,20.75,21.25,7800
1997-03-26,3.4168760776519775,20.75,21.5,20.75,20.75,1400
1997-03-27,3.4580419063568115,21.0,21.5,20.75,20.75,12900
1997-03-31,3.5403761863708496,21.5,21.5,20.75,20.75,4200
1997-04-01,3.4580419063568115,21.0,21.5,20.75,21.5,1400
1997-04-02,3.5403761863708496,21.5,21.5,20.75,20.75,4200
1997-04-03,3.4580419063568115,21.0,21.5,20.75,21.5,10500
1997-04-04,3.3757071495056152,20.5,21.125,20.5,21.125,5800
1997-04-07,3.3757071495056152,20.5,20.5,20.5,20.5,300
1997-04-08,3.4580419063568115,21.0,21.125,20.75,20.75,12700
1997-04-09,3.4580419063568115,21.0,21.125,20.75,20.75,16300
1997-04-10,3.4992103576660156,21.25,21.25,21.125,21.125,600
1997-04-11,3.4992103576660156,21.25,21.25,20.75,20.75,7000
1997-04-14,3.3757071495056152,20.5,21.0,20.5,20.5,3300
1997-04-15,3.4374608993530273,20.875,21.125,20.5,21.125,2300
1997-04-16,3.396291971206665,20.625,21.125,20.5,20.875,10400
1997-04-17,3.3757071495056152,20.5,20.75,20.5,20.75,3000
1997-04-18,3.5197932720184326,21.375,21.375,20.75,21.125,11200
1997-04-21,3.5609617233276367,21.625,21.625,21.0,21.0,5200
1997-04-22,3.5609617233276367,21.625,21.625,21.0,21.625,21800
1997-04-23,3.5609617233276367,21.625,21.875,21.0,21.625,4700
1997-04-24,3.4992103576660156,21.25,21.875,21.25,21.25,17900
1997-04-25,3.4992103576660156,21.25,21.875,21.25,21.25,8600
1997-04-28,3.4580419063568115,21.0,21.75,21.0,21.75,7400
1997-04-29,3.5933213233947754,21.25,21.625,20.75,21.0,14300
1997-04-30,3.4876341819763184,20.625,21.25,20.625,21.25,2600
1997-05-01,3.4876341819763184,20.625,21.25,20.625,21.25,2800
1997-05-02,3.4664974212646484,20.5,21.0,20.5,21.0,5400
1997-05-05,3.551046133041382,21.0,21.0,20.5,21.0,3200
1997-05-06,3.3608102798461914,19.875,20.75,19.875,20.375,22400
1997-05-07,3.3396739959716797,19.75,20.25,19.75,20.25,24400
1997-05-08,3.4242212772369385,20.25,20.25,19.0,19.75,28600
1997-05-09,3.4242212772369385,20.25,20.375,19.75,20.25,22000
1997-05-12,3.4242212772369385,20.25,20.75,20.0,20.5,15100
1997-05-13,3.5087709426879883,20.75,20.75,20.0,20.75,9000
1997-05-14,3.5087709426879883,20.75,20.75,20.25,20.25,8000
1997-05-15,3.529909372329712,20.875,20.875,20.25,20.375,7700
1997-05-16,3.4664974212646484,20.5,21.0,20.5,21.0,7400
1997-05-19,3.551046133041382,21.0,21.0,20.5,21.0,12000
1997-05-20,3.614457130432129,21.375,21.375,20.5,21.0,10700
1997-05-21,3.614457130432129,21.375,21.375,20.5,20.5,9400
1997-05-22,3.551046133041382,21.0,21.5,20.75,21.25,37300
1997-05-23,3.551046133041382,21.0,21.5,21.0,21.125,60600
1997-05-27,3.5933213233947754,21.25,21.5,20.5,21.0,11400
1997-05-28,3.635594367980957,21.5,21.5,21.0,21.0,4200
1997-05-29,3.551046133041382,21.0,21.125,21.0,21.0,2100
1997-05-30,3.635594367980957,21.5,21.5,21.25,21.5,3500
1997-06-02,3.635594367980957,21.5,21.5,21.0,21.5,3200
1997-06-03,3.614457130432129,21.375,21.5,21.25,21.5,3200
1997-06-04,3.635594367980957,21.5,21.5,21.25,21.5,10200
1997-06-05,3.635594367980957,21.5,21.5,21.25,21.25,7600
1997-06-06,3.635594367980957,21.5,21.5,21.25,21.5,4600
1997-06-09,3.635594367980957,21.5,21.5,21.25,21.25,6800
1997-06-10,3.635594367980957,21.5,21.5,21.25,21.25,9500
1997-06-11,3.635594367980957,21.5,21.5,21.25,21.25,16400
1997-06-12,3.614457130432129,21.375,21.5,21.375,21.5,10600
1997-06-13,3.614457130432129,21.375,21.5,21.375,21.5,9800
1997-06-16,3.6567320823669434,21.625,21.75,21.375,21.375,7500
1997-06-17,3.677870035171509,21.75,21.75,21.375,21.75,15100
1997-06-18,3.635594367980957,21.5,21.75,21.375,21.75,11200
1997-06-19,3.6567320823669434,21.625,21.75,21.5,21.5,10700
1997-06-20,3.635594367980957,21.5,21.75,21.375,21.75,14800
1997-06-23,3.677870035171509,21.75,21.75,21.375,21.375,15000
1997-06-24,3.677870035171509,21.75,21.75,21.75,21.75,9000
1997-06-25,3.6567320823669434,21.625,21.75,21.5,21.75,4900
1997-06-26,3.6567320823669434,21.625,21.625,21.5,21.5,2400
1997-06-27,3.614457130432129,21.375,21.75,21.375,21.75,4100
1997-06-30,3.677870035171509,21.75,21.75,21.75,21.75,2600
1997-07-01,3.677870035171509,21.75,21.75,21.375,21.375,3000
1997-07-02,3.677870035171509,21.75,21.75,21.5,21.5,4500
1997-07-03,3.677870035171509,21.75,21.75,21.75,21.75,5000
1997-07-07,3.7201449871063232,22.0,22.0,21.5,21.5,1900
1997-07-08,3.7201449871063232,22.0,22.0,21.625,22.0,11400
1997-07-09,3.677870035171509,21.75,22.25,21.75,21.75,7300
1997-07-10,3.635594367980957,21.5,22.25,21.5,21.75,17200
1997-07-11,3.7201449871063232,22.0,22.0,21.25,21.25,4200
1997-07-14,3.7201449871063232,22.0,22.0,21.25,22.0,18700
1997-07-15,3.6567320823669434,21.625,21.625,21.625,21.625,2600
1997-07-16,3.741281032562256,22.125,22.125,21.625,22.125,1900
1997-07-17,3.635594367980957,21.5,22.125,21.375,22.125,24500
1997-07-18,3.741281032562256,22.125,22.125,21.625,21.875,18400
1997-07-21,3.783555269241333,22.375,22.75,21.625,22.125,13100
1997-07-22,3.804692268371582,22.5,22.5,22.0,22.0,4200
1997-07-23,3.804692268371582,22.5,22.75,22.0,22.25,7400
1997-07-24,3.804692268371582,22.5,22.5,22.0,22.5,5500
1997-07-25,3.7201449871063232,22.0,22.75,22.0,22.75,1600
1997-07-28,3.8469672203063965,22.75,22.75,22.0,22.0,6700
1997-07-29,3.8469672203063965,22.75,22.75,22.0,22.0,1800
1997-07-30,3.8989531993865967,22.5,22.5,22.0,22.0,18200
1997-07-31,3.942275047302246,22.75,22.75,22.0,22.0,12200
1997-08-01,3.855630397796631,22.25,22.5,21.875,22.0,23100
1997-08-04,3.7689881324768066,21.75,22.0,21.75,21.875,12300
1997-08-05,3.7689881324768066,21.75,22.0,21.5,22.0,23500
1997-08-06,3.8123106956481934,22.0,22.25,21.5,21.75,12800
1997-08-07,3.8123106956481934,22.0,22.0,21.75,21.75,7500
1997-08-08,3.725663900375366,21.5,22.0,21.5,21.5,1400
1997-08-11,3.725663900375366,21.5,22.0,21.5,21.5,900
1997-08-12,3.725663900375366,21.5,22.0,21.5,22.0,7000
1997-08-13,3.7473268508911133,21.625,21.75,21.625,21.75,1300
1997-08-14,3.7689881324768066,21.75,21.75,21.5,21.75,10900
1997-08-15,3.8123106956481934,22.0,22.25,21.75,21.75,2600
1997-08-18,3.8989531993865967,22.5,23.0,21.25,21.25,24200
1997-08-19,3.8989531993865967,22.5,22.5,22.25,22.5,14900
1997-08-20,3.8989531993865967,22.5,22.75,22.25,22.25,15900
1997-08-21,3.877290964126587,22.375,22.625,22.25,22.5,4800
1997-08-22,3.8123106956481934,22.0,22.0,21.5,21.75,5000
1997-08-25,3.8123106956481934,22.0,22.125,21.5,22.125,3200
1997-08-26,3.8123106956481934,22.0,22.125,22.0,22.0,6200
1997-08-27,3.855630397796631,22.25,22.25,21.75,22.125,15900
1997-08-28,3.8339710235595703,22.125,22.125,21.75,21.875,12800
1997-08-29,3.855630397796631,22.25,22.25,22.125,22.125,1700
1997-09-02,3.855630397796631,22.25,22.25,21.875,22.125,5300
1997-09-03,3.8123106956481934,22.0,22.25,21.75,22.25,1600
1997-09-04,3.7689881324768066,21.75,22.5,21.75,22.5,300
1997-09-05,3.8123106956481934,22.0,22.0,21.75,21.75,3400
1997-09-08,3.855630397796631,22.25,23.5,22.0,22.0,38200
1997-09-09,3.855630397796631,22.25,22.625,22.25,22.25,3600
1997-09-10,3.855630397796631,22.25,22.625,22.25,22.625,20500
1997-09-11,3.790648937225342,21.875,22.25,21.875,22.25,13100
1997-09-12,3.7689881324768066,21.75,22.125,21.75,21.875,3400
1997-09-15,3.7040038108825684,21.375,22.125,21.375,22.125,7500
1997-09-16,3.7689881324768066,21.75,21.75,21.25,21.75,2800
1997-09-17,3.682344913482666,21.25,21.75,21.25,21.75,4500
1997-09-18,3.725663900375366,21.5,21.5,21.25,21.25,8800
1997-09-19,3.7040038108825684,21.375,21.75,21.0,21.25,22800
1997-09-22,3.7689881324768066,21.75,21.75,21.25,21.25,12200
1997-09-23,3.8123106956481934,22.0,22.125,22.0,22.0,6200
1997-09-24,3.855630397796631,22.25,22.25,22.0,22.0,4900
1997-09-25,3.8123106956481934,22.0,22.25,21.75,21.75,6900
1997-09-26,3.7689881324768066,21.75,21.75,21.25,21.5,10600
1997-09-29,3.8123106956481934,22.0,22.25,21.75,22.0,20100
1997-09-30,3.8339710235595703,22.125,22.25,21.875,21.875,4300
1997-10-01,3.8339710235595703,22.125,22.125,22.0,22.125,4400
1997-10-02,3.790648937225342,21.875,22.25,21.875,22.0,6600
1997-10-03,3.877290964126587,22.375,22.375,22.0,22.125,14600
1997-10-06,3.9206137657165527,22.625,23.125,22.25,22.375,28200
1997-10-07,3.9206137657165527,22.625,24.0,22.625,23.125,46400
1997-10-08,4.050580024719238,23.375,23.375,23.0,23.375,4500
1997-10-09,4.02891731262207,23.25,23.25,22.5,22.5,8400
1997-10-10,4.02891731262207,23.25,23.25,22.25,23.0,4800
1997-10-13,3.9639358520507812,22.875,23.5,22.875,23.5,10500
1997-10-14,4.02891731262207,23.25,23.5,22.875,22.875,33000
1997-10-15,3.985595941543579,23.0,23.5,22.75,22.75,26900
1997-10-16,3.996427297592163,23.0625,23.125,22.875,23.125,21500
1997-10-17,3.985595941543579,23.0,23.125,22.875,22.875,7000
1997-10-20,3.877290964126587,22.375,23.125,22.375,23.125,14000
1997-10-21,3.877290964126587,22.375,23.125,22.125,23.125,8800
1997-10-22,3.877290964126587,22.375,23.0,22.375,23.0,4100
1997-10-23,4.050580024719238,23.375,23.875,22.875,23.0,54000
1997-10-24,4.007258415222168,23.125,23.5,23.0,23.0,9700
1997-10-27,3.8989531993865967,22.5,23.0625,22.5,23.0,14600
1997-10-28,3.8123106956481934,22.0,22.75,21.25,22.5,34000
1997-10-29,3.942275047302246,22.75,23.0,22.375,22.5,13200
1997-10-30,3.995548725128174,22.5,22.5,22.25,22.25,4200
1997-10-31,3.995548725128174,22.5,22.5,22.25,22.5,6900
1997-11-03,3.973349094390869,22.375,23.0,22.375,22.375,4300
1997-11-04,4.0843377113342285,23.0,23.0,22.25,22.25,3900
1997-11-05,4.039943695068359,22.75,23.0,22.5,22.75,12700
1997-11-06,4.0843377113342285,23.0,23.0,22.5,22.75,5700
1997-11-07,4.062142372131348,22.875,23.0,22.0,23.0,10000
1997-11-10,3.973349094390869,22.375,22.875,22.25,22.875,3400
1997-11-11,3.973349094390869,22.375,22.5,21.75,22.375,12600
1997-11-12,3.9067587852478027,22.0,22.125,21.75,22.0,13800
1997-11-13,3.995548725128174,22.5,22.5,22.125,22.125,6900
1997-11-14,3.9067587852478027,22.0,22.75,22.0,22.25,5400
1997-11-17,3.862363815307617,21.75,22.75,21.75,22.75,15500
1997-11-18,3.995548725128174,22.5,22.5,21.75,21.75,6700
1997-11-19,3.951153039932251,22.25,22.75,22.0,22.75,4000
1997-11-20,4.039943695068359,22.75,22.75,22.125,22.25,16200
1997-11-21,3.9067587852478027,22.0,22.25,22.0,22.0,800
1997-11-24,3.928957223892212,22.125,22.5,22.0,22.5,6600
1997-11-25,3.995548725128174,22.5,22.5,22.0,22.0,6000
1997-11-26,3.995548725128174,22.5,22.5,22.5,22.5,0
1997-11-28,3.951153039932251,22.25,22.25,22.0,22.25,12000
1997-12-01,3.9067587852478027,22.0,22.5,21.5,22.0,4600
1997-12-02,3.995548725128174,22.5,22.5,21.5,22.0,14800
1997-12-03,3.817967176437378,21.5,22.0,21.5,21.5,4700
1997-12-04,3.817967176437378,21.5,21.875,21.5,21.75,3300
1997-12-05,3.817967176437378,21.5,21.5,21.25,21.25,13800
1997-12-08,3.773573398590088,21.25,21.5,21.25,21.5,8000
1997-12-09,3.817967176437378,21.5,22.0,21.25,21.5,5000
1997-12-10,3.795768976211548,21.375,21.625,20.5,21.5,16100
1997-12-11,3.9067587852478027,22.0,22.0,20.5,21.0,8200
1997-12-12,3.795768976211548,21.375,22.25,21.375,22.0,55000
1997-12-15,3.862363815307617,21.75,21.75,21.375,21.5,18500
1997-12-16,3.862363815307617,21.75,22.0,21.5,21.75,4200
1997-12-17,3.7069809436798096,20.875,21.375,20.75,21.25,310300
1997-12-18,3.862363815307617,21.75,21.75,21.0,21.75,71500
1997-12-19,3.773573398590088,21.25,21.5,20.75,21.25,42400
1997-12-22,3.9067587852478027,22.0,22.125,20.875,21.25,57300
1997-12-23,3.9067587852478027,22.0,22.125,21.875,22.125,40700
1997-12-24,3.9067587852478027,22.0,22.125,21.5,22.0,21200
1997-12-26,3.928957223892212,22.125,22.125,21.75,22.125,8500
1997-12-29,3.817967176437378,21.5,22.125,21.25,21.75,44500
1997-12-30,3.884561061859131,21.875,21.875,21.375,21.375,25600
1997-12-31,3.884561061859131,21.875,22.125,21.5,21.875,15200
1998-01-02,3.928957223892212,22.125,22.125,21.5,21.625,7300
1998-01-05,3.973349094390869,22.375,22.75,21.9375,22.125,36300
1998-01-06,4.017745018005371,22.625,22.8125,22.0,22.8125,19600
1998-01-07,3.928957223892212,22.125,22.625,22.0,22.125,113300
1998-01-08,3.995548725128174,22.5,22.625,22.0,22.375,79300
1998-01-09,3.995548725128174,22.5,22.625,22.25,22.25,24800
1998-01-12,3.995548725128174,22.5,22.5,22.125,22.375,25300
1998-01-13,4.062142372131348,22.875,22.875,22.0,22.5,37000
1998-01-14,4.0843377113342285,23.0,23.0,22.25,22.875,42700
1998-01-15,4.0843377113342285,23.0,23.0,22.75,23.0,36200
1998-01-16,4.19532585144043,23.625,23.625,22.875,22.875,51500
1998-01-20,4.128732681274414,23.25,23.5,23.0,23.5,55000
1998-01-21,4.0843377113342285,23.0,23.625,23.0,23.25,29900
1998-01-22,4.150932312011719,23.375,23.375,23.0,23.375,19700
1998-01-23,4.173128604888916,23.5,23.75,23.125,23.5,49300
1998-01-26,4.106537342071533,23.125,23.875,22.75,23.875,37300
1998-01-27,4.173128604888916,23.5,23.75,22.625,22.75,31700
1998-01-28,4.239719867706299,23.875,24.25,23.125,23.625,49800
1998-01-29,4.316972255706787,23.75,24.375,23.0,24.375,35600
1998-01-30,4.3624138832092285,24.0,24.0,23.5625,23.75,23700
1998-02-02,4.339694023132324,23.875,24.0,23.5,23.5,22100
1998-02-03,4.316972255706787,23.75,24.0,23.0,24.0,36300
1998-02-04,4.3624138832092285,24.0,24.75,23.75,23.875,75500
1998-02-05,3.998880386352539,22.0,22.75,21.9375,22.125,147400
1998-02-06,3.97615909576416,21.875,22.125,21.5,22.0,72000
1998-02-09,3.9534389972686768,21.75,22.0,21.5,21.875,25200
1998-02-10,3.8966333866119385,21.4375,21.75,21.4375,21.75,74500
1998-02-11,3.9534389972686768,21.75,21.75,21.4375,21.4375,31100
1998-02-12,3.885272979736328,21.375,22.0,21.375,22.0,36000
1998-02-13,3.8966333866119385,21.4375,21.875,21.375,21.625,51100
1998-02-17,3.930715799331665,21.625,22.125,21.375,21.875,21700
1998-02-18,3.930715799331665,21.625,22.0,21.625,21.625,20700
1998-02-19,4.044320583343506,22.25,22.25,21.625,21.875,17400
1998-02-20,3.998880386352539,22.0,23.0,21.75,22.5,59000
1998-02-23,4.021600246429443,22.125,22.5,21.75,22.5,22900
1998-02-24,4.021600246429443,22.125,22.25,21.75,22.25,16300
1998-02-25,3.9534389972686768,21.75,22.5,21.75,22.0,21300
1998-02-26,3.987518548965454,21.9375,22.125,21.75,22.0,17000
1998-02-27,3.998880386352539,22.0,22.5,21.75,21.75,19700
1998-03-02,4.021600246429443,22.125,22.375,21.875,22.0,18200
1998-03-03,4.010239124298096,22.0625,22.25,22.0,22.0,20600
1998-03-04,4.089763164520264,22.5,23.25,21.875,22.25,47900
1998-03-05,4.078402042388916,22.4375,22.5,22.0625,22.375,27100
1998-03-06,4.1352057456970215,22.75,23.0,22.125,22.5,11200
1998-03-09,4.112482070922852,22.625,22.75,22.375,22.75,6300
1998-03-10,4.044320583343506,22.25,22.625,22.125,22.375,13300
1998-03-11,4.067041873931885,22.375,22.625,22.125,22.625,9400
1998-03-12,4.067041873931885,22.375,22.375,22.125,22.125,8600
1998-03-13,4.067041873931885,22.375,22.5,22.125,22.5,4200
1998-03-16,4.089763164520264,22.5,22.5,22.125,22.125,4300
1998-03-17,4.067041873931885,22.375,22.5,22.25,22.25,32400
1998-03-18,4.089763164520264,22.5,22.5,22.375,22.5,3800
1998-03-19,4.021600246429443,22.125,22.4375,22.125,22.375,21000
1998-03-20,3.998880386352539,22.0,22.5,22.0,22.5,16700
1998-03-23,3.998880386352539,22.0,22.125,21.9375,22.0,27300
1998-03-24,3.9534389972686768,21.75,22.0,21.75,22.0,7600
1998-03-25,3.998880386352539,22.0,22.0,21.5,21.5,8200
1998-03-26,3.97615909576416,21.875,22.125,21.75,22.125,11700
1998-03-27,3.9534389972686768,21.75,22.125,21.75,21.75,27900
1998-03-30,3.9534389972686768,21.75,21.75,21.5,21.5,11400
1998-03-31,3.9534389972686768,21.75,21.75,21.375,21.625,5400
1998-04-01,3.930715799331665,21.625,21.75,21.625,21.75,1700
1998-04-02,3.97615909576416,21.875,21.875,21.25,21.5,16100
1998-04-03,3.998880386352539,22.0,22.125,21.625,22.125,19100
1998-04-06,3.9534389972686768,21.75,22.0,21.625,22.0,4900
1998-04-07,3.9534389972686768,21.75,22.0,21.625,21.75,12500
1998-04-08,3.998880386352539,22.0,22.25,21.75,22.0,6800
1998-04-09,4.089763164520264,22.5,22.5,22.0,22.0,5500
1998-04-13,3.998880386352539,22.0,22.125,22.0,22.0,12400
1998-04-14,3.998880386352539,22.0,22.375,21.75,21.75,22800
1998-04-15,3.998880386352539,22.0,22.5,21.875,22.5,10300
1998-04-16,4.021600246429443,22.125,22.25,22.0,22.25,8000
1998-04-17,3.998880386352539,22.0,22.25,22.0,22.0,8400
1998-04-20,3.998880386352539,22.0,22.25,22.0,22.0,13700
1998-04-21,3.97615909576416,21.875,22.125,21.875,22.125,19500
1998-04-22,3.987518548965454,21.9375,22.0,21.75,21.75,12000
1998-04-23,3.998880386352539,22.0,22.125,22.0,22.0,9900
1998-04-24,4.180645942687988,23.0,23.0,21.75,22.125,17900
1998-04-27,4.067041873931885,22.375,22.875,22.0,22.875,14900
1998-04-28,4.157927989959717,22.875,22.875,22.25,22.875,15100
1998-04-29,4.190517902374268,22.5,22.75,22.25,22.75,13700
1998-04-30,4.167237758636475,22.375,22.5,22.25,22.5,14200
1998-05-01,4.190517902374268,22.5,22.5,22.0,22.25,6000
1998-05-04,4.190517902374268,22.5,22.5,22.25,22.25,8900
1998-05-05,4.143958568572998,22.25,22.5,22.25,22.375,7800
1998-05-06,4.167237758636475,22.375,22.375,22.25,22.25,6800
1998-05-07,4.143958568572998,22.25,22.25,22.0,22.25,6800
1998-05-08,4.097397327423096,22.0,22.25,22.0,22.25,13800
1998-05-11,4.0741167068481445,21.875,22.125,21.875,22.0,6600
1998-05-12,4.0741167068481445,21.875,22.125,21.375,22.125,3600
1998-05-13,4.050835132598877,21.75,22.0,21.375,22.0,5100
1998-05-14,3.9577114582061768,21.25,21.625,21.25,21.5,3700
1998-05-15,3.9809916019439697,21.375,21.5,21.125,21.5,11900
1998-05-18,3.9809916019439697,21.375,21.375,21.0,21.375,4800
1998-05-19,3.934431552886963,21.125,21.375,21.0,21.375,6500
1998-05-20,3.8878705501556396,20.875,21.375,20.75,20.875,19300
1998-05-21,3.8878705501556396,20.875,21.375,20.5,21.375,34100
1998-05-22,3.9111506938934326,21.0,21.0,20.625,20.625,10600
1998-05-26,4.004271984100342,21.5,21.5,20.75,21.0,7100
1998-05-27,3.8413078784942627,20.625,21.5,20.625,21.5,10000
1998-05-28,3.946072578430176,21.1875,21.5,20.75,21.5,13800
1998-05-29,3.934431552886963,21.125,21.25,21.125,21.125,12700
1998-06-01,3.9926319122314453,21.4375,21.4375,21.0,21.0,8000
1998-06-02,4.027553558349609,21.625,21.625,21.4375,21.5625,5100
1998-06-03,4.050835132598877,21.75,21.75,21.5625,21.5625,3700
1998-06-04,4.027553558349609,21.625,21.8125,21.5625,21.5625,8700
1998-06-05,4.027553558349609,21.625,21.75,21.5,21.625,9000
1998-06-08,3.9809916019439697,21.375,21.625,21.25,21.5,9000
1998-06-09,3.9577114582061768,21.25,21.5,21.25,21.375,3600
1998-06-10,3.9111506938934326,21.0,21.25,21.0,21.125,3500
1998-06-11,4.027553558349609,21.625,21.625,21.0,21.125,13800
1998-06-12,4.027553558349609,21.625,21.75,21.625,21.75,1200
1998-06-15,4.050835132598877,21.75,21.75,21.75,21.75,1300
1998-06-16,4.050835132598877,21.75,21.75,21.5,21.5,5000
1998-06-17,3.9926319122314453,21.4375,21.625,21.375,21.625,5100
1998-06-18,4.027553558349609,21.625,21.75,21.5625,21.5625,2400
1998-06-19,4.062474727630615,21.8125,22.0,21.75,22.0,10700
1998-06-22,4.097397327423096,22.0,22.0,21.75,21.8125,6600
1998-06-23,4.109035491943359,22.0625,22.125,21.875,22.125,4100
1998-06-24,4.097397327423096,22.0,22.25,22.0,22.25,6700
1998-06-25,4.132317066192627,22.1875,22.375,22.125,22.125,3400
1998-06-26,4.097397327423096,22.0,22.125,22.0,22.0,3200
1998-06-29,4.120677947998047,22.125,22.125,21.75,22.125,7800
1998-06-30,4.097397327423096,22.0,22.5,22.0,22.25,6300
1998-07-01,4.0741167068481445,21.875,22.125,21.875,22.0,1800
1998-07-02,4.0741167068481445,21.875,22.0,21.875,22.0,4800
1998-07-06,4.050835132598877,21.75,21.9375,21.625,21.75,5200
1998-07-07,4.050835132598877,21.75,21.9375,21.6875,21.875,5000
1998-07-08,4.0741167068481445,21.875,22.0,21.625,21.625,4300
1998-07-09,4.0741167068481445,21.875,21.9375,21.75,21.75,13100
1998-07-10,4.050835132598877,21.75,21.875,21.75,21.75,2100
1998-07-13,4.085754871368408,21.9375,22.0,21.8125,21.8125,9300
1998-07-14,4.097397327423096,22.0,22.0,21.875,21.9375,3900
1998-07-15,4.143958568572998,22.25,22.25,22.0,22.125,7500
1998-07-16,4.0741167068481445,21.875,22.25,21.75,22.25,17500
1998-07-17,3.9926319122314453,21.4375,21.875,21.375,21.875,4600
1998-07-20,4.0741167068481445,21.875,21.875,21.625,21.6875,13600
1998-07-21,4.050835132598877,21.75,21.875,21.75,21.875,5000
1998-07-22,4.097397327423096,22.0,22.0,21.8125,21.8125,5000
1998-07-23,4.120677947998047,22.125,22.25,22.0,22.0,3000
1998-07-24,4.120677947998047,22.125,22.3125,22.125,22.125,5900
1998-07-27,4.143958568572998,22.25,22.375,22.125,22.1875,21400
1998-07-28,4.143958568572998,22.25,22.5625,22.125,22.375,9200
1998-07-29,4.022217273712158,21.0625,21.5625,21.0625,21.5625,18800
1998-07-30,4.069957733154297,21.3125,21.5,21.0625,21.0625,7700
1998-07-31,4.069957733154297,21.3125,21.5,21.25,21.375,4900
1998-08-03,4.010281085968018,21.0,21.1875,21.0,21.1875,5200
1998-08-04,4.046087265014648,21.1875,21.375,21.0,21.25,5100
1998-08-05,4.034152507781982,21.125,21.1875,20.875,21.1875,3900
1998-08-06,4.010281085968018,21.0,21.125,21.0,21.125,4300
1998-08-07,4.034152507781982,21.125,21.25,21.0,21.0,2500
1998-08-10,4.010281085968018,21.0,21.125,20.9375,21.0,5800
1998-08-11,4.081892967224121,21.375,21.375,20.75,20.75,15600
1998-08-12,4.046087265014648,21.1875,21.375,21.1875,21.375,600
1998-08-13,4.022217273712158,21.0625,21.375,21.0625,21.25,4400
1998-08-14,4.069957733154297,21.3125,22.0625,21.25,21.3125,18100
1998-08-17,4.069957733154297,21.3125,21.5625,21.3125,21.4375,7400
1998-08-18,4.058022499084473,21.25,21.5,21.25,21.3125,7500
1998-08-19,4.105762481689453,21.5,21.5,21.0625,21.125,6700
1998-08-20,4.201247692108154,22.0,22.0,21.625,21.625,2600
1998-08-21,4.129635810852051,21.625,22.0,21.625,22.0,6800
1998-08-24,4.201247692108154,22.0,22.0625,21.6875,21.6875,6100
1998-08-25,4.129635810852051,21.625,22.0,21.5,22.0,6800
1998-08-26,4.081892967224121,21.375,21.75,21.375,21.6875,4200
1998-08-27,4.046087265014648,21.1875,21.25,21.0625,21.25,4000
1998-08-28,3.986409902572632,20.875,21.25,20.875,21.1875,8200
1998-08-31,3.914796829223633,20.5,20.75,20.5,20.6875,10000
1998-09-01,3.914796829223633,20.5,20.625,20.375,20.625,6800
1998-09-02,3.855121374130249,20.1875,20.625,20.125,20.625,7700
1998-09-03,3.89092755317688,20.375,20.375,20.1875,20.1875,2100
1998-09-04,3.914796829223633,20.5,20.625,20.5,20.625,6100
1998-09-08,3.938668966293335,20.625,20.75,20.5,20.625,3000
1998-09-09,3.938668966293335,20.625,20.875,20.5,20.5,8000
1998-09-10,3.9625399112701416,20.75,20.75,20.75,20.75,1000
1998-09-11,4.010281085968018,21.0,21.0,20.625,20.625,12000
1998-09-14,4.046087265014648,21.1875,21.1875,20.6875,20.8125,7500
1998-09-15,4.058022499084473,21.25,21.375,21.1875,21.1875,2100
1998-09-16,4.0938262939453125,21.4375,21.4375,21.1875,21.25,6900
1998-09-17,3.998345375061035,20.9375,21.25,20.9375,21.25,4300
1998-09-18,4.0938262939453125,21.4375,21.625,20.875,20.875,9300
1998-09-21,4.022217273712158,21.0625,21.375,21.0,21.1875,6000
1998-09-22,4.034152507781982,21.125,21.25,21.125,21.25,1600
1998-09-23,3.986409902572632,20.875,21.1875,20.875,21.0625,4900
1998-09-24,3.9028637409210205,20.4375,21.0,20.3125,21.0,3900
1998-09-25,3.9625399112701416,20.75,20.75,20.5,20.5,900
1998-09-28,4.010281085968018,21.0,21.125,21.0,21.0,2400
1998-09-29,3.986409902572632,20.875,20.875,20.875,20.875,400
1998-09-30,3.986409902572632,20.875,20.875,20.875,20.875,100
1998-10-01,3.914796829223633,20.5,21.0,20.5,20.875,2600
1998-10-02,3.914796829223633,20.5,20.5,20.375,20.375,1100
1998-10-05,3.938668966293335,20.625,20.625,20.375,20.625,7600
1998-10-06,3.938668966293335,20.625,20.75,20.5,20.5,3600
1998-10-07,3.8312489986419678,20.0625,20.75,20.0,20.75,9200
1998-10-08,3.461254358291626,18.125,19.875,17.875,19.875,14900
1998-10-09,3.5806097984313965,18.75,18.875,18.375,18.375,14500
1998-10-12,3.6164135932922363,18.9375,18.9375,18.8125,18.8125,1800
1998-10-13,3.461254358291626,18.125,18.9375,18.0,18.9375,9200
1998-10-14,3.735767364501953,19.5625,19.5625,18.0,18.0,18700
1998-10-15,3.807377576828003,19.9375,20.0,19.6875,19.6875,4800
1998-10-16,3.8193154335021973,20.0,20.0,19.625,19.8125,5400
1998-10-19,3.9625399112701416,20.75,20.75,20.1875,20.1875,6000
1998-10-20,4.010281085968018,21.0,21.125,20.875,20.9375,4100
1998-10-21,4.010281085968018,21.0,21.125,20.9375,21.125,2900
1998-10-22,3.89092755317688,20.375,21.0,20.375,21.0,10400
1998-10-23,3.938668966293335,20.625,20.625,20.4375,20.4375,1400
1998-10-26,4.058022499084473,21.25,21.25,20.5,20.5,6100
1998-10-27,4.081892967224121,21.375,21.6875,21.25,21.375,4900
1998-10-28,4.081892967224121,21.375,21.625,21.25,21.5,9900
1998-10-29,4.153506755828857,21.75,21.8125,21.25,21.375,8100
1998-10-30,4.18779182434082,21.375,21.375,21.0,21.0625,4000
1998-11-02,4.18779182434082,21.375,21.5,21.25,21.25,6200
1998-11-03,4.163300514221191,21.25,21.5,21.125,21.5,2600
1998-11-04,4.089834213256836,20.875,21.5,20.875,21.375,6300
1998-11-05,4.016359806060791,20.5,21.0,20.5,21.0,5100
1998-11-06,4.11432409286499,21.0,21.0,20.5,20.625,6700
1998-11-09,4.11432409286499,21.0,21.125,21.0,21.125,1200
1998-11-10,4.11432409286499,21.0,21.125,21.0,21.0,3700
1998-11-11,4.0775861740112305,20.8125,21.125,20.8125,21.125,2400
1998-11-12,4.11432409286499,21.0,21.25,20.875,21.25,8400
1998-11-13,4.040851593017578,20.625,20.9375,20.625,20.875,4600
1998-11-16,4.040851593017578,20.625,20.9375,20.625,20.75,9300
1998-11-17,3.9918713569641113,20.375,20.75,20.375,20.75,8500
1998-11-18,3.9428906440734863,20.125,20.625,20.125,20.375,14900
1998-11-19,3.9428906440734863,20.125,20.5,20.0,20.0625,10100
1998-11-20,3.8449339866638184,19.625,20.0,19.375,20.0,7400
1998-11-23,3.9183998107910156,20.0,20.375,19.75,19.75,14300
1998-11-24,3.8939101696014404,19.875,20.0,19.75,19.75,7000
1998-11-25,3.8939101696014404,19.875,20.125,19.75,20.0,4300
1998-11-27,3.771461009979248,19.25,20.0,19.25,19.875,7500
1998-11-30,3.771461009979248,19.25,19.625,19.125,19.375,5600
1998-12-01,3.8449339866638184,19.625,19.625,19.125,19.125,10800
1998-12-02,3.722482204437256,19.0,19.5,18.875,19.5,12900
1998-12-03,3.6245226860046387,18.5,19.1875,18.5,18.9375,8500
1998-12-04,3.5020716190338135,17.875,18.5625,17.8125,18.5625,21600
1998-12-07,3.453091859817505,17.625,17.9375,17.1875,17.875,17700
1998-12-08,3.575540781021118,18.25,18.25,17.375,17.375,11900
1998-12-09,3.526561737060547,18.0,18.375,17.875,17.875,19300
1998-12-10,3.47758150100708,17.75,18.75,17.75,17.75,16900
1998-12-11,3.4286012649536133,17.5,17.875,17.5,17.875,10100
1998-12-14,3.416356086730957,17.4375,17.75,17.375,17.625,10400
1998-12-15,3.4041101932525635,17.375,17.5,17.125,17.3125,13500
1998-12-16,3.3061516284942627,16.875,17.375,16.875,17.25,14700
1998-12-17,3.183701515197754,16.25,17.25,16.25,16.875,12400
1998-12-18,3.13472056388855,16.0,16.125,15.3125,16.125,32900
1998-12-21,3.1592116355895996,16.125,16.25,15.625,15.75,12400
1998-12-22,3.1102306842803955,15.875,16.25,15.625,16.0,15100
1998-12-23,3.036761522293091,15.5,15.75,15.125,15.75,25400
1998-12-24,3.0857412815093994,15.75,15.8125,15.625,15.625,4500
1998-12-28,2.9632911682128906,15.125,15.9375,15.125,15.75,28400
1998-12-29,2.8653311729431152,14.625,15.25,14.5,15.125,41000
1998-12-30,2.84084153175354,14.5,14.875,14.25,14.75,28200
1998-12-31,2.9510457515716553,15.0625,15.125,13.875,14.625,50700
1999-01-04,3.3306407928466797,17.0,17.25,16.0,16.0,18800
1999-01-05,3.4898276329040527,17.8125,17.8125,16.8125,16.9375,24000
1999-01-06,3.771461009979248,19.25,19.5,18.5625,18.625,30400
1999-01-07,3.8939101696014404,19.875,20.0,19.25,19.25,12500
1999-01-08,3.8939101696014404,19.875,20.25,19.0,20.0,25500
1999-01-11,3.8694210052490234,19.75,20.0,19.5,20.0,3500
1999-01-12,3.771461009979248,19.25,20.125,19.0,20.125,16800
1999-01-13,3.6735002994537354,18.75,19.25,18.5,19.25,22200
1999-01-14,3.636768102645874,18.5625,19.0,18.4375,18.875,9800
1999-01-15,3.722482204437256,19.0,19.0,18.6875,18.6875,5000
1999-01-19,3.710235357284546,18.9375,19.0,18.875,19.0,5300
1999-01-20,3.6979897022247314,18.875,19.0,18.8125,19.0,2300
1999-01-21,3.6979897022247314,18.875,19.0,18.875,18.875,4000
1999-01-22,3.722482204437256,19.0,19.0,18.75,18.75,1400
1999-01-25,3.6979897022247314,18.875,18.875,18.75,18.75,4900
1999-01-26,3.771461009979248,19.25,19.25,18.875,18.875,9500
1999-01-27,3.783707618713379,19.3125,19.375,19.125,19.25,20100
1999-01-28,3.820441484451294,19.5,19.5,19.1875,19.375,8700
1999-01-29,3.808194637298584,19.4375,19.5,19.25,19.375,5800
1999-02-01,3.6735002994537354,18.75,19.3125,18.75,19.3125,14900
1999-02-02,3.6000313758850098,18.375,18.75,18.375,18.75,25300
1999-02-03,3.647998094558716,18.0625,18.4375,18.0,18.0,4800
1999-02-04,3.6101298332214355,17.875,18.125,17.875,18.0,3300
1999-02-05,3.647998094558716,18.0625,18.1875,18.0,18.0,8800
1999-02-08,3.685866594314575,18.25,18.25,18.0,18.125,8100
1999-02-09,3.7237348556518555,18.4375,18.4375,18.25,18.25,6200
1999-02-10,3.685866594314575,18.25,18.4375,18.125,18.4375,4800
1999-02-11,3.509145498275757,17.375,18.5,17.375,18.375,11700
1999-02-12,3.685866594314575,18.25,18.25,17.5,17.5,5000
1999-02-16,3.761603832244873,18.625,18.625,18.25,18.375,4600
1999-02-17,3.761603832244873,18.625,18.75,18.5,18.5,6400
1999-02-18,3.786848545074463,18.75,18.75,18.25,18.5,6200
1999-02-19,3.761603832244873,18.625,18.9375,18.625,18.9375,5000
1999-02-22,3.685866594314575,18.25,18.75,18.0,18.5,12700
1999-02-23,3.5343921184539795,17.5,18.375,17.375,18.375,15400
1999-02-24,3.4081647396087646,16.875,17.5,16.875,17.5,15400
1999-02-25,3.332427501678467,16.5,16.9375,16.25,16.9375,9000
1999-02-26,3.332427501678467,16.5,16.625,16.125,16.5,18000
1999-03-01,3.307180881500244,16.375,16.4375,16.25,16.4375,6700
1999-03-02,3.43341064453125,17.0,17.375,16.5625,16.5625,10200
1999-03-03,3.559638500213623,17.625,17.625,16.875,16.875,13500
1999-03-04,3.5848848819732666,17.75,18.0,17.5,17.75,23000
1999-03-05,3.5848848819732666,17.75,17.75,17.5,17.75,8400
1999-03-08,3.6101298332214355,17.875,17.875,17.875,17.875,7500
1999-03-09,3.6101298332214355,17.875,17.875,17.75,17.875,4000
1999-03-10,3.4839019775390625,17.25,17.75,17.25,17.75,4900
1999-03-11,3.357672929763794,16.625,17.3125,16.5625,17.25,20900
1999-03-12,3.4081647396087646,16.875,16.875,16.5,16.625,16500
1999-03-15,3.2819364070892334,16.25,16.75,16.1875,16.75,20100
1999-03-16,3.180952787399292,15.75,16.1875,15.5,16.1875,49700
1999-03-17,3.0294790267944336,15.0,15.75,14.875,15.75,57400
1999-03-18,2.9916107654571533,14.8125,15.0625,14.8125,15.0,71400
1999-03-19,2.9916107654571533,14.8125,14.875,14.5,14.875,128700
1999-03-22,2.852759838104248,14.125,15.0625,14.0,14.875,236700
1999-03-23,2.7770228385925293,13.75,14.1875,13.75,14.1875,2976700
1999-03-24,2.802266836166382,13.875,14.0625,13.8125,13.875,233600
1999-03-25,2.8401384353637695,14.0625,14.25,13.9375,13.9375,228100
1999-03-26,2.865382671356201,14.1875,14.3125,14.0625,14.1875,240200
1999-03-29,2.8401384353637695,14.0625,14.3125,14.0625,14.3125,176400
1999-03-30,2.852759838104248,14.125,14.125,13.9375,14.0625,92200
1999-03-31,2.8275136947631836,14.0,14.125,13.9375,14.125,116600
1999-04-01,2.865382671356201,14.1875,14.1875,14.0,14.0625,48900
1999-04-05,2.852759838104248,14.125,14.1875,14.0,14.1875,73500
1999-04-06,2.8275136947631836,14.0,14.1875,14.0,14.0625,67700
1999-04-07,2.8401384353637695,14.0625,14.0625,14.0,14.0,127600
1999-04-08,2.8401384353637695,14.0625,14.125,14.0,14.0,67100
1999-04-09,2.8148903846740723,13.9375,14.125,13.9375,14.125,86000
1999-04-12,2.852759838104248,14.125,14.125,14.0,14.0,54900
1999-04-13,2.865382671356201,14.1875,14.1875,14.0625,14.125,51100
1999-04-14,2.852759838104248,14.125,14.25,14.0,14.1875,86800
1999-04-15,2.852759838104248,14.125,14.25,14.0,14.25,75800
1999-04-16,2.9032511711120605,14.375,14.375,14.125,14.25,86200
1999-04-19,2.865382671356201,14.1875,14.4375,14.1875,14.375,96900
1999-04-20,2.878005027770996,14.25,14.375,14.1875,14.1875,78500
1999-04-21,2.928497314453125,14.5,14.5,14.25,14.375,147500
1999-04-22,2.9411189556121826,14.5625,14.625,14.25,14.5,135700
1999-04-23,3.0294790267944336,15.0,15.1875,14.5,14.625,231900
1999-04-26,3.0294790267944336,15.0,15.625,14.625,15.625,172200
1999-04-27,3.1052160263061523,15.375,15.375,15.0,15.125,160400
1999-04-28,3.168330669403076,15.6875,15.9375,15.375,15.375,279800
1999-04-29,3.1304619312286377,15.5,16.375,15.25,15.9375,284200
1999-04-30,3.1855201721191406,15.1875,15.75,15.0,15.125,125700
1999-05-03,3.251065731048584,15.5,15.5,15.25,15.3125,89800
1999-05-04,3.146193265914917,15.0,15.5625,14.9375,15.5,102300
1999-05-05,3.1724109649658203,15.125,15.1875,14.5625,15.0,91500
1999-05-06,3.1199753284454346,14.875,15.3125,14.6875,15.3125,83100
1999-05-07,3.146193265914917,15.0,15.1875,14.75,15.0,53500
1999-05-10,3.237957000732422,15.4375,15.5,15.0,15.0625,87300
1999-05-11,3.251065731048584,15.5,15.5625,15.3125,15.4375,80900
1999-05-12,3.251065731048584,15.5,15.8125,15.375,15.375,72000
1999-05-13,3.2641754150390625,15.5625,15.9375,15.5,15.875,90300
1999-05-14,3.237957000732422,15.4375,15.6875,15.3125,15.6875,42100
1999-05-17,3.251065731048584,15.5,15.75,15.125,15.375,87900
1999-05-18,3.237957000732422,15.4375,15.875,15.125,15.625,60800
1999-05-19,3.2248470783233643,15.375,15.6875,15.0,15.6875,59800
1999-05-20,3.237957000732422,15.4375,15.5,15.25,15.4375,42000
1999-05-21,3.2772841453552246,15.625,15.6875,15.125,15.375,61900
1999-05-24,3.1986300945281982,15.25,16.0,15.125,15.625,101600
1999-05-25,3.2117388248443604,15.3125,15.75,15.0625,15.375,117000
1999-05-26,3.093756914138794,14.75,15.625,14.75,15.5,86100
1999-05-27,3.1724109649658203,15.125,15.5625,14.875,14.875,58600
1999-05-28,3.2772841453552246,15.625,15.75,15.0625,15.0625,56100
1999-06-01,3.251065731048584,15.5,15.875,15.1875,15.625,51500
1999-06-02,3.251065731048584,15.5,15.6875,15.375,15.4375,56100
1999-06-03,3.3428289890289307,15.9375,15.9375,15.625,15.625,33300
1999-06-04,3.3690483570098877,16.0625,16.25,15.75,15.8125,75800
1999-06-07,3.408376455307007,16.25,16.375,15.75,16.125,61800
1999-06-08,3.382158041000366,16.125,16.5,16.0625,16.25,88400
1999-06-09,3.3559393882751465,16.0,16.375,15.8125,16.125,55700
1999-06-10,3.3559393882751465,16.0,16.0,15.75,15.875,48900
1999-06-11,3.3297202587127686,15.875,16.125,15.8125,16.0625,43500
1999-06-14,3.3297202587127686,15.875,16.125,15.875,15.9375,37100
1999-06-15,3.2641754150390625,15.5625,16.125,15.5625,16.0,101100
1999-06-16,3.2772841453552246,15.625,16.125,15.625,15.6875,75700
1999-06-17,3.3297202587127686,15.875,16.0,15.625,15.625,49400
1999-06-18,3.382158041000366,16.125,16.125,15.875,16.0,48500
1999-06-21,3.408376455307007,16.25,16.375,15.6875,16.1875,59900
1999-06-22,3.382158041000366,16.125,16.375,16.0625,16.25,46100
1999-06-23,3.434593915939331,16.375,16.75,16.25,16.375,58700
1999-06-24,3.4477031230926514,16.4375,16.625,16.25,16.5,39100
1999-06-25,3.42148494720459,16.3125,16.625,16.125,16.4375,83100
1999-06-28,3.4870314598083496,16.625,16.75,16.25,16.25,66400
1999-06-29,3.6181223392486572,17.25,17.375,16.625,16.6875,70300
1999-06-30,3.605011463165283,17.1875,17.5,17.0625,17.125,38000
1999-07-01,3.5919041633605957,17.125,17.3125,17.125,17.3125,46500
1999-07-02,3.6574490070343018,17.4375,17.5,17.0625,17.25,45000
1999-07-06,3.670557975769043,17.5,17.9375,17.0,17.4375,67300
1999-07-07,3.6574490070343018,17.4375,17.625,17.125,17.5,46200
1999-07-08,3.670557975769043,17.5,17.5625,17.3125,17.5,50800
1999-07-09,3.631232261657715,17.3125,17.5,17.125,17.5,49900
1999-07-12,3.670557975769043,17.5,17.5,17.3125,17.4375,37700
1999-07-13,3.631232261657715,17.3125,17.625,17.0,17.5,64300
1999-07-14,3.5919041633605957,17.125,17.5625,17.125,17.375,29600
1999-07-15,3.6574490070343018,17.4375,17.5,16.9375,17.0,44700
1999-07-16,3.644339084625244,17.375,17.5625,16.875,17.5,52200
1999-07-19,3.696776866912842,17.625,17.6875,17.125,17.25,36100
1999-07-20,3.7361056804656982,17.8125,17.875,17.3125,17.75,33800
1999-07-21,3.6181223392486572,17.25,17.9375,17.25,17.9375,49900
1999-07-22,3.7229955196380615,17.75,17.75,17.3125,17.375,31200
1999-07-23,3.670557975769043,17.5,17.75,17.375,17.75,36900
1999-07-26,3.762321710586548,17.9375,18.0,17.375,17.4375,49500
1999-07-27,3.7229955196380615,17.75,17.9375,17.625,17.8125,48600
1999-07-28,3.762321710586548,17.9375,17.9375,17.5625,17.75,34700
1999-07-29,3.762321710586548,17.9375,17.9375,17.8125,17.9375,47400
1999-07-30,3.7514889240264893,17.3125,17.5,17.125,17.3125,29800
1999-08-02,3.778573751449585,17.4375,17.6875,17.25,17.375,32000
1999-08-03,3.683772087097168,17.0,17.625,16.875,17.5,43700
1999-08-04,3.6160569190979004,16.6875,16.875,16.375,16.75,55000
1999-08-05,3.683772087097168,17.0,17.25,15.75,16.5625,74500
1999-08-06,3.7514889240264893,17.3125,17.5625,16.75,16.875,31900
1999-08-09,3.5618813037872314,16.4375,17.125,16.0625,17.125,73300
1999-08-10,3.5347952842712402,16.3125,16.75,14.875,16.3125,133800
1999-08-11,3.5483381748199463,16.375,16.5,15.75,16.1875,68000
1999-08-12,3.629598617553711,16.75,17.125,16.125,16.125,44200
1999-08-13,3.602513313293457,16.625,16.875,16.5625,16.5625,24700
1999-08-16,3.467078447341919,16.0,16.625,15.625,16.625,50800
1999-08-17,3.467078447341919,16.0,16.0,15.75,16.0,29300
1999-08-18,3.4941658973693848,16.125,16.25,15.9375,15.9375,34700
1999-08-19,3.4941658973693848,16.125,16.6875,16.125,16.125,173800
1999-08-20,3.5483381748199463,16.375,16.5,16.125,16.125,43600
1999-08-23,3.5347952842712402,16.3125,16.5,16.3125,16.5,50000
1999-08-24,3.5618813037872314,16.4375,16.5,16.25,16.5,40900
1999-08-25,3.5347952842712402,16.3125,16.5,16.3125,16.375,34300
1999-08-26,3.5347952842712402,16.3125,16.5625,16.1875,16.5,41100
1999-08-27,3.5212528705596924,16.25,16.4375,16.1875,16.25,22300
1999-08-30,3.5212528705596924,16.25,16.3125,16.0625,16.25,42200
1999-08-31,3.5212528705596924,16.25,16.4375,16.125,16.25,24400
1999-09-01,3.50770902633667,16.1875,16.375,16.125,16.25,51800
1999-09-02,3.5212528705596924,16.25,16.375,16.0,16.0,34300
1999-09-03,3.5754263401031494,16.5,16.5,16.25,16.25,34700
1999-09-07,3.5483381748199463,16.375,16.5,16.25,16.4375,31600
1999-09-08,3.5212528705596924,16.25,16.5,16.25,16.3125,32000
1999-09-09,3.5347952842712402,16.3125,16.5,16.25,16.25,24900
1999-09-10,3.5212528705596924,16.25,16.4375,16.0,16.4375,59900
1999-09-13,3.5347952842712402,16.3125,16.4375,16.1875,16.3125,26100
1999-09-14,3.5483381748199463,16.375,16.4375,16.25,16.375,36700
1999-09-15,3.5618813037872314,16.4375,16.5,16.25,16.4375,35700
1999-09-16,3.5483381748199463,16.375,16.4375,16.25,16.4375,21700
1999-09-17,3.5618813037872314,16.4375,16.4375,16.375,16.4375,22700
1999-09-20,3.5618813037872314,16.4375,16.5,16.3125,16.4375,26800
1999-09-21,3.5618813037872314,16.4375,16.5,16.125,16.4375,49900
1999-09-22,3.5483381748199463,16.375,16.4375,16.3125,16.4375,23000
1999-09-23,3.4941658973693848,16.125,16.4375,16.0,16.4375,34800
1999-09-24,3.5212528705596924,16.25,16.4375,15.9375,15.9375,61100
1999-09-27,3.4806225299835205,16.0625,16.375,16.0625,16.375,27500
1999-09-28,3.4941658973693848,16.125,16.1875,15.8125,16.125,20500
1999-09-29,3.467078447341919,16.0,16.25,15.9375,16.1875,25000
1999-09-30,3.50770902633667,16.1875,16.25,16.0,16.0625,15600
1999-10-01,3.467078447341919,16.0,16.25,16.0,16.25,25800
1999-10-04,3.467078447341919,16.0,16.25,15.875,16.125,23900
1999-10-05,3.467078447341919,16.0,16.25,15.875,15.875,26000
1999-10-06,3.467078447341919,16.0,16.1875,15.875,16.125,27400
1999-10-07,3.5483381748199463,16.375,16.375,15.8125,16.0625,28200
1999-10-08,3.6160569190979004,16.6875,16.8125,16.3125,16.375,61000
1999-10-11,3.5618813037872314,16.4375,16.75,16.1875,16.6875,23700
1999-10-12,3.5618813037872314,16.4375,16.5625,16.25,16.5,20300
1999-10-13,3.4806225299835205,16.0625,16.5,15.75,16.375,38500
1999-10-14,3.5212528705596924,16.25,16.3125,16.0,16.3125,12700
1999-10-15,3.5618813037872314,16.4375,16.5625,16.25,16.25,28500
1999-10-18,3.5889668464660645,16.5625,16.625,16.4375,16.4375,27400
1999-10-19,3.5483381748199463,16.375,16.5625,16.375,16.5625,58800
1999-10-20,3.5483381748199463,16.375,16.5625,16.25,16.5,19900
1999-10-21,3.5483381748199463,16.375,16.5625,16.25,16.5,21200
1999-10-22,3.5212528705596924,16.25,16.375,16.0625,16.3125,15900
1999-10-25,3.5754263401031494,16.5,16.5,16.0625,16.0625,35200
1999-10-26,3.602513313293457,16.625,16.75,16.5,16.5,17500
1999-10-27,3.5754263401031494,16.5,16.625,16.125,16.4375,31900
1999-10-28,3.602513313293457,16.625,16.75,16.25,16.5,18700
1999-10-29,3.602513313293457,16.625,16.6875,16.5,16.5,7300
1999-11-01,3.6431424617767334,16.8125,16.875,16.5,16.5,62800
1999-11-02,3.6566860675811768,16.875,17.25,16.8125,16.875,45100
1999-11-03,3.6735098361968994,16.375,16.875,16.375,16.875,68000
1999-11-04,3.5753626823425293,15.9375,16.4375,15.8125,16.4375,21300
1999-11-05,3.5893850326538086,16.0,16.125,15.625,16.0625,32600
1999-11-08,3.561340808868408,15.875,16.1875,15.6875,16.0,31100
1999-11-09,3.5333011150360107,15.75,16.0,15.5625,15.6875,35500
1999-11-10,3.4211316108703613,15.25,15.75,15.0,15.75,41800
1999-11-11,3.379068613052368,15.0625,15.4375,15.0625,15.375,23400
1999-11-12,3.4211316108703613,15.25,15.375,15.125,15.1875,37800
1999-11-15,3.463193893432617,15.4375,15.625,15.0,15.0,34800
1999-11-16,3.477215051651001,15.5,15.75,15.3125,15.3125,14700
1999-11-17,3.4912374019622803,15.5625,15.75,15.125,15.375,28500
1999-11-18,3.5333011150360107,15.75,15.9375,15.5,15.6875,21300
1999-11-19,3.463193893432617,15.4375,15.875,15.25,15.875,18100
1999-11-22,3.4491729736328125,15.375,15.6875,15.25,15.5625,18900
1999-11-23,3.3930890560150146,15.125,15.3125,15.0625,15.3125,29400
1999-11-24,3.477215051651001,15.5,15.5,15.0625,15.0625,38100
1999-11-26,3.4211316108703613,15.25,15.5,15.125,15.5,10300
1999-11-29,3.308962821960449,14.75,15.375,14.375,15.25,41200
1999-11-30,3.337006092071533,14.875,15.1875,14.5,14.75,55300
1999-12-01,3.266899824142456,14.5625,14.9375,14.5625,14.875,41800
1999-12-02,3.2528798580169678,14.5,14.875,14.375,14.5,47900
1999-12-03,3.2809200286865234,14.625,14.875,14.1875,14.5,74600
1999-12-06,3.1967947483062744,14.25,14.8125,14.25,14.5625,29900
1999-12-07,3.2809200286865234,14.625,14.6875,14.25,14.375,32700
1999-12-08,3.1827735900878906,14.1875,14.625,14.0,14.5,53100
1999-12-09,3.070605754852295,13.6875,14.1875,13.6875,14.1875,67000
1999-12-10,3.028540849685669,13.5,14.0,13.0625,14.0,77200
1999-12-13,2.9444167613983154,13.125,13.9375,12.625,13.625,69600
1999-12-14,2.888333320617676,12.875,13.0,12.25,13.0,99700
1999-12-15,3.1407105922698975,14.0,14.5,12.5,12.625,104900
1999-12-16,3.1827735900878906,14.1875,14.5,13.875,14.125,46800
1999-12-17,3.1407105922698975,14.0,14.375,13.75,14.3125,63900
1999-12-20,3.070605754852295,13.6875,14.25,13.5,13.875,49200
1999-12-21,3.1126692295074463,13.875,14.375,13.75,13.75,32700
1999-12-22,3.0986480712890625,13.8125,13.9375,13.125,13.8125,49800
1999-12-23,3.1547329425811768,14.0625,14.1875,13.75,13.75,45600
1999-12-27,3.1407105922698975,14.0,14.25,13.875,14.1875,77200
1999-12-28,3.1967947483062744,14.25,14.4375,14.0,14.125,42400
1999-12-29,3.1266889572143555,13.9375,14.25,13.9375,14.25,42000
1999-12-30,3.0565853118896484,13.625,14.3125,13.625,13.875,80600
1999-12-31,2.9444167613983154,13.125,13.5,12.25,13.5,126000
2000-01-03,3.000499963760376,13.375,13.4375,13.25,13.25,25600
2000-01-04,3.000499963760376,13.375,13.75,13.0,13.25,37200
2000-01-05,3.1266889572143555,13.9375,13.9375,13.25,13.25,20700
2000-01-06,3.1687536239624023,14.125,14.25,13.625,13.9375,30500
2000-01-07,3.1827735900878906,14.1875,14.25,14.0,14.0,37500
2000-01-10,3.1266889572143555,13.9375,14.375,13.75,14.25,38300
2000-01-11,3.1547329425811768,14.0625,14.125,13.8125,14.0,18300
2000-01-12,3.1407105922698975,14.0,14.0625,13.625,14.0,22100
2000-01-13,3.1827735900878906,14.1875,14.375,13.875,14.0625,33600
2000-01-14,3.1967947483062744,14.25,14.25,13.875,14.25,27500
2000-01-18,3.1967947483062744,14.25,14.25,14.0625,14.125,27200
2000-01-19,3.2108170986175537,14.3125,14.3125,14.125,14.125,27700
2000-01-20,3.1687536239624023,14.125,14.25,14.0625,14.1875,17900
2000-01-21,3.2248382568359375,14.375,14.375,14.125,14.125,26300
2000-01-24,3.2248382568359375,14.375,15.125,14.25,14.375,89900
2000-01-25,3.3930890560150146,15.125,15.5,14.375,14.375,83100
2000-01-26,3.561340808868408,15.875,15.875,15.25,15.25,72400
2000-01-27,3.519278049468994,15.6875,16.0,15.375,15.875,62800
2000-01-28,3.337006092071533,14.875,15.6875,14.8125,15.375,95900
2000-01-31,3.2669975757598877,14.0,14.125,13.625,14.0,49100
2000-02-01,3.3107519149780273,14.1875,14.5,14.0,14.0,58000
2000-02-02,3.281583786010742,14.0625,14.5,14.0,14.25,55300
2000-02-03,3.4128451347351074,14.625,14.875,14.0,14.0625,31700
2000-02-04,3.3836777210235596,14.5,14.625,14.5,14.5,300300
2000-02-07,3.398261308670044,14.5625,14.8125,14.375,14.5,58700
2000-02-08,3.4128451347351074,14.625,14.875,14.4375,14.625,59500
2000-02-09,3.3836777210235596,14.5,14.6875,14.375,14.625,35000
2000-02-10,3.369093656539917,14.4375,14.875,14.4375,14.625,48500
2000-02-11,3.3545081615448,14.375,14.9375,14.375,14.5,38800
2000-02-14,3.398261308670044,14.5625,14.75,14.375,14.5,44300
2000-02-15,3.4128451347351074,14.625,14.75,14.375,14.5,39800
2000-02-16,3.2669975757598877,14.0,14.5,14.0,14.375,29000
2000-02-17,3.3253369331359863,14.25,14.3125,14.0,14.125,58900
2000-02-18,3.3545081615448,14.375,14.5,14.0,14.5,58900
2000-02-22,3.3836777210235596,14.5,14.8125,14.3125,14.3125,38200
2000-02-23,3.4128451347351074,14.625,14.6875,14.375,14.625,34900
2000-02-24,3.3545081615448,14.375,14.75,14.375,14.5,61100
2000-02-25,3.339923620223999,14.3125,14.5625,14.125,14.375,43900
2000-02-28,3.3253369331359863,14.25,14.5,14.0625,14.4375,31900
2000-02-29,3.3545081615448,14.375,14.375,14.0625,14.375,36100
2000-03-01,3.3545081615448,14.375,14.5,14.25,14.4375,33800
2000-03-02,3.339923620223999,14.3125,14.75,14.25,14.625,38500
2000-03-03,3.237828493118286,13.875,14.4375,13.375,14.3125,118400
2000-03-06,3.339923620223999,14.3125,14.4375,13.75,13.8125,39300
2000-03-07,3.339923620223999,14.3125,14.75,14.3125,14.375,18900
2000-03-08,3.3545081615448,14.375,14.5,14.1875,14.4375,28700
2000-03-09,3.2669975757598877,14.0,14.5625,13.8125,14.5,45700
2000-03-10,3.2669975757598877,14.0,14.0,13.8125,13.9375,30400
2000-03-13,3.237828493118286,13.875,14.125,13.625,13.75,50200
2000-03-14,3.296168565750122,14.125,14.375,13.9375,14.0,45900
2000-03-15,3.252413034439087,13.9375,14.3125,13.8125,14.0625,59800
2000-03-16,3.150317907333374,13.5,13.6875,13.0625,13.6875,69700
2000-03-17,3.150317907333374,13.5,13.8125,13.1875,13.625,38300
2000-03-20,3.150317907333374,13.5,13.75,13.375,13.5,24500
2000-03-21,3.1211493015289307,13.375,13.5,13.125,13.4375,37600
2000-03-22,3.0919792652130127,13.25,13.5,13.0,13.5,55200
2000-03-23,3.1065657138824463,13.3125,13.5625,13.1875,13.1875,56700
2000-03-24,3.179489850997925,13.625,13.625,12.875,13.0,52200
2000-03-27,3.135735273361206,13.4375,13.5,13.25,13.5,36100
2000-03-28,3.179489850997925,13.625,13.875,13.5,13.5,59900
2000-03-29,3.1211493015289307,13.375,13.875,13.375,13.75,55100
2000-03-30,3.1211493015289307,13.375,13.5625,13.0625,13.25,37100
2000-03-31,3.179489850997925,13.625,13.75,13.375,13.5,13700
2000-04-03,3.0628111362457275,13.125,13.625,13.0625,13.625,38000
2000-04-04,3.033641815185547,13.0,13.0,12.625,12.75,49900
2000-04-05,3.0773966312408447,13.1875,13.375,12.75,12.8125,51200
2000-04-06,3.150317907333374,13.5,13.75,13.3125,13.3125,27400
2000-04-07,3.208658218383789,13.75,14.125,13.625,14.125,56900
2000-04-10,3.179489850997925,13.625,13.9375,13.625,13.875,28500
2000-04-11,3.208658218383789,13.75,13.875,13.5,13.5,21300
2000-04-12,3.3545081615448,14.375,14.375,13.875,13.875,66700
2000-04-13,3.296168565750122,14.125,14.25,13.875,14.0,53100
2000-04-14,3.150317907333374,13.5,14.125,13.25,14.0625,57600
2000-04-17,3.033641815185547,13.0,13.5,12.875,13.375,46700
2000-04-18,3.1065657138824463,13.3125,13.5,13.125,13.125,16400
2000-04-19,3.150317907333374,13.5,13.5,13.375,13.375,26200
2000-04-20,3.252413034439087,13.9375,14.0625,13.375,13.4375,67200
2000-04-24,3.369093656539917,14.4375,14.625,14.1875,14.375,55700
2000-04-25,3.3836777210235596,14.5,14.75,14.5,14.5625,52100
2000-04-26,3.3836777210235596,14.5,14.625,14.4375,14.5,30400
2000-04-27,3.3836777210235596,14.5,14.625,14.375,14.5625,40600
2000-04-28,3.4019012451171875,14.0,14.125,13.75,14.0,37600
2000-05-01,3.386713743209839,13.9375,14.125,13.625,13.9375,37700
2000-05-02,3.310778856277466,13.625,14.0,13.625,14.0,30300
2000-05-03,3.371525287628174,13.875,13.875,13.6875,13.75,23400
2000-05-04,3.4170877933502197,14.0625,14.125,13.75,14.0,20500
2000-05-05,3.310778856277466,13.625,14.125,13.5,14.0,26800
2000-05-08,3.295590877532959,13.5625,13.75,13.5,13.6875,17300
2000-05-09,3.371525287628174,13.875,14.0,13.5,13.6875,26500
2000-05-10,3.3411524295806885,13.75,14.0,13.375,13.9375,44700
2000-05-11,3.295590877532959,13.5625,13.875,13.5625,13.875,22700
2000-05-12,3.2804055213928223,13.5,13.875,13.5,13.75,30200
2000-05-15,3.250030517578125,13.375,13.8125,13.25,13.625,31000
2000-05-16,3.3563404083251953,13.8125,13.875,13.5,13.5,22600
2000-05-17,3.3563404083251953,13.8125,13.875,13.4375,13.8125,20300
2000-05-18,3.386713743209839,13.9375,13.9375,13.75,13.8125,18000
2000-05-19,3.371525287628174,13.875,14.0,13.8125,13.8125,27700
2000-05-22,3.3411524295806885,13.75,14.0,13.5625,13.875,37200
2000-05-23,3.3411524295806885,13.75,14.0,13.5625,13.625,49700
2000-05-24,3.295590877532959,13.5625,13.9375,13.5625,13.875,14500
2000-05-25,3.2804055213928223,13.5,13.9375,13.5,13.6875,27500
2000-05-26,3.2804055213928223,13.5,13.875,13.5,13.625,15500
2000-05-30,3.3411524295806885,13.75,14.0,13.625,13.625,26000
2000-05-31,3.4019012451171875,14.0,14.0,13.5625,13.75,21400
2000-06-01,3.371525287628174,13.875,14.0625,13.875,14.0,19100
2000-06-02,3.386713743209839,13.9375,14.125,13.75,13.9375,40700
2000-06-05,3.43227481842041,14.125,14.1875,14.0,14.0625,29600
2000-06-06,3.462649345397949,14.25,14.25,14.0625,14.0625,28300
2000-06-07,3.52339768409729,14.5,14.625,14.1875,14.25,50400
2000-06-08,3.5841457843780518,14.75,14.75,14.4375,14.4375,34700
2000-06-09,3.6297078132629395,14.9375,14.9375,14.75,14.875,23700
2000-06-12,3.690455198287964,15.1875,15.375,14.75,15.0,37000
2000-06-13,3.751204490661621,15.4375,15.9375,15.1875,15.3125,45500
2000-06-14,3.8726985454559326,15.9375,16.0,15.5,15.5,81800
2000-06-15,3.887887477874756,16.0,16.25,15.75,16.0,78700
2000-06-16,3.7360177040100098,15.375,16.0,15.25,16.0,62400
2000-06-19,3.766390085220337,15.5,15.9375,15.0,15.5,49800
2000-06-20,3.827139377593994,15.75,15.8125,15.5625,15.625,19000
2000-06-21,3.8423259258270264,15.8125,15.9375,15.75,15.875,37700
2000-06-22,3.766390085220337,15.5,15.9375,15.25,15.9375,40700
2000-06-23,3.857513427734375,15.875,15.9375,15.5,15.5,23400
2000-06-26,3.857513427734375,15.875,16.125,15.8125,15.875,45800
2000-06-27,3.8726985454559326,15.9375,16.3125,15.9375,16.125,27900
2000-06-28,3.811952829360962,15.6875,15.9375,15.4375,15.9375,49800
2000-06-29,3.751204490661621,15.4375,15.6875,15.3125,15.6875,16300
2000-06-30,3.7360177040100098,15.375,15.5,15.3125,15.4375,22800
2000-07-03,3.690455198287964,15.1875,15.625,15.0,15.3125,19600
2000-07-05,3.7208292484283447,15.3125,15.5,15.0,15.125,27000
2000-07-06,3.811952829360962,15.6875,15.75,15.4375,15.4375,32800
2000-07-07,3.857513427734375,15.875,16.0,15.75,15.8125,22800
2000-07-10,3.827139377593994,15.75,16.0,15.75,15.8125,16700
2000-07-11,3.9182608127593994,16.125,16.1875,15.75,15.875,34300
2000-07-12,3.9334473609924316,16.1875,16.1875,15.8125,16.1875,27800
2000-07-13,3.9030745029449463,16.0625,16.1875,15.9375,16.1875,35500
2000-07-14,3.9790093898773193,16.375,16.5625,16.0625,16.125,32600
2000-07-17,4.024569511413574,16.5625,16.8125,16.3125,16.5,29000
2000-07-18,3.994196891784668,16.4375,16.75,16.25,16.625,31500
2000-07-19,4.039756774902344,16.625,16.75,16.5,16.5,20100
2000-07-20,3.948634624481201,16.25,16.5,16.125,16.5,38300
2000-07-21,4.039756774902344,16.625,16.8125,16.3125,16.375,29700
2000-07-24,4.07013463973999,16.75,16.75,16.375,16.75,25900
2000-07-25,4.100505828857422,16.875,16.875,16.5,16.5,45400
2000-07-26,4.039756774902344,16.625,16.875,16.375,16.875,29100
2000-07-27,4.161253452301025,17.125,17.1875,16.6875,16.875,35800
2000-07-28,4.115694046020508,16.9375,17.25,16.6875,17.25,37900
2000-07-31,4.191627025604248,17.25,17.5,16.8125,16.8125,39200
2000-08-01,4.115694046020508,16.9375,17.25,16.9375,17.25,44700
2000-08-02,4.04023551940918,16.0625,16.25,16.0,16.25,32000
2000-08-03,4.0559539794921875,16.125,16.25,15.625,15.9375,35900
2000-08-04,4.071674823760986,16.1875,16.25,15.875,16.125,15600
2000-08-07,4.02451229095459,16.0,16.25,15.75,16.25,25400
2000-08-08,4.008790493011475,15.9375,16.0,15.875,15.9375,30600
2000-08-09,4.0559539794921875,16.125,16.1875,15.75,16.0625,25600
2000-08-10,4.0559539794921875,16.125,16.25,15.8125,16.25,47900
2000-08-11,4.071674823760986,16.1875,16.3125,16.0,16.1875,20100
2000-08-14,4.213161945343018,16.75,16.75,16.25,16.25,43100
2000-08-15,4.228883266448975,16.8125,17.125,16.6875,16.875,81700
2000-08-16,4.276045799255371,17.0,17.125,16.6875,16.875,32600
2000-08-17,4.213161945343018,16.75,17.1875,16.625,16.875,41100
2000-08-18,4.244603157043457,16.875,16.9375,16.6875,16.875,17400
2000-08-21,4.244603157043457,16.875,17.0625,16.625,17.0,18600
2000-08-22,4.197441101074219,16.6875,17.0625,16.5625,16.875,25200
2000-08-23,4.244603157043457,16.875,17.0625,16.625,17.0625,30800
2000-08-24,4.228883266448975,16.8125,16.9375,16.5625,16.9375,37800
2000-08-25,4.197441101074219,16.6875,16.8125,16.5625,16.75,21200
2000-08-28,4.244603157043457,16.875,16.875,16.5625,16.875,26100
2000-08-29,4.276045799255371,17.0,17.5,16.875,16.875,38900
2000-08-30,4.213161945343018,16.75,17.25,16.5625,17.125,33500
2000-08-31,4.307486057281494,17.125,17.3125,16.75,16.75,20900
2000-09-01,4.323205471038818,17.1875,17.5,17.0,17.125,36000
2000-09-05,4.370368957519531,17.375,17.5,17.0625,17.0625,19100
2000-09-06,4.401809215545654,17.5,17.5,17.0625,17.125,31100
2000-09-07,4.354648113250732,17.3125,17.5,17.0,17.5,24800
2000-09-08,4.386088848114014,17.4375,17.5,17.3125,17.3125,13300
2000-09-11,4.370368957519531,17.375,17.4375,17.0,17.1875,26800
2000-09-12,4.370368957519531,17.375,17.4375,17.1875,17.4375,21200
2000-09-13,4.370368957519531,17.375,17.5,17.1875,17.375,24200
2000-09-14,4.433252811431885,17.625,17.625,17.25,17.375,65800
2000-09-15,4.480416297912598,17.8125,17.875,17.5,17.625,38600
2000-09-18,4.511855125427246,17.9375,18.0,17.625,17.875,19500
2000-09-19,4.511855125427246,17.9375,17.9375,17.625,17.6875,24700
2000-09-20,4.480416297912598,17.8125,18.0,17.5,18.0,34000
2000-09-21,4.417532920837402,17.5625,17.9375,17.5,17.9375,19200
2000-09-22,4.401809215545654,17.5,17.75,17.1875,17.5,41200
2000-09-25,4.370368957519531,17.375,17.5,17.3125,17.375,23200
2000-09-26,4.433252811431885,17.625,17.625,17.3125,17.4375,26200
2000-09-27,4.386088848114014,17.4375,18.0,17.3125,17.75,37700
2000-09-28,4.464693546295166,17.75,17.9375,17.625,17.625,13900
2000-09-29,4.433252811431885,17.625,17.875,17.5,17.875,16100
2000-10-02,4.448973178863525,17.6875,18.0,17.625,17.625,12300
2000-10-03,4.433252811431885,17.625,18.0,17.625,17.75,23500
2000-10-04,4.386088848114014,17.4375,17.75,17.375,17.625,26500
2000-10-05,4.370368957519531,17.375,17.625,17.3125,17.375,22800
2000-10-06,4.480416297912598,17.8125,17.875,17.4375,17.625,31100
2000-10-09,4.433252811431885,17.625,17.9375,17.625,17.875,35400
2000-10-10,4.464693546295166,17.75,17.875,17.5625,17.75,14400
2000-10-11,4.417532920837402,17.5625,17.875,17.5,17.8125,40200
2000-10-12,4.386088848114014,17.4375,17.75,17.3125,17.625,33400
2000-10-13,4.338927268981934,17.25,17.5625,17.0625,17.5,47700
2000-10-16,4.417532920837402,17.5625,17.75,17.125,17.125,60200
2000-10-17,4.401809215545654,17.5,17.75,17.4375,17.5625,14700
2000-10-18,4.228883266448975,16.8125,17.5,16.625,17.25,50200
2000-10-19,4.244603157043457,16.875,17.375,16.6875,16.75,35900
2000-10-20,4.370368957519531,17.375,17.4375,16.8125,16.8125,22000
2000-10-23,4.244603157043457,16.875,17.5,16.6875,17.5,23400
2000-10-24,4.150278091430664,16.5,16.75,16.125,16.75,42000
2000-10-25,4.181718826293945,16.625,16.8125,16.5,16.5,42400
2000-10-26,4.150278091430664,16.5,16.625,16.5,16.5,316900
2000-10-27,4.181718826293945,16.625,16.75,16.5,16.75,73000
2000-10-30,4.181718826293945,16.625,16.6875,16.5,16.5,57600
2000-10-31,4.197441101074219,16.6875,16.75,16.5,16.6875,46300
2000-11-01,4.213161945343018,16.75,16.9375,16.625,16.75,81800
2000-11-02,4.213161945343018,16.75,16.9375,16.6875,16.75,39600
2000-11-03,4.213161945343018,16.75,16.9375,16.6875,16.9375,71600
2000-11-06,4.037341594696045,15.5,16.5,15.5,16.375,45900
2000-11-07,4.037341594696045,15.5,15.9375,15.5,15.5,34900
2000-11-08,4.102459907531738,15.75,16.0,15.5,15.5,26400
2000-11-09,4.265257358551025,16.375,16.375,15.875,15.875,33300
2000-11-10,4.297815322875977,16.5,16.625,16.3125,16.3125,43700
2000-11-13,4.16757869720459,16.0,16.6875,15.875,16.5625,47000
2000-11-14,4.314093112945557,16.5625,16.75,16.0,16.0,22600
2000-11-15,4.232696533203125,16.25,16.625,15.625,16.625,35300
2000-11-16,4.330374717712402,16.625,16.6875,16.375,16.375,22300
2000-11-17,4.346655368804932,16.6875,16.75,16.5,16.6875,32400
2000-11-20,4.265257358551025,16.375,16.875,16.125,16.75,42500
2000-11-21,4.281535625457764,16.4375,16.8125,16.0625,16.5,37900
2000-11-22,4.232696533203125,16.25,16.6875,16.0,16.4375,25300
2000-11-24,4.183859825134277,16.0625,16.4375,16.0,16.4375,7500
2000-11-27,4.1512980461120605,15.9375,16.125,15.875,16.0,18200
2000-11-28,4.16757869720459,16.0,16.5625,15.875,16.0625,28100
2000-11-29,4.21641731262207,16.1875,16.1875,15.75,16.125,21100
2000-11-30,4.135019302368164,15.875,16.125,15.625,16.0625,33200
2000-12-01,4.0699005126953125,15.625,16.125,15.625,15.875,16200
2000-12-04,4.21641731262207,16.1875,16.1875,15.5625,15.75,51600
2000-12-05,4.21641731262207,16.1875,16.1875,15.875,16.0,29200
2000-12-06,4.1512980461120605,15.9375,16.1875,15.75,16.1875,19600
2000-12-07,4.183859825134277,16.0625,16.1875,15.9375,16.0625,21900
2000-12-08,4.1512980461120605,15.9375,16.1875,15.75,16.0625,20200
2000-12-11,4.232696533203125,16.25,16.25,16.0,16.1875,23100
2000-12-12,4.314093112945557,16.5625,16.75,16.0625,16.25,25000
2000-12-13,4.0699005126953125,15.625,16.8125,15.625,16.75,44000
2000-12-14,4.297815322875977,16.5,16.75,15.625,15.625,58100
2000-12-15,4.314093112945557,16.5625,16.75,16.3125,16.625,24600
2000-12-18,4.330374717712402,16.625,16.8125,16.625,16.625,29100
2000-12-19,4.265257358551025,16.375,16.625,16.0,16.625,15400
2000-12-20,4.118741035461426,15.8125,16.4375,15.75,16.375,33900
2000-12-21,4.232696533203125,16.25,16.4375,15.8125,15.9375,28200
2000-12-22,4.232696533203125,16.25,16.625,15.75,16.375,44800
2000-12-26,4.525730133056641,17.375,17.4375,16.25,16.25,58400
2000-12-27,4.42805290222168,17.0,17.3125,16.75,17.125,29200
2000-12-28,4.362934112548828,16.75,16.9375,16.625,16.625,24700
2000-12-29,4.558287620544434,17.5,17.5,16.875,16.875,42300
2001-01-02,4.525730133056641,17.375,17.625,17.0625,17.5,25600
2001-01-03,4.558287620544434,17.5,18.0,17.3125,17.5,48300
2001-01-04,4.558287620544434,17.5,18.0,17.5,17.75,51400
2001-01-05,4.542009353637695,17.4375,17.625,16.625,17.625,33200
2001-01-08,4.476889610290527,17.1875,17.5625,16.4375,17.1875,41900
2001-01-09,4.411774635314941,16.9375,17.5625,16.8125,17.1875,62200
2001-01-10,4.493170738220215,17.25,17.375,16.6875,16.6875,46700
2001-01-11,4.5094499588012695,17.3125,17.6875,17.25,17.5,38400
2001-01-12,4.6559672355651855,17.875,17.9375,17.5625,17.5625,36500
2001-01-16,4.688526153564453,18.0,18.0,17.625,18.0,32600
2001-01-17,4.688526153564453,18.0,18.1875,17.75,18.0,35400
2001-01-18,4.493170738220215,17.25,18.5,17.125,18.1875,107100
2001-01-19,4.623407363891602,17.75,17.875,17.4375,17.5,37700
2001-01-22,4.590848922729492,17.625,18.25,17.625,18.125,80700
2001-01-23,4.623407363891602,17.75,17.8125,17.25,17.625,142100
2001-01-24,4.542009353637695,17.4375,17.875,17.375,17.8125,68600
2001-01-25,4.5094499588012695,17.3125,17.5,17.0625,17.25,380100
2001-01-26,4.623407363891602,17.75,17.875,17.3125,17.375,168300
2001-01-29,4.667686939239502,17.920000076293945,17.979999542236328,17.6299991607666,17.6299991607666,91600
2001-01-30,4.68071174621582,17.969999313354492,17.989999771118164,17.5,17.969999313354492,154300
2001-01-31,4.646849632263184,17.84000015258789,18.25,17.549999237060547,17.989999771118164,132700
2001-02-01,4.710099220275879,17.5,17.510000228881836,17.0,17.510000228881836,73800
2001-02-02,4.7477803230285645,17.639999389648438,17.649999618530273,17.299999237060547,17.610000610351562,65900
2001-02-05,4.7343244552612305,17.59000015258789,17.75,17.239999771118164,17.75,49300
2001-02-06,4.710099220275879,17.5,17.59000015258789,17.049999237060547,17.59000015258789,72900
2001-02-07,4.683185577392578,17.399999618530273,17.450000762939453,17.100000381469727,17.100000381469727,50500
2001-02-08,4.685876369476318,17.40999984741211,17.649999618530273,17.34000015258789,17.649999618530273,56900
2001-02-09,4.683185577392578,17.399999618530273,17.639999389648438,17.350000381469727,17.5,60300
2001-02-12,4.696643352508545,17.450000762939453,17.649999618530273,17.360000610351562,17.489999771118164,63800
2001-02-13,4.710099220275879,17.5,17.899999618530273,17.299999237060547,17.649999618530273,89800
2001-02-14,4.715480804443359,17.520000457763672,17.8799991607666,17.40999984741211,17.40999984741211,81400
2001-02-15,4.710099220275879,17.5,17.700000762939453,17.5,17.600000381469727,42400
2001-02-16,4.763932228088379,17.700000762939453,17.719999313354492,17.520000457763672,17.520000457763672,47700
2001-02-20,4.761237621307373,17.690000534057617,17.899999618530273,17.600000381469727,17.600000381469727,78100
2001-02-21,4.7666192054748535,17.709999084472656,17.850000381469727,17.600000381469727,17.799999237060547,46700
2001-02-22,4.710099220275879,17.5,17.75,16.200000762939453,17.600000381469727,122000
2001-02-23,4.710099220275879,17.5,17.690000534057617,17.149999618530273,17.399999618530273,60500
2001-02-26,4.825834274291992,17.93000030517578,17.93000030517578,17.299999237060547,17.700000762939453,52500
2001-02-27,4.804303169250488,17.850000381469727,17.989999771118164,17.700000762939453,17.93000030517578,46400
2001-02-28,4.882354259490967,18.139999389648438,18.229999542236328,17.75,17.799999237060547,89000
2001-03-01,4.841984272003174,17.989999771118164,18.100000381469727,17.75,18.100000381469727,41800
2001-03-02,4.804303169250488,17.850000381469727,18.049999237060547,17.799999237060547,18.040000915527344,49600
2001-03-05,4.855441570281982,18.040000915527344,18.149999618530273,17.739999771118164,18.100000381469727,46200
2001-03-06,4.820450782775879,17.90999984741211,18.0,17.850000381469727,17.899999618530273,29800
2001-03-07,4.841984272003174,17.989999771118164,18.389999389648438,17.950000762939453,18.0,60800
2001-03-08,4.871589183807373,18.100000381469727,18.280000686645508,17.75,18.010000228881836,53100
2001-03-09,4.831216335296631,17.950000762939453,18.260000228881836,17.920000076293945,18.200000762939453,43200
2001-03-12,4.89850378036499,18.200000762939453,18.5,17.799999237060547,18.049999237060547,62700
2001-03-13,4.858130931854248,18.049999237060547,18.25,18.0,18.200000762939453,50400
2001-03-14,4.8500566482543945,18.020000457763672,18.399999618530273,18.0,18.0,103300
2001-03-15,4.836599826812744,17.969999313354492,18.350000381469727,17.959999084472656,18.100000381469727,49600
2001-03-16,4.887738227844238,18.15999984741211,18.489999771118164,17.989999771118164,18.0,36200
2001-03-19,4.911961078643799,18.25,18.549999237060547,18.149999618530273,18.399999618530273,48700
2001-03-20,4.933492660522461,18.329999923706055,18.75,18.299999237060547,18.450000762939453,54100
2001-03-21,5.046535491943359,18.75,18.950000762939453,18.5,18.5,55700
2001-03-22,4.911961078643799,18.25,18.5,18.25,18.5,68900
2001-03-23,5.006162643432617,18.600000381469727,18.75,18.25,18.350000381469727,37900
2001-03-26,5.1138224601745605,19.0,19.0,18.25,18.649999618530273,51400
2001-03-27,5.033078193664551,18.700000762939453,19.0,18.100000381469727,19.0,94900
2001-03-28,4.89850378036499,18.200000762939453,18.899999618530273,18.0,18.889999389648438,48800
2001-03-29,5.073450088500977,18.850000381469727,19.0,18.229999542236328,18.299999237060547,60800
2001-03-30,5.033078193664551,18.700000762939453,18.950000762939453,18.420000076293945,18.850000381469727,45000
2001-04-02,5.059992790222168,18.799999237060547,18.989999771118164,18.530000686645508,18.790000915527344,60900
2001-04-03,5.033078193664551,18.700000762939453,18.950000762939453,18.399999618530273,18.75,76800
2001-04-04,5.1138224601745605,19.0,19.100000381469727,18.350000381469727,18.700000762939453,71700
2001-04-05,5.178417205810547,19.239999771118164,19.25,19.0,19.100000381469727,51400
2001-04-06,5.116514205932617,19.010000228881836,19.25,19.0,19.239999771118164,41800
2001-04-09,5.175726413726807,19.229999542236328,19.5,19.0,19.0,51900
2001-04-10,5.294153213500977,19.670000076293945,20.200000762939453,19.0,19.1299991607666,80300
2001-04-11,5.329141139984131,19.799999237060547,20.25,19.5,19.600000381469727,67000
2001-04-12,5.331835746765137,19.809999465942383,20.079999923706055,19.780000686645508,19.799999237060547,50200
2001-04-16,5.356053829193115,19.899999618530273,20.100000381469727,19.799999237060547,19.989999771118164,61100
2001-04-17,5.382970809936523,20.0,20.200000762939453,19.809999465942383,19.989999771118164,55800
2001-04-18,5.39642858505249,20.049999237060547,20.43000030517578,19.979999542236328,20.0,81700
2001-04-19,5.380278587341309,19.989999771118164,20.09000015258789,19.809999465942383,19.899999618530273,59500
2001-04-20,5.407194137573242,20.09000015258789,20.100000381469727,19.8700008392334,19.940000534057617,58400
2001-04-23,5.487940311431885,20.389999389648438,20.489999771118164,20.200000762939453,20.200000762939453,60300
2001-04-24,5.5175461769104,20.5,21.0,20.209999084472656,20.399999618530273,100900
2001-04-25,5.584833145141602,20.75,21.25,20.399999618530273,20.459999084472656,105800
2001-04-26,5.654812812805176,21.010000228881836,21.5,20.799999237060547,21.0,109300
2001-04-27,5.7732367515563965,21.450000762939453,21.600000381469727,21.25,21.399999618530273,85100
2001-04-30,5.7328667640686035,21.299999237060547,21.700000762939453,20.5,21.5,124300
2001-05-01,5.835139751434326,21.68000030517578,21.889999389648438,21.489999771118164,21.75,162600
2001-05-02,5.474332332611084,19.799999237060547,20.68000030517578,19.649999618530273,20.600000381469727,183500
2001-05-03,5.554511070251465,20.09000015258789,20.25,19.229999542236328,19.700000762939453,82500
2001-05-04,5.6706342697143555,20.510000228881836,20.600000381469727,20.149999618530273,20.149999618530273,64700
2001-05-07,5.64851713180542,20.43000030517578,20.700000762939453,20.350000381469727,20.510000228881836,78200
2001-05-08,5.5102763175964355,19.93000030517578,20.899999618530273,19.850000381469727,20.530000686645508,101200
2001-05-09,5.66510534286499,20.489999771118164,20.549999237060547,20.0,20.25,71800
2001-05-10,5.750811576843262,20.799999237060547,21.100000381469727,20.639999389648438,20.84000015258789,97000
2001-05-11,5.847580432891846,21.149999618530273,21.149999618530273,20.5,21.049999237060547,73600
2001-05-14,5.872466087341309,21.239999771118164,21.25,20.950000762939453,21.100000381469727,56000
2001-05-15,5.889054775238037,21.299999237060547,21.299999237060547,20.90999984741211,21.239999771118164,48500
2001-05-16,5.750811576843262,20.799999237060547,21.389999389648438,20.700000762939453,21.389999389648438,94300
2001-05-17,5.667871475219727,20.5,20.6200008392334,19.90999984741211,20.600000381469727,93200
2001-05-18,5.681694984436035,20.549999237060547,20.549999237060547,20.110000610351562,20.299999237060547,39800
2001-05-21,5.709342956542969,20.649999618530273,20.649999618530273,20.200000762939453,20.450000762939453,49100
2001-05-22,5.584926605224609,20.200000762939453,20.649999618530273,20.0,20.5,98500
2001-05-23,5.529628753662109,20.0,20.489999771118164,19.950000762939453,20.25,47500
2001-05-24,5.584926605224609,20.200000762939453,20.299999237060547,19.610000610351562,20.049999237060547,73600
2001-05-25,5.557278633117676,20.100000381469727,20.3799991607666,20.0,20.350000381469727,55900
2001-05-29,5.736989498138428,20.75,20.979999542236328,20.149999618530273,20.200000762939453,41400
2001-05-30,5.560042858123779,20.110000610351562,20.600000381469727,19.850000381469727,20.5,62000
2001-05-31,5.612575531005859,20.299999237060547,20.989999771118164,19.899999618530273,19.899999618530273,83200
2001-06-01,5.736989498138428,20.75,20.889999389648438,20.100000381469727,20.200000762939453,54700
2001-06-04,5.77846097946167,20.899999618530273,21.0,20.700000762939453,20.850000381469727,49200
2001-06-05,5.764636993408203,20.850000381469727,21.0,20.600000381469727,20.799999237060547,46300
2001-06-06,5.750811576843262,20.799999237060547,20.950000762939453,20.600000381469727,20.75,41300
2001-06-07,5.803347587585449,20.989999771118164,21.049999237060547,20.649999618530273,20.850000381469727,52700
2001-06-08,5.803347587585449,20.989999771118164,21.0,20.75,20.989999771118164,19000
2001-06-11,5.709342956542969,20.649999618530273,21.149999618530273,20.399999618530273,21.100000381469727,51300
2001-06-12,5.736989498138428,20.75,20.850000381469727,20.25,20.75,42200
2001-06-13,5.667871475219727,20.5,20.84000015258789,20.450000762939453,20.75,22300
2001-06-14,5.66510534286499,20.489999771118164,20.549999237060547,20.350000381469727,20.549999237060547,20700
2001-06-15,5.6706342697143555,20.510000228881836,20.700000762939453,20.309999465942383,20.399999618530273,30900
2001-06-18,5.736989498138428,20.75,20.75,20.299999237060547,20.5,30600
2001-06-19,5.6955180168151855,20.600000381469727,21.0,20.5,20.799999237060547,50400
2001-06-20,5.723164081573486,20.700000762939453,20.950000762939453,20.549999237060547,20.649999618530273,60300
2001-06-21,5.6955180168151855,20.600000381469727,20.899999618530273,20.5,20.799999237060547,27800
2001-06-22,5.77846097946167,20.899999618530273,21.0,20.600000381469727,20.600000381469727,32700
2001-06-25,5.709342956542969,20.649999618530273,21.049999237060547,20.649999618530273,20.989999771118164,36400
2001-06-26,5.77846097946167,20.899999618530273,20.989999771118164,20.5,20.75,38100
2001-06-27,5.792286396026611,20.950000762939453,21.0,20.549999237060547,20.989999771118164,33000
2001-06-28,5.736989498138428,20.75,21.049999237060547,20.649999618530273,20.950000762939453,32500
2001-06-29,5.764636993408203,20.850000381469727,20.899999618530273,20.399999618530273,20.75,37800
2001-07-02,5.77846097946167,20.899999618530273,21.0,20.850000381469727,20.989999771118164,26400
2001-07-03,5.764636993408203,20.850000381469727,21.200000762939453,20.760000228881836,20.950000762939453,23000
2001-07-05,5.803347587585449,20.989999771118164,20.989999771118164,20.799999237060547,20.809999465942383,28000
2001-07-06,5.77846097946167,20.899999618530273,21.0,20.860000610351562,21.0,19100
2001-07-09,5.792286396026611,20.950000762939453,20.989999771118164,20.809999465942383,20.950000762939453,27200
2001-07-10,5.855876445770264,21.18000030517578,21.200000762939453,20.920000076293945,20.989999771118164,86300
2001-07-11,5.833758354187012,21.100000381469727,21.299999237060547,21.059999465942383,21.200000762939453,65800
2001-07-12,5.77846097946167,20.899999618530273,21.100000381469727,20.799999237060547,21.010000228881836,49700
2001-07-13,5.833758354187012,21.100000381469727,21.299999237060547,20.950000762939453,20.950000762939453,34500
2001-07-16,5.808876037597656,21.010000228881836,21.34000015258789,20.75,21.010000228881836,54600
2001-07-17,5.806112289428711,21.0,21.5,20.709999084472656,20.989999771118164,59300
2001-07-18,5.78675651550293,20.93000030517578,21.239999771118164,20.860000610351562,21.049999237060547,33600
2001-07-19,5.7397541999816895,20.760000228881836,21.18000030517578,20.600000381469727,20.90999984741211,48100
2001-07-20,5.872466087341309,21.239999771118164,21.239999771118164,20.75,20.850000381469727,35400
2001-07-23,5.872466087341309,21.239999771118164,21.399999618530273,20.90999984741211,21.0,59200
2001-07-24,5.847580432891846,21.149999618530273,21.649999618530273,21.100000381469727,21.299999237060547,55700
2001-07-25,5.916705131530762,21.399999618530273,21.459999084472656,21.100000381469727,21.200000762939453,52700
2001-07-26,5.913939476013184,21.389999389648438,21.489999771118164,20.959999084472656,21.299999237060547,41800
2001-07-27,5.9305267333984375,21.450000762939453,21.68000030517578,21.399999618530273,21.489999771118164,23700
2001-07-30,5.640223503112793,20.399999618530273,21.549999237060547,20.399999618530273,21.549999237060547,80800
2001-07-31,5.9305267333984375,21.450000762939453,21.450000762939453,20.450000762939453,20.450000762939453,75100
2001-08-01,5.761872291564941,20.84000015258789,21.450000762939453,20.549999237060547,21.450000762939453,108800
2001-08-02,5.768980503082275,20.290000915527344,20.5,19.950000762939453,20.399999618530273,72900
2001-08-03,5.6836838722229,19.989999771118164,20.399999618530273,19.649999618530273,20.040000915527344,63200
2001-08-06,5.413573265075684,19.040000915527344,19.899999618530273,18.0,19.799999237060547,266000
2001-08-07,5.274253845214844,18.549999237060547,19.049999237060547,18.5,19.0,182200
2001-08-08,5.345335483551025,18.799999237060547,19.25,18.549999237060547,18.549999237060547,769300
2001-08-09,5.359553813934326,18.850000381469727,19.0,18.739999771118164,18.850000381469727,160700
2001-08-10,5.436318874359131,19.1200008392334,19.1299991607666,18.860000610351562,18.899999618530273,122200
2001-08-13,5.5329909324646,19.459999084472656,19.700000762939453,19.149999618530273,19.149999618530273,119200
2001-08-14,5.530150890350342,19.450000762939453,19.649999618530273,19.399999618530273,19.559999465942383,120600
2001-08-15,5.584169864654541,19.639999389648438,19.739999771118164,19.360000610351562,19.549999237060547,141200
2001-08-16,5.578481674194336,19.6200008392334,19.719999313354492,19.440000534057617,19.700000762939453,106100
2001-08-17,5.5557379722595215,19.540000915527344,19.729999542236328,19.350000381469727,19.559999465942383,92600
2001-08-20,5.527303695678711,19.440000534057617,19.559999465942383,19.299999237060547,19.309999465942383,71200
2001-08-21,5.615445613861084,19.75,20.0,19.40999984741211,19.5,128600
2001-08-22,5.598386287689209,19.690000534057617,19.899999618530273,19.5,19.75,103000
2001-08-23,5.646721363067627,19.860000610351562,19.940000534057617,19.5,19.59000015258789,126600
2001-08-24,5.675154209136963,19.959999084472656,20.299999237060547,19.809999465942383,19.950000762939453,113700
2001-08-27,5.734861373901367,20.170000076293945,20.200000762939453,19.899999618530273,19.93000030517578,103400
2001-08-28,5.71496057510376,20.100000381469727,20.190000534057617,19.950000762939453,20.190000534057617,85800
2001-08-29,5.797412395477295,20.389999389648438,20.399999618530273,20.149999618530273,20.18000030517578,112700
2001-08-30,5.7121148109436035,20.09000015258789,20.399999618530273,20.0,20.389999389648438,84300
2001-08-31,5.774667739868164,20.309999465942383,20.399999618530273,20.09000015258789,20.09000015258789,42300
2001-09-04,5.803101539611816,20.40999984741211,20.420000076293945,20.31999969482422,20.399999618530273,67400
2001-09-05,5.828691005706787,20.5,20.950000762939453,20.3799991607666,20.420000076293945,162700
2001-09-06,5.842906475067139,20.549999237060547,20.799999237060547,20.5,20.649999618530273,112300
2001-09-07,5.865652084350586,20.6299991607666,20.84000015258789,20.200000762939453,20.700000762939453,86600
2001-09-10,5.663780689239502,19.920000076293945,20.75,19.75,20.6299991607666,97400
2001-09-17,5.6438775062561035,19.850000381469727,20.200000762939453,19.700000762939453,19.920000076293945,108500
2001-09-18,5.842906475067139,20.549999237060547,20.90999984741211,20.100000381469727,20.100000381469727,106600
2001-09-19,5.453380107879639,19.18000030517578,20.399999618530273,19.0,20.350000381469727,156400
2001-09-20,4.97571325302124,17.5,18.950000762939453,16.100000381469727,18.850000381469727,318100
2001-09-21,5.407888412475586,19.020000457763672,19.299999237060547,17.0,17.600000381469727,180300
2001-09-24,5.575640678405762,19.610000610351562,20.0,19.049999237060547,19.950000762939453,195200
2001-09-25,5.5870137214660645,19.649999618530273,20.100000381469727,19.649999618530273,19.700000762939453,129700
2001-09-26,5.5699543952941895,19.59000015258789,19.950000762939453,19.399999618530273,19.850000381469727,47600
2001-09-27,5.655251502990723,19.889999389648438,19.940000534057617,19.40999984741211,19.5,58800
2001-09-28,5.686523914337158,20.0,20.0,19.75,19.940000534057617,67600
2001-10-01,5.768980503082275,20.290000915527344,20.3700008392334,20.0,20.100000381469727,64100
2001-10-02,5.746234893798828,20.209999084472656,20.5,20.010000228881836,20.149999618530273,72600
2001-10-03,5.902616024017334,20.760000228881836,20.799999237060547,20.200000762939453,20.309999465942383,85300
2001-10-04,5.848592281341553,20.56999969482422,21.0,20.399999618530273,20.84000015258789,112500
2001-10-05,5.842906475067139,20.549999237060547,20.899999618530273,20.450000762939453,20.5,90900
2001-10-08,5.814474582672119,20.450000762939453,20.790000915527344,20.350000381469727,20.549999237060547,61700
2001-10-09,5.8542799949646,20.59000015258789,20.799999237060547,20.450000762939453,20.5,61200
2001-10-10,5.888397216796875,20.709999084472656,20.950000762939453,20.549999237060547,20.75,59800
2001-10-11,5.882712364196777,20.690000534057617,21.0,20.530000686645508,20.709999084472656,77800
2001-10-12,5.96516752243042,20.979999542236328,21.0,20.799999237060547,20.799999237060547,50300
2001-10-15,5.970851898193359,21.0,21.0,20.809999465942383,20.899999618530273,63100
2001-10-16,5.956638813018799,20.950000762939453,21.200000762939453,20.899999618530273,21.0,61700
2001-10-17,5.936733245849609,20.8799991607666,21.0,20.75,20.979999542236328,97300
2001-10-18,5.913989543914795,20.799999237060547,21.049999237060547,20.5,20.81999969482422,91500
2001-10-19,5.913989543914795,20.799999237060547,21.15999984741211,20.5,20.899999618530273,47900
2001-10-22,5.962325572967529,20.969999313354492,21.049999237060547,20.799999237060547,20.899999618530273,80000
2001-10-23,5.968010425567627,20.989999771118164,21.149999618530273,20.75,20.950000762939453,72900
2001-10-24,5.871341228485107,20.649999618530273,21.100000381469727,20.489999771118164,21.049999237060547,86000
2001-10-25,5.97653865814209,21.020000457763672,21.190000534057617,20.399999618530273,20.850000381469727,77400
2001-10-26,5.970851898193359,21.0,21.5,20.75,21.190000534057617,84900
2001-10-29,6.084584712982178,21.399999618530273,21.649999618530273,21.200000762939453,21.200000762939453,89900
2001-10-30,6.04477596282959,21.260000228881836,21.700000762939453,21.260000228881836,21.399999618530273,62700
2001-10-31,6.115856647491455,21.510000228881836,21.68000030517578,21.25,21.510000228881836,57500
2001-11-01,6.0618133544921875,20.75,20.979999542236328,20.360000610351562,20.799999237060547,92200
2001-11-02,6.088106632232666,20.84000015258789,20.850000381469727,20.520000457763672,20.799999237060547,53600
2001-11-05,6.222488880157471,21.299999237060547,21.299999237060547,20.5,20.899999618530273,59800
2001-11-06,6.275073051452637,21.479999542236328,21.700000762939453,20.90999984741211,21.350000381469727,102800
2001-11-07,6.207881450653076,21.25,21.479999542236328,21.100000381469727,21.479999542236328,67200
2001-11-08,6.266308307647705,21.450000762939453,21.790000915527344,21.059999465942383,21.5,75900
2001-11-09,6.240015506744385,21.360000610351562,21.59000015258789,21.25,21.489999771118164,48100
2001-11-12,6.193276405334473,21.200000762939453,21.399999618530273,21.0,21.399999618530273,57000
2001-11-13,6.2312517166137695,21.329999923706055,21.350000381469727,21.100000381469727,21.100000381469727,89700
2001-11-14,6.234174728393555,21.34000015258789,21.40999984741211,21.100000381469727,21.40999984741211,58600
2001-11-15,6.155297756195068,21.06999969482422,21.31999969482422,20.989999771118164,21.31999969482422,105000
2001-11-16,6.172826766967773,21.1299991607666,21.280000686645508,20.5,21.0,86200
2001-11-19,6.277993202209473,21.489999771118164,21.5,21.139999389648438,21.270000457763672,87700
2001-11-20,6.269228935241699,21.459999084472656,21.600000381469727,21.25,21.489999771118164,77600
2001-11-21,6.251703262329102,21.399999618530273,21.600000381469727,21.209999084472656,21.209999084472656,62800
2001-11-23,6.3101301193237305,21.600000381469727,21.600000381469727,21.399999618530273,21.450000762939453,23600
2001-11-26,6.424060821533203,21.989999771118164,22.0,21.5,21.600000381469727,82100
2001-11-27,6.289680004119873,21.530000686645508,22.0,21.450000762939453,21.989999771118164,82500
2001-11-28,6.3101301193237305,21.600000381469727,21.700000762939453,21.149999618530273,21.5,70200
2001-11-29,6.324737071990967,21.649999618530273,21.790000915527344,21.5,21.5,49300
2001-11-30,6.368556022644043,21.799999237060547,21.850000381469727,21.350000381469727,21.75,45900
2001-12-03,6.295522689819336,21.549999237060547,21.799999237060547,21.5,21.649999618530273,47400
2001-12-04,6.152375221252441,21.059999465942383,21.790000915527344,21.040000915527344,21.700000762939453,83500
2001-12-05,6.120244026184082,20.950000762939453,21.5,20.65999984741211,21.059999465942383,103900
2001-12-06,5.901142120361328,20.200000762939453,20.6299991607666,19.600000381469727,20.5,141700
2001-12-07,6.088106632232666,20.84000015258789,20.84000015258789,20.049999237060547,20.049999237060547,67700
2001-12-10,6.055971622467041,20.729999542236328,20.889999389648438,20.549999237060547,20.8799991607666,52000
2001-12-11,5.9858598709106445,20.489999771118164,21.0,20.25,20.799999237060547,67200
2001-12-12,6.0618133544921875,20.75,20.940000534057617,20.200000762939453,20.399999618530273,71500
2001-12-13,5.901142120361328,20.200000762939453,20.700000762939453,19.799999237060547,20.700000762939453,116600
2001-12-14,5.8368706703186035,19.979999542236328,20.200000762939453,19.760000228881836,20.200000762939453,86700
2001-12-17,5.670353889465332,19.40999984741211,19.950000762939453,19.360000610351562,19.899999618530273,89600
2001-12-18,5.682039737701416,19.450000762939453,19.450000762939453,19.100000381469727,19.3700008392334,94100
2001-12-19,5.807656288146973,19.8799991607666,19.8799991607666,19.399999618530273,19.579999923706055,50200
2001-12-20,5.833949089050293,19.969999313354492,19.969999313354492,19.450000762939453,19.75,79300
2001-12-21,5.842711448669434,20.0,20.200000762939453,19.760000228881836,19.969999313354492,55800
2001-12-24,5.813499450683594,19.899999618530273,20.0,19.700000762939453,20.0,41400
2001-12-26,5.901142120361328,20.200000762939453,20.200000762939453,19.799999237060547,19.799999237060547,56600
2001-12-27,5.883612155914307,20.139999389648438,20.389999389648438,20.0,20.049999237060547,47700
2001-12-28,5.924509048461914,20.280000686645508,20.389999389648438,20.059999465942383,20.290000915527344,53200
2001-12-31,5.962488651275635,20.40999984741211,20.59000015258789,20.290000915527344,20.350000381469727,69000
2002-01-02,5.918667793273926,20.260000228881836,20.579999923706055,20.260000228881836,20.549999237060547,40100
2002-01-03,6.017996311187744,20.600000381469727,21.0,20.299999237060547,20.299999237060547,63500
2002-01-04,6.1056365966796875,20.899999618530273,21.200000762939453,20.850000381469727,20.850000381469727,57000
2002-01-07,6.164061069488525,21.100000381469727,21.649999618530273,20.899999618530273,21.649999618530273,173400
2002-01-08,6.21080207824707,21.260000228881836,21.299999237060547,20.950000762939453,21.110000610351562,136200
2002-01-09,6.222488880157471,21.299999237060547,21.440000534057617,21.200000762939453,21.399999618530273,79400
2002-01-10,6.280918121337891,21.5,21.5,21.25,21.260000228881836,61000
2002-01-11,6.266308307647705,21.450000762939453,21.649999618530273,21.350000381469727,21.350000381469727,68200
2002-01-14,6.237095355987549,21.350000381469727,21.639999389648438,21.25,21.639999389648438,115400
2002-01-15,6.275073051452637,21.479999542236328,21.489999771118164,21.270000457763672,21.350000381469727,56400
2002-01-16,6.193276405334473,21.200000762939453,21.489999771118164,21.200000762939453,21.489999771118164,70900
2002-01-17,6.263388156890869,21.440000534057617,21.469999313354492,21.200000762939453,21.299999237060547,42700
2002-01-18,6.289680004119873,21.530000686645508,21.649999618530273,21.299999237060547,21.299999237060547,72900
2002-01-22,6.020915508270264,20.610000610351562,21.639999389648438,20.600000381469727,21.530000686645508,124500
2002-01-23,5.822264194488525,19.93000030517578,21.200000762939453,19.600000381469727,20.709999084472656,231300
2002-01-24,5.930351734161377,20.299999237060547,20.350000381469727,19.6200008392334,20.0,95900
2002-01-25,5.930351734161377,20.299999237060547,20.450000762939453,19.899999618530273,20.450000762939453,78100
2002-01-28,5.795969009399414,19.84000015258789,20.100000381469727,19.649999618530273,20.100000381469727,109600
2002-01-29,5.696645736694336,19.5,19.889999389648438,19.459999084472656,19.75,99000
2002-01-30,5.696645736694336,19.5,19.549999237060547,17.5,19.0,323900
2002-01-31,5.901142120361328,20.200000762939453,20.389999389648438,19.200000762939453,19.5,127700
2002-02-01,5.9741740226745605,20.450000762939453,20.690000534057617,20.200000762939453,20.350000381469727,84900
2002-02-04,5.9157490730285645,20.25,20.979999542236328,20.25,20.700000762939453,81700
2002-02-05,5.85731840133667,20.049999237060547,20.479999542236328,20.049999237060547,20.229999542236328,88600
2002-02-06,5.959568500518799,20.399999618530273,20.549999237060547,19.829999923706055,20.5,105900
2002-02-07,5.816779136657715,19.350000381469727,19.850000381469727,19.0,19.0,119500
2002-02-08,5.858863830566406,19.489999771118164,19.540000915527344,19.350000381469727,19.450000762939453,66500
2002-02-11,5.747637748718262,19.1200008392334,19.700000762939453,18.700000762939453,19.649999618530273,97700
2002-02-12,5.666474342346191,18.850000381469727,19.25,18.600000381469727,19.100000381469727,108900
2002-02-13,5.741624355316162,19.100000381469727,19.239999771118164,18.5,18.5,119300
2002-02-14,5.6784987449646,18.889999389648438,19.25,18.75,19.239999771118164,57500
2002-02-15,5.6784987449646,18.889999389648438,19.100000381469727,18.549999237060547,19.049999237060547,63600
2002-02-19,5.603344440460205,18.639999389648438,18.950000762939453,18.520000457763672,18.940000534057617,73900
2002-02-20,5.483103275299072,18.239999771118164,18.649999618530273,17.549999237060547,18.600000381469727,136400
2002-02-21,5.392918586730957,17.940000534057617,18.25,17.700000762939453,18.25,118300
2002-02-22,5.471076488494873,18.200000762939453,18.299999237060547,17.5,17.700000762939453,150000
2002-02-25,5.422981262207031,18.040000915527344,18.200000762939453,17.100000381469727,18.200000762939453,158900
2002-02-26,5.398932933807373,17.959999084472656,18.049999237060547,17.5,17.950000762939453,145800
2002-02-27,5.52518892288208,18.3799991607666,18.549999237060547,17.950000762939453,17.950000762939453,90300
2002-02-28,5.576290130615234,18.549999237060547,18.790000915527344,18.25,18.6299991607666,88900
2002-03-01,5.540218830108643,18.43000030517578,18.950000762939453,18.43000030517578,18.649999618530273,63800
2002-03-04,5.597334384918213,18.6200008392334,18.799999237060547,18.399999618530273,18.399999618530273,55700
2002-03-05,5.56426477432251,18.510000228881836,18.84000015258789,18.510000228881836,18.700000762939453,53600
2002-03-06,5.636413097381592,18.75,18.940000534057617,18.350000381469727,18.5,65600
2002-03-07,5.681504249572754,18.899999618530273,19.0,18.799999237060547,18.899999618530273,58600
2002-03-08,5.636413097381592,18.75,19.049999237060547,18.5,18.649999618530273,92700
2002-03-11,5.768680095672607,19.190000534057617,19.290000915527344,18.510000228881836,19.100000381469727,109300
2002-03-12,5.7115631103515625,19.0,19.700000762939453,19.0,19.649999618530273,128000
2002-03-13,5.876898288726807,19.549999237060547,19.989999771118164,19.0,19.0,82100
2002-03-14,5.867883205413818,19.520000457763672,19.899999618530273,19.510000228881836,19.799999237060547,66000
2002-03-15,5.909963130950928,19.65999984741211,19.899999618530273,19.510000228881836,19.600000381469727,49400
2002-03-18,5.921991348266602,19.700000762939453,19.850000381469727,19.510000228881836,19.799999237060547,65000
2002-03-19,5.906958103179932,19.649999618530273,19.90999984741211,19.549999237060547,19.790000915527344,63900
2002-03-20,5.873894214630127,19.540000915527344,19.739999771118164,19.510000228881836,19.649999618530273,53300
2002-03-21,5.879904270172119,19.559999465942383,19.639999389648438,19.5,19.510000228881836,50300
2002-03-22,5.861870288848877,19.5,19.639999389648438,19.5,19.639999389648438,49200
2002-03-25,5.864874362945557,19.510000228881836,19.989999771118164,19.510000228881836,19.700000762939453,66500
2002-03-26,5.822792053222656,19.3700008392334,19.700000762939453,19.299999237060547,19.600000381469727,59800
2002-03-27,5.870885848999023,19.530000686645508,19.540000915527344,19.25,19.5,62400
2002-03-28,5.96708345413208,19.850000381469727,19.940000534057617,19.59000015258789,19.59000015258789,42700
2002-04-01,5.976099014282227,19.8799991607666,19.989999771118164,19.75,19.950000762939453,42700
2002-04-02,5.997145175933838,19.950000762939453,19.950000762939453,19.84000015258789,19.950000762939453,49700
2002-04-03,5.858863830566406,19.489999771118164,19.90999984741211,19.299999237060547,19.90999984741211,124500
2002-04-04,5.846838474273682,19.450000762939453,19.489999771118164,19.25,19.450000762939453,53700
2002-04-05,5.810765266418457,19.329999923706055,19.5,19.219999313354492,19.399999618530273,47600
2002-04-08,5.798741340637207,19.290000915527344,19.399999618530273,18.90999984741211,19.350000381469727,63300
2002-04-09,5.816779136657715,19.350000381469727,19.479999542236328,19.200000762939453,19.309999465942383,81600
2002-04-10,5.741624355316162,19.100000381469727,19.3799991607666,19.020000457763672,19.3799991607666,76200
2002-04-11,5.7115631103515625,19.0,19.239999771118164,18.899999618530273,19.18000030517578,68600
2002-04-12,5.591320514678955,18.600000381469727,19.0,18.25,19.0,116600
2002-04-15,5.651443004608154,18.799999237060547,19.100000381469727,18.5,18.600000381469727,70700
2002-04-16,5.759663105010986,19.15999984741211,19.15999984741211,18.75,18.850000381469727,72800
2002-04-17,5.702546119689941,18.969999313354492,19.18000030517578,18.899999618530273,18.950000762939453,79400
2002-04-18,5.669480800628662,18.860000610351562,19.100000381469727,18.850000381469727,19.0,57300
2002-04-19,5.705551624298096,18.979999542236328,19.0,18.75,18.950000762939453,57700
2002-04-22,5.726593017578125,19.049999237060547,19.049999237060547,18.809999465942383,18.979999542236328,65600
2002-04-23,5.681504249572754,18.899999618530273,19.100000381469727,18.700000762939453,19.100000381469727,59700
2002-04-24,5.621383190155029,18.700000762939453,19.100000381469727,18.700000762939453,19.049999237060547,90500
2002-04-25,5.705551624298096,18.979999542236328,19.100000381469727,18.770000457763672,18.899999618530273,65600
2002-04-26,5.735613822937012,19.079999923706055,19.100000381469727,18.450000762939453,18.8799991607666,84400
2002-04-29,5.738620281219482,19.09000015258789,19.450000762939453,18.90999984741211,19.0,83900
2002-04-30,5.789721965789795,19.260000228881836,19.5,18.899999618530273,19.0,124700
2002-05-01,5.906958103179932,19.649999618530273,19.850000381469727,19.260000228881836,19.260000228881836,81200
2002-05-02,6.035475254058838,19.489999771118164,19.600000381469727,19.25,19.31999969482422,109300
2002-05-03,6.023087501525879,19.450000762939453,19.649999618530273,19.299999237060547,19.5,66000
2002-05-06,6.038571357727051,19.5,19.850000381469727,19.31999969482422,19.399999618530273,65900
2002-05-07,5.97973108291626,19.309999465942383,19.5,19.200000762939453,19.5,67900
2002-05-08,5.961153030395508,19.25,19.5,19.030000686645508,19.3700008392334,81900
2002-05-09,6.007604598999023,19.399999618530273,19.489999771118164,19.049999237060547,19.299999237060547,44500
2002-05-10,5.945669174194336,19.200000762939453,19.489999771118164,19.100000381469727,19.420000076293945,49500
2002-05-13,5.936380863189697,19.170000076293945,19.479999542236328,19.09000015258789,19.350000381469727,51900
2002-05-14,6.007604598999023,19.399999618530273,19.899999618530273,19.15999984741211,19.170000076293945,88900
2002-05-15,6.038571357727051,19.5,19.770000457763672,19.299999237060547,19.299999237060547,66400
2002-05-16,6.038571357727051,19.5,19.899999618530273,19.5,19.75,65700
2002-05-17,6.069536209106445,19.600000381469727,19.84000015258789,19.5,19.649999618530273,44900
2002-05-20,6.0571489334106445,19.559999465942383,19.899999618530273,19.549999237060547,19.549999237060547,58200
2002-05-21,6.032377243041992,19.479999542236328,19.700000762939453,19.450000762939453,19.559999465942383,50900
2002-05-22,6.088112831115723,19.65999984741211,19.75,19.350000381469727,19.549999237060547,42800
2002-05-23,6.044765472412109,19.520000457763672,19.739999771118164,19.510000228881836,19.600000381469727,50200
2002-05-24,6.038571357727051,19.5,19.700000762939453,19.5,19.600000381469727,31700
2002-05-28,6.094308853149414,19.68000030517578,19.700000762939453,19.450000762939453,19.5,41000
2002-05-29,6.1005048751831055,19.700000762939453,19.75,19.5,19.739999771118164,45700
2002-05-30,6.050957202911377,19.540000915527344,19.75,19.5,19.700000762939453,31500
2002-05-31,6.094308853149414,19.68000030517578,19.84000015258789,19.6299991607666,19.649999618530273,79200
2002-06-03,5.868250846862793,18.950000762939453,19.600000381469727,18.799999237060547,19.600000381469727,97100
2002-06-04,5.899216651916504,19.049999237060547,19.399999618530273,18.760000228881836,18.760000228881836,96700
2002-06-05,5.902316093444824,19.059999465942383,19.200000762939453,19.0,19.049999237060547,344100
2002-06-06,5.908508777618408,19.079999923706055,19.200000762939453,19.049999237060547,19.100000381469727,79000
2002-06-07,5.8868327140808105,19.010000228881836,19.100000381469727,19.0,19.049999237060547,109500
2002-06-10,5.920895099639893,19.1200008392334,19.200000762939453,19.010000228881836,19.010000228881836,62600
2002-06-11,5.958056449890137,19.239999771118164,19.479999542236328,19.100000381469727,19.15999984741211,67200
2002-06-12,5.9983134269714355,19.3700008392334,19.5,19.15999984741211,19.5,57400
2002-06-13,5.927090167999268,19.139999389648438,19.389999389648438,19.06999969482422,19.299999237060547,55900
2002-06-14,5.945669174194336,19.200000762939453,19.25,19.0,19.25,43000
2002-06-17,5.954960823059082,19.229999542236328,19.399999618530273,19.200000762939453,19.350000381469727,53200
2002-06-18,5.951862335205078,19.219999313354492,19.399999618530273,19.200000762939453,19.200000762939453,48400
2002-06-19,5.942572116851807,19.190000534057617,19.399999618530273,19.149999618530273,19.219999313354492,54200
2002-06-20,5.995219707489014,19.360000610351562,19.450000762939453,19.110000610351562,19.299999237060547,59600
2002-06-21,6.004505634307861,19.389999389648438,19.459999084472656,19.149999618530273,19.149999618530273,63900
2002-06-24,5.964249134063721,19.260000228881836,19.479999542236328,19.170000076293945,19.479999542236328,54500
2002-06-25,5.942572116851807,19.190000534057617,19.450000762939453,18.25,19.450000762939453,131600
2002-06-26,5.849671840667725,18.889999389648438,19.059999465942383,18.600000381469727,19.059999465942383,68900
2002-06-27,5.821800708770752,18.799999237060547,19.100000381469727,18.5,19.049999237060547,53700
2002-06-28,5.691739559173584,18.3799991607666,18.600000381469727,18.299999237060547,18.549999237060547,61900
2002-07-01,5.512129783630371,17.799999237060547,18.299999237060547,17.0,18.25,210200
2002-07-02,5.4192304611206055,17.5,17.799999237060547,16.75,17.75,141000
2002-07-03,5.3418121337890625,17.25,17.450000762939453,16.799999237060547,17.299999237060547,82500
2002-07-05,5.46567964553833,17.649999618530273,17.739999771118164,17.25,17.25,33500
2002-07-08,5.6050310134887695,18.100000381469727,18.200000762939453,17.649999618530273,17.799999237060547,57100
2002-07-09,5.651483058929443,18.25,18.5,18.170000076293945,18.25,68700
2002-07-10,5.639096260070801,18.209999084472656,18.75,18.149999618530273,18.75,66500
2002-07-11,5.509035587310791,17.790000915527344,18.209999084472656,17.65999984741211,18.209999084472656,57100
2002-07-12,5.527615070343018,17.850000381469727,18.020000457763672,17.700000762939453,17.700000762939453,60200
2002-07-15,5.357296466827393,17.299999237060547,17.950000762939453,16.809999465942383,17.950000762939453,76100
2002-07-16,5.403745651245117,17.450000762939453,17.600000381469727,16.850000381469727,16.850000381469727,91600
2002-07-17,5.38826322555542,17.399999618530273,17.639999389648438,17.200000762939453,17.399999618530273,35200
2002-07-18,5.4192304611206055,17.5,18.0,17.399999618530273,17.399999618530273,31000
2002-07-19,5.40684175491333,17.459999084472656,17.700000762939453,17.280000686645508,17.5,65400
2002-07-22,5.233427047729492,16.899999618530273,17.350000381469727,16.68000030517578,17.25,96400
2002-07-23,4.59860372543335,14.850000381469727,16.780000686645508,13.899999618530273,16.68000030517578,433900
2002-07-24,5.171494483947754,16.700000762939453,16.799999237060547,13.399999618530273,14.5,258800
2002-07-25,5.2705864906311035,17.020000457763672,17.100000381469727,16.15999984741211,16.799999237060547,102000
2002-07-26,5.2427191734313965,16.93000030517578,17.139999389648438,16.799999237060547,17.100000381469727,49400
2002-07-29,5.524517059326172,17.84000015258789,17.8799991607666,16.549999237060547,16.93000030517578,85300
2002-07-30,5.5740647315979,18.0,18.200000762939453,17.68000030517578,18.0,51900
2002-07-31,5.614320278167725,18.1299991607666,18.25,17.799999237060547,17.899999618530273,58800
2002-08-01,5.5400004386901855,17.889999389648438,18.149999618530273,17.889999389648438,18.0,65200
2002-08-02,5.51832389831543,17.81999969482422,18.049999237060547,17.75,17.799999237060547,39500
2002-08-05,5.425424575805664,17.520000457763672,17.889999389648438,17.469999313354492,17.889999389648438,57800
2002-08-06,5.450196743011475,17.600000381469727,18.1200008392334,17.600000381469727,17.649999618530273,99600
2002-08-07,5.54463529586792,17.31999969482422,17.600000381469727,16.93000030517578,16.950000762939453,63400
2002-08-08,5.567046165466309,17.389999389648438,17.59000015258789,17.200000762939453,17.399999618530273,40700
2002-08-09,5.538233280181885,17.299999237060547,17.389999389648438,17.25,17.3700008392334,44200
2002-08-12,5.170083045959473,16.149999618530273,17.049999237060547,15.800000190734863,17.049999237060547,180200
2002-08-13,5.44219446182251,17.0,17.0,16.299999237060547,16.299999237060547,113600
2002-08-14,5.624667167663574,17.56999969482422,17.690000534057617,17.25,17.25,65500
2002-08-15,5.538233280181885,17.299999237060547,17.75,17.25,17.700000762939453,76700
2002-08-16,5.493412494659424,17.15999984741211,17.450000762939453,17.020000457763672,17.450000762939453,45400
2002-08-19,5.602259635925293,17.5,17.5,16.610000610351562,17.200000762939453,76400
2002-08-20,5.538233280181885,17.299999237060547,17.5,16.799999237060547,17.5,72000
2002-08-21,5.570243835449219,17.399999618530273,17.600000381469727,17.100000381469727,17.299999237060547,76100
2002-08-22,5.618265151977539,17.549999237060547,17.729999542236328,17.299999237060547,17.399999618530273,44400
2002-08-23,5.634271144866943,17.600000381469727,17.889999389648438,17.5,17.5,42100
2002-08-26,5.666285037994385,17.700000762939453,17.950000762939453,17.649999618530273,17.850000381469727,41800
2002-08-27,5.723907947540283,17.8799991607666,17.989999771118164,17.600000381469727,17.649999618530273,41300
2002-08-28,5.730307102203369,17.899999618530273,18.0,17.549999237060547,17.899999618530273,44400
2002-08-29,5.7367119789123535,17.920000076293945,18.190000534057617,17.920000076293945,17.950000762939453,29700
2002-08-30,5.813539981842041,18.15999984741211,18.15999984741211,17.969999313354492,17.969999313354492,19800
2002-09-03,5.730307102203369,17.899999618530273,18.200000762939453,17.799999237060547,18.0,36900
2002-09-04,5.807137966156006,18.139999389648438,18.149999618530273,17.549999237060547,17.799999237060547,49500
2002-09-05,5.749517440795898,17.959999084472656,18.239999771118164,17.600000381469727,18.139999389648438,50900
2002-09-06,5.842357158660889,18.25,18.25,17.850000381469727,18.059999465942383,23600
2002-09-09,5.794336795806885,18.100000381469727,18.239999771118164,17.899999618530273,18.149999618530273,31000
2002-09-10,5.890374660491943,18.399999618530273,18.399999618530273,17.850000381469727,18.0,46400
2002-09-11,5.896778106689453,18.420000076293945,18.5,18.350000381469727,18.479999542236328,23700
2002-09-12,5.858363628387451,18.299999237060547,18.5,18.200000762939453,18.420000076293945,40000
2002-09-13,5.85195779800415,18.280000686645508,18.479999542236328,18.0,18.479999542236328,50600
2002-09-16,5.85515832901001,18.290000915527344,18.399999618530273,18.18000030517578,18.399999618530273,29100
2002-09-17,5.6374711990356445,17.610000610351562,17.850000381469727,17.549999237060547,17.600000381469727,117300
2002-09-18,5.650277614593506,17.649999618530273,17.850000381469727,17.649999618530273,17.649999618530273,264500
2002-09-19,5.663083076477051,17.690000534057617,17.850000381469727,17.649999618530273,17.649999618530273,108100
2002-09-20,5.682288646697998,17.75,17.75,17.649999618530273,17.65999984741211,68800
2002-09-23,5.691895484924316,17.780000686645508,17.950000762939453,17.649999618530273,17.649999618530273,65900
2002-09-24,5.679089546203613,17.739999771118164,17.799999237060547,17.649999618530273,17.799999237060547,90100
2002-09-25,5.666285037994385,17.700000762939453,17.850000381469727,17.649999618530273,17.770000457763672,68000
2002-09-26,5.70789909362793,17.829999923706055,17.84000015258789,17.65999984741211,17.770000457763672,34700
2002-09-27,5.70789909362793,17.829999923706055,18.010000228881836,17.65999984741211,17.850000381469727,46000
2002-09-30,5.669484615325928,17.709999084472656,17.950000762939453,17.649999618530273,17.950000762939453,78100
2002-10-01,5.669484615325928,17.709999084472656,17.979999542236328,17.700000762939453,17.90999984741211,52800
2002-10-02,5.650277614593506,17.649999618530273,18.0,17.649999618530273,17.850000381469727,57600
2002-10-03,5.650277614593506,17.649999618530273,17.850000381469727,17.649999618530273,17.649999618530273,60800
2002-10-04,5.653478622436523,17.65999984741211,17.799999237060547,17.649999618530273,17.649999618530273,28200
2002-10-07,5.618265151977539,17.549999237060547,17.84000015258789,17.549999237060547,17.649999618530273,49500
2002-10-08,5.480607986450195,17.1200008392334,17.6299991607666,16.700000762939453,17.579999923706055,99000
2002-10-09,5.330148220062256,16.649999618530273,17.0,16.5,17.0,83700
2002-10-10,5.44219446182251,17.0,17.299999237060547,16.549999237060547,16.899999618530273,80400
2002-10-11,5.51262092590332,17.219999313354492,17.299999237060547,17.020000457763672,17.100000381469727,48900
2002-10-14,5.608660697937012,17.520000457763672,17.59000015258789,17.200000762939453,17.299999237060547,38800
2002-10-15,5.691895484924316,17.780000686645508,17.850000381469727,17.510000228881836,17.510000228881836,53700
2002-10-16,5.554239749908447,17.350000381469727,17.75,17.239999771118164,17.75,38400
2002-10-17,5.656678676605225,17.670000076293945,17.799999237060547,17.420000076293945,17.600000381469727,41100
2002-10-18,5.691895484924316,17.780000686645508,17.799999237060547,17.610000610351562,17.799999237060547,24800
2002-10-21,5.723907947540283,17.8799991607666,17.950000762939453,17.6299991607666,17.809999465942383,44900
2002-10-22,5.739913463592529,17.93000030517578,17.989999771118164,17.760000228881836,17.8799991607666,40700
2002-10-23,5.813539981842041,18.15999984741211,18.190000534057617,17.760000228881836,17.850000381469727,49400
2002-10-24,5.893575191497803,18.40999984741211,18.440000534057617,18.149999618530273,18.15999984741211,58700
2002-10-25,5.794336795806885,18.100000381469727,18.5,18.030000686645508,18.40999984741211,56600
2002-10-28,5.810341835021973,18.149999618530273,18.399999618530273,18.020000457763672,18.1299991607666,79600
2002-10-29,5.8263468742370605,18.200000762939453,18.399999618530273,18.020000457763672,18.200000762939453,48300
2002-10-30,5.8263468742370605,18.200000762939453,18.450000762939453,18.149999618530273,18.329999923706055,62600
2002-10-31,5.890374660491943,18.399999618530273,18.5,18.049999237060547,18.329999923706055,67300
2002-11-01,6.0024189949035645,18.75,18.75,18.450000762939453,18.5,57000
2002-11-04,5.973609924316406,18.65999984741211,18.850000381469727,18.520000457763672,18.799999237060547,85800
2002-11-05,6.021627902984619,18.809999465942383,18.959999084472656,18.5,18.65999984741211,67600
2002-11-06,5.993557453155518,18.149999618530273,18.3700008392334,17.940000534057617,18.229999542236328,52900
2002-11-07,5.924211502075195,17.940000534057617,18.309999465942383,17.75,18.25,40300
2002-11-08,5.821840286254883,17.6299991607666,17.899999618530273,17.559999465942383,17.690000534057617,44400
2002-11-11,5.828446388244629,17.649999618530273,17.799999237060547,17.6299991607666,17.649999618530273,44200
2002-11-12,5.854864597320557,17.729999542236328,17.899999618530273,17.610000610351562,17.6299991607666,80300
2002-11-13,5.841654300689697,17.690000534057617,17.950000762939453,17.600000381469727,17.799999237060547,55600
2002-11-14,5.818540096282959,17.6200008392334,17.899999618530273,17.5,17.889999389648438,49800
2002-11-15,5.884583473205566,17.81999969482422,17.940000534057617,17.5,17.670000076293945,46700
2002-11-18,5.835049629211426,17.670000076293945,17.950000762939453,17.520000457763672,17.899999618530273,35500
2002-11-19,5.838352680206299,17.68000030517578,17.899999618530273,17.670000076293945,17.670000076293945,42200
2002-11-20,5.821840286254883,17.6299991607666,17.899999618530273,17.6200008392334,17.899999618530273,40600
2002-11-21,5.868072032928467,17.770000457763672,17.8799991607666,17.68000030517578,17.729999542236328,42800
2002-11-22,5.901096343994141,17.8700008392334,17.8700008392334,17.719999313354492,17.770000457763672,62700
2002-11-25,5.864771842956543,17.760000228881836,17.90999984741211,17.719999313354492,17.8700008392334,63000
2002-11-26,5.8449578285217285,17.700000762939453,17.850000381469727,17.510000228881836,17.719999313354492,52300
2002-11-27,5.828446388244629,17.649999618530273,17.799999237060547,17.510000228881836,17.719999313354492,41000
2002-11-29,5.874678134918213,17.790000915527344,17.799999237060547,17.540000915527344,17.700000762939453,19700
2002-12-02,5.92751407623291,17.950000762939453,18.049999237060547,17.600000381469727,17.700000762939453,45400
2002-12-03,5.944023609161377,18.0,18.100000381469727,17.739999771118164,17.739999771118164,49300
2002-12-04,5.996857643127441,18.15999984741211,18.239999771118164,17.940000534057617,18.100000381469727,51200
2002-12-05,5.92751407623291,17.950000762939453,18.200000762939453,17.90999984741211,18.200000762939453,35400
2002-12-06,5.92751407623291,17.950000762939453,18.190000534057617,17.65999984741211,17.700000762939453,55200
2002-12-09,5.92751407623291,17.950000762939453,18.149999618530273,17.899999618530273,17.899999618530273,49100
2002-12-10,5.973745346069336,18.09000015258789,18.200000762939453,17.799999237060547,18.030000686645508,45300
2002-12-11,5.93742036819458,17.979999542236328,18.100000381469727,17.959999084472656,17.969999313354492,43300
2002-12-12,5.996857643127441,18.15999984741211,18.34000015258789,18.1299991607666,18.229999542236328,55900
2002-12-13,6.010067462921143,18.200000762939453,18.299999237060547,18.110000610351562,18.149999618530273,44700
2002-12-16,6.059601783752441,18.350000381469727,18.799999237060547,18.010000228881836,18.25,58200
2002-12-17,6.046393394470215,18.309999465942383,18.450000762939453,18.010000228881836,18.360000610351562,45800
2002-12-18,6.059601783752441,18.350000381469727,18.489999771118164,18.280000686645508,18.350000381469727,42900
2002-12-19,6.043092727661133,18.299999237060547,18.450000762939453,18.149999618530273,18.360000610351562,49700
2002-12-20,6.01997709274292,18.229999542236328,18.420000076293945,18.15999984741211,18.350000381469727,58900
2002-12-23,6.01997709274292,18.229999542236328,18.420000076293945,18.010000228881836,18.020000457763672,49600
2002-12-24,6.039787292480469,18.290000915527344,18.479999542236328,18.149999618530273,18.329999923706055,28800
2002-12-26,6.13555383682251,18.579999923706055,18.649999618530273,18.270000457763672,18.450000762939453,58700
2002-12-27,6.175181865692139,18.700000762939453,18.739999771118164,18.350000381469727,18.59000015258789,31500
2002-12-30,6.076113224029541,18.399999618530273,18.899999618530273,18.229999542236328,18.799999237060547,67400
2002-12-31,6.109138011932373,18.5,18.75,18.280000686645508,18.350000381469727,44000
2003-01-02,6.191692352294922,18.75,18.780000686645508,18.5,18.649999618530273,44200
2003-01-03,6.320480823516846,19.139999389648438,19.200000762939453,18.700000762939453,18.700000762939453,72700
2003-01-06,6.340292930603027,19.200000762939453,19.25,19.010000228881836,19.229999542236328,121900
2003-01-07,6.290756702423096,19.049999237060547,19.200000762939453,19.0,19.200000762939453,54500
2003-01-08,6.307272434234619,19.100000381469727,19.190000534057617,18.90999984741211,18.959999084472656,42100
2003-01-09,6.313873767852783,19.1200008392334,19.200000762939453,19.0,19.079999923706055,67800
2003-01-10,6.340292930603027,19.200000762939453,19.200000762939453,19.010000228881836,19.010000228881836,49000
2003-01-13,6.366710662841797,19.280000686645508,19.389999389648438,19.010000228881836,19.200000762939453,60800
2003-01-14,6.366710662841797,19.280000686645508,19.350000381469727,19.059999465942383,19.280000686645508,41900
2003-01-15,6.4327545166015625,19.479999542236328,19.5,19.200000762939453,19.3799991607666,66200
2003-01-16,6.485589027404785,19.639999389648438,19.75,19.459999084472656,19.479999542236328,111700
2003-01-17,6.538426876068115,19.799999237060547,19.989999771118164,19.600000381469727,19.739999771118164,71700
2003-01-21,6.667215347290039,20.190000534057617,20.399999618530273,19.81999969482422,20.0,124600
2003-01-22,6.620981693267822,20.049999237060547,20.34000015258789,20.049999237060547,20.299999237060547,149600
2003-01-23,6.677120208740234,20.219999313354492,20.299999237060547,20.020000457763672,20.149999618530273,136000
2003-01-24,6.667215347290039,20.190000534057617,20.25,20.100000381469727,20.100000381469727,88700
2003-01-27,6.647398948669434,20.1299991607666,20.25,19.959999084472656,20.219999313354492,93000
2003-01-28,6.680425643920898,20.229999542236328,20.34000015258789,20.079999923706055,20.200000762939453,81500
2003-01-29,6.677120208740234,20.219999313354492,20.299999237060547,20.059999465942383,20.219999313354492,101600
2003-01-30,6.7035369873046875,20.299999237060547,20.350000381469727,20.100000381469727,20.280000686645508,90400
2003-01-31,6.766279220581055,20.489999771118164,20.489999771118164,20.0,20.299999237060547,83500
2003-02-03,6.809208393096924,20.6200008392334,20.649999618530273,20.290000915527344,20.510000228881836,115500
2003-02-04,6.852138519287109,20.75,20.780000686645508,20.469999313354492,20.639999389648438,146800
2003-02-05,6.6670379638671875,19.6299991607666,20.049999237060547,19.56999969482422,19.600000381469727,133300
2003-02-06,6.510804653167725,19.170000076293945,19.600000381469727,18.799999237060547,19.600000381469727,129600
2003-02-07,6.470048904418945,19.049999237060547,19.239999771118164,18.850000381469727,19.110000610351562,67500
2003-02-10,6.419106960296631,18.899999618530273,19.0,18.5,19.0,136600
2003-02-11,6.6534528732299805,19.59000015258789,19.59000015258789,18.84000015258789,18.899999618530273,89600
2003-02-12,6.419106960296631,18.899999618530273,19.739999771118164,18.899999618530273,19.700000762939453,77100
2003-02-13,6.483634948730469,19.09000015258789,19.239999771118164,18.950000762939453,19.149999618530273,77300
2003-02-14,6.463255882263184,19.030000686645508,19.25,18.969999313354492,19.200000762939453,54600
2003-02-18,6.504014492034912,19.149999618530273,19.549999237060547,19.09000015258789,19.25,64700
2003-02-19,6.6670379638671875,19.6299991607666,19.639999389648438,19.110000610351562,19.110000610351562,49200
2003-02-20,6.57194185256958,19.350000381469727,19.68000030517578,19.209999084472656,19.600000381469727,53400
2003-02-21,6.588919162750244,19.399999618530273,19.520000457763672,19.049999237060547,19.309999465942383,58300
2003-02-24,6.57194185256958,19.350000381469727,19.450000762939453,19.100000381469727,19.440000534057617,76300
2003-02-25,6.554959297180176,19.299999237060547,19.34000015258789,19.010000228881836,19.25,76500
2003-02-26,6.520995140075684,19.200000762939453,19.25,19.079999923706055,19.200000762939453,47300
2003-02-27,6.422500133514404,18.90999984741211,19.239999771118164,18.799999237060547,19.239999771118164,68600
2003-02-28,6.517599105834961,19.190000534057617,19.239999771118164,19.010000228881836,19.030000686645508,75700
2003-03-03,6.599112033843994,19.43000030517578,19.549999237060547,19.170000076293945,19.239999771118164,78500
2003-03-04,6.588919162750244,19.399999618530273,19.479999542236328,19.25,19.350000381469727,54700
2003-03-05,6.636471271514893,19.540000915527344,19.65999984741211,19.40999984741211,19.5,54200
2003-03-06,6.650057315826416,19.579999923706055,19.729999542236328,19.520000457763672,19.639999389648438,48100
2003-03-07,6.6534528732299805,19.59000015258789,19.739999771118164,19.5,19.520000457763672,68300
2003-03-10,6.612699508666992,19.469999313354492,19.649999618530273,19.31999969482422,19.549999237060547,49300
2003-03-11,6.514204502105713,19.18000030517578,19.549999237060547,19.110000610351562,19.5,53200
2003-03-12,6.419106960296631,18.899999618530273,19.3799991607666,18.75,19.100000381469727,86800
2003-03-13,6.432690143585205,18.940000534057617,19.049999237060547,18.59000015258789,19.0,110500
2003-03-14,6.554959297180176,19.299999237060547,19.299999237060547,18.75,18.950000762939453,57600
2003-03-17,6.493823528289795,19.1200008392334,19.5,18.8799991607666,19.100000381469727,66200
2003-03-18,6.537973880767822,19.25,19.389999389648438,18.75,19.200000762939453,69500
2003-03-19,6.449670791625977,18.989999771118164,19.450000762939453,18.799999237060547,19.450000762939453,68500
2003-03-20,6.551563262939453,19.290000915527344,19.350000381469727,19.020000457763672,19.100000381469727,36700
2003-03-21,6.588919162750244,19.399999618530273,19.6200008392334,19.15999984741211,19.290000915527344,44400
2003-03-24,6.554959297180176,19.299999237060547,19.469999313354492,19.049999237060547,19.399999618530273,57000
2003-03-25,6.6534528732299805,19.59000015258789,19.59000015258789,19.270000457763672,19.3700008392334,54700
2003-03-26,6.510804653167725,19.170000076293945,19.6200008392334,19.100000381469727,19.479999542236328,73900
2003-03-27,6.6534528732299805,19.59000015258789,19.59000015258789,19.149999618530273,19.25,30100
2003-03-28,6.592316150665283,19.40999984741211,19.600000381469727,19.100000381469727,19.59000015258789,57800
2003-03-31,6.554959297180176,19.299999237060547,19.600000381469727,19.100000381469727,19.350000381469727,66400
2003-04-01,6.537973880767822,19.25,19.5,19.059999465942383,19.25,87700
2003-04-02,6.517599105834961,19.190000534057617,19.25,19.010000228881836,19.25,52100
2003-04-03,6.453068256378174,19.0,19.149999618530273,18.920000076293945,19.100000381469727,67300
2003-04-04,6.541372776031494,19.260000228881836,19.299999237060547,18.979999542236328,19.0,36900
2003-04-07,6.622885227203369,19.5,19.600000381469727,19.100000381469727,19.31999969482422,64500
2003-04-08,6.6670379638671875,19.6299991607666,19.649999618530273,19.360000610351562,19.5,68500
2003-04-09,6.660245895385742,19.610000610351562,19.709999084472656,19.399999618530273,19.6299991607666,67900
2003-04-10,6.677224636077881,19.65999984741211,19.770000457763672,19.5,19.559999465942383,44900
2003-04-11,6.721381664276123,19.790000915527344,19.90999984741211,19.600000381469727,19.90999984741211,52500
2003-04-14,6.772327423095703,19.940000534057617,19.969999313354492,19.6299991607666,19.940000534057617,61900
2003-04-15,6.765530586242676,19.920000076293945,20.0,19.850000381469727,19.979999542236328,60500
2003-04-16,6.789307594299316,19.989999771118164,20.0,19.809999465942383,19.979999542236328,50800
2003-04-17,6.802891254425049,20.030000686645508,20.030000686645508,19.940000534057617,20.0,48500
2003-04-21,6.819876194000244,20.079999923706055,20.239999771118164,20.049999237060547,20.079999923706055,56300
2003-04-22,6.894591331481934,20.299999237060547,20.3700008392334,20.079999923706055,20.079999923706055,63000
2003-04-23,6.928557872772217,20.399999618530273,20.399999618530273,20.049999237060547,20.3799991607666,74100
2003-04-24,6.864025592803955,20.209999084472656,20.440000534057617,20.149999618530273,20.440000534057617,54000
2003-04-25,6.94214391708374,20.440000534057617,20.5,20.350000381469727,20.350000381469727,65100
2003-04-28,6.945538520812988,20.450000762939453,20.5,20.389999389648438,20.479999542236328,79500
2003-04-29,7.037240982055664,20.719999313354492,20.75,20.469999313354492,20.5,83200
2003-04-30,7.125546455383301,20.979999542236328,21.0,20.719999313354492,20.719999313354492,211600
2003-05-01,7.186679363250732,21.15999984741211,21.200000762939453,20.979999542236328,21.0,185800
2003-05-02,7.152712821960449,21.059999465942383,21.309999465942383,20.979999542236328,21.15999984741211,152300
2003-05-05,7.193474292755127,21.18000030517578,21.489999771118164,21.100000381469727,21.100000381469727,132100
2003-05-06,7.288572788238525,21.459999084472656,21.5,21.25,21.25,118100
2003-05-07,7.237623691558838,21.309999465942383,21.5,21.219999313354492,21.479999542236328,118600
2003-05-08,7.302158832550049,21.5,21.5,21.219999313354492,21.299999237060547,165400
2003-05-09,7.310882568359375,20.950000762939453,21.299999237060547,20.860000610351562,21.100000381469727,197300
2003-05-12,7.317862510681152,20.969999313354492,21.239999771118164,20.75,20.799999237060547,170500
2003-05-13,7.206188678741455,20.649999618530273,20.93000030517578,20.520000457763672,20.93000030517578,102800
2003-05-14,7.363224506378174,21.100000381469727,21.149999618530273,20.479999542236328,20.600000381469727,115000
2003-05-15,7.349268436431885,21.059999465942383,21.239999771118164,20.81999969482422,21.239999771118164,70500
2003-05-16,7.3457770347595215,21.049999237060547,21.25,20.90999984741211,21.229999542236328,66800
2003-05-19,7.328327655792236,21.0,21.280000686645508,20.739999771118164,21.0,86600
2003-05-20,7.363224506378174,21.100000381469727,21.200000762939453,20.799999237060547,20.799999237060547,55800
2003-05-21,7.356245517730713,21.079999923706055,21.25,20.950000762939453,21.1299991607666,66800
2003-05-22,7.38765287399292,21.170000076293945,21.350000381469727,21.010000228881836,21.1200008392334,73600
2003-05-23,7.520261287689209,21.549999237060547,21.549999237060547,20.899999618530273,21.100000381469727,98500
2003-05-27,7.562135696411133,21.670000076293945,22.0,21.530000686645508,21.729999542236328,147600
2003-05-28,7.649378299713135,21.920000076293945,21.950000762939453,21.639999389648438,21.649999618530273,90000
2003-05-29,7.3353095054626465,21.020000457763672,21.940000534057617,21.010000228881836,21.889999389648438,99500
2003-05-30,7.572604179382324,21.700000762939453,21.950000762939453,21.0,21.0,117600
2003-06-02,7.569118499755859,21.690000534057617,21.950000762939453,21.399999618530273,21.450000762939453,74200
2003-06-03,7.649378299713135,21.920000076293945,21.989999771118164,21.40999984741211,21.5,86100
2003-06-04,7.645890235900879,21.90999984741211,22.0,21.739999771118164,21.950000762939453,81800
2003-06-05,7.572604179382324,21.700000762939453,22.0,21.59000015258789,21.899999618530273,85300
2003-06-06,7.649378299713135,21.920000076293945,22.190000534057617,21.709999084472656,21.780000686645508,108700
2003-06-09,7.680782794952393,22.010000228881836,22.219999313354492,21.950000762939453,21.979999542236328,75900
2003-06-10,7.764538288116455,22.25,22.34000015258789,21.90999984741211,22.100000381469727,101000
2003-06-11,7.820374965667725,22.40999984741211,22.6200008392334,22.280000686645508,22.399999618530273,80700
2003-06-12,7.841310501098633,22.469999313354492,22.8700008392334,22.399999618530273,22.65999984741211,99500
2003-06-13,7.851780414581299,22.5,22.649999618530273,22.40999984741211,22.479999542236328,67300
2003-06-16,7.900635242462158,22.639999389648438,22.850000381469727,22.450000762939453,22.5,97900
2003-06-17,7.952981948852539,22.790000915527344,22.790000915527344,22.5,22.6200008392334,78100
2003-06-18,7.558647155761719,21.65999984741211,22.850000381469727,21.40999984741211,22.649999618530273,297300
2003-06-19,7.293431282043457,20.899999618530273,21.670000076293945,20.200000762939453,21.670000076293945,255400
2003-06-20,7.373695373535156,21.1299991607666,21.149999618530273,20.84000015258789,20.899999618530273,142600
2003-06-23,7.534218788146973,21.59000015258789,21.799999237060547,21.170000076293945,21.3799991607666,98700
2003-06-24,7.398122310638428,21.200000762939453,21.549999237060547,21.1200008392334,21.540000915527344,56200
2003-06-25,7.474895000457764,21.420000076293945,21.479999542236328,21.0,21.450000762939453,84700
2003-06-26,7.597033500671387,21.770000457763672,21.899999618530273,21.5,21.799999237060547,62800
2003-06-27,7.624948978424072,21.850000381469727,21.979999542236328,21.770000457763672,21.770000457763672,54100
2003-06-30,7.666828155517578,21.969999313354492,22.0,21.600000381469727,21.8799991607666,48600
2003-07-01,7.666828155517578,21.969999313354492,22.1299991607666,21.860000610351562,21.989999771118164,60000
2003-07-02,7.74708890914917,22.200000762939453,22.450000762939453,22.0,22.0,72400
2003-07-03,7.8064141273498535,22.3700008392334,22.59000015258789,22.100000381469727,22.100000381469727,58300
2003-07-07,7.890169143676758,22.610000610351562,23.0,22.450000762939453,22.450000762939453,102800
2003-07-08,7.980899810791016,22.8700008392334,22.989999771118164,22.399999618530273,22.450000762939453,97800
2003-07-09,7.952981948852539,22.790000915527344,22.899999618530273,22.6299991607666,22.780000686645508,63500
2003-07-10,7.99834680557251,22.920000076293945,23.0,22.75,22.860000610351562,68200
2003-07-11,8.01579475402832,22.969999313354492,23.0,22.90999984741211,22.950000762939453,76900
2003-07-14,7.7366228103637695,22.170000076293945,23.440000534057617,21.700000762939453,23.399999618530273,282700
2003-07-15,7.537705898284912,21.600000381469727,22.200000762939453,21.450000762939453,22.15999984741211,197900
2003-07-16,7.41556978225708,21.25,21.299999237060547,20.760000228881836,21.270000457763672,223300
2003-07-17,7.5272417068481445,21.56999969482422,21.600000381469727,21.010000228881836,21.149999618530273,81000
2003-07-18,7.614482879638672,21.81999969482422,21.950000762939453,21.399999618530273,21.799999237060547,68600
2003-07-21,7.698234558105469,22.059999465942383,22.219999313354492,21.81999969482422,21.81999969482422,81600
2003-07-22,7.775007247924805,22.280000686645508,22.469999313354492,22.100000381469727,22.200000762939453,67200
2003-07-23,7.820374965667725,22.40999984741211,22.489999771118164,22.280000686645508,22.350000381469727,48600
2003-07-24,7.781988620758057,22.299999237060547,22.59000015258789,22.260000228881836,22.479999542236328,66000
2003-07-25,7.740111351013184,22.18000030517578,22.59000015258789,22.079999923706055,22.270000457763672,54400
2003-07-28,7.799435138702393,22.350000381469727,22.549999237060547,22.149999618530273,22.350000381469727,45700
2003-07-29,7.890169143676758,22.610000610351562,22.799999237060547,22.510000228881836,22.549999237060547,90300
2003-07-30,8.008818626403809,22.950000762939453,23.0,22.65999984741211,22.81999969482422,89200
2003-07-31,7.907610893249512,22.65999984741211,23.0,22.649999618530273,23.0,88600
2003-08-01,8.001836776733398,22.93000030517578,23.0,22.75,22.950000762939453,52200
2003-08-04,8.01579475402832,22.969999313354492,23.139999389648438,22.899999618530273,22.979999542236328,84300
2003-08-05,7.973917484283447,22.850000381469727,23.06999969482422,22.850000381469727,23.0,95100
2003-08-06,7.8168816566467285,22.399999618530273,22.799999237060547,21.850000381469727,22.649999618530273,163200
2003-08-07,7.729132652282715,21.579999923706055,21.700000762939453,21.389999389648438,21.549999237060547,103400
2003-08-08,7.8509111404418945,21.920000076293945,21.940000534057617,21.389999389648438,21.700000762939453,85600
2003-08-11,7.628849506378174,21.299999237060547,22.0,21.25,21.979999542236328,73400
2003-08-12,7.51065731048584,20.969999313354492,21.34000015258789,20.860000610351562,21.049999237060547,127900
2003-08-13,7.646757125854492,21.350000381469727,21.549999237060547,20.969999313354492,20.969999313354492,133300
2003-08-14,7.664663791656494,21.399999618530273,21.479999542236328,21.350000381469727,21.350000381469727,313000
2003-08-15,7.65391731262207,21.3700008392334,21.440000534057617,21.350000381469727,21.3700008392334,75600
2003-08-18,7.657499313354492,21.3799991607666,21.420000076293945,21.25,21.350000381469727,309000
2003-08-19,7.571542739868164,21.139999389648438,21.389999389648438,21.040000915527344,21.299999237060547,115800
2003-08-20,7.489164352416992,20.90999984741211,21.139999389648438,20.59000015258789,21.0,144400
2003-08-21,7.575124740600586,21.149999618530273,21.25,20.899999618530273,20.899999618530273,59200
2003-08-22,7.5787034034729,21.15999984741211,21.25,21.0,21.049999237060547,49000
2003-08-25,7.600194454193115,21.219999313354492,21.350000381469727,21.049999237060547,21.059999465942383,69200
2003-08-26,7.539309501647949,21.049999237060547,21.229999542236328,21.0,21.149999618530273,76100
2003-08-27,7.664663791656494,21.399999618530273,21.399999618530273,21.06999969482422,21.06999969482422,54800
2003-08-28,7.6610846519470215,21.389999389648438,21.43000030517578,21.219999313354492,21.309999465942383,53400
2003-08-29,7.646757125854492,21.350000381469727,21.479999542236328,21.299999237060547,21.450000762939453,36800
2003-09-02,7.68257474899292,21.450000762939453,21.450000762939453,21.049999237060547,21.25,109400
2003-09-03,7.657499313354492,21.3799991607666,21.579999923706055,21.100000381469727,21.350000381469727,115700
2003-09-04,7.596614360809326,21.209999084472656,21.440000534057617,21.09000015258789,21.299999237060547,65300
2003-09-05,7.6145195960998535,21.260000228881836,21.290000915527344,21.0,21.049999237060547,60800
2003-09-08,7.707642078399658,21.520000457763672,21.639999389648438,21.280000686645508,21.280000686645508,57100
2003-09-09,7.707642078399658,21.520000457763672,21.6299991607666,21.420000076293945,21.420000076293945,75400
2003-09-10,7.696898937225342,21.489999771118164,21.649999618530273,21.479999542236328,21.510000228881836,57600
2003-09-11,7.725554466247559,21.56999969482422,21.6299991607666,21.510000228881836,21.559999465942383,56200
2003-09-12,7.736294269561768,21.600000381469727,21.68000030517578,21.5,21.6299991607666,63700
2003-09-15,7.825838088989258,21.850000381469727,21.8799991607666,21.5,21.639999389648438,64300
2003-09-16,7.79002046585083,21.75,21.940000534057617,21.65999984741211,21.920000076293945,68100
2003-09-17,7.825838088989258,21.850000381469727,21.950000762939453,21.649999618530273,21.850000381469727,75100
2003-09-18,7.772110462188721,21.700000762939453,22.0,21.600000381469727,21.950000762939453,56600
2003-09-19,7.865235805511475,21.959999084472656,22.0,21.700000762939453,21.799999237060547,57800
2003-09-22,7.879561424255371,22.0,22.079999923706055,21.520000457763672,21.700000762939453,59500
2003-09-23,7.879561424255371,22.0,22.09000015258789,21.799999237060547,21.899999618530273,58100
2003-09-24,7.879561424255371,22.0,22.149999618530273,21.90999984741211,22.079999923706055,44800
2003-09-25,7.840163707733154,21.889999389648438,22.079999923706055,21.84000015258789,22.030000686645508,45800
2003-09-26,7.843743801116943,21.899999618530273,22.049999237060547,21.809999465942383,21.950000762939453,44000
2003-09-29,7.861654281616211,21.950000762939453,22.0,21.75,21.979999542236328,67900
2003-09-30,7.879561424255371,22.0,22.0,21.780000686645508,21.950000762939453,59100
2003-10-01,7.807930946350098,21.799999237060547,21.989999771118164,21.739999771118164,21.899999618530273,74900
2003-10-02,7.843743801116943,21.899999618530273,21.950000762939453,21.600000381469727,21.920000076293945,71300
2003-10-03,7.804348945617676,21.790000915527344,21.920000076293945,21.68000030517578,21.899999618530273,116800
2003-10-06,7.879561424255371,22.0,22.0,21.75,21.799999237060547,61500
2003-10-07,7.890305042266846,22.030000686645508,22.030000686645508,21.829999923706055,22.0,50600
2003-10-08,7.886727333068848,22.020000457763672,22.049999237060547,21.93000030517578,22.030000686645508,80400
2003-10-09,7.915379524230957,22.100000381469727,22.25,22.0,22.0,61300
2003-10-10,7.922540664672852,22.1200008392334,22.200000762939453,22.0,22.079999923706055,45200
2003-10-13,8.022826194763184,22.399999618530273,22.399999618530273,22.100000381469727,22.100000381469727,53800
2003-10-14,8.040736198425293,22.450000762939453,22.5,22.309999465942383,22.360000610351562,60600
2003-10-15,8.004921913146973,22.350000381469727,22.559999465942383,22.309999465942383,22.5,54500
2003-10-16,8.065807342529297,22.520000457763672,22.520000457763672,22.260000228881836,22.350000381469727,53000
2003-10-17,8.022826194763184,22.399999618530273,22.739999771118164,22.399999618530273,22.450000762939453,41100
2003-10-20,8.051478385925293,22.479999542236328,22.6200008392334,22.399999618530273,22.450000762939453,51200
2003-10-21,8.13027572631836,22.700000762939453,22.739999771118164,22.5,22.56999969482422,37500
2003-10-22,8.080131530761719,22.559999465942383,22.75,22.510000228881836,22.739999771118164,57000
2003-10-23,8.183999061584473,22.850000381469727,22.989999771118164,22.600000381469727,22.6299991607666,57000
2003-10-24,8.176836013793945,22.829999923706055,22.979999542236328,22.6299991607666,22.920000076293945,47000
2003-10-27,8.219818115234375,22.950000762939453,22.989999771118164,22.829999923706055,22.950000762939453,49300
2003-10-28,8.230560302734375,22.979999542236328,23.0,22.799999237060547,22.950000762939453,59400
2003-10-29,8.266376495361328,23.079999923706055,23.149999618530273,22.93000030517578,22.989999771118164,83600
2003-10-30,8.280702590942383,23.1200008392334,23.239999771118164,23.06999969482422,23.079999923706055,53300
2003-10-31,8.316518783569336,23.219999313354492,23.25,23.030000686645508,23.1200008392334,55400
2003-11-03,8.309358596801758,23.200000762939453,23.299999237060547,23.100000381469727,23.200000762939453,82600
2003-11-04,8.395313262939453,23.440000534057617,23.489999771118164,23.0,23.260000228881836,99600
2003-11-05,8.40247917175293,23.459999084472656,23.639999389648438,23.25,23.479999542236328,122300
2003-11-06,8.283150672912598,22.559999465942383,23.079999923706055,22.459999084472656,22.8700008392334,115800
2003-11-07,8.360254287719727,22.770000457763672,22.790000915527344,22.549999237060547,22.559999465942383,73800
2003-11-10,8.367597579956055,22.790000915527344,23.100000381469727,22.75,23.0,71000
2003-11-11,8.400641441345215,22.8799991607666,22.989999771118164,22.700000762939453,22.950000762939453,60500
2003-11-12,8.452047348022461,23.020000457763672,23.200000762939453,22.75,22.8799991607666,78300
2003-11-13,8.492433547973633,23.1299991607666,23.399999618530273,23.0,23.0,100100
2003-11-14,8.525479316711426,23.219999313354492,23.399999618530273,23.149999618530273,23.299999237060547,42000
2003-11-17,8.488760948181152,23.1200008392334,23.420000076293945,23.1200008392334,23.399999618530273,58400
2003-11-18,8.444705963134766,23.0,23.18000030517578,22.920000076293945,23.100000381469727,53600
2003-11-19,8.631958961486816,23.510000228881836,23.520000457763672,23.100000381469727,23.100000381469727,100100
2003-11-20,8.499774932861328,23.149999618530273,23.530000686645508,23.110000610351562,23.299999237060547,63500
2003-11-21,8.404314041137695,22.889999389648438,23.290000915527344,22.760000228881836,23.110000610351562,82100
2003-11-24,8.492433547973633,23.1299991607666,23.149999618530273,22.799999237060547,22.799999237060547,52200
2003-11-25,8.407986640930176,22.899999618530273,23.469999313354492,22.899999618530273,23.190000534057617,63100
2003-11-26,8.452047348022461,23.020000457763672,23.100000381469727,22.899999618530273,22.899999618530273,31700
2003-11-28,8.481420516967773,23.100000381469727,23.190000534057617,23.010000228881836,23.09000015258789,12600
2003-12-01,8.554845809936523,23.299999237060547,23.299999237060547,23.09000015258789,23.18000030517578,46100
2003-12-02,8.598913192749023,23.420000076293945,23.6299991607666,23.110000610351562,23.399999618530273,55500
2003-12-03,8.59156322479248,23.399999618530273,23.6299991607666,23.399999618530273,23.469999313354492,48600
2003-12-04,8.609925270080566,23.450000762939453,23.639999389648438,23.399999618530273,23.399999618530273,55800
2003-12-05,8.72741413116455,23.770000457763672,24.0,23.420000076293945,23.420000076293945,61800
2003-12-08,8.745774269104004,23.81999969482422,23.950000762939453,23.780000686645508,23.850000381469727,69100
2003-12-09,8.815530776977539,24.010000228881836,24.200000762939453,23.850000381469727,23.899999618530273,96200
2003-12-10,8.808189392089844,23.989999771118164,24.399999618530273,23.8700008392334,24.200000762939453,84400
2003-12-11,8.679681777954102,23.639999389648438,24.020000457763672,23.5,24.0,72300
2003-12-12,8.59156322479248,23.399999618530273,23.84000015258789,23.299999237060547,23.440000534057617,109900
2003-12-15,8.745774269104004,23.81999969482422,24.100000381469727,23.440000534057617,23.479999542236328,72000
2003-12-16,8.624608993530273,23.489999771118164,23.850000381469727,23.479999542236328,23.700000762939453,91500
2003-12-17,8.661327362060547,23.59000015258789,23.700000762939453,23.350000381469727,23.5,98000
2003-12-18,8.800844192504883,23.969999313354492,24.0,23.649999618530273,23.68000030517578,65800
2003-12-19,8.852250099182129,24.110000610351562,24.18000030517578,23.850000381469727,23.989999771118164,53800
2003-12-22,8.866936683654785,24.149999618530273,24.239999771118164,23.209999084472656,23.209999084472656,57200
2003-12-23,8.877949714660645,24.18000030517578,24.200000762939453,24.040000915527344,24.139999389648438,47500
2003-12-24,8.852250099182129,24.110000610351562,24.200000762939453,24.049999237060547,24.100000381469727,18600
2003-12-26,9.010127067565918,24.540000915527344,24.549999237060547,24.020000457763672,24.020000457763672,30700
2003-12-29,9.153321266174316,24.93000030517578,25.0,24.549999237060547,24.549999237060547,61200
2003-12-30,9.098247528076172,24.780000686645508,24.959999084472656,24.350000381469727,24.90999984741211,80700
2003-12-31,8.977087020874023,24.450000762939453,24.75,24.299999237060547,24.700000762939453,50400
2004-01-02,9.050520896911621,24.649999618530273,24.75,24.260000228881836,24.520000457763672,47400
2004-01-05,9.123946189880371,24.850000381469727,24.959999084472656,24.520000457763672,24.850000381469727,67400
2004-01-06,9.145979881286621,24.90999984741211,25.0,24.709999084472656,24.969999313354492,61200
2004-01-07,9.175353050231934,24.989999771118164,25.0,24.809999465942383,24.979999542236328,51000
2004-01-08,9.164334297180176,24.959999084472656,25.25,24.899999618530273,25.049999237060547,51600
2004-01-09,9.190042495727539,25.030000686645508,25.40999984741211,24.950000762939453,25.079999923706055,83600
2004-01-12,8.620943069458008,23.479999542236328,25.489999771118164,23.200000762939453,25.09000015258789,384800
2004-01-13,8.389626502990723,22.850000381469727,23.25,22.399999618530273,23.25,601800
2004-01-14,8.789833068847656,23.940000534057617,23.940000534057617,22.649999618530273,22.700000762939453,306900
2004-01-15,8.657655715942383,23.579999923706055,24.0,23.399999618530273,23.399999618530273,143000
2004-01-16,8.79350471496582,23.950000762939453,24.0,23.520000457763672,23.579999923706055,67700
2004-01-20,8.87060546875,24.15999984741211,24.25,23.829999923706055,24.0,76900
2004-01-21,8.899985313415527,24.239999771118164,24.399999618530273,24.110000610351562,24.229999542236328,109900
2004-01-22,8.962398529052734,24.40999984741211,24.540000915527344,24.200000762939453,24.209999084472656,82100
2004-01-23,9.127620697021484,24.860000610351562,24.860000610351562,24.440000534057617,24.479999542236328,89900
2004-01-26,9.134963989257812,24.8799991607666,25.0,24.850000381469727,24.8700008392334,104000
2004-01-27,9.153321266174316,24.93000030517578,25.149999618530273,24.8799991607666,24.950000762939453,88500
2004-01-28,9.164334297180176,24.959999084472656,25.100000381469727,24.90999984741211,24.979999542236328,67600
2004-01-29,9.109265327453613,24.809999465942383,25.280000686645508,24.18000030517578,25.059999465942383,126800
2004-01-30,9.083563804626465,24.739999771118164,24.799999237060547,24.510000228881836,24.799999237060547,86900
2004-02-02,9.1055908203125,24.799999237060547,24.979999542236328,24.549999237060547,24.700000762939453,120100
2004-02-03,9.134963989257812,24.8799991607666,24.989999771118164,24.700000762939453,24.719999313354492,298800
2004-02-04,9.142308235168457,24.899999618530273,25.040000915527344,24.850000381469727,24.969999313354492,155000
2004-02-05,9.095325469970703,24.200000762939453,24.5,24.1200008392334,24.25,135800
2004-02-06,9.091570854187012,24.190000534057617,24.209999084472656,23.6200008392334,24.15999984741211,132100
2004-02-09,9.185531616210938,24.440000534057617,24.440000534057617,24.020000457763672,24.229999542236328,77300
2004-02-10,9.20432186126709,24.489999771118164,24.489999771118164,24.100000381469727,24.440000534057617,96300
2004-02-11,9.241904258728027,24.59000015258789,24.59000015258789,24.350000381469727,24.489999771118164,58100
2004-02-12,9.283247947692871,24.700000762939453,24.790000915527344,24.530000686645508,24.649999618530273,73200
2004-02-13,9.245662689208984,24.600000381469727,24.729999542236328,24.600000381469727,24.719999313354492,60200
2004-02-17,9.298280715942383,24.739999771118164,24.780000686645508,24.600000381469727,24.68000030517578,82000
2004-02-18,9.339621543884277,24.850000381469727,24.850000381469727,24.75,24.75,82700
2004-02-19,9.30203628540039,24.75,24.920000076293945,24.700000762939453,24.8799991607666,85900
2004-02-20,9.317071914672852,24.790000915527344,24.889999389648438,24.700000762939453,24.84000015258789,74300
2004-02-23,9.294524192810059,24.729999542236328,24.790000915527344,24.450000762939453,24.790000915527344,77800
2004-02-24,9.294524192810059,24.729999542236328,24.790000915527344,24.5,24.770000457763672,81700
2004-02-25,9.332106590270996,24.829999923706055,24.850000381469727,24.530000686645508,24.75,60100
2004-02-26,9.36217212677002,24.90999984741211,24.90999984741211,24.610000610351562,24.770000457763672,98400
2004-02-27,9.343381881713867,24.860000610351562,24.989999771118164,24.809999465942383,24.940000534057617,58000
2004-03-01,9.35841178894043,24.899999618530273,25.010000228881836,24.809999465942383,24.850000381469727,87200
2004-03-02,9.392242431640625,24.989999771118164,25.0,24.889999389648438,24.889999389648438,54200
2004-03-03,9.46364688873291,25.18000030517578,25.200000762939453,24.90999984741211,25.0,62800
2004-03-04,9.456132888793945,25.15999984741211,25.229999542236328,25.010000228881836,25.1200008392334,61500
2004-03-05,9.546334266662598,25.399999618530273,25.440000534057617,25.079999923706055,25.110000610351562,78800
2004-03-08,9.523782730102539,25.34000015258789,25.40999984741211,25.100000381469727,25.25,80700
2004-03-09,9.497479438781738,25.270000457763672,25.43000030517578,25.1299991607666,25.43000030517578,65000
2004-03-10,9.501235961914062,25.280000686645508,25.40999984741211,25.049999237060547,25.049999237060547,74800
2004-03-11,9.414793014526367,25.049999237060547,25.200000762939453,24.610000610351562,25.100000381469727,123600
2004-03-12,9.516270637512207,25.31999969482422,25.3799991607666,25.0,25.020000457763672,64500
2004-03-15,9.557609558105469,25.43000030517578,25.530000686645508,25.290000915527344,25.399999618530273,85800
2004-03-16,9.595193862915039,25.530000686645508,25.600000381469727,25.350000381469727,25.43000030517578,64400
2004-03-17,9.595193862915039,25.530000686645508,25.790000915527344,25.459999084472656,25.530000686645508,55400
2004-03-18,9.617742538452148,25.59000015258789,25.729999542236328,25.270000457763672,25.350000381469727,57000
2004-03-19,9.58392333984375,25.5,25.600000381469727,25.3700008392334,25.399999618530273,76000
2004-03-22,9.508752822875977,25.299999237060547,25.489999771118164,25.209999084472656,25.3700008392334,41500
2004-03-23,9.516270637512207,25.31999969482422,25.40999984741211,25.25,25.25,73000
2004-03-24,9.380964279174805,24.959999084472656,25.31999969482422,24.90999984741211,25.31999969482422,63000
2004-03-25,9.3884859085083,24.979999542236328,25.049999237060547,24.850000381469727,25.0,51100
2004-03-26,9.414793014526367,25.049999237060547,25.049999237060547,24.799999237060547,25.0,62900
2004-03-29,9.482442855834961,25.229999542236328,25.290000915527344,24.90999984741211,24.950000762939453,53300
2004-03-30,9.576403617858887,25.479999542236328,25.5,25.270000457763672,25.329999923706055,54100
2004-03-31,9.58768081665039,25.510000228881836,25.600000381469727,25.329999923706055,25.399999618530273,75000
2004-04-01,9.595193862915039,25.530000686645508,25.600000381469727,25.389999389648438,25.600000381469727,52200
2004-04-02,9.565129280090332,25.450000762939453,25.6200008392334,25.200000762939453,25.549999237060547,58300
2004-04-05,9.516270637512207,25.31999969482422,25.440000534057617,25.200000762939453,25.25,62400
2004-04-06,9.482442855834961,25.229999542236328,25.3700008392334,25.020000457763672,25.299999237060547,63100
2004-04-07,9.414793014526367,25.049999237060547,25.200000762939453,24.989999771118164,25.1200008392334,72300
2004-04-08,9.444856643676758,25.1299991607666,25.209999084472656,25.0,25.100000381469727,65700
2004-04-12,9.39599895477295,25.0,25.299999237060547,24.940000534057617,25.1299991607666,103400
2004-04-13,9.260698318481445,24.639999389648438,25.100000381469727,24.559999465942383,25.010000228881836,92700
2004-04-14,8.275997161865234,22.020000457763672,24.600000381469727,21.559999465942383,24.56999969482422,1063600
2004-04-15,8.486466407775879,22.579999923706055,22.950000762939453,21.899999618530273,21.899999618530273,283900
2004-04-16,9.016404151916504,23.989999771118164,24.0,22.3799991607666,22.3799991607666,221500
2004-04-19,8.922441482543945,23.739999771118164,24.25,23.6200008392334,24.049999237060547,88900
2004-04-20,8.809691429138184,23.440000534057617,24.049999237060547,23.299999237060547,23.739999771118164,111400
2004-04-21,8.719490051269531,23.200000762939453,23.520000457763672,23.059999465942383,23.399999618530273,69900
2004-04-22,8.83599853515625,23.510000228881836,23.549999237060547,23.059999465942383,23.200000762939453,69200
2004-04-23,8.967543601989746,23.860000610351562,23.920000076293945,23.520000457763672,23.559999465942383,76200
2004-04-26,8.944993019104004,23.799999237060547,24.0,23.700000762939453,23.8700008392334,59700
2004-04-27,8.948749542236328,23.809999465942383,24.049999237060547,23.799999237060547,23.969999313354492,91500
2004-04-28,8.982575416564941,23.899999618530273,24.0,23.850000381469727,23.899999618530273,51200
2004-04-29,8.681902885437012,23.100000381469727,23.93000030517578,22.93000030517578,23.899999618530273,126500
2004-04-30,8.448878288269043,22.479999542236328,22.950000762939453,21.770000457763672,22.950000762939453,167200
2004-05-03,8.493985176086426,22.600000381469727,22.700000762939453,22.31999969482422,22.399999618530273,92700
2004-05-04,8.580429077148438,22.829999923706055,23.0,22.549999237060547,22.59000015258789,83600
2004-05-05,8.681902885437012,23.100000381469727,23.270000457763672,22.75,22.829999923706055,111100
2004-05-06,8.529657363891602,22.1299991607666,22.540000915527344,21.940000534057617,22.510000228881836,135500
2004-05-07,7.708683490753174,20.0,22.200000762939453,20.0,22.100000381469727,308500
2004-05-10,8.017029762268066,20.799999237060547,20.850000381469727,19.549999237060547,20.0,345100
2004-05-11,8.24443531036377,21.389999389648438,21.690000534057617,21.0,21.0,119500
2004-05-12,8.159643173217773,21.170000076293945,21.649999618530273,21.010000228881836,21.450000762939453,100400
2004-05-13,8.325377464294434,21.600000381469727,21.760000228881836,21.209999084472656,21.25,72400
2004-05-14,8.363919258117676,21.700000762939453,21.93000030517578,21.59000015258789,21.59000015258789,49000
2004-05-17,8.429445266723633,21.8700008392334,22.200000762939453,21.75,22.0,74200
2004-05-18,8.240581512451172,21.3799991607666,22.0,21.270000457763672,22.0,68700
2004-05-19,8.209747314453125,21.299999237060547,21.700000762939453,21.010000228881836,21.25,81100
2004-05-20,8.144221305847168,21.1299991607666,21.600000381469727,21.040000915527344,21.399999618530273,44700
2004-05-21,8.236727714538574,21.3700008392334,21.459999084472656,21.0,21.299999237060547,61200
2004-05-24,8.306103706359863,21.549999237060547,21.59000015258789,21.149999618530273,21.25,85100
2004-05-25,8.4024658203125,21.799999237060547,21.799999237060547,21.280000686645508,21.56999969482422,70200
2004-05-26,8.425590515136719,21.860000610351562,22.0,21.760000228881836,21.799999237060547,42200
2004-05-27,8.560489654541016,22.209999084472656,22.25,21.850000381469727,21.959999084472656,44200
2004-05-28,8.487259864807129,22.020000457763672,22.239999771118164,21.899999618530273,22.239999771118164,46900
2004-06-01,8.448716163635254,21.920000076293945,22.149999618530273,21.760000228881836,22.0,46300
2004-06-02,8.487259864807129,22.020000457763672,22.049999237060547,21.850000381469727,21.850000381469727,36300
2004-06-03,8.498820304870605,22.049999237060547,22.049999237060547,21.940000534057617,22.020000457763672,45200
2004-06-04,8.525800704956055,22.1200008392334,22.190000534057617,21.950000762939453,22.059999465942383,36400
2004-06-07,8.55663776397705,22.200000762939453,22.200000762939453,22.049999237060547,22.059999465942383,47800
2004-06-08,8.487259864807129,22.020000457763672,22.200000762939453,22.010000228881836,22.200000762939453,60300
2004-06-09,8.498820304870605,22.049999237060547,22.149999618530273,22.0,22.149999618530273,44900
2004-06-10,8.50653076171875,22.06999969482422,22.1200008392334,21.959999084472656,22.100000381469727,50700
2004-06-14,8.498820304870605,22.049999237060547,22.149999618530273,22.0,22.06999969482422,86200
2004-06-15,8.602887153625488,22.31999969482422,22.399999618530273,22.0,22.1200008392334,66400
2004-06-16,8.55663776397705,22.200000762939453,22.350000381469727,22.139999389648438,22.139999389648438,51700
2004-06-17,8.645288467407227,22.43000030517578,22.5,22.15999984741211,22.350000381469727,33700
2004-06-18,8.6876859664917,22.540000915527344,22.649999618530273,22.420000076293945,22.489999771118164,51500
2004-06-21,8.676125526428223,22.510000228881836,22.809999465942383,22.5,22.600000381469727,51900
2004-06-22,8.733940124511719,22.65999984741211,22.799999237060547,22.440000534057617,22.65999984741211,37600
2004-06-23,8.826445579528809,22.899999618530273,23.0,22.450000762939453,22.6200008392334,60800
2004-06-24,8.768627166748047,22.75,23.149999618530273,22.75,22.93000030517578,60800
2004-06-25,8.807168006896973,22.850000381469727,22.899999618530273,22.59000015258789,22.760000228881836,42300
2004-06-28,8.845714569091797,22.950000762939453,23.0,22.809999465942383,22.950000762939453,40800
2004-06-29,8.849564552307129,22.959999084472656,23.0,22.760000228881836,22.950000762939453,37600
2004-06-30,9.019160270690918,23.399999618530273,23.399999618530273,22.899999618530273,23.049999237060547,60700
2004-07-01,9.065408706665039,23.520000457763672,23.600000381469727,23.260000228881836,23.399999618530273,52300
2004-07-02,9.150206565856934,23.739999771118164,23.81999969482422,23.5,23.579999923706055,58700
2004-07-06,9.215731620788574,23.90999984741211,24.0,23.760000228881836,23.940000534057617,82400
2004-07-07,9.277400016784668,24.06999969482422,24.06999969482422,23.899999618530273,23.979999542236328,57900
2004-07-08,9.219588279724121,23.920000076293945,24.100000381469727,23.809999465942383,24.06999969482422,55000
2004-07-09,9.285110473632812,24.09000015258789,24.100000381469727,23.8700008392334,24.049999237060547,43000
2004-07-12,9.200310707092285,23.8700008392334,24.190000534057617,23.809999465942383,24.100000381469727,56800
2004-07-13,9.181038856506348,23.81999969482422,24.149999618530273,23.809999465942383,23.81999969482422,68800
2004-07-14,9.231144905090332,23.950000762939453,24.079999923706055,23.799999237060547,23.969999313354492,65000
2004-07-15,9.269692420959473,24.049999237060547,24.1200008392334,23.90999984741211,23.90999984741211,52100
2004-07-16,9.30052375793457,24.1299991607666,24.219999313354492,24.049999237060547,24.079999923706055,37900
2004-07-19,9.250418663024902,24.0,24.200000762939453,24.0,24.110000610351562,48600
2004-07-20,9.342924118041992,24.239999771118164,24.290000915527344,23.950000762939453,23.959999084472656,51900
2004-07-21,9.34677791595459,24.25,24.350000381469727,24.100000381469727,24.239999771118164,46700
2004-07-22,9.10395622253418,23.6200008392334,24.350000381469727,23.6200008392334,24.299999237060547,95500
2004-07-23,9.061556816101074,23.510000228881836,23.8700008392334,23.25,23.719999313354492,75100
2004-07-26,8.953631401062012,23.229999542236328,23.649999618530273,23.200000762939453,23.530000686645508,65100
2004-07-27,9.08468246459961,23.56999969482422,23.649999618530273,23.299999237060547,23.350000381469727,51700
2004-07-28,9.130935668945312,23.690000534057617,23.75,23.450000762939453,23.579999923706055,33500
2004-07-29,8.406319618225098,21.809999465942383,23.309999465942383,21.5,23.200000762939453,407000
2004-07-30,7.947653770446777,20.6200008392334,21.5,19.600000381469727,21.0,537600
2004-08-02,7.916815280914307,20.540000915527344,20.729999542236328,20.010000228881836,20.5,322600
2004-08-03,8.259854316711426,21.43000030517578,21.75,20.420000076293945,20.540000915527344,285400
2004-08-04,8.306103706359863,21.549999237060547,21.739999771118164,21.200000762939453,21.350000381469727,242100
2004-08-05,8.236806869506836,20.799999237060547,20.799999237060547,20.360000610351562,20.579999923706055,224100
2004-08-06,8.14968204498291,20.579999923706055,21.049999237060547,20.43000030517578,21.049999237060547,90600
2004-08-09,8.217005729675293,20.75,20.799999237060547,20.260000228881836,20.600000381469727,121700
2004-08-10,8.201165199279785,20.709999084472656,20.850000381469727,20.5,20.649999618530273,133900
2004-08-11,8.220965385437012,20.760000228881836,20.829999923706055,20.520000457763672,20.600000381469727,76200
2004-08-12,8.288285255432129,20.93000030517578,21.15999984741211,20.760000228881836,20.760000228881836,90000
2004-08-13,8.343727111816406,21.06999969482422,21.229999542236328,20.90999984741211,21.0,78300
2004-08-16,8.288285255432129,20.93000030517578,21.350000381469727,20.75,21.31999969482422,129700
2004-08-17,8.220965385437012,20.760000228881836,21.0,20.510000228881836,20.799999237060547,102800
2004-08-18,8.161565780639648,20.610000610351562,20.93000030517578,20.530000686645508,20.760000228881836,95600
2004-08-19,8.268486976623535,20.8799991607666,20.8799991607666,20.440000534057617,20.520000457763672,105700
2004-08-20,8.27244758605957,20.889999389648438,20.969999313354492,20.760000228881836,20.959999084472656,71800
2004-08-23,8.205123901367188,20.719999313354492,21.0,20.5,21.0,100100
2004-08-24,8.288285255432129,20.93000030517578,20.93000030517578,20.510000228881836,20.600000381469727,94100
2004-08-25,8.27244758605957,20.889999389648438,21.020000457763672,20.649999618530273,21.0,90000
2004-08-26,8.232847213745117,20.790000915527344,21.059999465942383,20.549999237060547,21.059999465942383,107800
2004-08-27,8.26452922821045,20.8700008392334,20.989999771118164,20.700000762939453,20.700000762939453,66600
2004-08-30,8.347687721252441,21.079999923706055,21.100000381469727,20.760000228881836,20.969999313354492,71500
2004-08-31,8.319962501525879,21.010000228881836,21.079999923706055,20.850000381469727,21.049999237060547,72000
2004-09-01,8.304126739501953,20.969999313354492,21.09000015258789,20.75,21.09000015258789,87200
2004-09-02,8.415007591247559,21.25,21.350000381469727,20.950000762939453,21.079999923706055,102000
2004-09-03,8.395208358764648,21.200000762939453,21.350000381469727,21.170000076293945,21.25,58900
2004-09-07,8.494205474853516,21.450000762939453,21.459999084472656,21.149999618530273,21.399999618530273,77100
2004-09-08,8.470442771911621,21.389999389648438,21.5,21.350000381469727,21.3700008392334,57300
2004-09-09,8.561528205871582,21.6200008392334,21.709999084472656,21.399999618530273,21.399999618530273,108300
2004-09-10,8.482325553894043,21.420000076293945,21.780000686645508,21.049999237060547,21.780000686645508,130500
2004-09-13,8.494205474853516,21.450000762939453,21.549999237060547,21.260000228881836,21.40999984741211,71600
2004-09-14,8.470442771911621,21.389999389648438,21.450000762939453,21.270000457763672,21.450000762939453,69500
2004-09-15,8.525885581970215,21.530000686645508,21.579999923706055,21.360000610351562,21.450000762939453,71800
2004-09-16,8.533805847167969,21.549999237060547,21.700000762939453,21.450000762939453,21.530000686645508,59900
2004-09-17,8.565485954284668,21.6299991607666,21.700000762939453,21.600000381469727,21.649999618530273,60000
2004-09-20,8.605086326599121,21.729999542236328,21.729999542236328,21.549999237060547,21.56999969482422,54200
2004-09-21,8.672408103942871,21.899999618530273,21.899999618530273,21.579999923706055,21.579999923706055,83600
2004-09-22,8.680323600769043,21.920000076293945,22.0,21.770000457763672,21.899999618530273,86300
2004-09-23,8.759526252746582,22.1200008392334,22.219999313354492,21.8700008392334,21.8700008392334,107300
2004-09-24,8.854565620422363,22.360000610351562,22.489999771118164,22.0,22.100000381469727,62900
2004-09-27,8.712007522583008,22.0,22.489999771118164,21.90999984741211,22.31999969482422,110300
2004-09-28,8.715965270996094,22.010000228881836,22.139999389648438,21.90999984741211,21.90999984741211,92100
2004-09-29,8.719925880432129,22.020000457763672,22.149999618530273,21.940000534057617,22.139999389648438,76600
2004-09-30,8.676365852355957,21.90999984741211,22.09000015258789,21.899999618530273,22.049999237060547,77100
2004-10-01,8.719925880432129,22.020000457763672,22.06999969482422,21.8700008392334,22.010000228881836,80300
2004-10-04,8.739726066589355,22.06999969482422,22.139999389648438,21.829999923706055,22.079999923706055,103600
2004-10-05,8.712007522583008,22.0,22.110000610351562,21.899999618530273,22.049999237060547,116100
2004-10-06,8.731801986694336,22.049999237060547,22.09000015258789,21.889999389648438,21.899999618530273,101900
2004-10-07,8.715965270996094,22.010000228881836,22.100000381469727,21.899999618530273,21.899999618530273,94000
2004-10-08,8.715965270996094,22.010000228881836,22.1299991607666,21.920000076293945,21.959999084472656,72500
2004-10-11,8.787245750427246,22.190000534057617,22.219999313354492,21.860000610351562,22.059999465942383,56100
2004-10-12,8.803086280822754,22.229999542236328,22.229999542236328,22.0,22.15999984741211,70400
2004-10-13,8.561528205871582,21.6200008392334,22.209999084472656,21.559999465942383,22.06999969482422,129100
2004-10-14,8.514007568359375,21.5,21.65999984741211,21.43000030517578,21.600000381469727,61800
2004-10-15,8.553604125976562,21.600000381469727,21.75,21.5,21.5,72700
2004-10-18,1.7107212543487549,4.320000171661377,18.700000762939453,2.559999942779541,18.700000762939453,12340900
2004-10-19,2.280961751937866,5.760000228881836,6.199999809265137,4.0,4.0,6184600
2004-10-20,2.098802089691162,5.300000190734863,6.099999904632568,4.78000020980835,6.0,3597400
2004-10-21,2.2611615657806396,5.710000038146973,5.769999980926514,5.159999847412109,5.28000020980835,1552800
2004-10-22,2.5462818145751953,6.429999828338623,6.46999979019165,5.679999828338623,5.679999828338623,2204000
2004-10-25,2.712602376937866,6.849999904632568,6.949999809265137,6.190000057220459,6.440000057220459,1734500
2004-10-26,2.7720022201538086,7.0,7.349999904632568,6.78000020980835,7.0,1466600
2004-10-27,2.673002004623413,6.75,7.0,6.090000152587891,7.0,1002300
2004-10-28,2.7759616374969482,7.010000228881836,7.150000095367432,6.760000228881836,6.760000228881836,1011000
2004-10-29,2.768040657043457,6.989999771118164,7.050000190734863,6.650000095367432,7.0,613300
2004-11-01,2.661120891571045,6.71999979019165,6.949999809265137,6.409999847412109,6.699999809265137,573900
2004-11-02,2.5660815238952637,6.480000019073486,6.630000114440918,6.150000095367432,6.619999885559082,660400
2004-11-03,2.395801544189453,6.050000190734863,6.5,5.599999904632568,6.380000114440918,804000
2004-11-04,2.5779621601104736,6.510000228881836,6.519999980926514,5.610000133514404,6.0,1233400
2004-11-05,2.7244815826416016,6.880000114440918,8.050000190734863,6.650000095367432,7.349999904632568,3576600
2004-11-08,2.7720022201538086,7.0,7.349999904632568,6.900000095367432,7.0,804900
2004-11-09,2.8036818504333496,7.079999923706055,7.210000038146973,6.949999809265137,6.960000038146973,651900
2004-11-10,2.851201295852661,7.199999809265137,7.489999771118164,7.059999942779541,7.179999828338623,900100
2004-11-11,2.815561532974243,7.110000133514404,7.25,7.0,7.099999904632568,312500
2004-11-12,2.8036818504333496,7.079999923706055,7.150000095367432,7.0,7.050000190734863,254400
2004-11-15,2.7720022201538086,7.0,7.099999904632568,6.949999809265137,7.0,389300
2004-11-16,2.7522010803222656,6.949999809265137,6.989999771118164,6.760000228881836,6.900000095367432,400500
2004-11-17,2.6452815532684326,6.679999828338623,7.050000190734863,6.650000095367432,6.769999980926514,438500
2004-11-18,2.3601622581481934,5.960000038146973,7.5,5.300000190734863,7.050000190734863,4402800
2004-11-19,2.0790016651153564,5.25,5.820000171661377,5.039999961853027,5.75,2667200
2004-11-22,2.197801113128662,5.550000190734863,5.739999771118164,5.0,5.050000190734863,882200
2004-11-23,2.273041248321533,5.739999771118164,5.96999979019165,5.610000133514404,5.610000133514404,825500
2004-11-24,2.3166019916534424,5.849999904632568,5.900000095367432,5.639999866485596,5.639999866485596,778300
2004-11-26,2.3760013580322266,6.0,6.150000095367432,5.900000095367432,6.0,539600
2004-11-29,2.352241277694702,5.940000057220459,6.099999904632568,5.71999979019165,5.900000095367432,679100
2004-11-30,2.3443217277526855,5.920000076293945,5.980000019073486,5.760000228881836,5.769999980926514,388300
2004-12-01,2.3403618335723877,5.909999847412109,6.050000190734863,5.829999923706055,5.869999885559082,413100
2004-12-02,2.2770016193389893,5.75,5.889999866485596,5.710000038146973,5.789999961853027,394400
2004-12-03,2.3166019916534424,5.849999904632568,5.849999904632568,5.610000133514404,5.619999885559082,247000
2004-12-06,2.3166019916534424,5.849999904632568,5.869999885559082,5.659999847412109,5.659999847412109,427300
2004-12-07,2.3364014625549316,5.900000095367432,5.900000095367432,5.730000019073486,5.760000228881836,589700
2004-12-08,2.332441568374634,5.889999866485596,5.989999771118164,5.769999980926514,5.989999771118164,387800
2004-12-09,2.2968027591705322,5.800000190734863,5.809999942779541,5.71999979019165,5.71999979019165,317200
2004-12-10,2.2888810634613037,5.78000020980835,5.809999942779541,5.71999979019165,5.71999979019165,307500
2004-12-13,2.3680825233459473,5.980000019073486,6.099999904632568,5.699999809265137,5.78000020980835,617000
2004-12-14,2.5027217864990234,6.320000171661377,6.78000020980835,5.860000133514404,5.900000095367432,1451300
2004-12-15,2.5779621601104736,6.510000228881836,6.550000190734863,6.150000095367432,6.380000114440918,781000
2004-12-16,2.673002004623413,6.75,7.050000190734863,6.5,6.5,2029200
2004-12-17,2.768040657043457,6.989999771118164,7.199999809265137,6.800000190734863,6.800000190734863,1474400
2004-12-20,2.9818811416625977,7.53000020980835,7.639999866485596,6.980000019073486,6.989999771118164,1442900
2004-12-21,3.0214834213256836,7.630000114440918,7.739999771118164,7.5,7.599999904632568,1113000
2004-12-22,2.9898030757904053,7.550000190734863,7.650000095367432,7.25,7.630000114440918,918700
2004-12-23,3.0254406929016113,7.639999866485596,7.699999809265137,7.550000190734863,7.550000190734863,354500
2004-12-27,3.001682758331299,7.579999923706055,7.690000057220459,7.5,7.550000190734863,452200
2004-12-28,2.9898030757904053,7.550000190734863,7.690000057220459,7.519999980926514,7.579999923706055,457600
2004-12-29,3.0373220443725586,7.670000076293945,7.690000057220459,7.449999809265137,7.449999809265137,354400
2004-12-30,2.997720956802368,7.570000171661377,7.650000095367432,7.550000190734863,7.599999904632568,265200
2004-12-31,2.950202226638794,7.449999809265137,7.510000228881836,7.400000095367432,7.5,400600
2005-01-03,2.859121799468994,7.21999979019165,7.619999885559082,7.050000190734863,7.449999809265137,481600
2005-01-04,2.7363626956939697,6.909999847412109,7.230000019073486,6.590000152587891,7.170000076293945,534600
2005-01-05,2.661120891571045,6.71999979019165,6.880000114440918,6.53000020980835,6.809999942779541,200000
2005-01-06,2.783881425857544,7.03000020980835,7.090000152587891,6.849999904632568,6.849999904632568,576300
2005-01-07,2.768040657043457,6.989999771118164,7.099999904632568,6.71999979019165,7.019999980926514,116100
2005-01-10,2.764082193374634,6.980000019073486,7.050000190734863,6.849999904632568,6.989999771118164,651600
2005-01-11,2.688840627670288,6.789999961853027,6.980000019073486,6.71999979019165,6.980000019073486,184900
2005-01-12,2.6056816577911377,6.579999923706055,6.800000190734863,6.5,6.789999961853027,373900
2005-01-13,2.6056816577911377,6.579999923706055,6.710000038146973,6.25,6.300000190734863,216700
2005-01-14,2.601722478866577,6.570000171661377,6.599999904632568,6.309999942779541,6.480000019073486,169100
2005-01-18,2.637362241744995,6.659999847412109,6.699999809265137,6.400000095367432,6.400000095367432,179200
2005-01-19,2.593801975250244,6.550000190734863,6.730000019073486,6.5,6.650000095367432,275300
2005-01-20,2.558162212371826,6.460000038146973,6.550000190734863,6.389999866485596,6.400000095367432,398900
2005-01-21,2.597761631011963,6.559999942779541,6.590000152587891,6.389999866485596,6.400000095367432,216700
2005-01-24,2.7086427211761475,6.840000152587891,6.989999771118164,6.539999961853027,6.559999942779541,396600
2005-01-25,2.6967623233795166,6.809999942779541,6.820000171661377,6.739999771118164,6.739999771118164,167400
2005-01-26,2.6848814487457275,6.78000020980835,6.849999904632568,6.650000095367432,6.800000190734863,166500
2005-01-27,2.7363626956939697,6.909999847412109,6.920000076293945,6.699999809265137,6.699999809265137,110600
2005-01-28,2.712602376937866,6.849999904632568,6.900000095367432,6.75,6.809999942779541,157500
2005-01-31,2.6928017139434814,6.800000190734863,6.949999809265137,6.699999809265137,6.860000133514404,234600
2005-02-01,2.669041156768799,6.739999771118164,6.849999904632568,6.699999809265137,6.809999942779541,408700
2005-02-02,2.6928017139434814,6.800000190734863,6.869999885559082,6.610000133514404,6.699999809265137,197700
2005-02-03,2.688840627670288,6.789999961853027,6.860000133514404,6.739999771118164,6.75,184500
2005-02-04,2.6848814487457275,6.78000020980835,6.800000190734863,6.699999809265137,6.75,282400
2005-02-07,2.716561794281006,6.860000133514404,6.929999828338623,6.710000038146973,6.710000038146973,124800
2005-02-08,2.712602376937866,6.849999904632568,6.929999828338623,6.75,6.800000190734863,247400
2005-02-09,1.7622004747390747,4.449999809265137,6.699999809265137,3.6600000858306885,6.699999809265137,5742400
2005-02-10,1.5048009157180786,3.799999952316284,4.599999904632568,3.7799999713897705,4.449999809265137,2377500
2005-02-11,1.3899608850479126,3.509999990463257,3.880000114440918,3.5,3.799999952316284,1752500
2005-02-14,1.4612414836883545,3.690000057220459,3.8499999046325684,3.509999990463257,3.509999990463257,2132800
2005-02-15,1.5166808366775513,3.8299999237060547,4.099999904632568,3.75,3.75,913700
2005-02-16,1.5562812089920044,3.930000066757202,4.0,3.8299999237060547,3.880000114440918,402800
2005-02-17,1.5127203464508057,3.819999933242798,4.090000152587891,3.7899999618530273,4.0,322000
2005-02-18,1.4850009679794312,3.75,3.940000057220459,3.700000047683716,3.8499999046325684,176600
2005-02-22,1.457281231880188,3.680000066757202,3.8399999141693115,3.5399999618530273,3.740000009536743,505000
2005-02-23,1.413720726966858,3.569999933242798,3.7799999713897705,3.5,3.7799999713897705,189500
2005-02-24,1.3503612279891968,3.4100000858306885,3.630000114440918,3.359999895095825,3.5299999713897705,305200
2005-02-25,1.3662009239196777,3.450000047683716,3.5,3.359999895095825,3.430000066757202,193000
2005-02-28,1.3147209882736206,3.319999933242798,3.4000000953674316,3.049999952316284,3.359999895095825,373400
2005-03-01,1.374120831489563,3.4700000286102295,3.4700000286102295,3.109999895095825,3.109999895095825,205700
2005-03-02,1.4058005809783936,3.549999952316284,3.630000114440918,3.490000009536743,3.5,544900
2005-03-03,1.449360966682434,3.6600000858306885,3.8499999046325684,3.509999990463257,3.549999952316284,389500
2005-03-04,1.5048009157180786,3.799999952316284,3.8299999237060547,3.640000104904175,3.799999952316284,534300
2005-03-07,1.4929202795028687,3.7699999809265137,3.8499999046325684,3.6500000953674316,3.7699999809265137,213400
2005-03-08,1.599840760231018,4.039999961853027,4.309999942779541,3.880000114440918,4.010000228881836,1824800
2005-03-09,1.5483614206314087,3.9100000858306885,4.099999904632568,3.7799999713897705,4.099999904632568,605900
2005-03-10,1.4533212184906006,3.6700000762939453,3.940000057220459,3.609999895095825,3.9100000858306885,303000
2005-03-11,1.4731206893920898,3.7200000286102295,3.75,3.4800000190734863,3.619999885559082,301900
2005-03-14,1.4770814180374146,3.7300000190734863,3.759999990463257,3.5999999046325684,3.700000047683716,147200
2005-03-15,1.4850009679794312,3.75,3.7899999618530273,3.5999999046325684,3.6600000858306885,114500
2005-03-16,1.4414411783218384,3.640000104904175,3.690000057220459,3.5999999046325684,3.630000114440918,78900
2005-03-17,1.4256006479263306,3.5999999046325684,3.6700000762939453,3.5399999618530273,3.5999999046325684,65300
2005-03-18,1.4058005809783936,3.549999952316284,3.609999895095825,3.5,3.549999952316284,76700
2005-03-21,1.382041096687317,3.490000009536743,3.700000047683716,3.4800000190734863,3.5,79500
2005-03-22,1.3543213605880737,3.4200000762939453,3.5199999809265137,3.25,3.450000047683716,151400
2005-03-23,1.3068015575408936,3.299999952316284,3.4600000381469727,3.2300000190734863,3.380000114440918,118500
2005-03-24,1.3662009239196777,3.450000047683716,3.509999990463257,3.25,3.25,143700
2005-03-28,1.358280897140503,3.430000066757202,3.549999952316284,3.3399999141693115,3.3499999046325684,74200
2005-03-29,1.2711615562438965,3.2100000381469727,3.390000104904175,3.1500000953674316,3.380000114440918,48900
2005-03-30,1.2315608263015747,3.109999895095825,3.3499999046325684,3.069999933242798,3.109999895095825,108900
2005-03-31,1.2632406949996948,3.190000057220459,3.240000009536743,3.0999999046325684,3.0999999046325684,149400
2005-04-01,1.2672008275985718,3.200000047683716,3.299999952316284,3.1700000762939453,3.200000047683716,167700
2005-04-04,1.2276004552841187,3.0999999046325684,3.200000047683716,3.069999933242798,3.200000047683716,110800
2005-04-05,1.279081106185913,3.2300000190734863,3.2799999713897705,2.9000000953674316,3.0999999046325684,186900
2005-04-06,1.2870004177093506,3.25,3.309999942779541,3.1500000953674316,3.2799999713897705,149300
2005-04-07,1.2672008275985718,3.200000047683716,3.299999952316284,3.1700000762939453,3.299999952316284,213000
2005-04-08,1.2474009990692139,3.1500000953674316,3.2300000190734863,3.0199999809265137,3.1700000762939453,134800
2005-04-11,1.2434405088424683,3.140000104904175,3.1500000953674316,3.049999952316284,3.0999999046325684,69300
2005-04-12,1.2117608785629272,3.059999942779541,3.1500000953674316,3.0399999618530273,3.1500000953674316,71100
2005-04-13,1.1682007312774658,2.950000047683716,3.119999885559082,2.9000000953674316,3.059999942779541,68500
2005-04-14,1.1880006790161133,3.0,3.0399999618530273,2.7699999809265137,2.950000047683716,123400
2005-04-15,1.1484013795852661,2.9000000953674316,3.0399999618530273,2.9000000953674316,2.9000000953674316,98600
2005-04-18,1.089000940322876,2.75,2.950000047683716,2.75,2.9000000953674316,83700
2005-04-19,1.049401044845581,2.6500000953674316,2.799999952316284,2.609999895095825,2.75,196300
2005-04-20,0.8989205956459045,2.2699999809265137,2.6500000953674316,2.200000047683716,2.5999999046325684,604400
2005-04-21,0.9108006954193115,2.299999952316284,2.430000066757202,2.2899999618530273,2.299999952316284,411300
2005-04-22,0.8712005615234375,2.200000047683716,2.359999895095825,2.200000047683716,2.309999942779541,232200
2005-04-25,0.8553606271743774,2.1600000858306885,2.200000047683716,1.899999976158142,2.180000066757202,333600
2005-04-26,0.7920005917549133,2.0,2.119999885559082,2.0,2.119999885559082,150500
2005-04-27,0.7920005917549133,2.0,2.049999952316284,1.840000033378601,1.9800000190734863,221900
2005-04-28,0.7682405710220337,1.940000057220459,2.0,1.7999999523162842,2.0,157700
2005-04-29,0.811800479888916,2.049999952316284,2.049999952316284,1.840000033378601,1.909999966621399,121200
2005-05-02,0.9108006954193115,2.299999952316284,2.4200000762939453,2.049999952316284,2.049999952316284,160700
2005-05-03,0.9622805714607239,2.430000066757202,2.75,2.369999885559082,2.4800000190734863,620100
2005-05-04,0.9741605520248413,2.4600000381469727,2.6500000953674316,2.369999885559082,2.549999952316284,281700
2005-05-05,0.9385206699371338,2.369999885559082,2.5899999141693115,2.3399999141693115,2.4600000381469727,243400
2005-05-06,1.3464008569717407,3.4000000953674316,3.5799999237060547,2.509999990463257,2.5899999141693115,1262300
2005-05-09,1.5404410362243652,3.890000104904175,4.150000095367432,3.450000047683716,3.75,1369000
2005-05-10,1.5523216724395752,3.9200000762939453,4.099999904632568,3.9000000953674316,3.9800000190734863,593000
2005-05-11,1.5760809183120728,3.9800000190734863,4.039999961853027,3.940000057220459,3.940000057220459,375400
2005-05-12,1.6275607347488403,4.110000133514404,4.5,3.950000047683716,3.990000009536743,1034000
2005-05-13,1.5404410362243652,3.890000104904175,4.300000190734863,3.8499999046325684,4.150000095367432,352500
2005-05-16,1.3701610565185547,3.4600000381469727,3.9600000381469727,3.299999952316284,3.9200000762939453,545300
2005-05-17,1.3266013860702515,3.3499999046325684,3.5,3.2100000381469727,3.4100000858306885,327600
2005-05-18,1.3266013860702515,3.3499999046325684,3.440000057220459,3.309999942779541,3.3499999046325684,180700
2005-05-19,1.3503612279891968,3.4100000858306885,3.549999952316284,3.3299999237060547,3.3299999237060547,143100
2005-05-20,1.3226407766342163,3.3399999141693115,3.450000047683716,3.200000047683716,3.450000047683716,94000
2005-05-23,1.2751212120056152,3.2200000286102295,3.3399999141693115,3.200000047683716,3.3399999141693115,175000
2005-05-24,1.2711615562438965,3.2100000381469727,3.2699999809265137,3.1700000762939453,3.25,178200
2005-05-25,1.3305604457855225,3.359999895095825,3.4800000190734863,3.240000009536743,3.259999990463257,158000
2005-05-26,1.3978809118270874,3.5299999713897705,3.549999952316284,3.380000114440918,3.380000114440918,131700
2005-05-27,1.4612414836883545,3.690000057220459,3.7799999713897705,3.5999999046325684,3.5999999046325684,125300
2005-05-31,1.4731206893920898,3.7200000286102295,3.8299999237060547,3.7100000381469727,3.819999933242798,152300
2005-06-01,1.4691613912582397,3.7100000381469727,3.799999952316284,3.700000047683716,3.7899999618530273,69200
2005-06-02,1.4176807403564453,3.5799999237060547,3.75,3.5,3.7100000381469727,68000
2005-06-03,1.449360966682434,3.6600000858306885,3.700000047683716,3.549999952316284,3.5799999237060547,92900
2005-06-06,1.449360966682434,3.6600000858306885,3.7100000381469727,3.549999952316284,3.6500000953674316,68500
2005-06-07,1.3978809118270874,3.5299999713897705,3.6600000858306885,3.369999885559082,3.6500000953674316,99300
2005-06-08,1.358280897140503,3.430000066757202,3.5,3.369999885559082,3.5,95600
2005-06-09,1.3226407766342163,3.3399999141693115,3.430000066757202,3.259999990463257,3.430000066757202,98000
2005-06-10,1.2988808155059814,3.2799999713897705,3.3399999141693115,3.200000047683716,3.299999952316284,70600
2005-06-13,1.3028408288955688,3.2899999618530273,3.3299999237060547,3.200000047683716,3.299999952316284,112900
2005-06-14,1.2830407619476318,3.240000009536743,3.299999952316284,3.2200000286102295,3.299999952316284,65600
2005-06-15,1.2988808155059814,3.2799999713897705,3.2899999618530273,3.190000057220459,3.2200000286102295,33200
2005-06-16,1.2672008275985718,3.200000047683716,3.2799999713897705,3.1500000953674316,3.2799999713897705,60000
2005-06-17,1.1840412616729736,2.990000009536743,3.2799999713897705,2.950000047683716,3.200000047683716,242700
2005-06-20,1.1880006790161133,3.0,3.0799999237060547,2.9200000762939453,3.0199999809265137,479900
2005-06-21,1.1959205865859985,3.0199999809265137,3.0999999046325684,3.0,3.0,108000
2005-06-22,1.1880006790161133,3.0,3.0799999237060547,2.950000047683716,3.009999990463257,175300
2005-06-23,1.1800811290740967,2.9800000190734863,3.059999942779541,2.950000047683716,3.0,258800
2005-06-24,1.1484013795852661,2.9000000953674316,3.0,2.880000114440918,3.0,62800
2005-06-27,1.1682007312774658,2.950000047683716,3.059999942779541,2.799999952316284,2.9000000953674316,107500
2005-06-28,1.124640703201294,2.8399999141693115,2.940000057220459,2.7899999618530273,2.9000000953674316,120600
2005-06-29,1.1206806898117065,2.8299999237060547,2.9800000190734863,2.75,2.8399999141693115,163500
2005-06-30,1.1286005973815918,2.8499999046325684,2.990000009536743,2.799999952316284,2.9700000286102295,104400
2005-07-01,1.1444405317306519,2.890000104904175,2.940000057220459,2.8499999046325684,2.8499999046325684,58400
2005-07-05,1.1523605585098267,2.9100000858306885,3.0,2.859999895095825,2.859999895095825,177800
2005-07-06,1.1286005973815918,2.8499999046325684,3.0399999618530273,2.8499999046325684,3.0399999618530273,184300
2005-07-07,1.0929608345031738,2.759999990463257,2.8299999237060547,2.75,2.8299999237060547,60700
2005-07-08,1.1127605438232422,2.809999942779541,2.8499999046325684,2.759999990463257,2.759999990463257,40100
2005-07-11,1.1484013795852661,2.9000000953674316,2.990000009536743,2.8399999141693115,2.9800000190734863,79600
2005-07-12,1.1444405317306519,2.890000104904175,2.9700000286102295,2.8499999046325684,2.9700000286102295,76700
2005-07-13,1.0969209671020508,2.7699999809265137,2.950000047683716,2.759999990463257,2.950000047683716,78200
2005-07-14,1.1325606107711792,2.859999895095825,2.869999885559082,2.759999990463257,2.7699999809265137,71900
2005-07-15,1.1127605438232422,2.809999942779541,2.869999885559082,2.7699999809265137,2.809999942779541,42900
2005-07-18,1.1008803844451904,2.7799999713897705,2.859999895095825,2.7799999713897705,2.799999952316284,41900
2005-07-19,1.1008803844451904,2.7799999713897705,2.8499999046325684,2.75,2.8399999141693115,87800
2005-07-20,1.1008803844451904,2.7799999713897705,2.8499999046325684,2.7699999809265137,2.7799999713897705,45100
2005-07-21,1.1088008880615234,2.799999952316284,2.8399999141693115,2.7799999713897705,2.7799999713897705,27200
2005-07-22,1.0850404500961304,2.740000009536743,2.8399999141693115,2.740000009536743,2.799999952316284,86200
2005-07-25,1.0296008586883545,2.5999999046325684,2.7899999618530273,2.5999999046325684,2.75,128600
2005-07-26,1.049401044845581,2.6500000953674316,2.700000047683716,2.559999942779541,2.609999895095825,34500
2005-07-27,1.053360939025879,2.6600000858306885,2.700000047683716,2.619999885559082,2.680000066757202,114600
2005-07-28,1.033560872077942,2.609999895095825,2.7200000286102295,2.5999999046325684,2.6600000858306885,51400
2005-07-29,1.089000940322876,2.75,2.799999952316284,2.5899999141693115,2.5899999141693115,48200
2005-08-01,1.0771207809448242,2.7200000286102295,2.869999885559082,2.6600000858306885,2.7200000286102295,399000
2005-08-02,1.2672008275985718,3.200000047683716,3.240000009536743,2.819999933242798,2.819999933242798,285200
2005-08-03,1.4256006479263306,3.5999999046325684,3.7300000190734863,3.2100000381469727,3.25,438700
2005-08-04,1.4414411783218384,3.640000104904175,3.890000104904175,3.5199999809265137,3.630000114440918,302100
2005-08-05,1.3978809118270874,3.5299999713897705,3.6600000858306885,3.430000066757202,3.619999885559082,201900
2005-08-08,1.4097609519958496,3.559999942779541,3.569999933242798,3.309999942779541,3.4700000286102295,223300
2005-08-09,1.2672008275985718,3.200000047683716,3.9000000953674316,2.9000000953674316,3.9000000953674316,458000
2005-08-10,1.1602805852890015,2.930000066757202,3.1600000858306885,2.930000066757202,3.0999999046325684,217700
2005-08-11,1.1444405317306519,2.890000104904175,2.990000009536743,2.819999933242798,2.950000047683716,70700
2005-08-12,1.1563208103179932,2.9200000762939453,2.940000057220459,2.859999895095825,2.9000000953674316,70100
2005-08-15,1.049401044845581,2.6500000953674316,2.9600000381469727,2.509999990463257,2.9600000381469727,406600
2005-08-16,1.124640703201294,2.8399999141693115,2.8399999141693115,2.700000047683716,2.799999952316284,143500
2005-08-17,1.1088008880615234,2.799999952316284,2.859999895095825,2.759999990463257,2.859999895095825,141400
2005-08-18,1.1088008880615234,2.799999952316284,2.8499999046325684,2.7799999713897705,2.8499999046325684,38900
2005-08-19,1.0969209671020508,2.7699999809265137,2.859999895095825,2.7699999809265137,2.799999952316284,55900
2005-08-22,1.1167210340499878,2.819999933242798,2.9200000762939453,2.799999952316284,2.859999895095825,87400
2005-08-23,1.1444405317306519,2.890000104904175,2.9200000762939453,2.8499999046325684,2.8499999046325684,51700
2005-08-24,1.140480875968933,2.880000114440918,2.9200000762939453,2.8399999141693115,2.9000000953674316,49400
2005-08-25,1.1286005973815918,2.8499999046325684,2.9200000762939453,2.8399999141693115,2.9000000953674316,66100
2005-08-26,1.0692005157470703,2.700000047683716,2.859999895095825,2.690000057220459,2.819999933242798,76300
2005-08-29,1.1167210340499878,2.819999933242798,2.8299999237060547,2.7100000381469727,2.799999952316284,95600
2005-08-30,1.1048407554626465,2.7899999618530273,2.819999933242798,2.75,2.819999933242798,42400
2005-08-31,1.0810809135437012,2.7300000190734863,2.819999933242798,2.700000047683716,2.759999990463257,76600
2005-09-01,1.049401044845581,2.6500000953674316,2.7300000190734863,2.609999895095825,2.7300000190734863,103400
2005-09-02,1.033560872077942,2.609999895095825,2.75,2.5999999046325684,2.609999895095825,70900
2005-09-06,1.0573208332061768,2.6700000762939453,2.75,2.609999895095825,2.609999895095825,68200
2005-09-07,1.0810809135437012,2.7300000190734863,2.740000009536743,2.6600000858306885,2.7100000381469727,60100
2005-09-08,1.089000940322876,2.75,2.75,2.700000047683716,2.740000009536743,60400
2005-09-09,1.0771207809448242,2.7200000286102295,2.75,2.6600000858306885,2.7200000286102295,36000
2005-09-12,1.089000940322876,2.75,2.75,2.6600000858306885,2.700000047683716,63400
2005-09-13,1.0612807273864746,2.680000066757202,2.740000009536743,2.6700000762939453,2.7100000381469727,40900
2005-09-14,1.0375205278396606,2.619999885559082,2.7200000286102295,2.5999999046325684,2.700000047683716,97600
2005-09-15,1.0573208332061768,2.6700000762939453,2.700000047683716,2.609999895095825,2.619999885559082,49400
2005-09-16,1.053360939025879,2.6600000858306885,2.680000066757202,2.5999999046325684,2.6500000953674316,49700
2005-09-19,1.0810809135437012,2.7300000190734863,2.7899999618530273,2.5999999046325684,2.6600000858306885,86500
2005-09-20,1.0810809135437012,2.7300000190734863,2.8299999237060547,2.630000114440918,2.809999942779541,57100
2005-09-21,1.033560872077942,2.609999895095825,2.7100000381469727,2.5999999046325684,2.7100000381469727,72300
2005-09-22,1.005840539932251,2.5399999618530273,2.609999895095825,2.5199999809265137,2.5999999046325684,82200
2005-09-23,1.021680474281311,2.5799999237060547,2.5999999046325684,2.5199999809265137,2.5199999809265137,102200
2005-09-26,0.9900006651878357,2.5,2.619999885559082,2.5,2.5799999237060547,111500
2005-09-27,0.9464406967163086,2.390000104904175,2.430000066757202,2.299999952316284,2.430000066757202,145100
2005-09-28,0.9702004194259644,2.450000047683716,2.450000047683716,2.309999942779541,2.3399999141693115,58100
2005-09-29,0.9583207964897156,2.4200000762939453,2.450000047683716,2.4000000953674316,2.4100000858306885,20200
2005-09-30,0.9820807576179504,2.4800000190734863,2.5199999809265137,2.4000000953674316,2.4200000762939453,51500
2005-10-03,0.9464406967163086,2.390000104904175,2.5299999713897705,2.359999895095825,2.5,73300
2005-10-04,0.9108006954193115,2.299999952316284,2.4000000953674316,2.2699999809265137,2.3299999237060547,107300
2005-10-05,0.9068406820297241,2.2899999618530273,2.380000114440918,2.25,2.299999952316284,171400
2005-10-06,0.9028805494308472,2.2799999713897705,2.380000114440918,2.240000009536743,2.299999952316284,115900
2005-10-07,0.8712005615234375,2.200000047683716,2.2799999713897705,2.119999885559082,2.2799999713897705,110200
2005-10-10,0.7920005917549133,2.0,2.190000057220459,1.909999966621399,2.190000057220459,279700
2005-10-11,0.6692405343055725,1.690000057220459,1.9800000190734863,1.6799999475479126,1.940000057220459,436400
2005-10-12,0.6930005550384521,1.75,1.899999976158142,1.7000000476837158,1.7000000476837158,567500
2005-10-13,0.728640615940094,1.840000033378601,1.850000023841858,1.7999999523162842,1.840000033378601,127900
2005-10-14,0.728640615940094,1.840000033378601,1.8600000143051147,1.809999942779541,1.840000033378601,111400
2005-10-17,0.7444806098937988,1.8799999952316284,1.8899999856948853,1.7599999904632568,1.8700000047683716,100300
2005-10-18,0.7326003909111023,1.850000023841858,1.899999976158142,1.7599999904632568,1.809999942779541,109900
2005-10-19,0.7326003909111023,1.850000023841858,1.8899999856948853,1.75,1.850000023841858,41100
2005-10-20,0.6732004284858704,1.7000000476837158,1.8300000429153442,1.6799999475479126,1.8300000429153442,324300
2005-10-21,0.6692405343055725,1.690000057220459,1.75,1.6699999570846558,1.75,180900
2005-10-24,0.6613203883171082,1.6699999570846558,1.75,1.649999976158142,1.7000000476837158,63800
2005-10-25,0.6454805731773376,1.6299999952316284,1.7000000476837158,1.5499999523162842,1.6799999475479126,185100
2005-10-26,0.6217202544212341,1.5700000524520874,1.600000023841858,1.5099999904632568,1.600000023841858,147700
2005-10-27,0.5979602932929993,1.5099999904632568,1.6299999952316284,1.4900000095367432,1.5700000524520874,119300
2005-10-28,0.5860804319381714,1.4800000190734863,1.559999942779541,1.399999976158142,1.4199999570846558,90600
2005-10-31,0.5464804172515869,1.3799999952316284,1.5499999523162842,1.3300000429153442,1.4500000476837158,239800
2005-11-01,0.5266804695129395,1.3300000429153442,1.3700000047683716,1.2999999523162842,1.3600000143051147,260100
2005-11-02,0.4752005338668823,1.2000000476837158,1.3200000524520874,1.149999976158142,1.2899999618530273,343000
2005-11-03,0.49500033259391785,1.25,1.25,1.0499999523162842,1.1299999952316284,583300
2005-11-04,0.5900405645370483,1.4900000095367432,1.7799999713897705,1.4900000095367432,1.5,1013200
2005-11-07,0.6217202544212341,1.5700000524520874,1.6100000143051147,1.399999976158142,1.590000033378601,385900
2005-11-08,0.5464804172515869,1.3799999952316284,1.75,1.3799999952316284,1.75,338600
2005-11-09,0.46332016587257385,1.1699999570846558,1.399999976158142,1.1399999856948853,1.399999976158142,606100
2005-11-10,0.46332016587257385,1.1699999570846558,1.2400000095367432,1.1200000047683716,1.2400000095367432,247500
2005-11-11,0.45936036109924316,1.159999966621399,1.1799999475479126,1.1299999952316284,1.1799999475479126,160600
2005-11-14,0.45936036109924316,1.159999966621399,1.2200000286102295,1.1399999856948853,1.159999966621399,321700
2005-11-15,0.45540034770965576,1.149999976158142,1.2000000476837158,1.149999976158142,1.1799999475479126,154000
2005-11-16,0.4395604133605957,1.1100000143051147,1.190000057220459,1.1100000143051147,1.190000057220459,282300
2005-11-17,0.4158002436161041,1.0499999523162842,1.1100000143051147,1.0099999904632568,1.100000023841858,416200
2005-11-18,0.4316403269767761,1.090000033378601,1.1699999570846558,1.0499999523162842,1.0499999523162842,1150200
2005-11-21,0.5266804695129395,1.3300000429153442,1.5,1.1100000143051147,1.149999976158142,917300
2005-11-22,0.45540034770965576,1.149999976158142,1.4500000476837158,1.149999976158142,1.3799999952316284,1021200
2005-11-23,0.4395604133605957,1.1100000143051147,1.2000000476837158,1.090000033378601,1.149999976158142,666300
2005-11-25,0.4514402747154236,1.1399999856948853,1.149999976158142,1.1100000143051147,1.149999976158142,237200
2005-11-28,0.45936036109924316,1.159999966621399,1.2400000095367432,1.1299999952316284,1.149999976158142,513400
2005-11-29,0.48708027601242065,1.2300000190734863,1.25,1.1699999570846558,1.2300000190734863,679900
2005-11-30,0.5464804172515869,1.3799999952316284,1.399999976158142,1.2100000381469727,1.2400000095367432,764400
2005-12-01,0.5544004440307617,1.399999976158142,1.4800000190734863,1.3799999952316284,1.3899999856948853,528300
2005-12-02,0.522720456123352,1.3200000524520874,1.440000057220459,1.2999999523162842,1.3899999856948853,360500
2005-12-05,0.8197206258773804,2.069999933242798,2.0999999046325684,1.5499999523162842,1.600000023841858,3599500
2005-12-06,0.799920380115509,2.0199999809265137,2.3399999141693115,1.8700000047683716,2.069999933242798,1422500
2005-12-07,0.8593208193778992,2.1700000762939453,2.200000047683716,2.059999942779541,2.0999999046325684,642300
2005-12-08,0.8672404885292053,2.190000057220459,2.25,2.049999952316284,2.200000047683716,367200
2005-12-09,0.8672404885292053,2.190000057220459,2.200000047683716,2.140000104904175,2.190000057220459,138500
2005-12-12,0.8910004496574402,2.25,2.259999990463257,2.1500000953674316,2.1700000762939453,331700
2005-12-13,0.7722004652023315,1.9500000476837158,2.25,1.9299999475479126,2.25,1126000
2005-12-14,0.7484405040740967,1.8899999856948853,2.0,1.8700000047683716,1.9500000476837158,380200
2005-12-15,0.7088403701782227,1.7899999618530273,1.899999976158142,1.7200000286102295,1.8899999856948853,837000
2005-12-16,0.6652802228927612,1.6799999475479126,1.7799999713897705,1.6699999570846558,1.75,400600
2005-12-19,0.6930005550384521,1.75,1.7899999618530273,1.690000057220459,1.7300000190734863,694400
2005-12-20,0.6850805282592773,1.7300000190734863,1.7699999809265137,1.6799999475479126,1.690000057220459,347200
2005-12-21,0.6930005550384521,1.75,1.7599999904632568,1.7000000476837158,1.7400000095367432,272600
2005-12-22,0.6930005550384521,1.75,1.8799999952316284,1.75,1.7599999904632568,351600
2005-12-23,0.7128003239631653,1.7999999523162842,1.840000033378601,1.75,1.75,162800
2005-12-27,0.6811203956604004,1.7200000286102295,1.8300000429153442,1.7100000381469727,1.7899999618530273,633900
2005-12-28,0.728640615940094,1.840000033378601,1.899999976158142,1.7100000381469727,1.7200000286102295,513000
2005-12-29,0.724680483341217,1.8300000429153442,1.8799999952316284,1.809999942779541,1.8200000524520874,423900
2005-12-30,0.7365603446960449,1.8600000143051147,1.8600000143051147,1.7999999523162842,1.8200000524520874,337500
2006-01-03,0.728640615940094,1.840000033378601,1.9199999570846558,1.8300000429153442,1.899999976158142,240200
2006-01-04,0.7405206561088562,1.8700000047683716,1.9199999570846558,1.8300000429153442,1.8300000429153442,180800
2006-01-05,0.8276406526565552,2.0899999141693115,2.1500000953674316,1.850000023841858,1.8600000143051147,338800
2006-01-06,0.8989205956459045,2.2699999809265137,2.309999942779541,2.0899999141693115,2.0899999141693115,720000
2006-01-09,1.0177204608917236,2.569999933242798,2.569999933242798,2.309999942779541,2.3499999046325684,595900
2006-01-10,1.0573208332061768,2.6700000762939453,2.740000009536743,2.569999933242798,2.5999999046325684,928500
2006-01-11,1.0731607675552368,2.7100000381469727,2.75,2.6500000953674316,2.700000047683716,513700
2006-01-12,0.9108006954193115,2.299999952316284,2.740000009536743,2.25,2.680000066757202,765400
2006-01-13,0.9108006954193115,2.299999952316284,2.4000000953674316,2.2100000381469727,2.299999952316284,700900
2006-01-17,0.9108006954193115,2.299999952316284,2.4700000286102295,2.2699999809265137,2.450000047683716,226700
2006-01-18,0.9108006954193115,2.299999952316284,2.3499999046325684,2.2799999713897705,2.2899999618530273,197400
2006-01-19,0.9702004194259644,2.450000047683716,2.450000047683716,2.2200000286102295,2.3499999046325684,341500
2006-01-20,0.9662405848503113,2.440000057220459,2.549999952316284,2.390000104904175,2.4200000762939453,427600
2006-01-23,0.9464406967163086,2.390000104904175,2.569999933242798,2.359999895095825,2.569999933242798,260200
2006-01-24,0.8949605226516724,2.259999990463257,2.4000000953674316,2.25,2.4000000953674316,305300
2006-01-25,0.8514007329940796,2.1500000953674316,2.3299999237060547,2.1500000953674316,2.25,358700
2006-01-26,0.9028805494308472,2.2799999713897705,2.2799999713897705,2.119999885559082,2.119999885559082,498100
2006-01-27,0.9266403317451477,2.3399999141693115,2.3399999141693115,2.2200000286102295,2.2200000286102295,215800
2006-01-30,0.9622805714607239,2.430000066757202,2.4600000381469727,2.3299999237060547,2.3399999141693115,219600
2006-01-31,1.033560872077942,2.609999895095825,2.640000104904175,2.4200000762939453,2.490000009536743,482500
2006-02-01,1.0137605667114258,2.559999942779541,2.609999895095825,2.5,2.559999942779541,493500
2006-02-02,1.0969209671020508,2.7699999809265137,2.819999933242798,2.5799999237060547,2.609999895095825,1384700
2006-02-03,1.0929608345031738,2.759999990463257,2.950000047683716,2.7300000190734863,2.799999952316284,1035800
2006-02-06,0.9543610215187073,2.4100000858306885,3.0,2.3499999046325684,2.819999933242798,1992000
2006-02-07,0.9306004047393799,2.3499999046325684,2.549999952316284,2.200000047683716,2.369999885559082,606100
2006-02-08,1.005840539932251,2.5399999618530273,2.549999952316284,2.259999990463257,2.3499999046325684,424600
2006-02-09,1.009800672531128,2.549999952316284,2.6500000953674316,2.440000057220459,2.440000057220459,212100
2006-02-10,0.9781203269958496,2.4700000286102295,2.690000057220459,2.450000047683716,2.5999999046325684,178800
2006-02-13,1.005840539932251,2.5399999618530273,2.6500000953674316,2.450000047683716,2.5,186500
2006-02-14,1.005840539932251,2.5399999618530273,2.5899999141693115,2.490000009536743,2.5899999141693115,82600
2006-02-15,0.9860406517982483,2.490000009536743,2.5399999618530273,2.430000066757202,2.5399999618530273,101000
2006-02-16,1.176120638847351,2.9700000286102295,3.0899999141693115,2.609999895095825,2.6500000953674316,1788900
2006-02-17,1.1484013795852661,2.9000000953674316,2.9700000286102295,2.7300000190734863,2.9700000286102295,714800
2006-02-21,1.1286005973815918,2.8499999046325684,2.9200000762939453,2.759999990463257,2.9200000762939453,241100
2006-02-22,1.0969209671020508,2.7699999809265137,2.8499999046325684,2.690000057220459,2.759999990463257,219700
2006-02-23,1.0850404500961304,2.740000009536743,2.799999952316284,2.700000047683716,2.75,131700
2006-02-24,1.0929608345031738,2.759999990463257,2.890000104904175,2.7100000381469727,2.890000104904175,153800
2006-02-27,1.0296008586883545,2.5999999046325684,2.7899999618530273,2.5999999046325684,2.7799999713897705,305700
2006-02-28,1.045440912246704,2.640000104904175,2.6600000858306885,2.559999942779541,2.5999999046325684,106700
2006-03-01,1.0929608345031738,2.759999990463257,2.799999952316284,2.680000066757202,2.700000047683716,152600
2006-03-02,1.0929608345031738,2.759999990463257,2.799999952316284,2.7100000381469727,2.759999990463257,78400
2006-03-03,1.0692005157470703,2.700000047683716,2.7899999618530273,2.700000047683716,2.7200000286102295,91500
2006-03-06,1.1127605438232422,2.809999942779541,2.990000009536743,2.700000047683716,2.700000047683716,1161700
2006-03-07,1.0692005157470703,2.700000047683716,2.890000104904175,2.690000057220459,2.8299999237060547,362700
2006-03-08,1.053360939025879,2.6600000858306885,2.75,2.640000104904175,2.700000047683716,93200
2006-03-09,1.1286005973815918,2.8499999046325684,2.869999885559082,2.7100000381469727,2.75,191300
2006-03-10,1.1286005973815918,2.8499999046325684,2.890000104904175,2.8499999046325684,2.880000114440918,154300
2006-03-13,1.1008803844451904,2.7799999713897705,2.859999895095825,2.75,2.8499999046325684,106400
2006-03-14,1.0771207809448242,2.7200000286102295,2.7799999713897705,2.6600000858306885,2.7799999713897705,347000
2006-03-15,1.0573208332061768,2.6700000762939453,2.740000009536743,2.6500000953674316,2.690000057220459,53100
2006-03-16,1.1008803844451904,2.7799999713897705,2.7799999713897705,2.6600000858306885,2.700000047683716,241000
2006-03-17,1.0850404500961304,2.740000009536743,2.799999952316284,2.7200000286102295,2.7899999618530273,151800
2006-03-20,1.053360939025879,2.6600000858306885,2.75,2.6500000953674316,2.75,68000
2006-03-21,1.0652403831481934,2.690000057220459,2.75,2.559999942779541,2.630000114440918,178500
2006-03-22,1.021680474281311,2.5799999237060547,2.700000047683716,2.549999952316284,2.6700000762939453,93900
2006-03-23,1.1444405317306519,2.890000104904175,2.940000057220459,2.75,2.7899999618530273,663300
2006-03-24,1.124640703201294,2.8399999141693115,2.930000066757202,2.7899999618530273,2.9200000762939453,207900
2006-03-27,1.1088008880615234,2.799999952316284,2.880000114440918,2.799999952316284,2.8499999046325684,62500
2006-03-28,1.124640703201294,2.8399999141693115,2.869999885559082,2.7899999618530273,2.7899999618530273,80200
2006-03-29,1.1484013795852661,2.9000000953674316,2.9000000953674316,2.75,2.7799999713897705,243900
2006-03-30,1.1206806898117065,2.8299999237060547,2.890000104904175,2.799999952316284,2.880000114440918,191800
2006-03-31,1.1048407554626465,2.7899999618530273,2.880000114440918,2.740000009536743,2.8499999046325684,131400
2006-04-03,1.0969209671020508,2.7699999809265137,2.869999885559082,2.7100000381469727,2.8499999046325684,199300
2006-04-04,1.0414807796478271,2.630000114440918,2.740000009536743,2.609999895095825,2.740000009536743,261400
2006-04-05,1.033560872077942,2.609999895095825,2.640000104904175,2.549999952316284,2.5999999046325684,142000
2006-04-06,1.0256404876708984,2.5899999141693115,2.619999885559082,2.549999952316284,2.549999952316284,197700
2006-04-07,0.9583207964897156,2.4200000762939453,2.5999999046325684,2.4200000762939453,2.5999999046325684,286000
2006-04-10,0.9068406820297241,2.2899999618530273,2.4200000762939453,2.240000009536743,2.390000104904175,249000
2006-04-11,0.8949605226516724,2.259999990463257,2.3299999237060547,2.2200000286102295,2.259999990463257,242600
2006-04-12,0.9306004047393799,2.3499999046325684,2.390000104904175,2.2799999713897705,2.2799999713897705,263100
2006-04-13,0.9108006954193115,2.299999952316284,2.3399999141693115,2.299999952316284,2.3299999237060547,121100
2006-04-17,0.9147604703903198,2.309999942779541,2.3299999237060547,2.2100000381469727,2.2200000286102295,244000
2006-04-18,0.9306004047393799,2.3499999046325684,2.359999895095825,2.25,2.2699999809265137,241800
2006-04-19,0.9266403317451477,2.3399999141693115,2.359999895095825,2.2799999713897705,2.3299999237060547,287800
2006-04-20,1.009800672531128,2.549999952316284,2.5799999237060547,2.25,2.259999990463257,640600
2006-04-21,1.049401044845581,2.6500000953674316,2.680000066757202,2.450000047683716,2.4700000286102295,525800
2006-04-24,1.0018808841705322,2.5299999713897705,2.700000047683716,2.5199999809265137,2.700000047683716,208700
2006-04-25,1.0137605667114258,2.559999942779541,2.5999999046325684,2.4700000286102295,2.509999990463257,142300
2006-04-26,0.9622805714607239,2.430000066757202,2.549999952316284,2.359999895095825,2.450000047683716,194300
2006-04-27,0.9504010677337646,2.4000000953674316,2.440000057220459,2.369999885559082,2.369999885559082,172800
2006-04-28,1.005840539932251,2.5399999618530273,2.5899999141693115,2.3499999046325684,2.4000000953674316,262300
2006-05-01,1.1088008880615234,2.799999952316284,2.8399999141693115,2.549999952316284,2.549999952316284,849400
2006-05-02,1.0692005157470703,2.700000047683716,2.799999952316284,2.6500000953674316,2.799999952316284,248000
2006-05-03,1.1800811290740967,2.9800000190734863,3.1500000953674316,2.609999895095825,2.609999895095825,1246100
2006-05-04,1.1800811290740967,2.9800000190734863,3.0999999046325684,2.950000047683716,3.0799999237060547,416600
2006-05-05,1.1206806898117065,2.8299999237060547,2.940000057220459,2.7799999713897705,2.9200000762939453,333000
2006-05-08,1.1088008880615234,2.799999952316284,2.8499999046325684,2.75,2.8299999237060547,232800
2006-05-09,1.089000940322876,2.75,2.930000066757202,2.7300000190734863,2.880000114440918,1475200
2006-05-10,1.0850404500961304,2.740000009536743,2.8299999237060547,2.740000009536743,2.740000009536743,1263800
2006-05-11,1.0612807273864746,2.680000066757202,2.75,2.6600000858306885,2.7200000286102295,489400
2006-05-12,1.0414807796478271,2.630000114440918,2.700000047683716,2.5,2.690000057220459,291600
2006-05-15,0.9860406517982483,2.490000009536743,2.6500000953674316,2.450000047683716,2.450000047683716,328000
2006-05-16,1.0296008586883545,2.5999999046325684,2.700000047683716,2.490000009536743,2.5,90300
2006-05-17,0.9900006651878357,2.5,2.630000114440918,2.490000009536743,2.630000114440918,114200
2006-05-18,0.9900006651878357,2.5,2.549999952316284,2.490000009536743,2.5199999809265137,144600
2006-05-19,1.0018808841705322,2.5299999713897705,2.549999952316284,2.5,2.5,119400
2006-05-22,0.9900006651878357,2.5,2.5899999141693115,2.5,2.5399999618530273,264500
2006-05-23,0.9900006651878357,2.5,2.559999942779541,2.490000009536743,2.509999990463257,171000
2006-05-24,0.9820807576179504,2.4800000190734863,2.509999990463257,2.4000000953674316,2.450000047683716,134900
2006-05-25,0.9939606189727783,2.509999990463257,2.5299999713897705,2.4800000190734863,2.4800000190734863,30000
2006-05-26,1.0018808841705322,2.5299999713897705,2.569999933242798,2.5,2.5,77200
2006-05-30,1.0177204608917236,2.569999933242798,2.5999999046325684,2.5299999713897705,2.5299999713897705,105200
2006-05-31,1.045440912246704,2.640000104904175,2.6500000953674316,2.5399999618530273,2.5999999046325684,69600
2006-06-01,1.049401044845581,2.6500000953674316,2.6700000762939453,2.569999933242798,2.6500000953674316,51400
2006-06-02,1.0612807273864746,2.680000066757202,2.7200000286102295,2.6600000858306885,2.700000047683716,73800
2006-06-05,1.0414807796478271,2.630000114440918,2.690000057220459,2.619999885559082,2.680000066757202,47000
2006-06-06,1.0296008586883545,2.5999999046325684,2.700000047683716,2.509999990463257,2.6500000953674316,79900
2006-06-07,1.021680474281311,2.5799999237060547,2.609999895095825,2.509999990463257,2.5799999237060547,62900
2006-06-08,1.0177204608917236,2.569999933242798,2.640000104904175,2.5,2.5799999237060547,137400
2006-06-09,0.9979206919670105,2.5199999809265137,2.559999942779541,2.5,2.549999952316284,48900
2006-06-12,0.9900006651878357,2.5,2.559999942779541,2.4200000762939453,2.4800000190734863,86000
2006-06-13,0.9702004194259644,2.450000047683716,2.509999990463257,2.4200000762939453,2.5,211700
2006-06-14,0.9345606565475464,2.359999895095825,2.4200000762939453,2.299999952316284,2.4200000762939453,104700
2006-06-15,0.9900006651878357,2.5,2.5,2.359999895095825,2.359999895095825,94300
2006-06-16,1.009800672531128,2.549999952316284,2.5899999141693115,2.4600000381469727,2.4800000190734863,90200
2006-06-19,1.009800672531128,2.549999952316284,2.6500000953674316,2.5,2.5799999237060547,112400
2006-06-20,0.9900006651878357,2.5,2.5799999237060547,2.450000047683716,2.5199999809265137,43100
2006-06-21,0.9860406517982483,2.490000009536743,2.509999990463257,2.450000047683716,2.5,35200
2006-06-22,0.9781203269958496,2.4700000286102295,2.5199999809265137,2.4100000858306885,2.490000009536743,12000
2006-06-23,0.9900006651878357,2.5,2.5899999141693115,2.450000047683716,2.450000047683716,60200
2006-06-26,0.9860406517982483,2.490000009536743,2.5199999809265137,2.4200000762939453,2.509999990463257,45400
2006-06-27,0.9741605520248413,2.4600000381469727,2.5,2.4200000762939453,2.4700000286102295,59300
2006-06-28,0.9583207964897156,2.4200000762939453,2.4800000190734863,2.4100000858306885,2.4100000858306885,55500
2006-06-29,0.9860406517982483,2.490000009536743,2.5399999618530273,2.3499999046325684,2.359999895095825,128900
2006-06-30,1.0612807273864746,2.680000066757202,2.680000066757202,2.4000000953674316,2.5,292000
2006-07-03,1.0296008586883545,2.5999999046325684,2.680000066757202,2.559999942779541,2.680000066757202,38200
2006-07-05,1.005840539932251,2.5399999618530273,2.680000066757202,2.5,2.5,72300
2006-07-06,1.0375205278396606,2.619999885559082,2.630000114440918,2.5399999618530273,2.5999999046325684,291000
2006-07-07,1.0177204608917236,2.569999933242798,2.6600000858306885,2.549999952316284,2.549999952316284,134400
2006-07-10,1.0177204608917236,2.569999933242798,2.609999895095825,2.549999952316284,2.569999933242798,125800
2006-07-11,1.0256404876708984,2.5899999141693115,2.5899999141693115,2.5199999809265137,2.549999952316284,165500
2006-07-12,0.9662405848503113,2.440000057220459,2.5899999141693115,2.4000000953674316,2.5899999141693115,231300
2006-07-13,0.9622805714607239,2.430000066757202,2.450000047683716,2.4000000953674316,2.4100000858306885,122400
2006-07-14,0.9504010677337646,2.4000000953674316,2.5,2.4000000953674316,2.430000066757202,70600
2006-07-17,0.9266403317451477,2.3399999141693115,2.4100000858306885,2.2699999809265137,2.369999885559082,194500
2006-07-18,0.9108006954193115,2.299999952316284,2.4100000858306885,2.299999952316284,2.4000000953674316,48700
2006-07-19,0.9464406967163086,2.390000104904175,2.4000000953674316,2.259999990463257,2.299999952316284,64600
2006-07-20,0.9108006954193115,2.299999952316284,2.380000114440918,2.2899999618530273,2.3299999237060547,59200
2006-07-21,0.9424806833267212,2.380000114440918,2.380000114440918,2.259999990463257,2.2899999618530273,47300
2006-07-24,0.9781203269958496,2.4700000286102295,2.4700000286102295,2.380000114440918,2.380000114440918,159000
2006-07-25,0.9702004194259644,2.450000047683716,2.490000009536743,2.319999933242798,2.430000066757202,165700
2006-07-26,0.9702004194259644,2.450000047683716,2.450000047683716,2.359999895095825,2.4000000953674316,55200
2006-07-27,0.9820807576179504,2.4800000190734863,2.4800000190734863,2.380000114440918,2.4000000953674316,98000
2006-07-28,0.9820807576179504,2.4800000190734863,2.569999933242798,2.450000047683716,2.5,257700
2006-07-31,0.9900006651878357,2.5,2.5,2.4100000858306885,2.4800000190734863,69000
2006-08-01,0.9900006651878357,2.5,2.549999952316284,2.4200000762939453,2.5199999809265137,183400
2006-08-02,0.9781203269958496,2.4700000286102295,2.5,2.440000057220459,2.4600000381469727,99500
2006-08-03,0.9781203269958496,2.4700000286102295,2.5,2.4100000858306885,2.5,58900
2006-08-04,0.9900006651878357,2.5,2.5,2.450000047683716,2.4600000381469727,26400
2006-08-07,0.9424806833267212,2.380000114440918,2.440000057220459,2.3399999141693115,2.440000057220459,280400
2006-08-08,0.9702004194259644,2.450000047683716,2.4800000190734863,2.25,2.4800000190734863,242600
2006-08-09,0.9504010677337646,2.4000000953674316,2.5199999809265137,2.2799999713897705,2.5199999809265137,258300
2006-08-10,0.9068406820297241,2.2899999618530273,2.4000000953674316,2.259999990463257,2.4000000953674316,121000
2006-08-11,0.9028805494308472,2.2799999713897705,2.380000114440918,2.259999990463257,2.299999952316284,221300
2006-08-14,0.8910004496574402,2.25,2.2799999713897705,2.2200000286102295,2.2799999713897705,143500
2006-08-15,0.8949605226516724,2.259999990463257,2.299999952316284,2.2300000190734863,2.2799999713897705,40100
2006-08-16,0.8870404958724976,2.240000009536743,2.259999990463257,2.200000047683716,2.25,55700
2006-08-17,0.9028805494308472,2.2799999713897705,2.299999952316284,2.1700000762939453,2.200000047683716,61900
2006-08-18,0.9108006954193115,2.299999952316284,2.299999952316284,2.25,2.25,148500
2006-08-21,0.9028805494308472,2.2799999713897705,2.299999952316284,2.2699999809265137,2.299999952316284,96300
2006-08-22,0.9108006954193115,2.299999952316284,2.309999942779541,2.2799999713897705,2.2799999713897705,108900
2006-08-23,0.9464406967163086,2.390000104904175,2.450000047683716,2.309999942779541,2.309999942779541,260800
2006-08-24,0.9662405848503113,2.440000057220459,2.4800000190734863,2.430000066757202,2.440000057220459,275400
2006-08-25,0.9900006651878357,2.5,2.5,2.430000066757202,2.430000066757202,182800
2006-08-28,0.9662405848503113,2.440000057220459,2.490000009536743,2.430000066757202,2.4600000381469727,114500
2006-08-29,0.9424806833267212,2.380000114440918,2.440000057220459,2.319999933242798,2.4100000858306885,86000
2006-08-30,0.9464406967163086,2.390000104904175,2.4000000953674316,2.319999933242798,2.319999933242798,28400
2006-08-31,0.9464406967163086,2.390000104904175,2.4000000953674316,2.359999895095825,2.380000114440918,19300
2006-09-01,0.9504010677337646,2.4000000953674316,2.4200000762939453,2.3499999046325684,2.3499999046325684,67300
2006-09-05,0.9385206699371338,2.369999885559082,2.430000066757202,2.319999933242798,2.430000066757202,53900
2006-09-06,0.9345606565475464,2.359999895095825,2.390000104904175,2.3399999141693115,2.369999885559082,84800
2006-09-07,0.9187207221984863,2.319999933242798,2.3499999046325684,2.299999952316284,2.3499999046325684,41600
2006-09-08,0.9226808547973633,2.3299999237060547,2.390000104904175,2.299999952316284,2.309999942779541,125200
2006-09-11,0.9306004047393799,2.3499999046325684,2.359999895095825,2.259999990463257,2.3299999237060547,108700
2006-09-12,0.9266403317451477,2.3399999141693115,2.369999885559082,2.299999952316284,2.3499999046325684,144900
2006-09-13,0.9266403317451477,2.3399999141693115,2.359999895095825,2.299999952316284,2.3499999046325684,184300
2006-09-14,0.9266403317451477,2.3399999141693115,2.3399999141693115,2.309999942779541,2.309999942779541,66800
2006-09-15,0.9306004047393799,2.3499999046325684,2.3499999046325684,2.309999942779541,2.319999933242798,509600
2006-09-18,0.9266403317451477,2.3399999141693115,2.3499999046325684,2.299999952316284,2.3399999141693115,353100
2006-09-19,0.9226808547973633,2.3299999237060547,2.3299999237060547,2.25,2.319999933242798,98500
2006-09-20,0.9187207221984863,2.319999933242798,2.3299999237060547,2.2799999713897705,2.309999942779541,112600
2006-09-21,0.9147604703903198,2.309999942779541,2.319999933242798,2.259999990463257,2.2799999713897705,105000
2006-09-22,0.9068406820297241,2.2899999618530273,2.3399999141693115,2.2899999618530273,2.299999952316284,160800
2006-09-25,0.9068406820297241,2.2899999618530273,2.299999952316284,2.259999990463257,2.2799999713897705,54800
2006-09-26,0.9860406517982483,2.490000009536743,2.5,2.25,2.25,743800
2006-09-27,0.9543610215187073,2.4100000858306885,2.490000009536743,2.380000114440918,2.490000009536743,145600
2006-09-28,0.9504010677337646,2.4000000953674316,2.4000000953674316,2.3499999046325684,2.4000000953674316,80000
2006-09-29,0.9860406517982483,2.490000009536743,2.490000009536743,2.359999895095825,2.359999895095825,89600
2006-10-02,0.9345606565475464,2.359999895095825,2.4000000953674316,2.3499999046325684,2.390000104904175,45700
2006-10-03,0.9147604703903198,2.309999942779541,2.369999885559082,2.299999952316284,2.3499999046325684,59300
2006-10-04,0.9068406820297241,2.2899999618530273,2.3299999237060547,2.25,2.2899999618530273,215600
2006-10-05,0.9108006954193115,2.299999952316284,2.319999933242798,2.259999990463257,2.2899999618530273,387400
2006-10-06,0.9028805494308472,2.2799999713897705,2.359999895095825,2.2799999713897705,2.3399999141693115,257800
2006-10-09,0.9543610215187073,2.4100000858306885,2.490000009536743,2.2799999713897705,2.299999952316284,509000
2006-10-10,0.9583207964897156,2.4200000762939453,2.440000057220459,2.369999885559082,2.440000057220459,65900
2006-10-11,0.9622805714607239,2.430000066757202,2.490000009536743,2.4200000762939453,2.4200000762939453,209600
2006-10-12,0.9662405848503113,2.440000057220459,2.4600000381469727,2.3499999046325684,2.4000000953674316,87400
2006-10-13,0.9741605520248413,2.4600000381469727,2.4800000190734863,2.359999895095825,2.390000104904175,76700
2006-10-16,0.9662405848503113,2.440000057220459,2.4800000190734863,2.4200000762939453,2.4600000381469727,50800
2006-10-17,0.9622805714607239,2.430000066757202,2.4700000286102295,2.4000000953674316,2.4000000953674316,28900
2006-10-18,0.9622805714607239,2.430000066757202,2.4800000190734863,2.380000114440918,2.4700000286102295,41200
2006-10-19,0.9820807576179504,2.4800000190734863,2.490000009536743,2.4000000953674316,2.4000000953674316,74700
2006-10-20,0.9702004194259644,2.450000047683716,2.4800000190734863,2.4000000953674316,2.4200000762939453,36700
2006-10-23,0.9820807576179504,2.4800000190734863,2.549999952316284,2.380000114440918,2.4600000381469727,325200
2006-10-24,0.9781203269958496,2.4700000286102295,2.5299999713897705,2.4000000953674316,2.4000000953674316,222200
2006-10-25,0.9979206919670105,2.5199999809265137,2.5399999618530273,2.4700000286102295,2.4700000286102295,87000
2006-10-26,0.9979206919670105,2.5199999809265137,2.5399999618530273,2.5,2.5399999618530273,86900
2006-10-27,0.9979206919670105,2.5199999809265137,2.5299999713897705,2.5,2.509999990463257,18600
2006-10-30,0.9900006651878357,2.5,2.509999990463257,2.4700000286102295,2.4700000286102295,102100
2006-10-31,0.9979206919670105,2.5199999809265137,2.5199999809265137,2.4600000381469727,2.5,53800
2006-11-01,1.005840539932251,2.5399999618530273,2.569999933242798,2.509999990463257,2.509999990463257,124400
2006-11-02,1.0137605667114258,2.559999942779541,2.569999933242798,2.5,2.549999952316284,101200
2006-11-03,1.0256404876708984,2.5899999141693115,2.5999999046325684,2.5299999713897705,2.569999933242798,225100
2006-11-06,1.0731607675552368,2.7100000381469727,2.7200000286102295,2.549999952316284,2.549999952316284,532100
2006-11-07,1.089000940322876,2.75,2.7899999618530273,2.6700000762939453,2.7100000381469727,389200
2006-11-08,1.0929608345031738,2.759999990463257,2.809999942779541,2.7300000190734863,2.799999952316284,350700
2006-11-09,1.0612807273864746,2.680000066757202,2.75,2.640000104904175,2.700000047683716,109200
2006-11-10,1.0612807273864746,2.680000066757202,2.7100000381469727,2.630000114440918,2.640000104904175,53500
2006-11-13,1.089000940322876,2.75,2.7799999713897705,2.6700000762939453,2.700000047683716,184000
2006-11-14,1.0652403831481934,2.690000057220459,2.75,2.6700000762939453,2.75,50900
2006-11-15,1.0573208332061768,2.6700000762939453,2.700000047683716,2.630000114440918,2.690000057220459,96700
2006-11-16,1.0612807273864746,2.680000066757202,2.700000047683716,2.609999895095825,2.6700000762939453,111000
2006-11-17,1.049401044845581,2.6500000953674316,2.6500000953674316,2.5,2.630000114440918,123500
2006-11-20,1.045440912246704,2.640000104904175,2.7200000286102295,2.5799999237060547,2.6700000762939453,356000
2006-11-21,1.0375205278396606,2.619999885559082,2.680000066757202,2.4600000381469727,2.5899999141693115,827000
2006-11-22,1.0296008586883545,2.5999999046325684,2.609999895095825,2.5299999713897705,2.559999942779541,101500
2006-11-24,1.0375205278396606,2.619999885559082,2.680000066757202,2.5299999713897705,2.5299999713897705,51400
2006-11-27,1.0296008586883545,2.5999999046325684,2.609999895095825,2.509999990463257,2.559999942779541,170700
2006-11-28,1.0137605667114258,2.559999942779541,2.5999999046325684,2.5299999713897705,2.5299999713897705,62100
2006-11-29,1.009800672531128,2.549999952316284,2.6700000762939453,2.5,2.509999990463257,138200
2006-11-30,1.021680474281311,2.5799999237060547,2.640000104904175,2.5199999809265137,2.5199999809265137,194000
2006-12-01,1.0177204608917236,2.569999933242798,2.619999885559082,2.5199999809265137,2.5799999237060547,55400
2006-12-04,1.0256404876708984,2.5899999141693115,2.5999999046325684,2.5,2.509999990463257,214200
2006-12-05,1.0177204608917236,2.569999933242798,2.5999999046325684,2.5399999618530273,2.5799999237060547,174000
2006-12-06,1.0018808841705322,2.5299999713897705,2.5999999046325684,2.509999990463257,2.549999952316284,245100
2006-12-07,0.9939606189727783,2.509999990463257,2.549999952316284,2.490000009536743,2.509999990463257,64100
2006-12-08,1.0018808841705322,2.5299999713897705,2.5299999713897705,2.4000000953674316,2.4600000381469727,126900
2006-12-11,0.9939606189727783,2.509999990463257,2.569999933242798,2.5,2.5,181600
2006-12-12,1.009800672531128,2.549999952316284,2.5899999141693115,2.490000009536743,2.509999990463257,169900
2006-12-13,1.0137605667114258,2.559999942779541,2.5799999237060547,2.5199999809265137,2.5299999713897705,135800
2006-12-14,1.021680474281311,2.5799999237060547,2.5999999046325684,2.549999952316284,2.559999942779541,215400
2006-12-15,1.1048407554626465,2.7899999618530273,2.859999895095825,2.5899999141693115,2.700000047683716,432600
2006-12-18,1.1800811290740967,2.9800000190734863,3.069999933242798,2.7200000286102295,2.799999952316284,1018600
2006-12-19,1.2355204820632935,3.119999885559082,3.130000114440918,2.9000000953674316,3.0299999713897705,474600
2006-12-20,1.3622407913208008,3.440000057220459,3.549999952316284,3.0299999713897705,3.140000104904175,817900
2006-12-21,1.3701610565185547,3.4600000381469727,3.5199999809265137,3.3499999046325684,3.5,269600
2006-12-22,1.3226407766342163,3.3399999141693115,3.490000009536743,3.0999999046325684,3.4600000381469727,222600
2006-12-26,1.4058005809783936,3.549999952316284,3.549999952316284,3.1700000762939453,3.490000009536743,293000
2006-12-27,1.5206414461135864,3.8399999141693115,3.8499999046325684,3.5,3.5799999237060547,866100
2006-12-28,1.449360966682434,3.6600000858306885,3.8499999046325684,3.5,3.8399999141693115,431100
2006-12-29,1.3939210176467896,3.5199999809265137,3.6600000858306885,3.440000057220459,3.6600000858306885,316400
2007-01-03,1.310760498046875,3.309999942779541,3.5199999809265137,3.009999990463257,3.450000047683716,752400
2007-01-04,1.3266013860702515,3.3499999046325684,3.4000000953674316,3.25,3.299999952316284,401800
2007-01-05,1.382041096687317,3.490000009536743,3.490000009536743,3.2699999809265137,3.299999952316284,1182700
2007-01-08,1.358280897140503,3.430000066757202,3.700000047683716,3.4000000953674316,3.619999885559082,365100
2007-01-09,1.3068015575408936,3.299999952316284,3.450000047683716,3.049999952316284,3.4000000953674316,320100
2007-01-10,1.358280897140503,3.430000066757202,3.4800000190734863,3.3499999046325684,3.440000057220459,1140100
2007-01-11,1.413720726966858,3.569999933242798,3.5799999237060547,3.309999942779541,3.390000104904175,291300
2007-01-12,1.4731206893920898,3.7200000286102295,3.75,3.450000047683716,3.5,446000
2007-01-16,1.457281231880188,3.680000066757202,3.7699999809265137,3.680000066757202,3.7200000286102295,139900
2007-01-17,1.3978809118270874,3.5299999713897705,3.759999990463257,3.5199999809265137,3.680000066757202,219300
2007-01-18,1.4256006479263306,3.5999999046325684,3.700000047683716,3.5399999618530273,3.5399999618530273,181000
2007-01-19,1.4256006479263306,3.5999999046325684,3.7300000190734863,3.359999895095825,3.619999885559082,198900
2007-01-22,1.3939210176467896,3.5199999809265137,3.680000066757202,3.5,3.549999952316284,133100
2007-01-23,1.4533212184906006,3.6700000762939453,3.75,3.5199999809265137,3.5199999809265137,221300
2007-01-24,1.4810413122177124,3.740000009536743,3.799999952316284,3.5899999141693115,3.640000104904175,324500
2007-01-25,1.4770814180374146,3.7300000190734863,3.8499999046325684,3.609999895095825,3.799999952316284,176700
2007-01-26,1.4612414836883545,3.690000057220459,3.8299999237060547,3.5799999237060547,3.7300000190734863,117600
2007-01-29,1.4256006479263306,3.5999999046325684,3.700000047683716,3.5399999618530273,3.619999885559082,226300
2007-01-30,1.429560899734497,3.609999895095825,3.6700000762939453,3.5199999809265137,3.549999952316284,114700
2007-01-31,1.4176807403564453,3.5799999237060547,3.5999999046325684,3.5,3.5999999046325684,147500
2007-02-01,1.4691613912582397,3.7100000381469727,3.7300000190734863,3.509999990463257,3.5899999141693115,248400
2007-02-02,1.413720726966858,3.569999933242798,3.6500000953674316,3.509999990463257,3.609999895095825,155600
2007-02-05,1.4652007818222046,3.700000047683716,3.700000047683716,3.4600000381469727,3.4700000286102295,317800
2007-02-06,1.4652007818222046,3.700000047683716,3.740000009536743,3.630000114440918,3.7100000381469727,344400
2007-02-07,1.4335209131240845,3.619999885559082,3.759999990463257,3.549999952316284,3.690000057220459,150900
2007-02-08,1.5800411701202393,3.990000009536743,3.990000009536743,3.549999952316284,3.5999999046325684,746500
2007-02-09,1.4770814180374146,3.7300000190734863,4.0,3.6500000953674316,3.990000009536743,969400
2007-02-12,1.4968810081481934,3.7799999713897705,3.869999885559082,3.700000047683716,3.8299999237060547,395700
2007-02-13,1.5206414461135864,3.8399999141693115,3.859999895095825,3.6500000953674316,3.7100000381469727,415400
2007-02-14,1.5523216724395752,3.9200000762939453,3.930000066757202,3.809999942779541,3.809999942779541,258300
2007-02-15,1.5246014595031738,3.8499999046325684,3.9700000286102295,3.7699999809265137,3.9000000953674316,423000
2007-02-16,1.5206414461135864,3.8399999141693115,3.9000000953674316,3.799999952316284,3.799999952316284,206200
2007-02-20,1.5562812089920044,3.930000066757202,3.940000057220459,3.700000047683716,3.759999990463257,505000
2007-02-21,1.5048009157180786,3.799999952316284,3.9000000953674316,3.7799999713897705,3.9000000953674316,145700
2007-02-22,1.5246014595031738,3.8499999046325684,3.8499999046325684,3.7100000381469727,3.799999952316284,200600
2007-02-23,1.4850009679794312,3.75,3.8299999237060547,3.740000009536743,3.809999942779541,97200
2007-02-26,1.5127203464508057,3.819999933242798,3.8299999237060547,3.759999990463257,3.7799999713897705,264600
2007-02-27,1.4770814180374146,3.7300000190734863,3.7799999713897705,3.5999999046325684,3.7300000190734863,231800
2007-02-28,1.5127203464508057,3.819999933242798,3.819999933242798,3.680000066757202,3.690000057220459,146000
2007-03-01,1.5166808366775513,3.8299999237060547,3.869999885559082,3.5999999046325684,3.630000114440918,199200
2007-03-02,1.5285613536834717,3.859999895095825,3.890000104904175,3.809999942779541,3.859999895095825,139600
2007-03-05,1.4889612197875977,3.759999990463257,3.8399999141693115,3.680000066757202,3.75,338000
2007-03-06,1.4968810081481934,3.7799999713897705,3.8499999046325684,3.700000047683716,3.7799999713897705,176200
2007-03-07,1.5483614206314087,3.9100000858306885,3.930000066757202,3.75,3.7799999713897705,345600
2007-03-08,1.5483614206314087,3.9100000858306885,4.090000152587891,3.9100000858306885,3.930000066757202,1172500
2007-03-09,1.5760809183120728,3.9800000190734863,4.070000171661377,3.869999885559082,3.9000000953674316,507600
2007-03-12,1.5325207710266113,3.869999885559082,4.0,3.799999952316284,3.990000009536743,173000
2007-03-13,1.5048009157180786,3.799999952316284,3.890000104904175,3.799999952316284,3.8499999046325684,91900
2007-03-14,1.5206414461135864,3.8399999141693115,3.990000009536743,3.7100000381469727,3.7100000381469727,108600
2007-03-15,1.5166808366775513,3.8299999237060547,3.990000009536743,3.740000009536743,3.990000009536743,161400
2007-03-16,1.5008413791656494,3.7899999618530273,3.8299999237060547,3.75,3.799999952316284,49600
2007-03-19,1.5325207710266113,3.869999885559082,3.890000104904175,3.700000047683716,3.700000047683716,77800
2007-03-20,1.544400930404663,3.9000000953674316,4.0,3.8499999046325684,3.890000104904175,112900
2007-03-21,1.5602411031723022,3.940000057220459,3.9700000286102295,3.819999933242798,3.8499999046325684,183100
2007-03-22,1.5246014595031738,3.8499999046325684,3.9200000762939453,3.8299999237060547,3.9100000858306885,192200
2007-03-23,1.544400930404663,3.9000000953674316,3.9000000953674316,3.819999933242798,3.819999933242798,93100
2007-03-26,1.5562812089920044,3.930000066757202,4.0,3.8299999237060547,3.940000057220459,444900
2007-03-27,1.544400930404663,3.9000000953674316,3.9200000762939453,3.8299999237060547,3.8499999046325684,62900
2007-03-28,1.5483614206314087,3.9100000858306885,3.950000047683716,3.8399999141693115,3.8399999141693115,102100
2007-03-29,1.5404410362243652,3.890000104904175,3.940000057220459,3.8499999046325684,3.9100000858306885,40100
2007-03-30,1.5483614206314087,3.9100000858306885,3.950000047683716,3.809999942779541,3.809999942779541,171500
2007-04-02,1.6354808807373047,4.130000114440918,4.21999979019165,3.9100000858306885,3.9100000858306885,438000
2007-04-03,1.5919216871261597,4.019999980926514,4.179999828338623,3.950000047683716,4.010000228881836,169400
2007-04-04,1.6434006690979004,4.150000095367432,4.199999809265137,4.019999980926514,4.039999961853027,160500
2007-04-05,1.6434006690979004,4.150000095367432,4.199999809265137,4.059999942779541,4.150000095367432,144400
2007-04-09,1.6394412517547607,4.139999866485596,4.179999828338623,4.079999923706055,4.150000095367432,110200
2007-04-10,1.6117210388183594,4.070000171661377,4.139999866485596,4.059999942779541,4.079999923706055,245600
2007-04-11,1.623600959777832,4.099999904632568,4.179999828338623,4.059999942779541,4.090000152587891,332100
2007-04-12,1.6275607347488403,4.110000133514404,4.199999809265137,4.079999923706055,4.170000076293945,263100
2007-04-13,1.5879613161087036,4.010000228881836,4.119999885559082,3.950000047683716,4.099999904632568,351900
2007-04-16,1.5919216871261597,4.019999980926514,4.090000152587891,3.9000000953674316,4.0,348700
2007-04-17,1.599840760231018,4.039999961853027,4.079999923706055,3.9800000190734863,4.019999980926514,166600
2007-04-18,1.5840011835098267,4.0,4.039999961853027,3.9000000953674316,4.0,249100
2007-04-19,1.5840011835098267,4.0,4.039999961853027,3.9200000762939453,3.9200000762939453,149500
2007-04-20,1.5840011835098267,4.0,4.050000190734863,3.9600000381469727,4.039999961853027,355000
2007-04-23,1.6354808807373047,4.130000114440918,4.139999866485596,3.940000057220459,3.940000057220459,324800
2007-04-24,1.6038014888763428,4.050000190734863,4.090000152587891,3.990000009536743,4.019999980926514,211100
2007-04-25,1.6117210388183594,4.070000171661377,4.130000114440918,4.039999961853027,4.039999961853027,86300
2007-04-26,1.6038014888763428,4.050000190734863,4.090000152587891,4.0,4.050000190734863,362400
2007-04-27,1.5919216871261597,4.019999980926514,4.059999942779541,3.9800000190734863,4.010000228881836,138800
2007-04-30,1.607761025428772,4.059999942779541,4.099999904632568,4.0,4.0,284100
2007-05-01,1.6196407079696655,4.090000152587891,4.179999828338623,4.019999980926514,4.099999904632568,275900
2007-05-02,1.6196407079696655,4.090000152587891,4.150000095367432,4.050000190734863,4.059999942779541,518900
2007-05-03,1.623600959777832,4.099999904632568,4.190000057220459,4.099999904632568,4.099999904632568,154200
2007-05-04,1.5879613161087036,4.010000228881836,4.130000114440918,4.010000228881836,4.110000133514404,198500
2007-05-07,1.5840011835098267,4.0,4.03000020980835,3.9800000190734863,4.0,220400
2007-05-08,1.6156810522079468,4.079999923706055,4.090000152587891,3.9800000190734863,4.0,432900
2007-05-09,1.6711208820343018,4.21999979019165,4.25,4.079999923706055,4.079999923706055,558900
2007-05-10,1.7780413627624512,4.489999771118164,4.889999866485596,4.28000020980835,4.300000190734863,2228800
2007-05-11,1.7503211498260498,4.420000076293945,4.559999942779541,4.119999885559082,4.5,429300
2007-05-14,1.801801323890686,4.550000190734863,4.679999828338623,4.449999809265137,4.449999809265137,438900
2007-05-15,1.7820008993148804,4.5,4.650000095367432,4.460000038146973,4.510000228881836,235000
2007-05-16,1.797841191291809,4.539999961853027,4.550000190734863,4.5,4.539999961853027,84800
2007-05-17,1.8295209407806396,4.619999885559082,4.650000095367432,4.46999979019165,4.519999980926514,234500
2007-05-18,1.8612008094787598,4.699999809265137,4.75,4.510000228881836,4.519999980926514,343700
2007-05-21,1.8612008094787598,4.699999809265137,4.960000038146973,4.650000095367432,4.739999771118164,646100
2007-05-22,1.9483211040496826,4.920000076293945,4.949999809265137,4.599999904632568,4.650000095367432,413300
2007-05-23,1.8691213130950928,4.71999979019165,4.96999979019165,4.690000057220459,4.920000076293945,300500
2007-05-24,1.7701209783554077,4.46999979019165,4.75,4.429999828338623,4.699999809265137,483300
2007-05-25,1.8255620002746582,4.610000133514404,4.690000057220459,4.460000038146973,4.460000038146973,344000
2007-05-29,1.912680745124817,4.829999923706055,4.949999809265137,4.5,4.579999923706055,358600
2007-05-30,1.873081088066101,4.730000019073486,4.949999809265137,4.679999828338623,4.730000019073486,374300
2007-05-31,1.9008021354675293,4.800000190734863,4.849999904632568,4.590000152587891,4.650000095367432,172100
2007-06-01,1.912680745124817,4.829999923706055,4.909999847412109,4.760000228881836,4.800000190734863,306500
2007-06-04,1.9562406539916992,4.940000057220459,5.0,4.849999904632568,4.849999904632568,497400
2007-06-05,1.9364410638809204,4.889999866485596,4.989999771118164,4.849999904632568,4.900000095367432,258300
2007-06-06,1.9008021354675293,4.800000190734863,4.900000095367432,4.75,4.889999866485596,127900
2007-06-07,1.8691213130950928,4.71999979019165,4.849999904632568,4.679999828338623,4.760000228881836,157900
2007-06-08,1.8770413398742676,4.739999771118164,4.809999942779541,4.670000076293945,4.670000076293945,107700
2007-06-11,1.9206013679504395,4.849999904632568,4.849999904632568,4.769999980926514,4.809999942779541,173900
2007-06-12,1.8770413398742676,4.739999771118164,4.869999885559082,4.690000057220459,4.849999904632568,194700
2007-06-13,1.8770413398742676,4.739999771118164,4.800000190734863,4.670000076293945,4.679999828338623,110500
2007-06-14,1.8651610612869263,4.710000038146973,4.78000020980835,4.670000076293945,4.739999771118164,189000
2007-06-15,1.8374414443969727,4.639999866485596,4.75,4.619999885559082,4.730000019073486,191900
2007-06-18,1.80972158908844,4.570000171661377,4.659999847412109,4.269999980926514,4.659999847412109,365600
2007-06-19,1.801801323890686,4.550000190734863,4.670000076293945,4.550000190734863,4.670000076293945,168900
2007-06-20,1.746361255645752,4.409999847412109,4.559999942779541,4.150000095367432,4.550000190734863,411300
2007-06-21,1.754280924797058,4.429999828338623,4.449999809265137,4.349999904632568,4.349999904632568,236400
2007-06-22,1.754280924797058,4.429999828338623,4.429999828338623,4.25,4.329999923706055,248600
2007-06-25,1.6830015182495117,4.25,4.46999979019165,4.199999809265137,4.329999923706055,321300
2007-06-26,1.6830015182495117,4.25,4.309999942779541,4.150000095367432,4.28000020980835,246500
2007-06-27,1.7622004747390747,4.449999809265137,4.5,4.179999828338623,4.179999828338623,267300
2007-06-28,1.7622004747390747,4.449999809265137,4.650000095367432,4.420000076293945,4.449999809265137,95500
2007-06-29,1.7661606073379517,4.460000038146973,4.590000152587891,4.420000076293945,4.460000038146973,107200
2007-07-02,1.7899210453033447,4.519999980926514,4.590000152587891,4.329999923706055,4.329999923706055,133500
2007-07-03,1.7582416534423828,4.440000057220459,4.579999923706055,4.440000057220459,4.579999923706055,42900
2007-07-05,1.754280924797058,4.429999828338623,4.510000228881836,4.380000114440918,4.5,40100
2007-07-06,1.7028014659881592,4.300000190734863,4.46999979019165,4.260000228881836,4.369999885559082,127400
2007-07-09,1.7503211498260498,4.420000076293945,4.480000019073486,4.25,4.25,256800
2007-07-10,1.801801323890686,4.550000190734863,4.599999904632568,4.420000076293945,4.449999809265137,218000
2007-07-11,1.841401219367981,4.650000095367432,4.650000095367432,4.559999942779541,4.570000171661377,130700
2007-07-12,1.8136813640594482,4.579999923706055,4.690000057220459,4.5,4.650000095367432,55700
2007-07-13,1.7899210453033447,4.519999980926514,4.659999847412109,4.489999771118164,4.610000133514404,84200
2007-07-16,1.8295209407806396,4.619999885559082,4.769999980926514,4.559999942779541,4.690000057220459,142800
2007-07-17,1.7780413627624512,4.489999771118164,4.630000114440918,4.449999809265137,4.630000114440918,49600
2007-07-18,1.7938810586929321,4.53000020980835,4.590000152587891,4.489999771118164,4.489999771118164,37300
2007-07-19,1.7701209783554077,4.46999979019165,4.539999961853027,4.449999809265137,4.5,83300
2007-07-20,1.7938810586929321,4.53000020980835,4.610000133514404,4.429999828338623,4.46999979019165,104800
2007-07-23,1.8136813640594482,4.579999923706055,4.590000152587891,4.420000076293945,4.590000152587891,52500
2007-07-24,1.7226011753082275,4.349999904632568,4.619999885559082,4.300000190734863,4.619999885559082,94100
2007-07-25,1.7186416387557983,4.340000152587891,4.440000057220459,4.230000019073486,4.440000057220459,137900
2007-07-26,1.6513210535049438,4.170000076293945,4.25,4.099999904632568,4.239999771118164,168500
2007-07-27,1.6038014888763428,4.050000190734863,4.199999809265137,3.75,4.170000076293945,247400
2007-07-30,1.5958813428878784,4.03000020980835,4.199999809265137,3.9000000953674316,4.050000190734863,191400
2007-07-31,1.5919216871261597,4.019999980926514,4.150000095367432,3.9600000381469727,4.03000020980835,135800
2007-08-01,1.599840760231018,4.039999961853027,4.050000190734863,3.819999933242798,4.0,151300
2007-08-02,1.6156810522079468,4.079999923706055,4.099999904632568,3.890000104904175,4.099999904632568,100300
2007-08-03,1.5642014741897583,3.950000047683716,4.110000133514404,3.940000057220459,4.059999942779541,113600
2007-08-06,1.5800411701202393,3.990000009536743,4.0,3.6700000762939453,3.890000104904175,323000
2007-08-07,1.5800411701202393,3.990000009536743,4.059999942779541,3.8499999046325684,3.9200000762939453,150800
2007-08-08,1.5642014741897583,3.950000047683716,4.039999961853027,3.890000104904175,3.990000009536743,94400
2007-08-09,1.623600959777832,4.099999904632568,4.389999866485596,3.990000009536743,4.050000190734863,577200
2007-08-10,1.6117210388183594,4.070000171661377,4.139999866485596,3.950000047683716,3.9700000286102295,218800
2007-08-13,1.6038014888763428,4.050000190734863,4.190000057220459,4.010000228881836,4.070000171661377,211600
2007-08-14,1.5958813428878784,4.03000020980835,4.139999866485596,3.990000009536743,4.050000190734863,206100
2007-08-15,1.5958813428878784,4.03000020980835,4.050000190734863,3.950000047683716,3.950000047683716,153200
2007-08-16,1.5879613161087036,4.010000228881836,4.090000152587891,3.700000047683716,4.010000228881836,869600
2007-08-17,1.607761025428772,4.059999942779541,4.119999885559082,4.010000228881836,4.110000133514404,223000
2007-08-20,1.607761025428772,4.059999942779541,4.150000095367432,4.019999980926514,4.019999980926514,339900
2007-08-21,1.623600959777832,4.099999904632568,4.150000095367432,3.9600000381469727,4.059999942779541,127000
2007-08-22,1.6434006690979004,4.150000095367432,4.179999828338623,4.059999942779541,4.099999904632568,265200
2007-08-23,1.6790409088134766,4.239999771118164,4.25,4.099999904632568,4.110000133514404,96000
2007-08-24,1.647361159324646,4.159999847412109,4.25,4.050000190734863,4.159999847412109,147900
2007-08-27,1.6632009744644165,4.199999809265137,4.25,4.059999942779541,4.159999847412109,119000
2007-08-28,1.7226011753082275,4.349999904632568,4.480000019073486,4.179999828338623,4.199999809265137,279100
2007-08-29,1.7582416534423828,4.440000057220459,4.480000019073486,4.300000190734863,4.300000190734863,85100
2007-08-30,1.8136813640594482,4.579999923706055,4.599999904632568,4.409999847412109,4.409999847412109,170100
2007-08-31,1.8453617095947266,4.659999847412109,4.710000038146973,4.53000020980835,4.550000190734863,211000
2007-09-04,1.7740809917449951,4.480000019073486,4.71999979019165,4.420000076293945,4.71999979019165,243300
2007-09-05,1.8176416158676147,4.590000152587891,4.659999847412109,4.449999809265137,4.550000190734863,188800
2007-09-06,1.8532806634902954,4.679999828338623,4.809999942779541,4.510000228881836,4.630000114440918,1018200
2007-09-07,1.797841191291809,4.539999961853027,4.650000095367432,4.449999809265137,4.650000095367432,63500
2007-09-10,1.821601390838623,4.599999904632568,4.639999866485596,4.460000038146973,4.460000038146973,77800
2007-09-11,1.9087220430374146,4.820000171661377,4.869999885559082,4.519999980926514,4.519999980926514,114900
2007-09-12,1.8651610612869263,4.710000038146973,4.880000114440918,4.699999809265137,4.840000152587891,129800
2007-09-13,1.896841049194336,4.789999961853027,4.800000190734863,4.690000057220459,4.690000057220459,134700
2007-09-14,1.8651610612869263,4.710000038146973,4.800000190734863,4.670000076293945,4.75,104300
2007-09-17,1.8849613666534424,4.760000228881836,4.800000190734863,4.670000076293945,4.679999828338623,98300
2007-09-18,1.9324811697006226,4.880000114440918,4.880000114440918,4.699999809265137,4.730000019073486,188800
2007-09-19,1.9404008388519287,4.900000095367432,4.900000095367432,4.769999980926514,4.769999980926514,784800
2007-09-20,1.9522817134857178,4.929999828338623,4.949999809265137,4.840000152587891,4.900000095367432,244600
2007-09-21,1.9602010250091553,4.949999809265137,4.96999979019165,4.869999885559082,4.949999809265137,444400
2007-09-24,1.9206013679504395,4.849999904632568,4.989999771118164,4.71999979019165,4.96999979019165,207900
2007-09-25,1.873081088066101,4.730000019073486,4.920000076293945,4.730000019073486,4.869999885559082,131300
2007-09-26,1.8691213130950928,4.71999979019165,4.809999942779541,4.679999828338623,4.800000190734863,57600
2007-09-27,1.8334819078445435,4.630000114440918,4.739999771118164,4.570000171661377,4.679999828338623,160300
2007-09-28,1.797841191291809,4.539999961853027,4.630000114440918,4.5,4.630000114440918,213700
2007-10-01,1.8334819078445435,4.630000114440918,4.739999771118164,4.440000057220459,4.619999885559082,102900
2007-10-02,1.841401219367981,4.650000095367432,4.78000020980835,4.630000114440918,4.659999847412109,61900
2007-10-03,1.9087220430374146,4.820000171661377,4.849999904632568,4.650000095367432,4.659999847412109,140300
2007-10-04,1.8493210077285767,4.670000076293945,4.820000171661377,4.639999866485596,4.820000171661377,161500
2007-10-05,1.8295209407806396,4.619999885559082,4.670000076293945,4.590000152587891,4.670000076293945,282400
2007-10-08,1.8136813640594482,4.579999923706055,4.800000190734863,4.579999923706055,4.789999961853027,150900
2007-10-09,1.821601390838623,4.599999904632568,4.739999771118164,4.5,4.510000228881836,156000
2007-10-10,1.821601390838623,4.599999904632568,4.659999847412109,4.579999923706055,4.639999866485596,61900
2007-10-11,1.80972158908844,4.570000171661377,4.739999771118164,4.510000228881836,4.730000019073486,218000
2007-10-12,1.841401219367981,4.650000095367432,4.849999904632568,4.53000020980835,4.630000114440918,261100
2007-10-15,1.7938810586929321,4.53000020980835,4.75,4.53000020980835,4.699999809265137,142100
2007-10-16,1.821601390838623,4.599999904632568,4.650000095367432,4.519999980926514,4.519999980926514,75300
2007-10-17,1.7780413627624512,4.489999771118164,4.639999866485596,4.449999809265137,4.559999942779541,134900
2007-10-18,1.7622004747390747,4.449999809265137,4.550000190734863,4.400000095367432,4.449999809265137,168700
2007-10-19,1.7622004747390747,4.449999809265137,4.519999980926514,4.400000095367432,4.449999809265137,82800
2007-10-22,1.7226011753082275,4.349999904632568,4.449999809265137,4.300000190734863,4.369999885559082,171500
2007-10-23,1.7226011753082275,4.349999904632568,4.369999885559082,4.269999980926514,4.309999942779541,120200
2007-10-24,1.7503211498260498,4.420000076293945,4.429999828338623,4.289999961853027,4.320000171661377,47700
2007-10-25,1.730521559715271,4.369999885559082,4.46999979019165,4.349999904632568,4.420000076293945,47800
2007-10-26,1.7661606073379517,4.460000038146973,4.46999979019165,4.340000152587891,4.349999904632568,105100
2007-10-29,1.8532806634902954,4.679999828338623,4.690000057220459,4.400000095367432,4.420000076293945,142600
2007-10-30,1.7740809917449951,4.480000019073486,4.670000076293945,4.449999809265137,4.619999885559082,61400
2007-10-31,1.8136813640594482,4.579999923706055,4.590000152587891,4.46999979019165,4.46999979019165,64000
2007-11-01,1.7622004747390747,4.449999809265137,4.579999923706055,4.420000076293945,4.579999923706055,47100
2007-11-02,1.730521559715271,4.369999885559082,4.5,4.300000190734863,4.5,98200
2007-11-05,1.7067610025405884,4.309999942779541,4.349999904632568,4.170000076293945,4.289999961853027,104100
2007-11-06,1.686961054801941,4.260000228881836,4.349999904632568,4.199999809265137,4.349999904632568,522500
2007-11-07,1.6315209865570068,4.119999885559082,4.25,4.050000190734863,4.139999866485596,101000
2007-11-08,1.5958813428878784,4.03000020980835,4.230000019073486,3.9100000858306885,4.230000019073486,209600
2007-11-09,1.6275607347488403,4.110000133514404,4.150000095367432,3.950000047683716,3.950000047683716,57000
2007-11-12,1.5483614206314087,3.9100000858306885,4.110000133514404,3.7899999618530273,4.110000133514404,217800
2007-11-13,1.5523216724395752,3.9200000762939453,4.010000228881836,3.880000114440918,4.010000228881836,134400
2007-11-14,1.508760929107666,3.809999942779541,4.050000190734863,3.809999942779541,4.050000190734863,196900
2007-11-15,1.5166808366775513,3.8299999237060547,3.8499999046325684,3.700000047683716,3.7899999618530273,85900
2007-11-16,1.5048009157180786,3.799999952316284,3.8499999046325684,3.759999990463257,3.819999933242798,75300
2007-11-19,1.4968810081481934,3.7799999713897705,3.8399999141693115,3.690000057220459,3.8399999141693115,64000
2007-11-20,1.5008413791656494,3.7899999618530273,3.930000066757202,3.7300000190734863,3.7300000190734863,519500
2007-11-21,1.5285613536834717,3.859999895095825,3.859999895095825,3.759999990463257,3.7899999618530273,52100
2007-11-23,1.5206414461135864,3.8399999141693115,3.859999895095825,3.799999952316284,3.819999933242798,21100
2007-11-26,1.4691613912582397,3.7100000381469727,3.8299999237060547,3.6500000953674316,3.819999933242798,219800
2007-11-27,1.4612414836883545,3.690000057220459,3.7300000190734863,3.640000104904175,3.7100000381469727,117000
2007-11-28,1.4533212184906006,3.6700000762939453,3.7100000381469727,3.569999933242798,3.619999885559082,197300
2007-11-29,1.449360966682434,3.6600000858306885,3.75,3.559999942779541,3.559999942779541,84300
2007-11-30,1.4850009679794312,3.75,3.75,3.619999885559082,3.619999885559082,77500
2007-12-03,1.5285613536834717,3.859999895095825,3.9200000762939453,3.75,3.7899999618530273,109700
2007-12-04,1.5166808366775513,3.8299999237060547,3.9200000762939453,3.8299999237060547,3.8399999141693115,122400
2007-12-05,1.4968810081481934,3.7799999713897705,3.880000114440918,3.700000047683716,3.7899999618530273,140100
2007-12-06,1.5127203464508057,3.819999933242798,3.869999885559082,3.75,3.8399999141693115,138400
2007-12-07,1.5721211433410645,3.9700000286102295,4.059999942779541,3.5199999809265137,3.5199999809265137,231000
2007-12-10,1.5483614206314087,3.9100000858306885,4.039999961853027,3.7799999713897705,4.019999980926514,113300
2007-12-11,1.5840011835098267,4.0,4.059999942779541,3.809999942779541,3.869999885559082,258600
2007-12-12,1.5206414461135864,3.8399999141693115,4.110000133514404,3.7899999618530273,3.9000000953674316,215300
2007-12-13,1.5246014595031738,3.8499999046325684,3.930000066757202,3.799999952316284,3.809999942779541,163300
2007-12-14,1.5206414461135864,3.8399999141693115,3.9000000953674316,3.799999952316284,3.799999952316284,54300
2007-12-17,1.4770814180374146,3.7300000190734863,3.799999952316284,3.690000057220459,3.75,191500
2007-12-18,1.449360966682434,3.6600000858306885,3.7300000190734863,3.569999933242798,3.690000057220459,315000
2007-12-19,1.4335209131240845,3.619999885559082,3.690000057220459,3.5799999237060547,3.5999999046325684,117900
2007-12-20,1.4810413122177124,3.740000009536743,3.75,3.5299999713897705,3.5299999713897705,154500
2007-12-21,1.4968810081481934,3.7799999713897705,3.890000104904175,3.700000047683716,3.740000009536743,112800
2007-12-24,1.544400930404663,3.9000000953674316,3.930000066757202,3.680000066757202,3.7200000286102295,62300
2007-12-26,1.5800411701202393,3.990000009536743,4.0,3.890000104904175,3.9000000953674316,112800
2007-12-27,1.5602411031723022,3.940000057220459,4.039999961853027,3.9100000858306885,4.019999980926514,68000
2007-12-28,1.5523216724395752,3.9200000762939453,3.940000057220459,3.9000000953674316,3.940000057220459,73200
2007-12-31,1.5721211433410645,3.9700000286102295,4.070000171661377,3.8499999046325684,3.869999885559082,171200
2008-01-02,1.5364811420440674,3.880000114440918,4.119999885559082,3.8499999046325684,4.119999885559082,142700
2008-01-03,1.5602411031723022,3.940000057220459,3.9600000381469727,3.880000114440918,3.880000114440918,42000
2008-01-04,1.5127203464508057,3.819999933242798,3.930000066757202,3.7699999809265137,3.9200000762939453,69600
2008-01-07,1.3939210176467896,3.5199999809265137,3.819999933242798,3.5,3.759999990463257,90200
2008-01-08,1.3266013860702515,3.3499999046325684,3.569999933242798,3.309999942779541,3.569999933242798,302500
2008-01-09,1.3503612279891968,3.4100000858306885,3.4700000286102295,3.319999933242798,3.319999933242798,126100
2008-01-10,1.3464008569717407,3.4000000953674316,3.5,3.359999895095825,3.380000114440918,120700
2008-01-11,1.3147209882736206,3.319999933242798,3.4100000858306885,3.25,3.3399999141693115,171100
2008-01-14,1.3186811208724976,3.3299999237060547,3.359999895095825,3.180000066757202,3.2899999618530273,130800
2008-01-15,1.3068015575408936,3.299999952316284,3.450000047683716,3.25,3.3299999237060547,128200
2008-01-16,1.3226407766342163,3.3399999141693115,3.4000000953674316,3.2799999713897705,3.3499999046325684,116600
2008-01-17,1.310760498046875,3.309999942779541,3.369999885559082,3.2699999809265137,3.369999885559082,55800
2008-01-18,1.3147209882736206,3.319999933242798,3.359999895095825,3.259999990463257,3.299999952316284,82100
2008-01-22,1.3266013860702515,3.3499999046325684,3.5,2.9600000381469727,3.2200000286102295,109600
2008-01-23,1.3424407243728638,3.390000104904175,3.440000057220459,3.309999942779541,3.309999942779541,174700
2008-01-24,1.3186811208724976,3.3299999237060547,3.390000104904175,3.309999942779541,3.390000104904175,54900
2008-01-25,1.3345205783843994,3.369999885559082,3.369999885559082,3.2899999618530273,3.2899999618530273,62900
2008-01-28,1.3424407243728638,3.390000104904175,3.4000000953674316,3.319999933242798,3.4000000953674316,56600
2008-01-29,1.3226407766342163,3.3399999141693115,3.4100000858306885,3.299999952316284,3.4000000953674316,57700
2008-01-30,1.3226407766342163,3.3399999141693115,3.359999895095825,3.259999990463257,3.299999952316284,56900
2008-01-31,1.4058005809783936,3.549999952316284,3.549999952316284,3.25,3.25,133600
2008-02-01,1.4097609519958496,3.559999942779541,3.5999999046325684,3.440000057220459,3.549999952316284,105700
2008-02-04,1.544400930404663,3.9000000953674316,3.9200000762939453,3.5,3.5,196900
2008-02-05,1.5721211433410645,3.9700000286102295,4.099999904632568,3.799999952316284,3.9000000953674316,206700
2008-02-06,1.544400930404663,3.9000000953674316,3.990000009536743,3.75,3.869999885559082,134800
2008-02-07,1.421640396118164,3.5899999141693115,4.0,3.4100000858306885,3.8499999046325684,483800
2008-02-08,1.3701610565185547,3.4600000381469727,3.7100000381469727,3.319999933242798,3.5899999141693115,252100
2008-02-11,1.279081106185913,3.2300000190734863,3.5999999046325684,3.190000057220459,3.5399999618530273,206900
2008-02-12,1.2909611463546753,3.259999990463257,3.3499999046325684,3.180000066757202,3.25,304400
2008-02-13,1.2909611463546753,3.259999990463257,3.390000104904175,3.1600000858306885,3.2200000286102295,104500
2008-02-14,1.3186811208724976,3.3299999237060547,3.4200000762939453,3.240000009536743,3.3299999237060547,93300
2008-02-15,1.2988808155059814,3.2799999713897705,3.359999895095825,3.2200000286102295,3.359999895095825,82700
2008-02-19,1.2988808155059814,3.2799999713897705,3.3299999237060547,3.240000009536743,3.25,134800
2008-02-20,1.2909611463546753,3.259999990463257,3.299999952316284,3.200000047683716,3.2100000381469727,130500
2008-02-21,1.3028408288955688,3.2899999618530273,3.299999952316284,3.2300000190734863,3.2799999713897705,93100
2008-02-22,1.2870004177093506,3.25,3.259999990463257,3.2100000381469727,3.2100000381469727,77500
2008-02-25,1.310760498046875,3.309999942779541,3.319999933242798,3.2100000381469727,3.2100000381469727,182500
2008-02-26,1.3147209882736206,3.319999933242798,3.319999933242798,3.240000009536743,3.2799999713897705,64500
2008-02-27,1.3028408288955688,3.2899999618530273,3.319999933242798,3.259999990463257,3.309999942779541,101800
2008-02-28,1.2830407619476318,3.240000009536743,3.3499999046325684,3.2300000190734863,3.25,315900
2008-02-29,1.2830407619476318,3.240000009536743,3.299999952316284,3.200000047683716,3.299999952316284,250600
2008-03-03,1.2513608932495117,3.1600000858306885,3.2799999713897705,2.9000000953674316,3.25,288700
2008-03-04,1.1959205865859985,3.0199999809265137,3.1500000953674316,2.809999942779541,3.0999999046325684,167600
2008-03-05,1.176120638847351,2.9700000286102295,3.049999952316284,2.9600000381469727,3.0199999809265137,143300
2008-03-06,1.1484013795852661,2.9000000953674316,2.9700000286102295,2.859999895095825,2.930000066757202,291500
2008-03-07,1.2117608785629272,3.059999942779541,3.2899999618530273,2.7699999809265137,2.869999885559082,957700
2008-03-10,1.1840412616729736,2.990000009536743,3.049999952316284,2.950000047683716,3.0399999618530273,166600
2008-03-11,1.2196810245513916,3.0799999237060547,3.0899999141693115,2.9200000762939453,2.990000009536743,104400
2008-03-12,1.2315608263015747,3.109999895095825,3.299999952316284,2.9800000190734863,3.009999990463257,311400
2008-03-13,1.1880006790161133,3.0,3.2100000381469727,2.9600000381469727,3.059999942779541,98400
2008-03-14,1.1919611692428589,3.009999990463257,3.0999999046325684,2.940000057220459,3.069999933242798,280600
2008-03-17,1.1048407554626465,2.7899999618530273,2.990000009536743,2.7899999618530273,2.990000009536743,240400
2008-03-18,1.124640703201294,2.8399999141693115,2.869999885559082,2.75,2.809999942779541,119900
2008-03-19,1.1127605438232422,2.809999942779541,2.880000114440918,2.7699999809265137,2.8399999141693115,103500
2008-03-20,1.1088008880615234,2.799999952316284,2.8499999046325684,2.740000009536743,2.7799999713897705,340000
2008-03-24,1.1642403602600098,2.940000057220459,3.0,2.7799999713897705,2.799999952316284,72300
2008-03-25,1.2196810245513916,3.0799999237060547,3.0899999141693115,2.9100000858306885,2.930000066757202,179800
2008-03-26,1.2078008651733398,3.049999952316284,3.0799999237060547,3.009999990463257,3.0799999237060547,31400
2008-03-27,1.1286005973815918,2.8499999046325684,3.0899999141693115,2.809999942779541,3.049999952316284,102800
2008-03-28,1.1840412616729736,2.990000009536743,3.0,2.809999942779541,2.809999942779541,147500
2008-03-31,1.1880006790161133,3.0,3.0299999713897705,2.890000104904175,3.0,164800
2008-04-01,1.1523605585098267,2.9100000858306885,2.9800000190734863,2.869999885559082,2.950000047683716,48000
2008-04-02,1.1998811960220337,3.0299999713897705,3.0299999713897705,2.880000114440918,2.9100000858306885,77900
2008-04-03,1.1682007312774658,2.950000047683716,3.0299999713897705,2.9000000953674316,3.0299999713897705,46100
2008-04-04,1.1563208103179932,2.9200000762939453,2.990000009536743,2.8499999046325684,2.9100000858306885,288100
2008-04-07,1.1642403602600098,2.940000057220459,2.9700000286102295,2.880000114440918,2.940000057220459,117800
2008-04-08,1.1721608638763428,2.9600000381469727,3.0,2.9200000762939453,2.940000057220459,69700
2008-04-09,1.1721608638763428,2.9600000381469727,3.049999952316284,2.8499999046325684,2.950000047683716,198800
2008-04-10,1.1167210340499878,2.819999933242798,2.950000047683716,2.5199999809265137,2.940000057220459,380900
2008-04-11,1.1008803844451904,2.7799999713897705,2.7799999713897705,2.700000047683716,2.75,77600
2008-04-14,1.1286005973815918,2.8499999046325684,2.9000000953674316,2.7100000381469727,2.7699999809265137,99100
2008-04-15,1.1563208103179932,2.9200000762939453,3.25,2.819999933242798,2.859999895095825,119300
2008-04-16,1.176120638847351,2.9700000286102295,3.0299999713897705,2.890000104904175,2.890000104904175,83800
2008-04-17,1.1721608638763428,2.9600000381469727,2.9800000190734863,2.9000000953674316,2.9800000190734863,140400
2008-04-18,1.1998811960220337,3.0299999713897705,3.0999999046325684,2.950000047683716,3.0399999618530273,141400
2008-04-21,1.1959205865859985,3.0199999809265137,3.049999952316284,2.9700000286102295,3.0399999618530273,97000
2008-04-22,1.1800811290740967,2.9800000190734863,3.0,2.950000047683716,2.990000009536743,34100
2008-04-23,1.1682007312774658,2.950000047683716,3.0199999809265137,2.9000000953674316,2.950000047683716,58500
2008-04-24,1.124640703201294,2.8399999141693115,2.859999895095825,2.7799999713897705,2.8399999141693115,166000
2008-04-25,1.1127605438232422,2.809999942779541,2.859999895095825,2.7799999713897705,2.8299999237060547,23200
2008-04-28,1.1325606107711792,2.859999895095825,2.940000057220459,2.700000047683716,2.700000047683716,118600
2008-04-29,1.1563208103179932,2.9200000762939453,2.9200000762939453,2.7899999618530273,2.859999895095825,77700
2008-04-30,1.1721608638763428,2.9600000381469727,3.0,2.9000000953674316,2.9000000953674316,63100
2008-05-01,1.1800811290740967,2.9800000190734863,3.0399999618530273,2.859999895095825,2.9200000762939453,99400
2008-05-02,1.1880006790161133,3.0,3.0,2.930000066757202,2.990000009536743,41300
2008-05-05,1.1682007312774658,2.950000047683716,3.0199999809265137,2.9200000762939453,3.0,71000
2008-05-06,1.176120638847351,2.9700000286102295,2.990000009536743,2.859999895095825,2.9600000381469727,83900
2008-05-07,1.1602805852890015,2.930000066757202,3.0,2.880000114440918,2.9700000286102295,139100
2008-05-08,1.1880006790161133,3.0,3.009999990463257,2.869999885559082,2.930000066757202,578400
2008-05-09,1.1721608638763428,2.9600000381469727,3.0999999046325684,2.9600000381469727,3.0,199800
2008-05-12,1.1800811290740967,2.9800000190734863,3.0399999618530273,2.9200000762939453,3.0,190400
2008-05-13,1.1880006790161133,3.0,3.0199999809265137,2.859999895095825,2.9600000381469727,191700
2008-05-14,1.2355204820632935,3.119999885559082,3.25,2.9600000381469727,2.9600000381469727,404100
2008-05-15,1.3662009239196777,3.450000047683716,3.4800000190734863,3.049999952316284,3.059999942779541,297100
2008-05-16,1.3147209882736206,3.319999933242798,3.450000047683716,3.2200000286102295,3.450000047683716,66500
2008-05-19,1.279081106185913,3.2300000190734863,3.319999933242798,3.2100000381469727,3.2699999809265137,33900
2008-05-20,1.2909611463546753,3.259999990463257,3.2699999809265137,3.0,3.1700000762939453,201300
2008-05-21,1.2553211450576782,3.1700000762939453,3.3299999237060547,3.0899999141693115,3.2699999809265137,161200
2008-05-22,1.2553211450576782,3.1700000762939453,3.2300000190734863,3.140000104904175,3.180000066757202,136800
2008-05-23,1.2632406949996948,3.190000057220459,3.240000009536743,3.1700000762939453,3.190000057220459,127700
2008-05-27,1.279081106185913,3.2300000190734863,3.2300000190734863,3.1700000762939453,3.180000066757202,56800
2008-05-28,1.2711615562438965,3.2100000381469727,3.2200000286102295,3.1700000762939453,3.180000066757202,133800
2008-05-29,1.2672008275985718,3.200000047683716,3.25,3.180000066757202,3.200000047683716,91400
2008-05-30,1.3266013860702515,3.3499999046325684,3.390000104904175,3.180000066757202,3.200000047683716,132900
2008-06-02,1.2513608932495117,3.1600000858306885,3.359999895095825,3.0999999046325684,3.299999952316284,141700
2008-06-03,1.2632406949996948,3.190000057220459,3.190000057220459,3.119999885559082,3.1500000953674316,45300
2008-06-04,1.2553211450576782,3.1700000762939453,3.190000057220459,3.140000104904175,3.1500000953674316,52300
2008-06-05,1.2592813968658447,3.180000066757202,3.259999990463257,3.140000104904175,3.140000104904175,89400
2008-06-06,1.2592813968658447,3.180000066757202,3.180000066757202,3.1500000953674316,3.1500000953674316,32900
2008-06-09,1.2276004552841187,3.0999999046325684,3.1700000762939453,3.0,3.1700000762939453,232200
2008-06-10,1.2078008651733398,3.049999952316284,3.0999999046325684,3.0199999809265137,3.0899999141693115,35900
2008-06-11,1.2117608785629272,3.059999942779541,3.0999999046325684,3.009999990463257,3.0899999141693115,73900
2008-06-12,1.2078008651733398,3.049999952316284,3.25,3.0199999809265137,3.0299999713897705,80700
2008-06-13,1.2078008651733398,3.049999952316284,3.0999999046325684,2.990000009536743,3.0299999713897705,183900
2008-06-16,1.1880006790161133,3.0,3.049999952316284,2.9800000190734863,3.0,56100
2008-06-17,1.1682007312774658,2.950000047683716,3.0,2.940000057220459,3.0,50100
2008-06-18,1.1523605585098267,2.9100000858306885,2.950000047683716,2.9100000858306885,2.9200000762939453,16800
2008-06-19,1.1286005973815918,2.8499999046325684,2.940000057220459,2.8499999046325684,2.9000000953674316,91500
2008-06-20,1.009800672531128,2.549999952316284,2.819999933242798,2.549999952316284,2.75,258500
2008-06-23,1.0692005157470703,2.700000047683716,2.930000066757202,2.5299999713897705,2.700000047683716,1682800
2008-06-24,1.1206806898117065,2.8299999237060547,2.9100000858306885,2.640000104904175,2.7200000286102295,83900
2008-06-25,1.1167210340499878,2.819999933242798,2.9100000858306885,2.799999952316284,2.9100000858306885,157100
2008-06-26,1.1206806898117065,2.8299999237060547,2.8499999046325684,2.740000009536743,2.819999933242798,90200
2008-06-27,1.0929608345031738,2.759999990463257,2.809999942779541,2.75,2.799999952316284,45900
2008-06-30,1.1048407554626465,2.7899999618530273,2.859999895095825,2.490000009536743,2.7200000286102295,141300
2008-07-01,1.049401044845581,2.6500000953674316,2.759999990463257,2.6500000953674316,2.740000009536743,94100
2008-07-02,0.9900006651878357,2.5,2.7100000381469727,2.5,2.690000057220459,137600
2008-07-03,1.009800672531128,2.549999952316284,2.700000047683716,2.549999952316284,2.5999999046325684,58600
2008-07-07,1.0177204608917236,2.569999933242798,2.700000047683716,2.380000114440918,2.690000057220459,250500
2008-07-08,0.9781203269958496,2.4700000286102295,2.6500000953674316,2.4200000762939453,2.5199999809265137,121200
2008-07-09,0.9543610215187073,2.4100000858306885,2.5199999809265137,2.359999895095825,2.490000009536743,91900
2008-07-10,0.9108006954193115,2.299999952316284,2.440000057220459,2.25,2.440000057220459,176100
2008-07-11,0.9226808547973633,2.3299999237060547,2.3499999046325684,2.0,2.299999952316284,265700
2008-07-14,0.8593208193778992,2.1700000762939453,2.430000066757202,2.1700000762939453,2.1700000762939453,175000
2008-07-15,0.8712005615234375,2.200000047683716,2.3499999046325684,2.1600000858306885,2.2699999809265137,119400
2008-07-16,0.8830803036689758,2.2300000190734863,2.25,2.130000114440918,2.2300000190734863,206300
2008-07-17,0.8870404958724976,2.240000009536743,2.3299999237060547,2.240000009536743,2.299999952316284,113500
2008-07-18,0.8870404958724976,2.240000009536743,2.440000057220459,2.180000066757202,2.440000057220459,178900
2008-07-21,0.8910004496574402,2.25,2.299999952316284,2.2200000286102295,2.240000009536743,74500
2008-07-22,0.8949605226516724,2.259999990463257,2.299999952316284,2.25,2.25,69400
2008-07-23,0.8949605226516724,2.259999990463257,2.3299999237060547,2.25,2.3299999237060547,99400
2008-07-24,0.8434805274009705,2.130000114440918,2.369999885559082,2.0999999046325684,2.2699999809265137,139700
2008-07-25,0.8632806539535522,2.180000066757202,2.2899999618530273,2.130000114440918,2.2699999809265137,56100
2008-07-28,0.8355604410171509,2.109999895095825,2.2300000190734863,2.109999895095825,2.180000066757202,56300
2008-07-29,0.8712005615234375,2.200000047683716,2.2799999713897705,2.1500000953674316,2.1600000858306885,129800
2008-07-30,0.8672404885292053,2.190000057220459,2.200000047683716,2.0999999046325684,2.1500000953674316,102900
2008-07-31,0.8910004496574402,2.25,2.4100000858306885,2.1500000953674316,2.180000066757202,55500
2008-08-01,0.811800479888916,2.049999952316284,2.2100000381469727,2.0299999713897705,2.2100000381469727,785500
2008-08-04,0.8712005615234375,2.200000047683716,2.200000047683716,2.0999999046325684,2.140000104904175,54900
2008-08-05,0.8791208267211914,2.2200000286102295,2.390000104904175,2.0999999046325684,2.25,293800
2008-08-06,0.9702004194259644,2.450000047683716,2.450000047683716,2.1700000762939453,2.2300000190734863,164800
2008-08-07,1.005840539932251,2.5399999618530273,2.5799999237060547,2.049999952316284,2.299999952316284,129400
2008-08-08,0.9741605520248413,2.4600000381469727,2.509999990463257,2.4200000762939453,2.509999990463257,25900
2008-08-11,1.0414807796478271,2.630000114440918,2.630000114440918,2.4100000858306885,2.4600000381469727,148100
2008-08-12,1.0414807796478271,2.630000114440918,2.690000057220459,2.549999952316284,2.690000057220459,77200
2008-08-13,1.0414807796478271,2.630000114440918,2.640000104904175,2.559999942779541,2.630000114440918,31700
2008-08-14,1.021680474281311,2.5799999237060547,2.630000114440918,2.5299999713897705,2.619999885559082,14100
2008-08-15,1.009800672531128,2.549999952316284,2.5999999046325684,2.5,2.549999952316284,35900
2008-08-18,1.053360939025879,2.6600000858306885,2.6600000858306885,2.5199999809265137,2.549999952316284,42900
2008-08-19,1.0652403831481934,2.690000057220459,2.759999990463257,2.559999942779541,2.690000057220459,174600
2008-08-20,1.1484013795852661,2.9000000953674316,2.9800000190734863,2.740000009536743,2.759999990463257,176100
2008-08-21,1.089000940322876,2.75,2.9600000381469727,2.7100000381469727,2.950000047683716,131600
2008-08-22,1.1008803844451904,2.7799999713897705,2.7799999713897705,2.7300000190734863,2.759999990463257,42500
2008-08-25,1.0771207809448242,2.7200000286102295,2.799999952316284,2.7200000286102295,2.7799999713897705,80100
2008-08-26,1.0771207809448242,2.7200000286102295,2.819999933242798,2.7200000286102295,2.759999990463257,31100
2008-08-27,1.089000940322876,2.75,2.869999885559082,2.740000009536743,2.75,112500
2008-08-28,1.089000940322876,2.75,2.7799999713897705,2.7200000286102295,2.740000009536743,67600
2008-08-29,1.0810809135437012,2.7300000190734863,2.799999952316284,2.7300000190734863,2.7799999713897705,118600
2008-09-02,1.1444405317306519,2.890000104904175,2.890000104904175,2.6500000953674316,2.690000057220459,77200
2008-09-03,1.089000940322876,2.75,2.890000104904175,2.75,2.890000104904175,18400
2008-09-04,1.1206806898117065,2.8299999237060547,2.890000104904175,2.700000047683716,2.700000047683716,39600
2008-09-05,1.0969209671020508,2.7699999809265137,2.890000104904175,2.700000047683716,2.890000104904175,85800
2008-09-08,1.1048407554626465,2.7899999618530273,2.8299999237060547,2.759999990463257,2.799999952316284,78200
2008-09-09,1.0652403831481934,2.690000057220459,2.809999942779541,2.6600000858306885,2.7699999809265137,48200
2008-09-10,1.0177204608917236,2.569999933242798,2.75,2.569999933242798,2.6700000762939453,75300
2008-09-11,1.0296008586883545,2.5999999046325684,2.619999885559082,2.5399999618530273,2.549999952316284,37500
2008-09-12,0.9979206919670105,2.5199999809265137,2.5999999046325684,2.490000009536743,2.569999933242798,54200
2008-09-15,0.9860406517982483,2.490000009536743,2.5399999618530273,2.359999895095825,2.359999895095825,53600
2008-09-16,0.9504010677337646,2.4000000953674316,2.4600000381469727,2.059999942779541,2.240000009536743,102500
2008-09-17,0.8712005615234375,2.200000047683716,2.450000047683716,2.0999999046325684,2.380000114440918,272700
2008-09-18,0.8870404958724976,2.240000009536743,2.25,2.1500000953674316,2.240000009536743,143400
2008-09-19,1.0692005157470703,2.700000047683716,2.75,2.25,2.75,141900
2008-09-22,0.9820807576179504,2.4800000190734863,2.75,2.4800000190734863,2.75,41200
2008-09-23,0.9583207964897156,2.4200000762939453,2.509999990463257,2.4100000858306885,2.4100000858306885,11300
2008-09-24,0.9306004047393799,2.3499999046325684,2.4700000286102295,2.3299999237060547,2.4200000762939453,44100
2008-09-25,0.9068406820297241,2.2899999618530273,2.3499999046325684,2.25,2.299999952316284,27100
2008-09-26,0.8870404958724976,2.240000009536743,2.25,2.1500000953674316,2.25,26300
2008-09-29,0.8791208267211914,2.2200000286102295,2.25,2.0999999046325684,2.25,56200
2008-09-30,0.8791208267211914,2.2200000286102295,2.240000009536743,2.140000104904175,2.1600000858306885,43000
2008-10-01,0.8830803036689758,2.2300000190734863,2.25,2.1600000858306885,2.200000047683716,31300
2008-10-02,0.8514007329940796,2.1500000953674316,2.240000009536743,2.140000104904175,2.2100000381469727,95900
2008-10-03,0.8632806539535522,2.180000066757202,2.2699999809265137,2.0799999237060547,2.0799999237060547,27800
2008-10-06,0.8316004872322083,2.0999999046325684,2.1700000762939453,2.0,2.1500000953674316,272900
2008-10-07,0.7563601732254028,1.909999966621399,2.0999999046325684,1.909999966621399,2.059999942779541,169100
2008-10-08,0.803880512714386,2.0299999713897705,2.0299999713897705,1.899999976158142,1.9199999570846558,246900
2008-10-09,0.811800479888916,2.049999952316284,2.0799999237060547,2.0,2.0,216200
2008-10-10,0.7642806768417358,1.9299999475479126,2.0199999809265137,1.6299999952316284,1.9500000476837158,487300
2008-10-13,0.7880404591560364,1.9900000095367432,2.0,1.809999942779541,1.9700000286102295,1024500
2008-10-14,0.7326003909111023,1.850000023841858,2.049999952316284,1.850000023841858,1.9500000476837158,1253900
2008-10-15,0.7563601732254028,1.909999966621399,1.9199999570846558,1.7699999809265137,1.8799999952316284,194800
2008-10-16,0.7682405710220337,1.940000057220459,2.049999952316284,1.850000023841858,1.8700000047683716,169400
2008-10-17,0.7603207230567932,1.9199999570846558,2.009999990463257,1.840000033378601,1.940000057220459,155400
2008-10-20,0.8672404885292053,2.190000057220459,2.259999990463257,1.9500000476837158,2.009999990463257,153000
2008-10-21,0.9028805494308472,2.2799999713897705,2.319999933242798,2.200000047683716,2.299999952316284,25200
2008-10-22,0.823680579662323,2.0799999237060547,2.200000047683716,2.0799999237060547,2.200000047683716,64500
2008-10-23,0.7920005917549133,2.0,2.180000066757202,1.9500000476837158,2.0799999237060547,131400
2008-10-24,0.7959608435630798,2.009999990463257,2.059999942779541,1.8799999952316284,1.899999976158142,107100
2008-10-27,0.7722004652023315,1.9500000476837158,2.009999990463257,1.899999976158142,1.9700000286102295,98200
2008-10-28,0.7444806098937988,1.8799999952316284,2.0,1.7999999523162842,2.0,126200
2008-10-29,0.7365603446960449,1.8600000143051147,1.9600000381469727,1.75,1.9600000381469727,222000
2008-10-30,0.799920380115509,2.0199999809265137,2.0199999809265137,1.850000023841858,1.8600000143051147,74600
2008-10-31,0.8791208267211914,2.2200000286102295,2.25,2.0,2.0399999618530273,121600
2008-11-03,0.9504010677337646,2.4000000953674316,2.549999952316284,2.25,2.3399999141693115,107500
2008-11-04,0.9266403317451477,2.3399999141693115,2.5,2.2699999809265137,2.5,108600
2008-11-05,0.8910004496574402,2.25,2.4000000953674316,2.2100000381469727,2.4000000953674316,51100
2008-11-06,0.7920005917549133,2.0,2.190000057220459,1.899999976158142,2.140000104904175,137200
2008-11-07,0.8078405261039734,2.0399999618530273,2.049999952316284,1.9800000190734863,2.0,22400
2008-11-10,0.8157604932785034,2.059999942779541,2.119999885559082,2.0,2.0,65200
2008-11-11,0.811800479888916,2.049999952316284,2.049999952316284,1.7899999618530273,2.0,116000
2008-11-12,0.7959608435630798,2.009999990463257,2.059999942779541,1.899999976158142,1.899999976158142,169800
2008-11-13,0.7801205515861511,1.9700000286102295,2.009999990463257,1.909999966621399,2.0,108600
2008-11-14,0.7801205515861511,1.9700000286102295,2.0299999713897705,1.9299999475479126,1.9299999475479126,46100
2008-11-17,0.7603207230567932,1.9199999570846558,2.0299999713897705,1.8700000047683716,1.9900000095367432,153400
2008-11-18,0.7444806098937988,1.8799999952316284,1.9900000095367432,1.8600000143051147,1.9900000095367432,44200
2008-11-19,0.7484405040740967,1.8899999856948853,1.9800000190734863,1.850000023841858,1.850000023841858,127700
2008-11-20,0.7444806098937988,1.8799999952316284,1.9500000476837158,1.8600000143051147,1.9199999570846558,89600
2008-11-21,0.724680483341217,1.8300000429153442,1.9299999475479126,1.75,1.7899999618530273,166000
2008-11-24,0.7365603446960449,1.8600000143051147,1.8600000143051147,1.7599999904632568,1.7899999618530273,124000
2008-11-25,0.7840803861618042,1.9800000190734863,2.0,1.809999942779541,1.9299999475479126,46000
2008-11-26,0.7880404591560364,1.9900000095367432,2.009999990463257,1.909999966621399,1.909999966621399,45200
2008-11-28,0.799920380115509,2.0199999809265137,2.0299999713897705,1.909999966621399,2.0299999713897705,117400
2008-12-01,0.7642806768417358,1.9299999475479126,1.9800000190734863,1.899999976158142,1.9299999475479126,55100
2008-12-02,0.7801205515861511,1.9700000286102295,1.9700000286102295,1.7999999523162842,1.9299999475479126,298500
2008-12-03,0.7920005917549133,2.0,2.049999952316284,1.9500000476837158,1.9800000190734863,90400
2008-12-04,0.7761608362197876,1.9600000381469727,2.0,1.940000057220459,1.9700000286102295,32500
2008-12-05,0.7563601732254028,1.909999966621399,2.0,1.909999966621399,1.9900000095367432,125700
2008-12-08,0.8276406526565552,2.0899999141693115,2.119999885559082,1.8700000047683716,1.8700000047683716,124200
2008-12-09,0.811800479888916,2.049999952316284,2.0999999046325684,2.049999952316284,2.0899999141693115,72100
2008-12-10,0.8751605749130249,2.2100000381469727,2.2200000286102295,2.049999952316284,2.049999952316284,101900
2008-12-11,0.8514007329940796,2.1500000953674316,2.369999885559082,1.8600000143051147,1.8600000143051147,197100
2008-12-12,0.9266403317451477,2.3399999141693115,2.3399999141693115,2.0,2.200000047683716,152100
2008-12-15,0.823680579662323,2.0799999237060547,2.309999942779541,2.0799999237060547,2.309999942779541,51200
2008-12-16,0.847440779209137,2.140000104904175,2.1500000953674316,2.0,2.0,45900
2008-12-17,0.8434805274009705,2.130000114440918,2.2300000190734863,2.049999952316284,2.140000104904175,89400
2008-12-18,0.8157604932785034,2.059999942779541,2.1500000953674316,2.059999942779541,2.059999942779541,87800
2008-12-19,0.8434805274009705,2.130000114440918,2.180000066757202,2.049999952316284,2.0999999046325684,101300
2008-12-22,0.8316004872322083,2.0999999046325684,2.25,2.049999952316284,2.1500000953674316,154700
2008-12-23,0.8197206258773804,2.069999933242798,2.1700000762939453,2.059999942779541,2.0999999046325684,182400
2008-12-24,0.811800479888916,2.049999952316284,2.119999885559082,2.0199999809265137,2.049999952316284,33800
2008-12-26,0.8276406526565552,2.0899999141693115,2.1500000953674316,2.0299999713897705,2.049999952316284,35100
2008-12-29,0.811800479888916,2.049999952316284,2.069999933242798,1.9700000286102295,2.059999942779541,122900
2008-12-30,0.8791208267211914,2.2200000286102295,2.25,2.0299999713897705,2.0299999713897705,82700
2008-12-31,0.9464406967163086,2.390000104904175,2.450000047683716,2.140000104904175,2.2200000286102295,232200
2009-01-02,0.9226808547973633,2.3299999237060547,2.440000057220459,2.319999933242798,2.4000000953674316,31900
2009-01-05,0.8910004496574402,2.25,2.380000114440918,2.2200000286102295,2.259999990463257,93900
2009-01-06,0.9504010677337646,2.4000000953674316,2.4100000858306885,2.299999952316284,2.299999952316284,45800
2009-01-07,0.9860406517982483,2.490000009536743,2.5,2.3499999046325684,2.3499999046325684,238200
2009-01-08,1.033560872077942,2.609999895095825,2.630000114440918,2.440000057220459,2.5,64400
2009-01-09,0.9900006651878357,2.5,2.680000066757202,2.5,2.569999933242798,43300
2009-01-12,0.9385206699371338,2.369999885559082,2.549999952316284,2.359999895095825,2.5199999809265137,82100
2009-01-13,0.9028805494308472,2.2799999713897705,2.4700000286102295,2.2200000286102295,2.3499999046325684,207600
2009-01-14,0.9068406820297241,2.2899999618530273,2.369999885559082,2.259999990463257,2.3299999237060547,179500
2009-01-15,0.9306004047393799,2.3499999046325684,2.359999895095825,2.200000047683716,2.25,85400
2009-01-16,0.9306004047393799,2.3499999046325684,2.359999895095825,2.299999952316284,2.3499999046325684,54300
2009-01-20,0.9187207221984863,2.319999933242798,2.390000104904175,2.259999990463257,2.259999990463257,71500
2009-01-21,0.9108006954193115,2.299999952316284,2.299999952316284,2.109999895095825,2.200000047683716,147600
2009-01-22,0.8791208267211914,2.2200000286102295,2.2899999618530273,2.180000066757202,2.2899999618530273,58700
2009-01-23,0.9622805714607239,2.430000066757202,2.440000057220459,2.109999895095825,2.4000000953674316,144600
2009-01-26,0.9504010677337646,2.4000000953674316,2.5999999046325684,2.299999952316284,2.5,192100
2009-01-27,0.9543610215187073,2.4100000858306885,2.5399999618530273,2.4000000953674316,2.4000000953674316,215000
2009-01-28,0.9424806833267212,2.380000114440918,2.490000009536743,2.3499999046325684,2.4100000858306885,559700
2009-01-29,0.9385206699371338,2.369999885559082,2.4000000953674316,2.299999952316284,2.299999952316284,61000
2009-01-30,0.9226808547973633,2.3299999237060547,2.4100000858306885,2.3299999237060547,2.359999895095825,56500
2009-02-02,0.9147604703903198,2.309999942779541,2.450000047683716,2.299999952316284,2.299999952316284,83100
2009-02-03,0.9996266961097717,2.450000047683716,2.6500000953674316,2.3299999237060547,2.3299999237060547,179500
2009-02-04,0.9792269468307495,2.4000000953674316,2.5,2.390000104904175,2.5,114700
2009-02-05,1.0281875133514404,2.5199999809265137,2.7300000190734863,2.4000000953674316,2.450000047683716,764100
2009-02-06,1.0404280424118042,2.549999952316284,2.5899999141693115,2.380000114440918,2.4000000953674316,110600
2009-02-09,1.0689888000488281,2.619999885559082,2.6600000858306885,2.4700000286102295,2.5999999046325684,136400
2009-02-10,1.0812294483184814,2.6500000953674316,2.6500000953674316,2.5999999046325684,2.6500000953674316,170000
2009-02-11,1.0404280424118042,2.549999952316284,2.6500000953674316,2.509999990463257,2.569999933242798,135000
2009-02-12,1.0526680946350098,2.5799999237060547,2.6500000953674316,2.559999942779541,2.569999933242798,156300
2009-02-13,1.0689888000488281,2.619999885559082,2.6500000953674316,2.549999952316284,2.6500000953674316,79100
2009-02-17,1.0689888000488281,2.619999885559082,2.700000047683716,2.5799999237060547,2.700000047683716,56100
2009-02-18,1.0812294483184814,2.6500000953674316,2.6500000953674316,2.569999933242798,2.5999999046325684,77800
2009-02-19,1.060828685760498,2.5999999046325684,2.6500000953674316,2.5999999046325684,2.619999885559082,55700
2009-02-20,1.0689888000488281,2.619999885559082,2.700000047683716,2.509999990463257,2.690000057220459,114600
2009-02-23,1.0445079803466797,2.559999942779541,2.5999999046325684,2.5,2.5799999237060547,230200
2009-02-24,1.0404280424118042,2.549999952316284,2.5999999046325684,2.509999990463257,2.549999952316284,126700
2009-02-25,1.0485882759094238,2.569999933242798,2.5999999046325684,2.5,2.569999933242798,78700
2009-02-26,1.0445079803466797,2.559999942779541,2.569999933242798,2.380000114440918,2.549999952316284,158100
2009-02-27,1.0567481517791748,2.5899999141693115,2.690000057220459,2.4600000381469727,2.4700000286102295,281200
2009-03-02,1.0159474611282349,2.490000009536743,2.619999885559082,2.380000114440918,2.5399999618530273,180800
2009-03-03,1.060828685760498,2.5999999046325684,2.609999895095825,2.5,2.5999999046325684,104500
2009-03-04,1.0649086236953735,2.609999895095825,2.7200000286102295,2.5299999713897705,2.559999942779541,204400
2009-03-05,1.0404280424118042,2.549999952316284,2.680000066757202,2.549999952316284,2.549999952316284,226900
2009-03-06,1.0241076946258545,2.509999990463257,2.5899999141693115,2.5,2.559999942779541,93500
2009-03-09,1.0445079803466797,2.559999942779541,2.5999999046325684,2.450000047683716,2.5799999237060547,134700
2009-03-10,1.0485882759094238,2.569999933242798,2.5899999141693115,2.5,2.5,141200
2009-03-11,1.0771491527557373,2.640000104904175,2.700000047683716,2.5199999809265137,2.549999952316284,164300
2009-03-12,1.0771491527557373,2.640000104904175,2.7300000190734863,2.609999895095825,2.6500000953674316,217000
2009-03-13,1.0812294483184814,2.6500000953674316,2.700000047683716,2.6500000953674316,2.6500000953674316,67700
2009-03-16,1.1057096719741821,2.7100000381469727,2.7799999713897705,2.6500000953674316,2.700000047683716,107600
2009-03-17,1.0812294483184814,2.6500000953674316,2.75,2.6500000953674316,2.7100000381469727,86000
2009-03-18,1.0771491527557373,2.640000104904175,2.7300000190734863,2.619999885559082,2.6500000953674316,98200
2009-03-19,1.0404280424118042,2.549999952316284,2.6600000858306885,2.549999952316284,2.6500000953674316,207600
2009-03-20,1.060828685760498,2.5999999046325684,2.7200000286102295,2.4000000953674316,2.5299999713897705,46700
2009-03-23,1.0281875133514404,2.5199999809265137,2.609999895095825,2.4800000190734863,2.559999942779541,94300
2009-03-24,1.0281875133514404,2.5199999809265137,2.5399999618530273,2.5,2.5199999809265137,38200
2009-03-25,1.060828685760498,2.5999999046325684,2.6500000953674316,2.5,2.5,55300
2009-03-26,1.0771491527557373,2.640000104904175,2.7799999713897705,2.559999942779541,2.559999942779541,136900
2009-03-27,1.0934697389602661,2.680000066757202,2.759999990463257,2.6500000953674316,2.6500000953674316,307300
2009-03-30,1.0567481517791748,2.5899999141693115,2.680000066757202,2.5799999237060547,2.680000066757202,87800
2009-03-31,1.060828685760498,2.5999999046325684,2.6500000953674316,2.559999942779541,2.5999999046325684,208000
2009-04-01,1.1016294956207275,2.700000047683716,2.7100000381469727,2.549999952316284,2.5999999046325684,271700
2009-04-02,1.1424310207366943,2.799999952316284,2.799999952316284,2.700000047683716,2.7100000381469727,130000
2009-04-03,1.134270191192627,2.7799999713897705,2.799999952316284,2.7300000190734863,2.75,61900
2009-04-06,1.1424310207366943,2.799999952316284,2.799999952316284,2.75,2.75,180300
2009-04-07,1.126110553741455,2.759999990463257,2.799999952316284,2.75,2.75,32600
2009-04-08,1.150591254234314,2.819999933242798,2.819999933242798,2.6700000762939453,2.799999952316284,80000
2009-04-09,1.1546710729599,2.8299999237060547,2.869999885559082,2.819999933242798,2.8299999237060547,158700
2009-04-13,1.1791517734527588,2.890000104904175,2.9600000381469727,2.799999952316284,2.859999895095825,152200
2009-04-14,1.2240328788757324,3.0,3.0,2.9000000953674316,2.9000000953674316,191900
2009-04-15,1.2321929931640625,3.0199999809265137,3.059999942779541,2.9700000286102295,3.059999942779541,173700
2009-04-16,1.2158730030059814,2.9800000190734863,3.049999952316284,2.940000057220459,3.049999952316284,151900
2009-04-17,1.2240328788757324,3.0,3.049999952316284,2.950000047683716,3.009999990463257,158400
2009-04-20,1.1913920640945435,2.9200000762939453,3.0,2.9200000762939453,3.0,34900
2009-04-21,1.2117923498153687,2.9700000286102295,3.119999885559082,2.869999885559082,2.869999885559082,66400
2009-04-22,1.2444334030151367,3.049999952316284,3.1600000858306885,2.9700000286102295,2.9700000286102295,304500
2009-04-23,1.260754108428955,3.0899999141693115,3.130000114440918,3.0199999809265137,3.0199999809265137,135300
2009-04-24,1.2362734079360962,3.0299999713897705,3.0999999046325684,3.0,3.0999999046325684,92900
2009-04-27,1.260754108428955,3.0899999141693115,3.119999885559082,3.0,3.0199999809265137,189500
2009-04-28,1.2281132936477661,3.009999990463257,3.0899999141693115,3.009999990463257,3.009999990463257,66500
2009-04-29,1.2444334030151367,3.049999952316284,3.069999933242798,3.009999990463257,3.049999952316284,52900
2009-04-30,1.2893145084381104,3.1600000858306885,3.1700000762939453,3.0199999809265137,3.0299999713897705,112000
2009-05-01,1.3423559665679932,3.2899999618530273,3.299999952316284,3.1500000953674316,3.1500000953674316,133900
2009-05-04,1.3464370965957642,3.299999952316284,3.3499999046325684,3.2300000190734863,3.3499999046325684,88300
2009-05-05,1.3206077814102173,3.1700000762939453,3.25,3.1500000953674316,3.25,31100
2009-05-06,1.3039432764053345,3.130000114440918,3.190000057220459,3.109999895095825,3.1700000762939453,85400
2009-05-07,1.2664498090744019,3.0399999618530273,3.1500000953674316,2.8499999046325684,3.130000114440918,152500
2009-05-08,1.3206077814102173,3.1700000762939453,3.190000057220459,3.0,3.0,26500
2009-05-11,1.3081090450286865,3.140000104904175,3.2200000286102295,3.0799999237060547,3.190000057220459,166200
2009-05-12,1.341437578201294,3.2200000286102295,3.299999952316284,3.140000104904175,3.1700000762939453,178300
2009-05-13,1.3122756481170654,3.1500000953674316,3.3499999046325684,3.0999999046325684,3.200000047683716,119100
2009-05-14,1.3914285898208618,3.3399999141693115,3.3499999046325684,3.1500000953674316,3.1500000953674316,172100
2009-05-15,1.41642427444458,3.4000000953674316,3.450000047683716,3.3299999237060547,3.359999895095825,209600
2009-05-18,1.3955950736999512,3.3499999046325684,3.4700000286102295,3.2899999618530273,3.4000000953674316,136300
2009-05-19,1.453918218612671,3.490000009536743,3.5299999713897705,3.3499999046325684,3.3499999046325684,203700
2009-05-20,1.4039260149002075,3.369999885559082,3.5399999618530273,3.369999885559082,3.5399999618530273,177800
2009-05-21,1.3622668981552124,3.2699999809265137,3.430000066757202,3.25,3.4200000762939453,79400
2009-05-22,1.453918218612671,3.490000009536743,3.5199999809265137,3.3299999237060547,3.369999885559082,210400
2009-05-26,1.4705811738967896,3.5299999713897705,3.5399999618530273,3.440000057220459,3.5399999618530273,549900
2009-05-27,1.4664156436920166,3.5199999809265137,3.619999885559082,3.4200000762939453,3.5899999141693115,279000
2009-05-28,1.462249755859375,3.509999990463257,3.569999933242798,3.490000009536743,3.559999942779541,110200
2009-05-29,1.4705811738967896,3.5299999713897705,3.5399999618530273,3.490000009536743,3.5299999713897705,115700
2009-06-01,1.4664156436920166,3.5199999809265137,3.559999942779541,3.4700000286102295,3.5299999713897705,292800
2009-06-02,1.4664156436920166,3.5199999809265137,3.5199999809265137,3.490000009536743,3.5,87100
2009-06-03,1.4372538328170776,3.450000047683716,3.5,3.4000000953674316,3.4800000190734863,117700
2009-06-04,1.458083987236023,3.5,3.5199999809265137,3.430000066757202,3.5199999809265137,112300
2009-06-05,1.462249755859375,3.509999990463257,3.5299999713897705,3.4200000762939453,3.5299999713897705,105000
2009-06-08,1.458083987236023,3.5,3.5199999809265137,3.4100000858306885,3.5199999809265137,304100
2009-06-09,1.458083987236023,3.5,3.5199999809265137,3.440000057220459,3.490000009536743,190400
2009-06-10,1.4205905199050903,3.4100000858306885,3.5199999809265137,3.4100000858306885,3.5199999809265137,191200
2009-06-11,1.462249755859375,3.509999990463257,3.509999990463257,3.4000000953674316,3.4800000190734863,236900
2009-06-12,1.4664156436920166,3.5199999809265137,3.5199999809265137,3.450000047683716,3.4700000286102295,109100
2009-06-15,1.462249755859375,3.509999990463257,3.5299999713897705,3.4600000381469727,3.5299999713897705,28100
2009-06-16,1.458083987236023,3.5,3.5299999713897705,3.4800000190734863,3.5199999809265137,155500
2009-06-17,1.4414201974868774,3.4600000381469727,3.5199999809265137,3.450000047683716,3.5199999809265137,165900
2009-06-18,1.458083987236023,3.5,3.5199999809265137,3.4800000190734863,3.5199999809265137,141700
2009-06-19,1.4789127111434937,3.549999952316284,3.549999952316284,3.490000009536743,3.5,164700
2009-06-22,1.4330881834030151,3.440000057220459,3.5,3.4000000953674316,3.4600000381469727,256700
2009-06-23,1.41642427444458,3.4000000953674316,3.4800000190734863,3.4000000953674316,3.4700000286102295,66400
2009-06-24,1.4039260149002075,3.369999885559082,3.4800000190734863,3.369999885559082,3.4800000190734863,103600
2009-06-25,1.4122577905654907,3.390000104904175,3.440000057220459,3.309999942779541,3.430000066757202,53000
2009-06-26,1.5080755949020386,3.619999885559082,3.690000057220459,3.5299999713897705,3.5899999141693115,458900
2009-06-29,1.5039093494415283,3.609999895095825,3.7300000190734863,3.549999952316284,3.7200000286102295,250400
2009-06-30,1.4872450828552246,3.569999933242798,3.640000104904175,3.5399999618530273,3.569999933242798,91800
2009-07-01,1.512241005897522,3.630000114440918,3.6700000762939453,3.5899999141693115,3.5999999046325684,156000
2009-07-02,1.458083987236023,3.5,3.6500000953674316,3.5,3.640000104904175,90300
2009-07-06,1.458083987236023,3.5,3.559999942779541,3.4700000286102295,3.5,43700
2009-07-07,1.4455856084823608,3.4700000286102295,3.549999952316284,3.450000047683716,3.549999952316284,58900
2009-07-08,1.3581007719039917,3.259999990463257,3.4700000286102295,3.2200000286102295,3.4700000286102295,108500
2009-07-09,1.3872625827789307,3.3299999237060547,3.3499999046325684,3.259999990463257,3.259999990463257,71600
2009-07-10,1.4039260149002075,3.369999885559082,3.430000066757202,3.2899999618530273,3.4000000953674316,32600
2009-07-13,1.4372538328170776,3.450000047683716,3.5199999809265137,3.3399999141693115,3.3399999141693115,82900
2009-07-14,1.4414201974868774,3.4600000381469727,3.5299999713897705,3.4200000762939453,3.5299999713897705,150700
2009-07-15,1.4247565269470215,3.4200000762939453,3.509999990463257,3.3499999046325684,3.509999990463257,67600
2009-07-16,1.4247565269470215,3.4200000762939453,3.509999990463257,3.359999895095825,3.4200000762939453,67500
2009-07-17,1.4205905199050903,3.4100000858306885,3.490000009536743,3.4100000858306885,3.4200000762939453,38400
2009-07-20,1.4122577905654907,3.390000104904175,3.509999990463257,3.380000114440918,3.4600000381469727,160500
2009-07-21,1.4247565269470215,3.4200000762939453,3.4600000381469727,3.4200000762939453,3.440000057220459,40900
2009-07-22,1.366432785987854,3.2799999713897705,3.4200000762939453,3.259999990463257,3.369999885559082,401700
2009-07-23,1.4080922603607178,3.380000114440918,3.380000114440918,3.2799999713897705,3.3399999141693115,269600
2009-07-24,1.4497520923614502,3.4800000190734863,3.490000009536743,3.369999885559082,3.369999885559082,38200
2009-07-27,1.4664156436920166,3.5199999809265137,3.5199999809265137,3.4600000381469727,3.5199999809265137,56300
2009-07-28,1.462249755859375,3.509999990463257,3.5399999618530273,3.4800000190734863,3.5299999713897705,65400
2009-07-29,1.4414201974868774,3.4600000381469727,3.5399999618530273,3.4600000381469727,3.4600000381469727,127200
2009-07-30,1.4414201974868774,3.4600000381469727,3.5199999809265137,3.4600000381469727,3.4800000190734863,37300
2009-07-31,1.462249755859375,3.509999990463257,3.5299999713897705,3.4600000381469727,3.4600000381469727,45800
2009-08-03,1.4455856084823608,3.4700000286102295,3.5199999809265137,3.4600000381469727,3.509999990463257,40400
2009-08-04,1.499975562095642,3.5299999713897705,3.5399999618530273,3.430000066757202,3.5,55400
2009-08-05,1.4702316522598267,3.4600000381469727,3.4800000190734863,3.450000047683716,3.4600000381469727,47800
2009-08-06,1.482979416847229,3.490000009536743,3.6700000762939453,3.4600000381469727,3.4600000381469727,315900
2009-08-07,1.4787299633026123,3.4800000190734863,3.5299999713897705,3.450000047683716,3.509999990463257,70400
2009-08-10,1.4404863119125366,3.390000104904175,3.4800000190734863,3.390000104904175,3.4800000190734863,61100
2009-08-11,1.4234905242919922,3.3499999046325684,3.4100000858306885,3.3499999046325684,3.390000104904175,72500
2009-08-12,1.3979943990707397,3.2899999618530273,3.3299999237060547,3.009999990463257,3.299999952316284,246700
2009-08-13,1.4404863119125366,3.390000104904175,3.4100000858306885,3.180000066757202,3.259999990463257,150900
2009-08-14,1.4872283935546875,3.5,3.5,3.4200000762939453,3.450000047683716,97800
2009-08-17,1.4574837684631348,3.430000066757202,3.4600000381469727,3.3399999141693115,3.430000066757202,41000
2009-08-18,1.4872283935546875,3.5,3.5,3.4000000953674316,3.4000000953674316,77300
2009-08-19,1.482979416847229,3.490000009536743,3.5,3.450000047683716,3.4800000190734863,66100
2009-08-20,1.4872283935546875,3.5,3.5,3.450000047683716,3.4800000190734863,76300
2009-08-21,1.4787299633026123,3.4800000190734863,3.5,3.4700000286102295,3.5,124400
2009-08-24,1.461733102798462,3.440000057220459,3.5,3.4100000858306885,3.490000009536743,95100
2009-08-25,1.4872283935546875,3.5,3.5,3.4100000858306885,3.4100000858306885,105800
2009-08-26,1.4872283935546875,3.5,3.509999990463257,3.4200000762939453,3.4600000381469727,252900
2009-08-27,1.482979416847229,3.490000009536743,3.5,3.440000057220459,3.490000009536743,321700
2009-08-28,1.5254709720611572,3.5899999141693115,3.609999895095825,3.4200000762939453,3.490000009536743,404800
2009-08-31,1.57221257686615,3.700000047683716,3.700000047683716,3.490000009536743,3.609999895095825,185300
2009-09-01,1.5637143850326538,3.680000066757202,3.75,3.5799999237060547,3.7200000286102295,99800
2009-09-02,1.5212215185165405,3.5799999237060547,3.630000114440918,3.4700000286102295,3.630000114440918,100400
2009-09-03,1.504225254058838,3.5399999618530273,3.5899999141693115,3.509999990463257,3.5799999237060547,86400
2009-09-04,1.5509661436080933,3.6500000953674316,3.700000047683716,3.5199999809265137,3.5799999237060547,68400
2009-09-08,1.56796395778656,3.690000057220459,3.7300000190734863,3.630000114440918,3.680000066757202,184600
2009-09-09,1.5637143850326538,3.680000066757202,3.700000047683716,3.5899999141693115,3.690000057220459,80200
2009-09-10,1.57221257686615,3.700000047683716,3.700000047683716,3.609999895095825,3.640000104904175,36300
2009-09-11,1.5764622688293457,3.7100000381469727,3.740000009536743,3.5899999141693115,3.700000047683716,218300
2009-09-14,1.5594652891159058,3.6700000762939453,3.6700000762939453,3.5999999046325684,3.6500000953674316,66400
2009-09-15,1.516972541809082,3.569999933242798,3.7100000381469727,3.569999933242798,3.7100000381469727,90900
2009-09-16,1.5084736347198486,3.549999952316284,3.630000114440918,3.549999952316284,3.609999895095825,85300
2009-09-17,1.4489855766296387,3.4100000858306885,3.5899999141693115,3.4100000858306885,3.549999952316284,95800
2009-09-18,1.5254709720611572,3.5899999141693115,3.5899999141693115,3.4100000858306885,3.4600000381469727,282000
2009-09-21,1.5254709720611572,3.5899999141693115,3.630000114440918,3.5199999809265137,3.5799999237060547,107200
2009-09-22,1.516972541809082,3.569999933242798,3.6700000762939453,3.5,3.619999885559082,130500
2009-09-23,1.5424680709838867,3.630000114440918,3.6600000858306885,3.549999952316284,3.549999952316284,52700
2009-09-24,1.5509661436080933,3.6500000953674316,3.6600000858306885,3.609999895095825,3.6600000858306885,70000
2009-09-25,1.5424680709838867,3.630000114440918,3.6700000762939453,3.559999942779541,3.5999999046325684,46700
2009-09-28,1.5509661436080933,3.6500000953674316,3.6700000762939453,3.549999952316284,3.6700000762939453,74500
2009-09-29,1.546717882156372,3.640000104904175,3.690000057220459,3.609999895095825,3.690000057220459,36200
2009-09-30,1.5424680709838867,3.630000114440918,3.700000047683716,3.609999895095825,3.609999895095825,149200
2009-10-01,1.533969759941101,3.609999895095825,3.690000057220459,3.5899999141693115,3.6500000953674316,93900
2009-10-02,1.5509661436080933,3.6500000953674316,3.6500000953674316,3.5799999237060547,3.619999885559082,38300
2009-10-05,1.5084736347198486,3.549999952316284,3.6600000858306885,3.549999952316284,3.549999952316284,87300
2009-10-06,1.5382193326950073,3.619999885559082,3.640000104904175,3.5799999237060547,3.5999999046325684,184000
2009-10-07,1.5637143850326538,3.680000066757202,3.7300000190734863,3.5999999046325684,3.630000114440918,159300
2009-10-08,1.555215835571289,3.6600000858306885,3.740000009536743,3.6500000953674316,3.680000066757202,217800
2009-10-09,1.5297201871871948,3.5999999046325684,3.740000009536743,3.5899999141693115,3.630000114440918,227200
2009-10-12,1.57221257686615,3.700000047683716,3.740000009536743,3.5999999046325684,3.5999999046325684,93600
2009-10-13,1.57221257686615,3.700000047683716,3.809999942779541,3.630000114440918,3.740000009536743,252000
2009-10-14,1.56796395778656,3.690000057220459,3.7100000381469727,3.6500000953674316,3.700000047683716,127700
2009-10-15,1.56796395778656,3.690000057220459,3.700000047683716,3.640000104904175,3.700000047683716,158000
2009-10-16,1.6147048473358154,3.799999952316284,3.819999933242798,3.6600000858306885,3.680000066757202,259200
2009-10-19,1.5849609375,3.7300000190734863,3.8499999046325684,3.7200000286102295,3.8499999046325684,165000
2009-10-20,1.5934590101242065,3.75,3.759999990463257,3.7100000381469727,3.75,116100
2009-10-21,1.5934590101242065,3.75,3.7699999809265137,3.7300000190734863,3.75,64300
2009-10-22,1.5849609375,3.7300000190734863,3.75,3.7200000286102295,3.7300000190734863,50500
2009-10-23,1.6232028007507324,3.819999933242798,3.8499999046325684,3.6700000762939453,3.700000047683716,44800
2009-10-26,1.6147048473358154,3.799999952316284,3.8499999046325684,3.799999952316284,3.8399999141693115,42200
2009-10-27,1.6359515190124512,3.8499999046325684,3.8499999046325684,3.759999990463257,3.799999952316284,35000
2009-10-28,1.6486990451812744,3.880000114440918,3.940000057220459,3.799999952316284,3.8299999237060547,220700
2009-10-29,1.661446452140808,3.9100000858306885,3.940000057220459,3.8499999046325684,3.8499999046325684,99300
2009-10-30,1.65719735622406,3.9000000953674316,3.940000057220459,3.890000104904175,3.940000057220459,69300
2009-11-02,1.65719735622406,3.9000000953674316,3.930000066757202,3.9000000953674316,3.9200000762939453,45900
2009-11-03,1.6822797060012817,3.890000104904175,3.9100000858306885,3.8399999141693115,3.8399999141693115,61000
2009-11-04,1.6909297704696655,3.9100000858306885,3.930000066757202,3.9000000953674316,3.9000000953674316,56600
2009-11-05,1.7039029598236084,3.940000057220459,3.940000057220459,3.880000114440918,3.9000000953674316,122000
2009-11-06,1.6649816036224365,3.8499999046325684,3.940000057220459,3.8299999237060547,3.940000057220459,66700
2009-11-09,1.7082278728485107,3.950000047683716,3.950000047683716,3.7899999618530273,3.859999895095825,78200
2009-11-10,1.6866048574447632,3.9000000953674316,3.950000047683716,3.8499999046325684,3.930000066757202,71800
2009-11-11,1.6866048574447632,3.9000000953674316,3.940000057220459,3.880000114440918,3.890000104904175,68200
2009-11-12,1.6866048574447632,3.9000000953674316,3.950000047683716,3.819999933242798,3.819999933242798,56300
2009-11-13,1.6866048574447632,3.9000000953674316,3.9200000762939453,3.859999895095825,3.9200000762939453,52700
2009-11-16,1.7082278728485107,3.950000047683716,3.950000047683716,3.8499999046325684,3.859999895095825,72400
2009-11-17,1.6779558658599854,3.880000114440918,3.9100000858306885,3.859999895095825,3.869999885559082,57200
2009-11-18,1.6693062782287598,3.859999895095825,3.890000104904175,3.859999895095825,3.880000114440918,30000
2009-11-19,1.7082278728485107,3.950000047683716,3.950000047683716,3.859999895095825,3.859999895095825,36300
2009-11-20,1.673630714416504,3.869999885559082,3.9000000953674316,3.869999885559082,3.9000000953674316,39800
2009-11-23,1.6779558658599854,3.880000114440918,3.9200000762939453,3.8499999046325684,3.869999885559082,45200
2009-11-24,1.673630714416504,3.869999885559082,3.9100000858306885,3.859999895095825,3.9000000953674316,35300
2009-11-25,1.6693062782287598,3.859999895095825,3.930000066757202,3.859999895095825,3.9100000858306885,46000
2009-11-27,1.6649816036224365,3.8499999046325684,3.950000047683716,3.819999933242798,3.8399999141693115,38000
2009-11-30,1.6779558658599854,3.880000114440918,3.940000057220459,3.859999895095825,3.859999895095825,27900
2009-12-01,1.647683024406433,3.809999942779541,3.930000066757202,3.809999942779541,3.8499999046325684,70700
2009-12-02,1.6563318967819214,3.8299999237060547,3.9000000953674316,3.7899999618530273,3.8299999237060547,149800
2009-12-03,1.6174105405807495,3.740000009536743,3.8499999046325684,3.7200000286102295,3.799999952316284,99800
2009-12-04,1.6563318967819214,3.8299999237060547,3.8499999046325684,3.7799999713897705,3.8299999237060547,38700
2009-12-07,1.6563318967819214,3.8299999237060547,3.869999885559082,3.7899999618530273,3.7899999618530273,95100
2009-12-08,1.6433582305908203,3.799999952316284,3.859999895095825,3.7100000381469727,3.8499999046325684,64200
2009-12-09,1.6693062782287598,3.859999895095825,3.859999895095825,3.759999990463257,3.759999990463257,30000
2009-12-10,1.6822797060012817,3.890000104904175,3.950000047683716,3.819999933242798,3.8499999046325684,119400
2009-12-11,1.6649816036224365,3.8499999046325684,3.930000066757202,3.7699999809265137,3.859999895095825,74500
2009-12-14,1.6563318967819214,3.8299999237060547,3.859999895095825,3.75,3.8299999237060547,60400
2009-12-15,1.6563318967819214,3.8299999237060547,3.880000114440918,3.7699999809265137,3.809999942779541,70800
2009-12-16,1.6433582305908203,3.799999952316284,3.930000066757202,3.799999952316284,3.8499999046325684,222000
2009-12-17,1.647683024406433,3.809999942779541,3.8499999046325684,3.7899999618530273,3.7899999618530273,69400
2009-12-18,1.6866048574447632,3.9000000953674316,3.950000047683716,3.799999952316284,3.799999952316284,309700
2009-12-21,1.781746506690979,4.119999885559082,4.119999885559082,3.9000000953674316,3.940000057220459,868100
2009-12-22,1.7601231336593628,4.070000171661377,4.510000228881836,4.059999942779541,4.070000171661377,426500
2009-12-23,1.8033697605133057,4.170000076293945,4.440000057220459,4.119999885559082,4.170000076293945,235200
2009-12-24,1.790395736694336,4.139999866485596,4.28000020980835,4.099999904632568,4.28000020980835,142500
2009-12-28,1.7860705852508545,4.130000114440918,4.21999979019165,4.059999942779541,4.199999809265137,155900
2009-12-29,1.7687721252441406,4.090000152587891,4.179999828338623,4.070000171661377,4.179999828338623,100100
2009-12-30,1.7774213552474976,4.110000133514404,4.179999828338623,4.03000020980835,4.03000020980835,78100
2009-12-31,1.790395736694336,4.139999866485596,4.210000038146973,4.099999904632568,4.150000095367432,98000
2010-01-04,1.7947204113006592,4.150000095367432,4.210000038146973,4.079999923706055,4.210000038146973,117100
2010-01-05,1.7730969190597534,4.099999904632568,4.179999828338623,4.079999923706055,4.099999904632568,209600
2010-01-06,1.7557984590530396,4.059999942779541,4.179999828338623,4.059999942779541,4.139999866485596,163300
2010-01-07,1.7947204113006592,4.150000095367432,4.179999828338623,4.059999942779541,4.070000171661377,145200
2010-01-08,1.790395736694336,4.139999866485596,4.179999828338623,4.110000133514404,4.170000076293945,301400
2010-01-11,1.7947204113006592,4.150000095367432,4.199999809265137,4.130000114440918,4.199999809265137,201000
2010-01-12,1.8206679821014404,4.210000038146973,4.210000038146973,4.119999885559082,4.119999885559082,249000
2010-01-13,1.8120192289352417,4.190000057220459,4.309999942779541,4.159999847412109,4.25,75600
2010-01-14,1.7947204113006592,4.150000095367432,4.199999809265137,4.139999866485596,4.199999809265137,61100
2010-01-15,1.790395736694336,4.139999866485596,4.190000057220459,4.130000114440918,4.139999866485596,89600
2010-01-19,1.8682392835617065,4.320000171661377,4.329999923706055,4.170000076293945,4.28000020980835,177600
2010-01-20,1.8466153144836426,4.269999980926514,4.320000171661377,4.239999771118164,4.289999961853027,93400
2010-01-21,1.8812124729156494,4.349999904632568,4.440000057220459,4.210000038146973,4.269999980926514,155100
2010-01-22,1.8682392835617065,4.320000171661377,4.420000076293945,4.300000190734863,4.420000076293945,204800
2010-01-25,1.8595901727676392,4.300000190734863,4.340000152587891,4.269999980926514,4.329999923706055,160700
2010-01-26,1.8552651405334473,4.289999961853027,4.329999923706055,4.28000020980835,4.300000190734863,194500
2010-01-27,1.8379665613174438,4.25,4.320000171661377,4.230000019073486,4.320000171661377,139500
2010-01-28,1.8595901727676392,4.300000190734863,4.320000171661377,4.230000019073486,4.300000190734863,115600
2010-01-29,1.8379665613174438,4.25,4.329999923706055,4.25,4.300000190734863,165000
2010-02-01,1.8120192289352417,4.190000057220459,4.309999942779541,4.170000076293945,4.309999942779541,240600
2010-02-02,1.835345983505249,4.170000076293945,4.230000019073486,4.159999847412109,4.159999847412109,107500
2010-02-03,1.835345983505249,4.170000076293945,4.269999980926514,4.070000171661377,4.210000038146973,148200
2010-02-04,1.7517210245132446,3.9800000190734863,4.179999828338623,3.9700000286102295,4.079999923706055,258800
2010-02-05,1.8221420049667358,4.139999866485596,4.150000095367432,3.950000047683716,3.9700000286102295,1044800
2010-02-08,1.8793587684631348,4.269999980926514,4.349999904632568,4.090000152587891,4.090000152587891,174200
2010-02-09,1.861754298210144,4.230000019073486,4.340000152587891,4.179999828338623,4.28000020980835,127400
2010-02-10,1.8881617784500122,4.289999961853027,4.300000190734863,4.170000076293945,4.260000228881836,92700
2010-02-11,1.8705564737319946,4.25,4.300000190734863,4.25,4.28000020980835,61600
2010-02-12,1.8705564737319946,4.25,4.28000020980835,4.210000038146973,4.25,52600
2010-02-16,1.8881617784500122,4.289999961853027,4.300000190734863,4.25,4.300000190734863,89600
2010-02-17,1.9233722686767578,4.369999885559082,4.369999885559082,4.269999980926514,4.289999961853027,79300
2010-02-18,1.9541810750961304,4.440000057220459,4.460000038146973,4.349999904632568,4.380000114440918,157300
2010-02-19,1.945378065109253,4.420000076293945,4.449999809265137,4.389999866485596,4.449999809265137,38700
2010-02-22,1.9365761280059814,4.400000095367432,4.46999979019165,4.389999866485596,4.420000076293945,64800
2010-02-23,1.8925631046295166,4.300000190734863,4.440000057220459,4.25,4.360000133514404,86200
2010-02-24,1.857352375984192,4.21999979019165,4.349999904632568,4.059999942779541,4.28000020980835,145900
2010-02-25,1.8837602138519287,4.28000020980835,4.28000020980835,4.190000057220459,4.199999809265137,45400
2010-02-26,1.8837602138519287,4.28000020980835,4.349999904632568,4.25,4.25,47500
2010-03-01,1.9013652801513672,4.320000171661377,4.349999904632568,4.289999961853027,4.300000190734863,64800
2010-03-02,1.9013652801513672,4.320000171661377,4.380000114440918,4.300000190734863,4.380000114440918,50500
2010-03-03,1.896964430809021,4.309999942779541,4.349999904632568,4.300000190734863,4.329999923706055,46800
2010-03-04,1.9057668447494507,4.329999923706055,4.340000152587891,4.320000171661377,4.329999923706055,41000
2010-03-05,1.9233722686767578,4.369999885559082,4.400000095367432,4.340000152587891,4.389999866485596,62600
2010-03-08,1.9233722686767578,4.369999885559082,4.420000076293945,4.260000228881836,4.349999904632568,209200
2010-03-09,1.967384934425354,4.46999979019165,4.5,4.349999904632568,4.369999885559082,273700
2010-03-10,1.967384934425354,4.46999979019165,4.5,4.409999847412109,4.5,49400
2010-03-11,1.9365761280059814,4.400000095367432,4.440000057220459,4.349999904632568,4.420000076293945,75400
2010-03-12,1.9497795104980469,4.429999828338623,4.5,4.409999847412109,4.460000038146973,84100
2010-03-15,1.9585822820663452,4.449999809265137,4.5,4.429999828338623,4.5,66500
2010-03-16,1.9585822820663452,4.449999809265137,4.510000228881836,4.400000095367432,4.46999979019165,84100
2010-03-17,1.9497795104980469,4.429999828338623,4.480000019073486,4.409999847412109,4.480000019073486,38900
2010-03-18,1.945378065109253,4.420000076293945,4.440000057220459,4.400000095367432,4.400000095367432,63000
2010-03-19,1.8925631046295166,4.300000190734863,4.46999979019165,4.300000190734863,4.300000190734863,112100
2010-03-22,1.8925631046295166,4.300000190734863,4.329999923706055,4.300000190734863,4.300000190734863,142900
2010-03-23,1.967384934425354,4.46999979019165,4.489999771118164,4.309999942779541,4.309999942779541,66100
2010-03-24,1.9849905967712402,4.510000228881836,4.510000228881836,4.440000057220459,4.480000019073486,61900
2010-03-25,1.9365761280059814,4.400000095367432,4.539999961853027,4.340000152587891,4.53000020980835,95400
2010-03-26,1.9365761280059814,4.400000095367432,4.449999809265137,4.380000114440918,4.400000095367432,54800
2010-03-29,1.9189704656600952,4.360000133514404,4.449999809265137,4.309999942779541,4.449999809265137,95400
2010-03-30,1.8925631046295166,4.300000190734863,4.360000133514404,4.300000190734863,4.329999923706055,86300
2010-03-31,1.9145691394805908,4.349999904632568,4.389999866485596,4.289999961853027,4.289999961853027,93200
2010-04-01,1.9189704656600952,4.360000133514404,4.409999847412109,4.320000171661377,4.409999847412109,80500
2010-04-05,1.8925631046295166,4.300000190734863,4.420000076293945,4.300000190734863,4.409999847412109,159200
2010-04-06,1.9057668447494507,4.329999923706055,4.349999904632568,4.289999961853027,4.329999923706055,157900
2010-04-07,1.8925631046295166,4.300000190734863,4.320000171661377,4.260000228881836,4.289999961853027,107500
2010-04-08,1.8925631046295166,4.300000190734863,4.340000152587891,4.260000228881836,4.300000190734863,124400
2010-04-09,1.9013652801513672,4.320000171661377,4.329999923706055,4.269999980926514,4.329999923706055,77900
2010-04-12,1.8705564737319946,4.25,4.349999904632568,4.25,4.349999904632568,97300
2010-04-13,1.8749573230743408,4.260000228881836,4.289999961853027,4.21999979019165,4.28000020980835,91800
2010-04-14,1.8837602138519287,4.28000020980835,4.320000171661377,4.230000019073486,4.28000020980835,106600
2010-04-15,1.9057668447494507,4.329999923706055,4.329999923706055,4.25,4.260000228881836,55200
2010-04-16,1.8837602138519287,4.28000020980835,4.340000152587891,4.25,4.340000152587891,44400
2010-04-19,1.8793587684631348,4.269999980926514,4.300000190734863,4.260000228881836,4.28000020980835,38200
2010-04-20,1.8793587684631348,4.269999980926514,4.300000190734863,4.260000228881836,4.260000228881836,110600
2010-04-21,1.9013652801513672,4.320000171661377,4.320000171661377,4.260000228881836,4.269999980926514,66700
2010-04-22,1.896964430809021,4.309999942779541,4.320000171661377,4.28000020980835,4.309999942779541,38700
2010-04-23,1.9013652801513672,4.320000171661377,4.340000152587891,4.289999961853027,4.340000152587891,72500
2010-04-26,1.896964430809021,4.309999942779541,4.369999885559082,4.300000190734863,4.320000171661377,120800
2010-04-27,1.9013652801513672,4.320000171661377,4.440000057220459,4.289999961853027,4.320000171661377,143600
2010-04-28,1.945378065109253,4.420000076293945,4.429999828338623,4.329999923706055,4.349999904632568,134100
2010-04-29,1.9497795104980469,4.429999828338623,4.429999828338623,4.389999866485596,4.389999866485596,87400
2010-04-30,1.9497795104980469,4.429999828338623,4.449999809265137,4.400000095367432,4.429999828338623,103900
2010-05-03,1.9629837274551392,4.460000038146973,4.46999979019165,4.389999866485596,4.440000057220459,157000
2010-05-04,1.9598513841629028,4.380000114440918,4.449999809265137,4.369999885559082,4.449999809265137,62900
2010-05-05,1.924055576324463,4.300000190734863,4.360000133514404,4.28000020980835,4.349999904632568,153200
2010-05-06,1.915106177330017,4.28000020980835,4.340000152587891,4.199999809265137,4.300000190734863,190500
2010-05-07,1.9061568975448608,4.260000228881836,4.300000190734863,4.210000038146973,4.210000038146973,101000
2010-05-10,1.9330042600631714,4.320000171661377,4.389999866485596,4.239999771118164,4.239999771118164,95500
2010-05-11,1.955377221107483,4.369999885559082,4.400000095367432,4.309999942779541,4.320000171661377,188200
2010-05-12,1.9509023427963257,4.360000133514404,4.369999885559082,4.28000020980835,4.360000133514404,158600
2010-05-13,1.9509023427963257,4.360000133514404,4.380000114440918,4.300000190734863,4.360000133514404,172900
2010-05-14,1.9374788999557495,4.329999923706055,4.400000095367432,4.28000020980835,4.369999885559082,112600
2010-05-17,1.9374788999557495,4.329999923706055,4.380000114440918,4.260000228881836,4.300000190734863,96400
2010-05-18,1.924055576324463,4.300000190734863,4.340000152587891,4.289999961853027,4.340000152587891,79500
2010-05-19,1.924055576324463,4.300000190734863,4.329999923706055,4.170000076293945,4.25,218200
2010-05-20,1.928530216217041,4.309999942779541,4.309999942779541,4.210000038146973,4.25,142100
2010-05-21,1.9419540166854858,4.340000152587891,4.400000095367432,4.190000057220459,4.190000057220459,225200
2010-05-24,1.9374788999557495,4.329999923706055,4.369999885559082,4.269999980926514,4.349999904632568,84100
2010-05-25,1.915106177330017,4.28000020980835,4.329999923706055,4.25,4.260000228881836,156900
2010-05-26,1.9330042600631714,4.320000171661377,4.329999923706055,4.260000228881836,4.260000228881836,130200
2010-05-27,1.9330042600631714,4.320000171661377,4.400000095367432,4.289999961853027,4.320000171661377,118200
2010-05-28,1.9688009023666382,4.400000095367432,4.400000095367432,4.309999942779541,4.309999942779541,102600
2010-06-01,1.9509023427963257,4.360000133514404,4.400000095367432,4.340000152587891,4.400000095367432,60200
2010-06-02,1.955377221107483,4.369999885559082,4.389999866485596,4.340000152587891,4.349999904632568,72500
2010-06-03,1.9330042600631714,4.320000171661377,4.389999866485596,4.320000171661377,4.389999866485596,72100
2010-06-04,1.9061568975448608,4.260000228881836,4.380000114440918,4.239999771118164,4.329999923706055,151100
2010-06-07,1.9374788999557495,4.329999923706055,4.369999885559082,4.21999979019165,4.300000190734863,132100
2010-06-08,1.928530216217041,4.309999942779541,4.380000114440918,4.289999961853027,4.289999961853027,110600
2010-06-09,1.9195809364318848,4.289999961853027,4.349999904632568,4.239999771118164,4.300000190734863,133900
2010-06-10,1.9106314182281494,4.269999980926514,4.349999904632568,4.269999980926514,4.329999923706055,67500
2010-06-11,1.9464277029037476,4.349999904632568,4.369999885559082,4.289999961853027,4.289999961853027,82200
2010-06-14,1.9374788999557495,4.329999923706055,4.380000114440918,4.239999771118164,4.340000152587891,138400
2010-06-15,1.9509023427963257,4.360000133514404,4.369999885559082,4.329999923706055,4.349999904632568,96700
2010-06-16,1.9330042600631714,4.320000171661377,4.320000171661377,4.289999961853027,4.289999961853027,1077700
2010-06-17,1.9374788999557495,4.329999923706055,4.349999904632568,4.25,4.300000190734863,93200
2010-06-18,1.955377221107483,4.369999885559082,4.389999866485596,4.329999923706055,4.340000152587891,115500
2010-06-21,1.9509023427963257,4.360000133514404,4.400000095367432,4.349999904632568,4.360000133514404,138000
2010-06-22,1.9598513841629028,4.380000114440918,4.400000095367432,4.340000152587891,4.380000114440918,381200
2010-06-23,1.955377221107483,4.369999885559082,4.389999866485596,4.349999904632568,4.349999904632568,83200
2010-06-24,1.9956480264663696,4.460000038146973,4.460000038146973,4.369999885559082,4.389999866485596,97900
2010-06-25,1.955377221107483,4.369999885559082,4.46999979019165,4.360000133514404,4.389999866485596,83200
2010-06-28,1.9688009023666382,4.400000095367432,4.409999847412109,4.369999885559082,4.389999866485596,125500
2010-06-29,1.9330042600631714,4.320000171661377,4.420000076293945,4.309999942779541,4.420000076293945,63800
2010-06-30,1.9509023427963257,4.360000133514404,4.369999885559082,4.320000171661377,4.349999904632568,96300
2010-07-01,1.955377221107483,4.369999885559082,4.380000114440918,4.329999923706055,4.329999923706055,93200
2010-07-02,1.9732755422592163,4.409999847412109,4.409999847412109,4.360000133514404,4.360000133514404,70700
2010-07-06,1.9464277029037476,4.349999904632568,4.389999866485596,4.349999904632568,4.389999866485596,39700
2010-07-07,1.9330042600631714,4.320000171661377,4.369999885559082,4.300000190734863,4.320000171661377,53900
2010-07-08,1.9688009023666382,4.400000095367432,4.429999828338623,4.340000152587891,4.340000152587891,73300
2010-07-09,1.9509023427963257,4.360000133514404,4.400000095367432,4.340000152587891,4.400000095367432,83800
2010-07-12,1.9598513841629028,4.380000114440918,4.389999866485596,4.340000152587891,4.340000152587891,57300
2010-07-13,1.9598513841629028,4.380000114440918,4.380000114440918,4.349999904632568,4.369999885559082,37300
2010-07-14,1.9419540166854858,4.340000152587891,4.389999866485596,4.340000152587891,4.360000133514404,41500
2010-07-15,1.9509023427963257,4.360000133514404,4.400000095367432,4.340000152587891,4.360000133514404,33000
2010-07-16,1.955377221107483,4.369999885559082,4.380000114440918,4.329999923706055,4.360000133514404,24400
2010-07-19,1.9598513841629028,4.380000114440918,4.380000114440918,4.329999923706055,4.360000133514404,73600
2010-07-20,1.9464277029037476,4.349999904632568,4.400000095367432,4.349999904632568,4.400000095367432,26800
2010-07-21,1.9598513841629028,4.380000114440918,4.380000114440918,4.329999923706055,4.329999923706055,25500
2010-07-22,1.9509023427963257,4.360000133514404,4.389999866485596,4.360000133514404,4.369999885559082,79300
2010-07-23,1.9688009023666382,4.400000095367432,4.400000095367432,4.340000152587891,4.349999904632568,98600
2010-07-26,2.00459623336792,4.480000019073486,4.489999771118164,4.400000095367432,4.400000095367432,78000
2010-07-27,2.000122308731079,4.46999979019165,4.510000228881836,4.420000076293945,4.5,60500
2010-07-28,1.9688009023666382,4.400000095367432,4.480000019073486,4.400000095367432,4.480000019073486,50900
2010-07-29,1.96432626247406,4.389999866485596,4.5,4.380000114440918,4.5,82400
2010-07-30,1.9732755422592163,4.409999847412109,4.409999847412109,4.380000114440918,4.380000114440918,35300
2010-08-02,2.00459623336792,4.480000019073486,4.519999980926514,4.429999828338623,4.429999828338623,207800
2010-08-03,1.9832184314727783,4.360000133514404,4.460000038146973,4.309999942779541,4.460000038146973,99900
2010-08-04,1.996864676475525,4.389999866485596,4.420000076293945,4.349999904632568,4.420000076293945,92200
2010-08-05,2.0059618949890137,4.409999847412109,4.409999847412109,4.360000133514404,4.409999847412109,160400
2010-08-06,2.001413106918335,4.400000095367432,4.480000019073486,4.380000114440918,4.420000076293945,982500
2010-08-09,1.996864676475525,4.389999866485596,4.460000038146973,4.349999904632568,4.429999828338623,159500
2010-08-10,2.015058755874634,4.429999828338623,4.429999828338623,4.360000133514404,4.389999866485596,144800
2010-08-11,2.0059618949890137,4.409999847412109,4.420000076293945,4.380000114440918,4.400000095367432,98700
2010-08-12,2.001413106918335,4.400000095367432,4.409999847412109,4.360000133514404,4.409999847412109,93800
2010-08-13,2.0059618949890137,4.409999847412109,4.429999828338623,4.369999885559082,4.400000095367432,121900
2010-08-16,2.015058755874634,4.429999828338623,4.429999828338623,4.389999866485596,4.400000095367432,127500
2010-08-17,2.015058755874634,4.429999828338623,4.440000057220459,4.389999866485596,4.409999847412109,119900
2010-08-18,2.0105104446411133,4.420000076293945,4.449999809265137,4.400000095367432,4.400000095367432,105300
2010-08-19,1.9786690473556519,4.349999904632568,4.429999828338623,4.349999904632568,4.420000076293945,154300
2010-08-20,1.9786690473556519,4.349999904632568,4.429999828338623,4.349999904632568,4.360000133514404,140600
2010-08-23,2.001413106918335,4.400000095367432,4.420000076293945,4.360000133514404,4.369999885559082,147700
2010-08-24,1.9832184314727783,4.360000133514404,4.400000095367432,4.349999904632568,4.349999904632568,117400
2010-08-25,1.9923161268234253,4.380000114440918,4.380000114440918,4.349999904632568,4.360000133514404,69300
2010-08-26,1.9877674579620361,4.369999885559082,4.400000095367432,4.360000133514404,4.360000133514404,65100
2010-08-27,2.0059618949890137,4.409999847412109,4.409999847412109,4.369999885559082,4.369999885559082,76900
2010-08-30,2.0105104446411133,4.420000076293945,4.420000076293945,4.380000114440918,4.420000076293945,106000
2010-08-31,2.0059618949890137,4.409999847412109,4.429999828338623,4.369999885559082,4.429999828338623,77400
2010-09-01,2.042351484298706,4.489999771118164,4.489999771118164,4.389999866485596,4.389999866485596,196300
2010-09-02,2.0741920471191406,4.559999942779541,4.590000152587891,4.460000038146973,4.46999979019165,213900
2010-09-03,2.083289384841919,4.579999923706055,4.579999923706055,4.510000228881836,4.539999961853027,95300
2010-09-07,2.0605461597442627,4.53000020980835,4.599999904632568,4.5,4.579999923706055,74200
2010-09-08,2.065094470977783,4.539999961853027,4.550000190734863,4.5,4.550000190734863,94200
2010-09-09,2.055997133255005,4.519999980926514,4.53000020980835,4.46999979019165,4.53000020980835,117100
2010-09-10,2.051448345184326,4.510000228881836,4.510000228881836,4.480000019073486,4.5,44000
2010-09-13,2.0468993186950684,4.5,4.53000020980835,4.480000019073486,4.5,64800
2010-09-14,2.065094470977783,4.539999961853027,4.570000171661377,4.5,4.519999980926514,97300
2010-09-15,2.0468993186950684,4.5,4.550000190734863,4.489999771118164,4.53000020980835,124600
2010-09-16,2.042351484298706,4.489999771118164,4.519999980926514,4.489999771118164,4.519999980926514,1110600
2010-09-17,2.1014838218688965,4.619999885559082,4.630000114440918,4.480000019073486,4.480000019073486,179800
2010-09-20,2.151519775390625,4.730000019073486,4.75,4.590000152587891,4.619999885559082,153800
2010-09-21,2.151519775390625,4.730000019073486,4.75,4.71999979019165,4.75,66200
2010-09-22,2.1287755966186523,4.679999828338623,4.75,4.679999828338623,4.71999979019165,50200
2010-09-23,2.110581636428833,4.639999866485596,4.730000019073486,4.610000133514404,4.610000133514404,70800
2010-09-24,2.1242265701293945,4.670000076293945,4.690000057220459,4.599999904632568,4.630000114440918,47700
2010-09-27,2.1378731727600098,4.699999809265137,4.710000038146973,4.670000076293945,4.710000038146973,88200
2010-09-28,2.1333236694335938,4.690000057220459,4.75,4.650000095367432,4.699999809265137,62700
2010-09-29,2.1333236694335938,4.690000057220459,4.739999771118164,4.679999828338623,4.71999979019165,69800
2010-09-30,2.1560680866241455,4.739999771118164,4.739999771118164,4.670000076293945,4.71999979019165,93900
2010-10-01,2.1560680866241455,4.739999771118164,4.739999771118164,4.699999809265137,4.71999979019165,152500
2010-10-04,2.2061030864715576,4.849999904632568,4.900000095367432,4.739999771118164,4.760000228881836,151200
2010-10-05,2.197005271911621,4.829999923706055,4.849999904632568,4.78000020980835,4.849999904632568,107200
2010-10-06,2.256138563156128,4.960000038146973,4.960000038146973,4.829999923706055,4.849999904632568,116500
2010-10-07,2.24249267578125,4.929999828338623,5.099999904632568,4.849999904632568,4.96999979019165,176800
2010-10-08,2.2788827419281006,5.010000228881836,5.010000228881836,4.929999828338623,4.960000038146973,55500
2010-10-11,2.265235662460327,4.980000019073486,5.110000133514404,4.980000019073486,5.050000190734863,81400
2010-10-12,2.24249267578125,4.929999828338623,5.039999961853027,4.929999828338623,5.0,80400
2010-10-13,2.2333943843841553,4.909999847412109,5.0,4.900000095367432,4.980000019073486,98800
2010-10-14,2.24249267578125,4.929999828338623,4.980000019073486,4.909999847412109,4.929999828338623,80600
2010-10-15,2.237943649291992,4.920000076293945,5.019999980926514,4.900000095367432,4.96999979019165,103900
2010-10-18,2.2470407485961914,4.940000057220459,5.0,4.900000095367432,4.909999847412109,68800
2010-10-19,2.2061030864715576,4.849999904632568,4.980000019073486,4.800000190734863,4.929999828338623,123100
2010-10-20,2.215200185775757,4.869999885559082,4.949999809265137,4.829999923706055,4.829999923706055,64200
2010-10-21,2.228846311569214,4.900000095367432,4.949999809265137,4.829999923706055,4.900000095367432,93100
2010-10-22,2.2061030864715576,4.849999904632568,4.920000076293945,4.849999904632568,4.889999866485596,70500
2010-10-25,2.2242977619171143,4.889999866485596,4.980000019073486,4.860000133514404,4.860000133514404,66600
2010-10-26,2.256138563156128,4.960000038146973,4.960000038146973,4.829999923706055,4.829999923706055,81300
2010-10-27,2.251589298248291,4.949999809265137,4.960000038146973,4.900000095367432,4.940000057220459,110400
2010-10-28,2.2106521129608154,4.860000133514404,4.960000038146973,4.849999904632568,4.960000038146973,516400
2010-10-29,2.24249267578125,4.929999828338623,4.960000038146973,4.809999942779541,4.860000133514404,126100
2010-11-01,2.24249267578125,4.929999828338623,4.980000019073486,4.900000095367432,4.920000076293945,111900
2010-11-02,2.239260673522949,4.849999904632568,4.909999847412109,4.849999904632568,4.849999904632568,67400
2010-11-03,2.239260673522949,4.849999904632568,4.889999866485596,4.849999904632568,4.860000133514404,29800
2010-11-04,2.2484943866729736,4.869999885559082,4.889999866485596,4.840000152587891,4.860000133514404,539900
2010-11-05,2.2669620513916016,4.909999847412109,4.909999847412109,4.829999923706055,4.840000152587891,51700
2010-11-08,2.2623450756073,4.900000095367432,4.920000076293945,4.849999904632568,4.909999847412109,82000
2010-11-09,2.3500688076019287,5.090000152587891,5.099999904632568,4.789999961853027,4.909999847412109,166400
2010-11-10,2.3593037128448486,5.110000133514404,5.150000095367432,4.989999771118164,5.010000228881836,149800
2010-11-11,2.4193241596221924,5.239999771118164,5.239999771118164,4.960000038146973,5.139999866485596,155700
2010-11-12,2.493197202682495,5.400000095367432,5.409999847412109,5.269999980926514,5.269999980926514,218400
2010-11-15,2.6086227893829346,5.650000095367432,5.840000152587891,5.329999923706055,5.400000095367432,326600
2010-11-16,2.3500688076019287,5.090000152587891,5.699999809265137,5.070000171661377,5.619999885559082,396900
2010-11-17,2.40547251701355,5.210000038146973,5.239999771118164,5.090000152587891,5.190000057220459,191200
2010-11-18,2.410090684890747,5.21999979019165,5.369999885559082,5.199999809265137,5.28000020980835,183100
2010-11-19,2.410090684890747,5.21999979019165,5.269999980926514,5.159999847412109,5.269999980926514,93000
2010-11-22,2.4285590648651123,5.260000228881836,5.320000171661377,5.239999771118164,5.25,127600
2010-11-23,2.4239420890808105,5.25,5.289999961853027,5.199999809265137,5.260000228881836,90700
2010-11-24,2.4701120853424072,5.349999904632568,5.429999828338623,5.210000038146973,5.239999771118164,92400
2010-11-26,2.4701120853424072,5.349999904632568,5.369999885559082,5.329999923706055,5.360000133514404,14400
2010-11-29,2.474729061126709,5.360000133514404,5.420000076293945,5.340000152587891,5.389999866485596,62500
2010-11-30,2.4608778953552246,5.329999923706055,5.429999828338623,5.329999923706055,5.349999904632568,82700
2010-12-01,2.4839625358581543,5.380000114440918,5.420000076293945,5.340000152587891,5.360000133514404,92700
2010-12-02,2.4839625358581543,5.380000114440918,5.380000114440918,5.329999923706055,5.349999904632568,65300
2010-12-03,2.474729061126709,5.360000133514404,5.369999885559082,5.329999923706055,5.360000133514404,54600
2010-12-06,2.4885799884796143,5.389999866485596,5.389999866485596,5.309999942779541,5.329999923706055,118600
2010-12-07,2.474729061126709,5.360000133514404,5.440000057220459,5.340000152587891,5.420000076293945,156600
2010-12-08,2.474729061126709,5.360000133514404,5.440000057220459,5.349999904632568,5.400000095367432,99200
2010-12-09,2.442408800125122,5.289999961853027,5.46999979019165,5.28000020980835,5.360000133514404,228000
2010-12-10,2.40547251701355,5.210000038146973,5.360000133514404,5.03000020980835,5.239999771118164,224300
2010-12-13,2.4285590648651123,5.260000228881836,5.349999904632568,5.199999809265137,5.199999809265137,88300
2010-12-14,2.442408800125122,5.289999961853027,5.320000171661377,5.239999771118164,5.260000228881836,39700
2010-12-15,2.433176040649414,5.269999980926514,5.300000190734863,5.119999885559082,5.260000228881836,88200
2010-12-16,2.4377927780151367,5.28000020980835,5.320000171661377,5.21999979019165,5.21999979019165,66000
2010-12-17,2.543985366821289,5.510000228881836,5.510000228881836,5.21999979019165,5.28000020980835,101800
2010-12-20,2.4470272064208984,5.300000190734863,5.5,5.25,5.46999979019165,127000
2010-12-21,2.4239420890808105,5.25,5.28000020980835,5.199999809265137,5.210000038146973,55600
2010-12-22,2.410090684890747,5.21999979019165,5.269999980926514,5.179999828338623,5.25,388500
2010-12-23,2.40547251701355,5.210000038146973,5.260000228881836,5.179999828338623,5.179999828338623,73400
2010-12-27,2.4654951095581055,5.340000152587891,5.340000152587891,5.199999809265137,5.21999979019165,46900
2010-12-28,2.4608778953552246,5.329999923706055,5.400000095367432,5.269999980926514,5.380000114440918,34600
2010-12-29,2.451643943786621,5.309999942779541,5.340000152587891,5.300000190734863,5.309999942779541,56600
2010-12-30,2.4701120853424072,5.349999904632568,5.389999866485596,5.289999961853027,5.289999961853027,50700
2010-12-31,2.456261157989502,5.320000171661377,5.389999866485596,5.320000171661377,5.380000114440918,29000
2011-01-03,2.493197202682495,5.400000095367432,5.400000095367432,5.28000020980835,5.309999942779541,62000
2011-01-04,2.493197202682495,5.400000095367432,5.400000095367432,5.349999904632568,5.380000114440918,101700
2011-01-05,2.474729061126709,5.360000133514404,5.389999866485596,5.309999942779541,5.349999904632568,97500
2011-01-06,2.4885799884796143,5.389999866485596,5.480000019073486,5.349999904632568,5.380000114440918,90800
2011-01-07,2.474729061126709,5.360000133514404,5.380000114440918,5.21999979019165,5.329999923706055,133000
2011-01-10,2.4377927780151367,5.28000020980835,5.349999904632568,5.28000020980835,5.349999904632568,50400
2011-01-11,2.4377927780151367,5.28000020980835,5.380000114440918,5.269999980926514,5.289999961853027,71500
2011-01-12,2.451643943786621,5.309999942779541,5.329999923706055,5.25,5.309999942779541,67200
2011-01-13,2.4839625358581543,5.380000114440918,5.380000114440918,5.289999961853027,5.340000152587891,76800
2011-01-14,2.4608778953552246,5.329999923706055,5.349999904632568,5.300000190734863,5.340000152587891,21700
2011-01-18,2.456261157989502,5.320000171661377,5.349999904632568,5.300000190734863,5.320000171661377,22700
2011-01-19,2.4239420890808105,5.25,5.360000133514404,5.199999809265137,5.320000171661377,90200
2011-01-20,2.4239420890808105,5.25,5.320000171661377,5.21999979019165,5.25,52600
2011-01-21,2.4239420890808105,5.25,5.329999923706055,5.25,5.269999980926514,41900
2011-01-24,2.442408800125122,5.289999961853027,5.320000171661377,5.25,5.25,74600
2011-01-25,2.451643943786621,5.309999942779541,5.320000171661377,5.239999771118164,5.239999771118164,34400
2011-01-26,2.4885799884796143,5.389999866485596,5.449999809265137,5.300000190734863,5.320000171661377,148600
2011-01-27,2.5024309158325195,5.420000076293945,5.440000057220459,5.389999866485596,5.389999866485596,65800
2011-01-28,2.511665105819702,5.440000057220459,5.489999771118164,5.340000152587891,5.420000076293945,93700
2011-01-31,2.493197202682495,5.400000095367432,5.46999979019165,5.369999885559082,5.46999979019165,75100
2011-02-01,2.530133008956909,5.480000019073486,5.5,5.340000152587891,5.409999847412109,216000
2011-02-02,2.477674961090088,5.289999961853027,5.53000020980835,5.289999961853027,5.5,179900
2011-02-03,2.543248176574707,5.429999828338623,5.440000057220459,5.25,5.329999923706055,47600
2011-02-04,2.547931432723999,5.440000057220459,5.5,5.400000095367432,5.400000095367432,81500
2011-02-07,2.533879518508911,5.409999847412109,5.449999809265137,5.309999942779541,5.420000076293945,100100
2011-02-08,2.5104620456695557,5.360000133514404,5.449999809265137,5.269999980926514,5.369999885559082,160100
2011-02-09,2.4589414596557617,5.25,5.440000057220459,5.25,5.400000095367432,99100
2011-02-10,2.421471357345581,5.170000076293945,5.300000190734863,5.099999904632568,5.260000228881836,86900
2011-02-11,2.4589414596557617,5.25,5.300000190734863,5.179999828338623,5.179999828338623,111500
2011-02-14,2.487043619155884,5.309999942779541,5.380000114440918,5.210000038146973,5.210000038146973,65100
2011-02-15,2.515145778656006,5.369999885559082,5.400000095367432,5.230000019073486,5.28000020980835,123800
2011-02-16,2.496411085128784,5.329999923706055,5.400000095367432,5.300000190734863,5.400000095367432,95200
2011-02-17,2.599452495574951,5.550000190734863,5.550000190734863,5.369999885559082,5.400000095367432,291800
2011-02-18,2.5760340690612793,5.5,5.630000114440918,5.46999979019165,5.590000152587891,182200
2011-02-22,2.5385642051696777,5.420000076293945,5.550000190734863,5.300000190734863,5.449999809265137,220700
2011-02-23,2.533879518508911,5.409999847412109,5.5,5.400000095367432,5.420000076293945,243200
2011-02-24,2.5526156425476074,5.449999809265137,5.5,5.369999885559082,5.400000095367432,322000
2011-02-25,2.547931432723999,5.440000057220459,5.480000019073486,5.429999828338623,5.449999809265137,98600
2011-02-28,2.5713493824005127,5.489999771118164,5.539999961853027,5.420000076293945,5.420000076293945,158400
2011-03-01,2.5900845527648926,5.53000020980835,5.579999923706055,5.5,5.579999923706055,73800
2011-03-02,2.5854015350341797,5.519999980926514,5.599999904632568,5.460000038146973,5.510000228881836,114100
2011-03-03,2.599452495574951,5.550000190734863,5.579999923706055,5.519999980926514,5.570000171661377,74100
2011-03-04,2.599452495574951,5.550000190734863,5.590000152587891,5.480000019073486,5.570000171661377,78700
2011-03-07,2.5713493824005127,5.489999771118164,5.559999942779541,5.480000019073486,5.53000020980835,42400
2011-03-08,2.5713493824005127,5.489999771118164,5.539999961853027,5.480000019073486,5.519999980926514,37100
2011-03-09,2.543248176574707,5.429999828338623,5.519999980926514,5.420000076293945,5.519999980926514,37500
2011-03-10,2.5198285579681396,5.380000114440918,5.539999961853027,5.340000152587891,5.449999809265137,84400
2011-03-11,2.547931432723999,5.440000057220459,5.440000057220459,5.28000020980835,5.340000152587891,79000
2011-03-14,2.524513006210327,5.389999866485596,5.460000038146973,5.289999961853027,5.349999904632568,68600
2011-03-15,2.515145778656006,5.369999885559082,5.420000076293945,5.320000171661377,5.320000171661377,55600
2011-03-16,2.5198285579681396,5.380000114440918,5.409999847412109,5.300000190734863,5.369999885559082,104800
2011-03-17,2.5572991371154785,5.460000038146973,5.480000019073486,5.320000171661377,5.380000114440918,74700
2011-03-18,2.487043619155884,5.309999942779541,5.550000190734863,5.289999961853027,5.460000038146973,133700
2011-03-21,2.491727590560913,5.320000171661377,5.409999847412109,5.309999942779541,5.329999923706055,79500
2011-03-22,2.5104620456695557,5.360000133514404,5.489999771118164,5.320000171661377,5.349999904632568,77100
2011-03-23,2.5057780742645264,5.349999904632568,5.400000095367432,5.320000171661377,5.380000114440918,51900
2011-03-24,2.491727590560913,5.320000171661377,5.409999847412109,5.320000171661377,5.360000133514404,61400
2011-03-25,2.496411085128784,5.329999923706055,5.400000095367432,5.329999923706055,5.369999885559082,62200
2011-03-28,2.561983346939087,5.46999979019165,5.590000152587891,5.320000171661377,5.320000171661377,130700
2011-03-29,2.5854015350341797,5.519999980926514,5.550000190734863,5.400000095367432,5.489999771118164,44100
2011-03-30,2.7352797985076904,5.840000152587891,5.929999828338623,5.539999961853027,5.559999942779541,228000
2011-03-31,2.6697072982788086,5.699999809265137,5.940000057220459,5.690000057220459,5.889999866485596,165300
2011-04-01,2.6369211673736572,5.630000114440918,5.849999904632568,5.619999885559082,5.659999847412109,70300
2011-04-04,2.5760340690612793,5.5,5.670000076293945,5.5,5.670000076293945,59900
2011-04-05,2.5572991371154785,5.460000038146973,5.53000020980835,5.449999809265137,5.5,47700
2011-04-06,2.594768762588501,5.539999961853027,5.550000190734863,5.460000038146973,5.46999979019165,34500
2011-04-07,2.580718517303467,5.510000228881836,5.550000190734863,5.440000057220459,5.550000190734863,40900
2011-04-08,2.599452495574951,5.550000190734863,5.550000190734863,5.5,5.510000228881836,32500
2011-04-11,2.5760340690612793,5.5,5.550000190734863,5.460000038146973,5.53000020980835,52000
2011-04-12,2.6135027408599854,5.579999923706055,5.760000228881836,5.460000038146973,5.480000019073486,131700
2011-04-13,2.641605854034424,5.639999866485596,5.679999828338623,5.539999961853027,5.579999923706055,69100
2011-04-14,2.632237434387207,5.619999885559082,5.670000076293945,5.619999885559082,5.650000095367432,25100
2011-04-15,2.641605854034424,5.639999866485596,5.739999771118164,5.630000114440918,5.650000095367432,68500
2011-04-18,2.622870922088623,5.599999904632568,5.670000076293945,5.559999942779541,5.650000095367432,56600
2011-04-19,2.641605854034424,5.639999866485596,5.650000095367432,5.599999904632568,5.650000095367432,51100
2011-04-20,2.697810649871826,5.760000228881836,5.789999961853027,5.619999885559082,5.630000114440918,114400
2011-04-21,2.6931257247924805,5.75,5.840000152587891,5.699999809265137,5.809999942779541,87000
2011-04-25,2.6884419918060303,5.739999771118164,5.820000171661377,5.699999809265137,5.789999961853027,56800
2011-04-26,2.7633814811706543,5.900000095367432,5.920000076293945,5.78000020980835,5.809999942779541,71000
2011-04-27,2.7493300437927246,5.869999885559082,6.0,5.840000152587891,5.900000095367432,93400
2011-04-28,2.777432918548584,5.929999828338623,5.940000057220459,5.849999904632568,5.900000095367432,59400
2011-04-29,2.7914843559265137,5.960000038146973,6.019999980926514,5.940000057220459,5.949999809265137,90000
2011-05-02,2.7868006229400635,5.949999809265137,6.0,5.920000076293945,5.989999771118164,134000
2011-05-03,2.7621216773986816,5.820000171661377,5.940000057220459,5.75,5.940000057220459,88000
2011-05-04,2.6339821815490723,5.550000190734863,5.889999866485596,5.5,5.829999923706055,229000
2011-05-05,2.6244897842407227,5.53000020980835,5.670000076293945,5.510000228881836,5.550000190734863,131800
2011-05-06,2.6387269496917725,5.559999942779541,5.690000057220459,5.550000190734863,5.619999885559082,76400
2011-05-09,2.6149978637695312,5.510000228881836,5.650000095367432,5.510000228881836,5.599999904632568,102000
2011-05-10,2.6387269496917725,5.559999942779541,5.610000133514404,5.519999980926514,5.519999980926514,94500
2011-05-11,2.619744062423706,5.519999980926514,5.590000152587891,5.519999980926514,5.550000190734863,30600
2011-05-12,2.6339821815490723,5.550000190734863,5.599999904632568,5.46999979019165,5.519999980926514,106000
2011-05-13,2.6292355060577393,5.539999961853027,5.619999885559082,5.510000228881836,5.599999904632568,50800
2011-05-16,2.619744062423706,5.519999980926514,5.570000171661377,5.480000019073486,5.570000171661377,70500
2011-05-17,2.5865225791931152,5.449999809265137,5.570000171661377,5.269999980926514,5.5,306100
2011-05-18,2.619744062423706,5.519999980926514,5.550000190734863,5.449999809265137,5.5,50200
2011-05-19,2.6244897842407227,5.53000020980835,5.619999885559082,5.489999771118164,5.5,57300
2011-05-20,2.6007606983184814,5.480000019073486,5.53000020980835,5.440000057220459,5.5,52100
2011-05-23,2.596013307571411,5.46999979019165,5.480000019073486,5.349999904632568,5.460000038146973,53500
2011-05-24,2.5865225791931152,5.449999809265137,5.53000020980835,5.440000057220459,5.460000038146973,55100
2011-05-25,2.5722849369049072,5.420000076293945,5.5,5.369999885559082,5.420000076293945,111600
2011-05-26,2.55804705619812,5.389999866485596,5.460000038146973,5.369999885559082,5.440000057220459,76300
2011-05-27,2.567539691925049,5.409999847412109,5.440000057220459,5.380000114440918,5.440000057220459,30600
2011-05-31,2.577030897140503,5.429999828338623,5.480000019073486,5.400000095367432,5.400000095367432,42000
2011-06-01,2.577030897140503,5.429999828338623,5.480000019073486,5.400000095367432,5.400000095367432,38500
2011-06-02,2.5865225791931152,5.449999809265137,5.449999809265137,5.389999866485596,5.400000095367432,42000
2011-06-03,2.567539691925049,5.409999847412109,5.429999828338623,5.360000133514404,5.429999828338623,26700
2011-06-06,2.577030897140503,5.429999828338623,5.480000019073486,5.400000095367432,5.429999828338623,59700
2011-06-07,2.534317970275879,5.340000152587891,5.440000057220459,5.309999942779541,5.440000057220459,75900
2011-06-08,2.5533018112182617,5.380000114440918,5.400000095367432,5.349999904632568,5.360000133514404,20900
2011-06-09,2.5533018112182617,5.380000114440918,5.420000076293945,5.269999980926514,5.420000076293945,65300
2011-06-10,2.543809652328491,5.360000133514404,5.400000095367432,5.300000190734863,5.329999923706055,35200
2011-06-13,2.5722849369049072,5.420000076293945,5.440000057220459,5.360000133514404,5.389999866485596,15300
2011-06-14,2.6007606983184814,5.480000019073486,5.519999980926514,5.380000114440918,5.420000076293945,50700
2011-06-15,2.5722849369049072,5.420000076293945,5.489999771118164,5.360000133514404,5.480000019073486,31600
2011-06-16,2.5627925395965576,5.400000095367432,5.429999828338623,5.369999885559082,5.400000095367432,22000
2011-06-17,2.543809652328491,5.360000133514404,5.409999847412109,5.360000133514404,5.400000095367432,15300
2011-06-20,2.5485544204711914,5.369999885559082,5.409999847412109,5.360000133514404,5.360000133514404,26100
2011-06-21,2.567539691925049,5.409999847412109,5.420000076293945,5.369999885559082,5.369999885559082,15900
2011-06-22,2.5722849369049072,5.420000076293945,5.420000076293945,5.400000095367432,5.420000076293945,11600
2011-06-23,2.5485544204711914,5.369999885559082,5.420000076293945,5.349999904632568,5.420000076293945,34600
2011-06-24,2.529572010040283,5.329999923706055,5.409999847412109,5.260000228881836,5.329999923706055,102600
2011-06-27,2.543809652328491,5.360000133514404,5.360000133514404,5.320000171661377,5.320000171661377,22900
2011-06-28,2.5390632152557373,5.349999904632568,5.389999866485596,5.320000171661377,5.320000171661377,30300
2011-06-29,2.5390632152557373,5.349999904632568,5.400000095367432,5.320000171661377,5.320000171661377,24700
2011-06-30,2.5390632152557373,5.349999904632568,5.389999866485596,5.309999942779541,5.329999923706055,42700
2011-07-01,2.55804705619812,5.389999866485596,5.409999847412109,5.360000133514404,5.389999866485596,22600
2011-07-05,2.5390632152557373,5.349999904632568,5.400000095367432,5.340000152587891,5.400000095367432,22700
2011-07-06,2.510587453842163,5.289999961853027,5.360000133514404,5.25,5.349999904632568,103900
2011-07-07,2.515333890914917,5.300000190734863,5.380000114440918,5.300000190734863,5.320000171661377,40200
2011-07-08,2.529572010040283,5.329999923706055,5.409999847412109,5.300000190734863,5.300000190734863,26800
2011-07-11,2.4963512420654297,5.260000228881836,5.360000133514404,5.25,5.349999904632568,62800
2011-07-12,2.4868578910827637,5.239999771118164,5.309999942779541,5.239999771118164,5.269999980926514,45100
2011-07-13,2.491605043411255,5.25,5.269999980926514,5.21999979019165,5.21999979019165,39600
2011-07-14,2.4678750038146973,5.199999809265137,5.300000190734863,5.199999809265137,5.300000190734863,43800
2011-07-15,2.4488909244537354,5.159999847412109,5.210000038146973,5.110000133514404,5.210000038146973,72300
2011-07-18,2.4156696796417236,5.090000152587891,5.150000095367432,5.019999980926514,5.119999885559082,93900
2011-07-19,2.515333890914917,5.300000190734863,5.300000190734863,5.03000020980835,5.03000020980835,126900
2011-07-20,2.515333890914917,5.300000190734863,5.349999904632568,5.210000038146973,5.289999961853027,40300
2011-07-21,2.491605043411255,5.25,5.300000190734863,5.239999771118164,5.260000228881836,23200
2011-07-22,2.482112169265747,5.230000019073486,5.289999961853027,5.21999979019165,5.25,30000
2011-07-25,2.444146156311035,5.150000095367432,5.239999771118164,5.150000095367432,5.21999979019165,51600
2011-07-26,2.401432514190674,5.059999942779541,5.170000076293945,5.019999980926514,5.170000076293945,80500
2011-07-27,2.3587186336517334,4.96999979019165,5.059999942779541,4.929999828338623,5.03000020980835,119900
2011-07-28,2.396686315536499,5.050000190734863,5.349999904632568,4.559999942779541,5.010000228881836,524800
2011-07-29,2.444146156311035,5.150000095367432,5.179999828338623,5.0,5.0,103000
2011-08-01,2.482112169265747,5.230000019073486,5.289999961853027,5.150000095367432,5.25,78000
2011-08-02,2.505237579345703,5.199999809265137,5.289999961853027,5.130000114440918,5.130000114440918,64200
2011-08-03,2.4907844066619873,5.170000076293945,5.269999980926514,5.150000095367432,5.170000076293945,41100
2011-08-04,2.404064655303955,4.989999771118164,5.159999847412109,4.980000019073486,5.150000095367432,147000
2011-08-05,2.384793758392334,4.949999809265137,5.070000171661377,4.760000228881836,5.0,189200
2011-08-08,2.2450783252716064,4.659999847412109,4.800000190734863,4.599999904632568,4.75,195300
2011-08-09,2.3944287300109863,4.96999979019165,5.059999942779541,4.599999904632568,4.639999866485596,152500
2011-08-10,2.4137001037597656,5.010000228881836,5.25,4.949999809265137,4.949999809265137,135600
2011-08-11,2.4763307571411133,5.139999866485596,5.150000095367432,4.860000133514404,4.960000038146973,115300
2011-08-12,2.4377894401550293,5.059999942779541,5.25,5.019999980926514,5.179999828338623,61400
2011-08-15,2.485966920852661,5.159999847412109,5.309999942779541,5.079999923706055,5.099999904632568,76600
2011-08-16,2.481149673461914,5.150000095367432,5.170000076293945,5.150000095367432,5.150000095367432,38100
2011-08-17,2.4763307571411133,5.139999866485596,5.190000057220459,5.130000114440918,5.150000095367432,70500
2011-08-18,2.457059860229492,5.099999904632568,5.139999866485596,5.059999942779541,5.079999923706055,51300
2011-08-19,2.466695785522461,5.119999885559082,5.199999809265137,5.110000133514404,5.110000133514404,42600
2011-08-22,2.404064655303955,4.989999771118164,5.179999828338623,4.909999847412109,5.150000095367432,74500
2011-08-23,2.4618780612945557,5.110000133514404,5.150000095367432,4.980000019073486,5.0,61000
2011-08-24,2.4281535148620605,5.039999961853027,5.199999809265137,5.039999961853027,5.099999904632568,74200
2011-08-25,2.404064655303955,4.989999771118164,5.070000171661377,4.980000019073486,5.050000190734863,75400
2011-08-26,2.4185173511505127,5.019999980926514,5.070000171661377,4.940000057220459,5.0,66200
2011-08-29,2.4233367443084717,5.03000020980835,5.130000114440918,5.010000228881836,5.099999904632568,106800
2011-08-30,2.4137001037597656,5.010000228881836,5.079999923706055,5.010000228881836,5.03000020980835,68300
2011-08-31,2.432971954345703,5.050000190734863,5.139999866485596,4.900000095367432,5.050000190734863,73200
2011-09-01,2.4137001037597656,5.010000228881836,5.099999904632568,4.980000019073486,5.070000171661377,56000
2011-09-02,2.3992459774017334,4.980000019073486,5.039999961853027,4.96999979019165,5.039999961853027,48600
2011-09-06,2.4088823795318604,5.0,5.0,4.900000095367432,4.929999828338623,40000
2011-09-07,2.404064655303955,4.989999771118164,5.079999923706055,4.989999771118164,5.0,50800
2011-09-08,2.4233367443084717,5.03000020980835,5.099999904632568,4.940000057220459,4.940000057220459,100500
2011-09-09,2.3992459774017334,4.980000019073486,5.059999942779541,4.900000095367432,5.059999942779541,57100
2011-09-12,2.404064655303955,4.989999771118164,5.070000171661377,4.980000019073486,4.980000019073486,46100
2011-09-13,2.4137001037597656,5.010000228881836,5.070000171661377,4.949999809265137,5.019999980926514,58400
2011-09-14,2.4088823795318604,5.0,5.050000190734863,4.920000076293945,5.019999980926514,52600
2011-09-15,2.384793758392334,4.949999809265137,5.0,4.949999809265137,5.0,36400
2011-09-16,2.3992459774017334,4.980000019073486,5.050000190734863,4.949999809265137,5.0,82300
2011-09-19,2.3896114826202393,4.960000038146973,5.0,4.909999847412109,4.96999979019165,71200
2011-09-20,2.3896114826202393,4.960000038146973,5.059999942779541,4.960000038146973,5.010000228881836,50500
2011-09-21,2.4137001037597656,5.010000228881836,5.019999980926514,4.960000038146973,4.960000038146973,91300
2011-09-22,2.3751580715179443,4.929999828338623,5.0,4.900000095367432,4.909999847412109,55900
2011-09-23,2.365522623062134,4.909999847412109,5.0,4.889999866485596,5.0,100900
2011-09-26,2.3751580715179443,4.929999828338623,4.949999809265137,4.900000095367432,4.949999809265137,30200
2011-09-27,2.3944287300109863,4.96999979019165,5.0,4.929999828338623,5.0,33000
2011-09-28,2.3799755573272705,4.940000057220459,4.980000019073486,4.929999828338623,4.96999979019165,41900
2011-09-29,2.3992459774017334,4.980000019073486,5.0,4.929999828338623,4.929999828338623,61600
2011-09-30,2.3607048988342285,4.900000095367432,4.949999809265137,4.900000095367432,4.920000076293945,19600
2011-10-03,2.2980737686157227,4.769999980926514,4.869999885559082,4.769999980926514,4.840000152587891,75100
2011-10-04,2.2643494606018066,4.699999809265137,4.789999961853027,4.699999809265137,4.760000228881836,119800
2011-10-05,2.336615800857544,4.849999904632568,4.849999904632568,4.730000019073486,4.730000019073486,62200
2011-10-06,2.37034010887146,4.920000076293945,4.989999771118164,4.869999885559082,4.869999885559082,40000
2011-10-07,2.3751580715179443,4.929999828338623,4.96999979019165,4.739999771118164,4.96999979019165,31300
2011-10-10,2.3944287300109863,4.96999979019165,4.980000019073486,4.889999866485596,4.940000057220459,34800
2011-10-11,2.37034010887146,4.920000076293945,5.0,4.800000190734863,4.940000057220459,53400
2011-10-12,2.3944287300109863,4.96999979019165,5.099999904632568,4.920000076293945,4.920000076293945,120300
2011-10-13,2.3944287300109863,4.96999979019165,5.03000020980835,4.940000057220459,4.940000057220459,44700
2011-10-14,2.3896114826202393,4.960000038146973,5.070000171661377,4.949999809265137,5.039999961853027,36100
2011-10-17,2.3944287300109863,4.96999979019165,4.989999771118164,4.949999809265137,4.980000019073486,35700
2011-10-18,2.37034010887146,4.920000076293945,4.989999771118164,4.920000076293945,4.989999771118164,37200
2011-10-19,2.384793758392334,4.949999809265137,4.980000019073486,4.940000057220459,4.940000057220459,42000
2011-10-20,2.3751580715179443,4.929999828338623,4.940000057220459,4.869999885559082,4.940000057220459,49800
2011-10-21,2.3607048988342285,4.900000095367432,5.0,4.860000133514404,4.96999979019165,81500
2011-10-24,2.3607048988342285,4.900000095367432,4.980000019073486,4.900000095367432,4.940000057220459,58300
2011-10-25,2.3558871746063232,4.889999866485596,4.949999809265137,4.760000228881836,4.860000133514404,49500
2011-10-26,2.346251964569092,4.869999885559082,4.940000057220459,4.829999923706055,4.909999847412109,68300
2011-10-27,2.351069927215576,4.880000114440918,4.960000038146973,4.869999885559082,4.960000038146973,127900
2011-10-28,2.3558871746063232,4.889999866485596,4.940000057220459,4.880000114440918,4.909999847412109,63100
2011-10-31,2.2788033485412598,4.730000019073486,4.940000057220459,4.730000019073486,4.889999866485596,118700
2011-11-01,2.3558871746063232,4.889999866485596,4.889999866485596,4.789999961853027,4.800000190734863,60200
2011-11-02,2.4038655757904053,4.909999847412109,4.96999979019165,4.800000190734863,4.800000190734863,44900
2011-11-03,2.3744921684265137,4.849999904632568,4.949999809265137,4.800000190734863,4.889999866485596,34100
2011-11-04,2.4087624549865723,4.920000076293945,4.920000076293945,4.829999923706055,4.849999904632568,46700
2011-11-07,2.3842833042144775,4.869999885559082,4.96999979019165,4.860000133514404,4.960000038146973,72200
2011-11-08,2.423449993133545,4.949999809265137,4.980000019073486,4.900000095367432,4.920000076293945,57900
2011-11-09,2.3842833042144775,4.869999885559082,4.949999809265137,4.860000133514404,4.949999809265137,43400
2011-11-10,2.394075393676758,4.889999866485596,4.900000095367432,4.849999904632568,4.900000095367432,27400
2011-11-11,2.4430336952209473,4.989999771118164,5.0,4.829999923706055,4.900000095367432,96600
2011-11-14,2.433241367340088,4.96999979019165,5.0,4.940000057220459,4.989999771118164,52500
2011-11-15,2.4136581420898438,4.929999828338623,5.0,4.840000152587891,4.980000019073486,66600
2011-11-16,2.4087624549865723,4.920000076293945,4.96999979019165,4.920000076293945,4.940000057220459,21200
2011-11-17,2.3695952892303467,4.840000152587891,4.949999809265137,4.800000190734863,4.880000114440918,36700
2011-11-18,2.4087624549865723,4.920000076293945,4.940000057220459,4.880000114440918,4.880000114440918,18500
2011-11-21,2.3989710807800293,4.900000095367432,4.940000057220459,4.809999942779541,4.869999885559082,27200
2011-11-22,2.4381377696990967,4.980000019073486,4.980000019073486,4.920000076293945,4.929999828338623,37700
2011-11-23,2.4283456802368164,4.960000038146973,4.980000019073486,4.920000076293945,4.96999979019165,43300
2011-11-25,2.418553590774536,4.940000057220459,4.96999979019165,4.909999847412109,4.96999979019165,6400
2011-11-28,2.4381377696990967,4.980000019073486,4.980000019073486,4.949999809265137,4.949999809265137,35300
2011-11-29,2.4430336952209473,4.989999771118164,5.0,4.900000095367432,4.96999979019165,65800
2011-11-30,2.4381377696990967,4.980000019073486,5.0,4.929999828338623,4.989999771118164,55200
2011-12-01,2.4038655757904053,4.909999847412109,5.0,4.909999847412109,4.940000057220459,62500
2011-12-02,2.4430336952209473,4.989999771118164,5.0,4.900000095367432,4.909999847412109,42700
2011-12-05,2.4822001457214355,5.070000171661377,5.090000152587891,4.980000019073486,5.0,90800
2011-12-06,2.5213685035705566,5.150000095367432,5.170000076293945,5.0,5.110000133514404,113400
2011-12-07,2.4822001457214355,5.070000171661377,5.28000020980835,5.070000171661377,5.179999828338623,97800
2011-12-08,2.423449993133545,4.949999809265137,5.090000152587891,4.900000095367432,5.019999980926514,68800
2011-12-09,2.3842833042144775,4.869999885559082,5.0,4.849999904632568,4.980000019073486,43600
2011-12-12,2.4038655757904053,4.909999847412109,4.909999847412109,4.800000190734863,4.840000152587891,111700
2011-12-13,2.389178991317749,4.880000114440918,4.960000038146973,4.849999904632568,4.920000076293945,100700
2011-12-14,2.418553590774536,4.940000057220459,4.960000038146973,4.880000114440918,4.880000114440918,156500
2011-12-15,2.3842833042144775,4.869999885559082,4.929999828338623,4.809999942779541,4.929999828338623,194900
2011-12-16,2.3842833042144775,4.869999885559082,4.949999809265137,4.849999904632568,4.849999904632568,358400
2011-12-19,2.3989710807800293,4.900000095367432,4.900000095367432,4.869999885559082,4.869999885559082,121900
2011-12-20,2.3842833042144775,4.869999885559082,4.929999828338623,4.849999904632568,4.889999866485596,92600
2011-12-21,2.3842833042144775,4.869999885559082,4.900000095367432,4.849999904632568,4.869999885559082,52700
2011-12-22,2.3744921684265137,4.849999904632568,4.920000076293945,4.849999904632568,4.880000114440918,50400
2011-12-23,2.3695952892303467,4.840000152587891,4.920000076293945,4.809999942779541,4.820000171661377,71100
2011-12-27,2.389178991317749,4.880000114440918,4.920000076293945,4.800000190734863,4.829999923706055,35200
2011-12-28,2.3744921684265137,4.849999904632568,4.880000114440918,4.809999942779541,4.849999904632568,50200
2011-12-29,2.394075393676758,4.889999866485596,4.889999866485596,4.860000133514404,4.889999866485596,43300
2011-12-30,2.3842833042144775,4.869999885559082,4.900000095367432,4.860000133514404,4.860000133514404,46700
2012-01-03,2.389178991317749,4.880000114440918,4.920000076293945,4.849999904632568,4.889999866485596,67100
2012-01-04,2.389178991317749,4.880000114440918,4.900000095367432,4.849999904632568,4.849999904632568,80700
2012-01-05,2.3842833042144775,4.869999885559082,4.880000114440918,4.840000152587891,4.880000114440918,72200
2012-01-06,2.3793869018554688,4.860000133514404,4.909999847412109,4.849999904632568,4.880000114440918,51400
2012-01-09,2.3157413005828857,4.730000019073486,4.900000095367432,4.599999904632568,4.900000095367432,180200
2012-01-10,2.301053762435913,4.699999809265137,4.78000020980835,4.699999809265137,4.71999979019165,105100
2012-01-11,2.2814698219299316,4.659999847412109,4.739999771118164,4.599999904632568,4.739999771118164,114100
2012-01-12,2.266782522201538,4.630000114440918,4.710000038146973,4.5,4.690000057220459,149000
2012-01-13,2.266782522201538,4.630000114440918,4.630000114440918,4.550000190734863,4.619999885559082,144900
2012-01-17,2.2716779708862305,4.639999866485596,4.650000095367432,4.599999904632568,4.619999885559082,62700
2012-01-18,2.2471988201141357,4.590000152587891,4.650000095367432,4.579999923706055,4.599999904632568,82300
2012-01-19,2.217824697494507,4.53000020980835,4.639999866485596,4.449999809265137,4.639999866485596,184900
2012-01-20,2.2471988201141357,4.590000152587891,4.679999828338623,4.5,4.5,153000
2012-01-23,2.237407684326172,4.570000171661377,4.650000095367432,4.570000171661377,4.599999904632568,119800
2012-01-24,2.2471988201141357,4.590000152587891,4.619999885559082,4.570000171661377,4.610000133514404,51000
2012-01-25,2.2325117588043213,4.559999942779541,4.610000133514404,4.550000190734863,4.599999904632568,91100
2012-01-26,2.3161935806274414,4.650000095367432,4.690000057220459,4.489999771118164,4.570000171661377,122600
2012-01-27,2.271364212036133,4.559999942779541,4.619999885559082,4.5,4.619999885559082,135700
2012-01-30,2.261401414871216,4.539999961853027,4.579999923706055,4.53000020980835,4.559999942779541,913900
2012-01-31,2.2813260555267334,4.579999923706055,4.610000133514404,4.539999961853027,4.539999961853027,64100
2012-02-01,2.2813260555267334,4.579999923706055,4.599999904632568,4.550000190734863,4.599999904632568,41400
2012-02-02,2.2763450145721436,4.570000171661377,4.619999885559082,4.550000190734863,4.550000190734863,66900
2012-02-03,2.251439094543457,4.519999980926514,4.570000171661377,4.5,4.550000190734863,106600
2012-02-06,2.2315151691436768,4.480000019073486,4.550000190734863,4.440000057220459,4.519999980926514,162900
2012-02-07,2.221553325653076,4.460000038146973,4.550000190734863,4.429999828338623,4.550000190734863,165100
2012-02-08,2.221553325653076,4.460000038146973,4.489999771118164,4.349999904632568,4.349999904632568,139500
2012-02-09,2.161780595779419,4.340000152587891,4.429999828338623,4.289999961853027,4.380000114440918,177000
2012-02-10,2.1916661262512207,4.400000095367432,4.409999847412109,4.300000190734863,4.300000190734863,154600
2012-02-13,2.1418566703796387,4.300000190734863,4.429999828338623,4.25,4.420000076293945,152600
2012-02-14,2.2414774894714355,4.5,4.5,4.25,4.269999980926514,321500
2012-02-15,2.2414774894714355,4.5,4.5,4.46999979019165,4.489999771118164,172500
2012-02-16,2.2464582920074463,4.510000228881836,4.53000020980835,4.489999771118164,4.489999771118164,110100
2012-02-17,2.2813260555267334,4.579999923706055,4.650000095367432,4.519999980926514,4.550000190734863,105100
2012-02-21,2.3062312602996826,4.630000114440918,4.639999866485596,4.550000190734863,4.550000190734863,82600
2012-02-22,2.341099500656128,4.699999809265137,4.699999809265137,4.639999866485596,4.659999847412109,89700
2012-02-23,2.321173906326294,4.659999847412109,4.699999809265137,4.590000152587891,4.699999809265137,90400
2012-02-24,2.3510608673095703,4.71999979019165,4.71999979019165,4.619999885559082,4.630000114440918,57500
2012-02-27,2.3012499809265137,4.619999885559082,4.699999809265137,4.599999904632568,4.670000076293945,54800
2012-02-28,2.2813260555267334,4.579999923706055,4.619999885559082,4.53000020980835,4.599999904632568,34200
2012-02-29,2.271364212036133,4.559999942779541,4.610000133514404,4.5,4.559999942779541,53600
2012-03-01,2.2763450145721436,4.570000171661377,4.619999885559082,4.5,4.559999942779541,56000
2012-03-02,2.261401414871216,4.539999961853027,4.559999942779541,4.489999771118164,4.5,110100
2012-03-05,2.2464582920074463,4.510000228881836,4.579999923706055,4.5,4.510000228881836,65300
2012-03-06,2.266383171081543,4.550000190734863,4.590000152587891,4.480000019073486,4.480000019073486,51600
2012-03-07,2.361022710800171,4.739999771118164,4.739999771118164,4.510000228881836,4.579999923706055,104500
2012-03-08,2.326155424118042,4.670000076293945,4.710000038146973,4.610000133514404,4.699999809265137,87000
2012-03-09,2.3062312602996826,4.630000114440918,4.659999847412109,4.590000152587891,4.659999847412109,27900
2012-03-12,2.2414774894714355,4.5,4.619999885559082,4.46999979019165,4.610000133514404,73200
2012-03-13,2.226534843444824,4.46999979019165,4.53000020980835,4.369999885559082,4.5,56900
2012-03-14,2.1767237186431885,4.369999885559082,4.429999828338623,4.300000190734863,4.429999828338623,120100
2012-03-15,2.1368753910064697,4.289999961853027,4.369999885559082,4.260000228881836,4.329999923706055,93700
2012-03-16,2.146836519241333,4.309999942779541,4.340000152587891,4.269999980926514,4.289999961853027,57700
2012-03-19,2.131894111633301,4.28000020980835,4.429999828338623,4.260000228881836,4.349999904632568,72000
2012-03-20,2.1368753910064697,4.289999961853027,4.349999904632568,4.25,4.300000190734863,58700
2012-03-21,2.111969470977783,4.239999771118164,4.320000171661377,4.239999771118164,4.28000020980835,57500
2012-03-22,2.121932029724121,4.260000228881836,4.309999942779541,4.199999809265137,4.260000228881836,56000
2012-03-23,2.121932029724121,4.260000228881836,4.309999942779541,4.199999809265137,4.300000190734863,24400
2012-03-26,2.12691330909729,4.269999980926514,4.329999923706055,4.210000038146973,4.300000190734863,25100
2012-03-27,2.0820837020874023,4.179999828338623,4.289999961853027,4.079999923706055,4.260000228881836,109700
2012-03-28,2.0372540950775146,4.090000152587891,4.170000076293945,4.010000228881836,4.150000095367432,107900
2012-03-29,2.0422351360321045,4.099999904632568,4.210000038146973,4.03000020980835,4.090000152587891,77000
2012-03-30,2.0621590614318848,4.139999866485596,4.179999828338623,4.099999904632568,4.150000095367432,29300
2012-04-02,2.0472161769866943,4.110000133514404,4.210000038146973,4.099999904632568,4.190000057220459,54400
2012-04-03,2.087064743041992,4.190000057220459,4.25,4.099999904632568,4.099999904632568,63000
2012-04-04,2.0571794509887695,4.130000114440918,4.170000076293945,4.099999904632568,4.139999866485596,25400
2012-04-05,2.0721213817596436,4.159999847412109,4.190000057220459,4.099999904632568,4.130000114440918,35900
2012-04-09,2.052196741104126,4.119999885559082,4.179999828338623,4.099999904632568,4.179999828338623,46700
2012-04-10,2.0422351360321045,4.099999904632568,4.150000095367432,4.070000171661377,4.150000095367432,52600
2012-04-11,2.0272915363311768,4.070000171661377,4.110000133514404,4.059999942779541,4.070000171661377,26100
2012-04-12,2.032273530960083,4.079999923706055,4.139999866485596,4.070000171661377,4.110000133514404,37600
2012-04-13,2.0073676109313965,4.03000020980835,4.099999904632568,4.03000020980835,4.099999904632568,25400
2012-04-16,1.9326518774032593,3.880000114440918,4.050000190734863,3.7799999713897705,4.050000190734863,196800
2012-04-17,1.9874438047409058,3.990000009536743,4.0,3.819999933242798,3.880000114440918,100100
2012-04-18,1.9426140785217285,3.9000000953674316,4.0,3.869999885559082,3.9800000190734863,61400
2012-04-19,1.9525765180587769,3.9200000762939453,3.990000009536743,3.9000000953674316,3.9000000953674316,46900
2012-04-20,1.9675190448760986,3.950000047683716,4.0,3.9100000858306885,3.9100000858306885,30300
2012-04-23,1.9475950002670288,3.9100000858306885,3.990000009536743,3.890000104904175,3.890000104904175,75900
2012-04-24,1.9326518774032593,3.880000114440918,3.9100000858306885,3.819999933242798,3.9100000858306885,117600
2012-04-25,1.9326518774032593,3.880000114440918,3.930000066757202,3.859999895095825,3.9200000762939453,71700
2012-04-26,1.9418020248413086,3.819999933242798,3.869999885559082,3.7899999618530273,3.859999895095825,45800
2012-04-27,1.9265514612197876,3.7899999618530273,3.8499999046325684,3.75,3.8399999141693115,130700
2012-04-30,1.9265514612197876,3.7899999618530273,3.7899999618530273,3.759999990463257,3.7799999713897705,67000
2012-05-01,1.9468845129013062,3.8299999237060547,3.8299999237060547,3.7699999809265137,3.7799999713897705,35200
2012-05-02,1.9265514612197876,3.7899999618530273,3.7899999618530273,3.75,3.75,40000
2012-05-03,1.9214684963226318,3.7799999713897705,3.7899999618530273,3.7699999809265137,3.7799999713897705,58000
2012-05-04,1.9113025665283203,3.759999990463257,3.7799999713897705,3.759999990463257,3.7799999713897705,23200
2012-05-07,1.9113025665283203,3.759999990463257,3.7699999809265137,3.7300000190734863,3.75,34000
2012-05-08,1.9265514612197876,3.7899999618530273,3.8499999046325684,3.7300000190734863,3.8499999046325684,137900
2012-05-09,1.8604696989059448,3.6600000858306885,3.7899999618530273,3.6500000953674316,3.7799999713897705,199000
2012-05-10,1.982467532157898,3.9000000953674316,3.9600000381469727,3.680000066757202,3.680000066757202,240700
2012-05-11,2.0078837871551514,3.950000047683716,3.9700000286102295,3.8299999237060547,3.9100000858306885,114000
2012-05-14,2.0332999229431152,4.0,4.019999980926514,3.8499999046325684,3.9600000381469727,80800
2012-05-15,2.0231332778930664,3.9800000190734863,4.070000171661377,3.9200000762939453,4.0,121000
2012-05-16,1.982467532157898,3.9000000953674316,4.0,3.859999895095825,4.0,116900
2012-05-17,1.9926342964172363,3.9200000762939453,3.9600000381469727,3.8499999046325684,3.869999885559082,44900
2012-05-18,1.9468845129013062,3.8299999237060547,3.950000047683716,3.799999952316284,3.9100000858306885,94800
2012-05-21,1.9316349029541016,3.799999952316284,3.9100000858306885,3.759999990463257,3.8499999046325684,45400
2012-05-22,1.9367183446884155,3.809999942779541,3.8299999237060547,3.7799999713897705,3.7799999713897705,42000
2012-05-23,1.957051396369934,3.8499999046325684,3.8499999046325684,3.759999990463257,3.7899999618530273,39000
2012-05-24,1.957051396369934,3.8499999046325684,3.9200000762939453,3.819999933242798,3.819999933242798,84300
2012-05-25,1.957051396369934,3.8499999046325684,3.880000114440918,3.8299999237060547,3.8299999237060547,21000
2012-05-29,1.9875506162643433,3.9100000858306885,3.930000066757202,3.880000114440918,3.9100000858306885,33800
2012-05-30,1.9926342964172363,3.9200000762939453,3.9700000286102295,3.9100000858306885,3.9100000858306885,26200
2012-05-31,2.0078837871551514,3.950000047683716,3.950000047683716,3.880000114440918,3.890000104904175,71300
2012-06-01,2.0129668712615967,3.9600000381469727,4.019999980926514,3.890000104904175,3.890000104904175,38700
2012-06-04,1.9468845129013062,3.8299999237060547,3.930000066757202,3.819999933242798,3.930000066757202,77400
2012-06-05,1.9468845129013062,3.8299999237060547,3.859999895095825,3.7799999713897705,3.799999952316284,88400
2012-06-06,1.9723012447357178,3.880000114440918,3.890000104904175,3.7699999809265137,3.8499999046325684,36200
2012-06-07,1.9367183446884155,3.809999942779541,3.9000000953674316,3.809999942779541,3.880000114440918,43800
2012-06-08,1.9519683122634888,3.8399999141693115,3.890000104904175,3.819999933242798,3.8399999141693115,26900
2012-06-11,1.982467532157898,3.9000000953674316,3.950000047683716,3.809999942779541,3.809999942779541,69300
2012-06-12,2.0078837871551514,3.950000047683716,3.9800000190734863,3.869999885559082,3.880000114440918,19400
2012-06-13,2.002800941467285,3.940000057220459,3.990000009536743,3.9100000858306885,3.940000057220459,47000
2012-06-14,2.058716058731079,4.050000190734863,4.079999923706055,3.9600000381469727,3.9600000381469727,82300
2012-06-15,2.058716058731079,4.050000190734863,4.079999923706055,3.9800000190734863,4.03000020980835,17400
2012-06-18,2.043466567993164,4.019999980926514,4.079999923706055,4.0,4.070000171661377,54600
2012-06-19,2.0332999229431152,4.0,4.050000190734863,4.0,4.050000190734863,19200
2012-06-20,2.0231332778930664,3.9800000190734863,4.090000152587891,3.9600000381469727,4.039999961853027,52100
2012-06-21,2.0231332778930664,3.9800000190734863,4.079999923706055,3.9700000286102295,4.0,83900
2012-06-22,2.0129668712615967,3.9600000381469727,4.0,3.9600000381469727,3.9800000190734863,37900
2012-06-25,2.058716058731079,4.050000190734863,4.050000190734863,3.9200000762939453,3.930000066757202,85600
2012-06-26,2.058716058731079,4.050000190734863,4.110000133514404,3.9800000190734863,4.050000190734863,58900
2012-06-27,2.0790491104125977,4.090000152587891,4.119999885559082,4.050000190734863,4.070000171661377,60400
2012-06-28,2.084132671356201,4.099999904632568,4.119999885559082,4.079999923706055,4.079999923706055,38700
2012-06-29,2.124798536300659,4.179999828338623,4.199999809265137,4.099999904632568,4.099999904632568,54100
2012-07-02,2.1451315879821777,4.21999979019165,4.260000228881836,4.210000038146973,4.210000038146973,19100
2012-07-03,2.1807143688201904,4.289999961853027,4.300000190734863,4.269999980926514,4.269999980926514,18600
2012-07-05,2.150214672088623,4.230000019073486,4.360000133514404,4.21999979019165,4.320000171661377,44200
2012-07-06,2.13496470451355,4.199999809265137,4.269999980926514,4.199999809265137,4.21999979019165,23900
2012-07-09,2.226463794708252,4.380000114440918,4.449999809265137,4.190000057220459,4.199999809265137,50700
2012-07-10,2.185798406600952,4.300000190734863,4.400000095367432,4.28000020980835,4.369999885559082,73900
2012-07-11,2.13496470451355,4.199999809265137,4.329999923706055,4.190000057220459,4.309999942779541,37100
2012-07-12,2.1451315879821777,4.21999979019165,4.289999961853027,4.190000057220459,4.210000038146973,27200
2012-07-13,2.1654646396636963,4.260000228881836,4.360000133514404,4.210000038146973,4.210000038146973,19600
2012-07-16,2.185798406600952,4.300000190734863,4.369999885559082,4.260000228881836,4.309999942779541,78900
2012-07-17,2.1807143688201904,4.289999961853027,4.349999904632568,4.21999979019165,4.28000020980835,22800
2012-07-18,2.1705479621887207,4.269999980926514,4.389999866485596,4.199999809265137,4.320000171661377,28700
2012-07-19,2.1603810787200928,4.25,4.329999923706055,4.210000038146973,4.269999980926514,24100
2012-07-20,2.1552977561950684,4.239999771118164,4.28000020980835,4.230000019073486,4.239999771118164,14300
2012-07-23,2.124798536300659,4.179999828338623,4.239999771118164,4.179999828338623,4.190000057220459,20400
2012-07-24,2.1552977561950684,4.239999771118164,4.309999942779541,4.179999828338623,4.179999828338623,40100
2012-07-25,2.175631523132324,4.28000020980835,4.329999923706055,4.199999809265137,4.289999961853027,88900
2012-07-26,2.2263717651367188,4.300000190734863,4.309999942779541,4.230000019073486,4.309999942779541,59200
2012-07-27,2.1901285648345947,4.230000019073486,4.320000171661377,4.199999809265137,4.309999942779541,29900
2012-07-30,2.221194267272949,4.289999961853027,4.309999942779541,4.210000038146973,4.260000228881836,58700
2012-07-31,2.200483798980713,4.25,4.289999961853027,4.230000019073486,4.260000228881836,17100
2012-08-01,2.195305824279785,4.239999771118164,4.289999961853027,4.210000038146973,4.289999961853027,23900
2012-08-02,2.200483798980713,4.25,4.289999961853027,4.230000019073486,4.25,24400
2012-08-03,2.195305824279785,4.239999771118164,4.269999980926514,4.210000038146973,4.25,21900
2012-08-06,2.1797730922698975,4.210000038146973,4.28000020980835,4.210000038146973,4.269999980926514,43900
2012-08-07,2.1279969215393066,4.110000133514404,4.480000019073486,4.090000152587891,4.480000019073486,96900
2012-08-08,2.1642401218414307,4.179999828338623,4.21999979019165,4.059999942779541,4.139999866485596,42200
2012-08-09,2.174595355987549,4.199999809265137,4.210000038146973,4.110000133514404,4.210000038146973,35200
2012-08-10,2.1694180965423584,4.190000057220459,4.25,4.150000095367432,4.150000095367432,41100
2012-08-13,2.1901285648345947,4.230000019073486,4.230000019073486,4.190000057220459,4.21999979019165,22800
2012-08-14,2.1642401218414307,4.179999828338623,4.230000019073486,4.179999828338623,4.230000019073486,24100
2012-08-15,2.2263717651367188,4.300000190734863,4.309999942779541,4.190000057220459,4.199999809265137,67400
2012-08-16,2.257436990737915,4.360000133514404,4.360000133514404,4.300000190734863,4.329999923706055,49100
2012-08-17,2.2729711532592773,4.389999866485596,4.389999866485596,4.320000171661377,4.340000152587891,42200
2012-08-20,2.3040354251861572,4.449999809265137,4.449999809265137,4.349999904632568,4.360000133514404,54000
2012-08-21,2.309213161468506,4.460000038146973,4.46999979019165,4.389999866485596,4.420000076293945,40500
2012-08-22,2.3040354251861572,4.449999809265137,4.480000019073486,4.400000095367432,4.400000095367432,21700
2012-08-23,2.2522599697113037,4.349999904632568,4.449999809265137,4.320000171661377,4.420000076293945,65700
2012-08-24,2.298858880996704,4.440000057220459,4.440000057220459,4.320000171661377,4.320000171661377,41500
2012-08-27,2.3402788639068604,4.519999980926514,4.539999961853027,4.369999885559082,4.440000057220459,50900
2012-08-28,2.3402788639068604,4.519999980926514,4.590000152587891,4.460000038146973,4.559999942779541,31100
2012-08-29,2.329923629760742,4.5,4.510000228881836,4.480000019073486,4.510000228881836,10800
2012-08-30,2.3247456550598145,4.489999771118164,4.510000228881836,4.420000076293945,4.510000228881836,11400
2012-08-31,2.2936809062957764,4.429999828338623,4.53000020980835,4.360000133514404,4.53000020980835,17900
2012-09-04,2.298858880996704,4.440000057220459,4.449999809265137,4.360000133514404,4.449999809265137,31600
2012-09-05,2.2677924633026123,4.380000114440918,4.449999809265137,4.380000114440918,4.380000114440918,47300
2012-09-06,2.309213161468506,4.460000038146973,4.46999979019165,4.349999904632568,4.420000076293945,47900
2012-09-07,2.2677924633026123,4.380000114440918,4.440000057220459,4.360000133514404,4.440000057220459,36900
2012-09-10,2.2626149654388428,4.369999885559082,4.400000095367432,4.289999961853027,4.380000114440918,56100
2012-09-11,2.247081995010376,4.340000152587891,4.420000076293945,4.340000152587891,4.389999866485596,19400
2012-09-12,2.2729711532592773,4.389999866485596,4.389999866485596,4.340000152587891,4.349999904632568,23000
2012-09-13,2.2677924633026123,4.380000114440918,4.389999866485596,4.369999885559082,4.380000114440918,21200
2012-09-14,2.2419044971466064,4.329999923706055,4.380000114440918,4.230000019073486,4.360000133514404,37800
2012-09-17,2.2677924633026123,4.380000114440918,4.389999866485596,4.320000171661377,4.320000171661377,59800
2012-09-18,2.2522599697113037,4.349999904632568,4.389999866485596,4.329999923706055,4.389999866485596,23200
2012-09-19,2.221194267272949,4.289999961853027,4.349999904632568,4.269999980926514,4.340000152587891,26300
2012-09-20,2.148707628250122,4.150000095367432,4.289999961853027,4.099999904632568,4.239999771118164,194600
2012-09-21,2.1901285648345947,4.230000019073486,4.269999980926514,4.139999866485596,4.179999828338623,54600
2012-09-24,2.2056610584259033,4.260000228881836,4.320000171661377,4.230000019073486,4.230000019073486,37100
2012-09-25,2.200483798980713,4.25,4.320000171661377,4.239999771118164,4.25,58900
2012-09-26,2.210838794708252,4.269999980926514,4.320000171661377,4.190000057220459,4.28000020980835,25200
2012-09-27,2.221194267272949,4.289999961853027,4.340000152587891,4.269999980926514,4.289999961853027,25400
2012-09-28,2.236726999282837,4.320000171661377,4.320000171661377,4.260000228881836,4.28000020980835,15400
2012-10-01,2.247081995010376,4.340000152587891,4.340000152587891,4.269999980926514,4.289999961853027,25000
2012-10-02,2.2056610584259033,4.260000228881836,4.320000171661377,4.260000228881836,4.309999942779541,20900
2012-10-03,2.200483798980713,4.25,4.289999961853027,4.199999809265137,4.199999809265137,58500
2012-10-04,2.2160165309906006,4.28000020980835,4.300000190734863,4.25,4.300000190734863,12800
2012-10-05,2.210838794708252,4.269999980926514,4.289999961853027,4.269999980926514,4.269999980926514,13500
2012-10-08,2.200483798980713,4.25,4.289999961853027,4.25,4.289999961853027,44500
2012-10-09,2.1901285648345947,4.230000019073486,4.269999980926514,4.21999979019165,4.25,19700
2012-10-10,2.184950828552246,4.21999979019165,4.260000228881836,4.21999979019165,4.260000228881836,39100
2012-10-11,2.1797730922698975,4.210000038146973,4.300000190734863,4.199999809265137,4.21999979019165,80900
2012-10-12,2.2263717651367188,4.300000190734863,4.329999923706055,4.21999979019165,4.269999980926514,26500
2012-10-15,2.221194267272949,4.289999961853027,4.300000190734863,4.25,4.260000228881836,46900
2012-10-16,2.2263717651367188,4.300000190734863,4.300000190734863,4.25,4.28000020980835,19400
2012-10-17,2.257436990737915,4.360000133514404,4.360000133514404,4.28000020980835,4.289999961853027,30300
2012-10-18,2.231549024581909,4.309999942779541,4.340000152587891,4.300000190734863,4.340000152587891,39700
2012-10-19,2.231549024581909,4.309999942779541,4.340000152587891,4.28000020980835,4.309999942779541,13900
2012-10-22,2.210838794708252,4.269999980926514,4.309999942779541,4.269999980926514,4.269999980926514,38900
2012-10-23,2.2263717651367188,4.300000190734863,4.300000190734863,4.269999980926514,4.269999980926514,16400
2012-10-24,2.236726999282837,4.320000171661377,4.340000152587891,4.320000171661377,4.320000171661377,19300
2012-10-25,2.2160165309906006,4.28000020980835,4.320000171661377,4.28000020980835,4.309999942779541,14200
2012-10-26,2.2263717651367188,4.300000190734863,4.300000190734863,4.28000020980835,4.28000020980835,16700
2012-10-31,2.247081995010376,4.340000152587891,4.349999904632568,4.25,4.349999904632568,84700
2012-11-01,2.224938154220581,4.21999979019165,4.289999961853027,4.210000038146973,4.269999980926514,23700
2012-11-02,2.1827595233917236,4.139999866485596,4.239999771118164,4.110000133514404,4.239999771118164,531900
2012-11-05,2.198577404022217,4.170000076293945,4.199999809265137,4.010000228881836,4.159999847412109,65900
2012-11-06,2.224938154220581,4.21999979019165,4.25,4.110000133514404,4.139999866485596,32600
2012-11-07,2.172215223312378,4.119999885559082,4.239999771118164,4.099999904632568,4.179999828338623,51200
2012-11-08,2.2038486003875732,4.179999828338623,4.269999980926514,4.150000095367432,4.150000095367432,21400
2012-11-09,2.209120988845825,4.190000057220459,4.21999979019165,4.159999847412109,4.159999847412109,41600
2012-11-12,2.14057993888855,4.059999942779541,4.179999828338623,4.019999980926514,4.170000076293945,29800
2012-11-13,2.209120988845825,4.190000057220459,4.190000057220459,4.03000020980835,4.03000020980835,73500
2012-11-14,2.1669423580169678,4.110000133514404,4.230000019073486,4.03000020980835,4.230000019073486,83700
2012-11-15,2.0984013080596924,3.9800000190734863,4.119999885559082,3.9200000762939453,4.119999885559082,205500
2012-11-16,2.130035877227783,4.039999961853027,4.059999942779541,3.9800000190734863,4.050000190734863,62800
2012-11-19,2.172215223312378,4.119999885559082,4.230000019073486,3.940000057220459,4.039999961853027,64600
2012-11-20,2.2038486003875732,4.179999828338623,4.230000019073486,4.079999923706055,4.159999847412109,105200
2012-11-21,2.2565720081329346,4.28000020980835,4.28000020980835,4.150000095367432,4.150000095367432,73900
2012-11-23,2.230211019515991,4.230000019073486,4.300000190734863,4.230000019073486,4.230000019073486,11900
2012-11-26,2.230211019515991,4.230000019073486,4.28000020980835,4.210000038146973,4.239999771118164,45000
2012-11-27,2.230211019515991,4.230000019073486,4.269999980926514,4.230000019073486,4.239999771118164,100700
2012-11-28,2.230211019515991,4.230000019073486,4.260000228881836,4.159999847412109,4.25,91800
2012-11-29,2.21966552734375,4.210000038146973,4.25,4.190000057220459,4.25,32200
2012-11-30,2.21966552734375,4.210000038146973,4.230000019073486,4.179999828338623,4.179999828338623,19900
2012-12-03,2.198577404022217,4.170000076293945,4.25,4.150000095367432,4.170000076293945,44900
2012-12-04,2.198577404022217,4.170000076293945,4.230000019073486,4.170000076293945,4.190000057220459,35700
2012-12-05,2.1933045387268066,4.159999847412109,4.190000057220459,4.159999847412109,4.179999828338623,30600
2012-12-06,2.14057993888855,4.059999942779541,4.210000038146973,4.019999980926514,4.199999809265137,129200
2012-12-07,2.14057993888855,4.059999942779541,4.119999885559082,4.050000190734863,4.050000190734863,61900
2012-12-10,2.14057993888855,4.059999942779541,4.130000114440918,4.050000190734863,4.050000190734863,92700
2012-12-11,2.1616697311401367,4.099999904632568,4.099999904632568,4.03000020980835,4.03000020980835,99300
2012-12-12,2.130035877227783,4.039999961853027,4.159999847412109,4.010000228881836,4.099999904632568,117000
2012-12-13,2.130035877227783,4.039999961853027,4.090000152587891,4.019999980926514,4.050000190734863,30300
2012-12-14,2.135308265686035,4.050000190734863,4.090000152587891,4.019999980926514,4.039999961853027,54300
2012-12-17,2.1774871349334717,4.130000114440918,4.130000114440918,4.050000190734863,4.059999942779541,47700
2012-12-18,2.1563973426818848,4.090000152587891,4.099999904632568,4.059999942779541,4.090000152587891,34900
2012-12-19,2.114218235015869,4.010000228881836,4.090000152587891,4.010000228881836,4.059999942779541,294500
2012-12-20,2.1563973426818848,4.090000152587891,4.119999885559082,4.019999980926514,4.059999942779541,186900
2012-12-21,2.1616697311401367,4.099999904632568,4.110000133514404,4.03000020980835,4.03000020980835,183200
2012-12-24,2.1458523273468018,4.070000171661377,4.099999904632568,4.050000190734863,4.099999904632568,55400
2012-12-26,2.135308265686035,4.050000190734863,4.090000152587891,4.050000190734863,4.050000190734863,46900
2012-12-27,2.14057993888855,4.059999942779541,4.070000171661377,4.039999961853027,4.059999942779541,44800
2012-12-28,2.135308265686035,4.050000190734863,4.090000152587891,4.039999961853027,4.079999923706055,61100
2012-12-31,2.1563973426818848,4.090000152587891,4.119999885559082,4.050000190734863,4.070000171661377,104400
2013-01-02,2.1774871349334717,4.130000114440918,4.210000038146973,4.130000114440918,4.150000095367432,107800
2013-01-03,2.198577404022217,4.170000076293945,4.210000038146973,4.139999866485596,4.139999866485596,55400
2013-01-04,2.209120988845825,4.190000057220459,4.199999809265137,4.170000076293945,4.170000076293945,91200
2013-01-07,2.246027946472168,4.260000228881836,4.300000190734863,4.199999809265137,4.199999809265137,69100
2013-01-08,2.246027946472168,4.260000228881836,4.28000020980835,4.260000228881836,4.269999980926514,23900
2013-01-09,2.246027946472168,4.260000228881836,4.309999942779541,4.25,4.269999980926514,126900
2013-01-10,2.2671172618865967,4.300000190734863,4.320000171661377,4.260000228881836,4.260000228881836,50300
2013-01-11,2.2512996196746826,4.269999980926514,4.300000190734863,4.269999980926514,4.28000020980835,20200
2013-01-14,2.2671172618865967,4.300000190734863,4.340000152587891,4.25,4.25,24400
2013-01-15,2.2618448734283447,4.289999961853027,4.329999923706055,4.28000020980835,4.329999923706055,26100
2013-01-16,2.3145689964294434,4.389999866485596,4.400000095367432,4.289999961853027,4.289999961853027,50200
2013-01-17,2.319840669631958,4.400000095367432,4.420000076293945,4.360000133514404,4.389999866485596,49700
2013-01-18,2.319840669631958,4.400000095367432,4.420000076293945,4.360000133514404,4.380000114440918,66700
2013-01-22,2.3145689964294434,4.389999866485596,4.420000076293945,4.389999866485596,4.400000095367432,87600
2013-01-23,2.3145689964294434,4.389999866485596,4.420000076293945,4.380000114440918,4.420000076293945,95700
2013-01-24,2.3666224479675293,4.409999847412109,4.489999771118164,4.349999904632568,4.400000095367432,90800
2013-01-25,2.3505239486694336,4.380000114440918,4.420000076293945,4.369999885559082,4.420000076293945,25000
2013-01-28,2.3558907508850098,4.389999866485596,4.429999828338623,4.380000114440918,4.380000114440918,38700
2013-01-29,2.3505239486694336,4.380000114440918,4.400000095367432,4.369999885559082,4.389999866485596,25200
2013-01-30,2.4202880859375,4.510000228881836,4.510000228881836,4.360000133514404,4.360000133514404,180000
2013-01-31,2.511519432067871,4.679999828338623,4.679999828338623,4.519999980926514,4.519999980926514,197200
2013-02-01,2.5651843547821045,4.78000020980835,4.800000190734863,4.679999828338623,4.739999771118164,97400
2013-02-04,2.629582405090332,4.900000095367432,4.900000095367432,4.730000019073486,4.78000020980835,59600
2013-02-05,2.570549726486206,4.789999961853027,4.960000038146973,4.75,4.960000038146973,94500
2013-02-06,2.5973825454711914,4.840000152587891,4.869999885559082,4.75,4.800000190734863,104600
2013-02-07,2.559816837310791,4.769999980926514,4.860000133514404,4.690000057220459,4.860000133514404,50300
2013-02-08,2.4739537239074707,4.610000133514404,4.809999942779541,4.519999980926514,4.809999942779541,116700
2013-02-11,2.4739537239074707,4.610000133514404,4.690000057220459,4.539999961853027,4.690000057220459,90100
2013-02-12,2.4739537239074707,4.610000133514404,4.650000095367432,4.550000190734863,4.559999942779541,55400
2013-02-13,2.511519432067871,4.679999828338623,4.690000057220459,4.610000133514404,4.630000114440918,30500
2013-02-14,2.5061516761779785,4.670000076293945,4.730000019073486,4.630000114440918,4.639999866485596,41900
2013-02-15,2.4685864448547363,4.599999904632568,4.699999809265137,4.599999904632568,4.699999809265137,32700
2013-02-19,2.549084186553955,4.75,4.75,4.579999923706055,4.599999904632568,49200
2013-02-20,2.49541974067688,4.650000095367432,4.730000019073486,4.590000152587891,4.699999809265137,52700
2013-02-21,2.4793195724487305,4.619999885559082,4.650000095367432,4.53000020980835,4.650000095367432,58300
2013-02-22,2.4524874687194824,4.570000171661377,4.650000095367432,4.539999961853027,4.650000095367432,21300
2013-02-25,2.4471209049224854,4.559999942779541,4.579999923706055,4.46999979019165,4.519999980926514,94200
2013-02-26,2.4041881561279297,4.480000019073486,4.559999942779541,4.449999809265137,4.559999942779541,132000
2013-02-27,2.4041881561279297,4.480000019073486,4.53000020980835,4.46999979019165,4.489999771118164,125800
2013-02-28,2.3719897270202637,4.420000076293945,4.489999771118164,4.409999847412109,4.460000038146973,81100
2013-03-01,2.3666224479675293,4.409999847412109,4.449999809265137,4.409999847412109,4.409999847412109,55500
2013-03-04,2.3666224479675293,4.409999847412109,4.449999809265137,4.400000095367432,4.409999847412109,118500
2013-03-05,2.3451578617095947,4.369999885559082,4.440000057220459,4.369999885559082,4.420000076293945,80900
2013-03-06,2.3236916065216064,4.329999923706055,4.449999809265137,4.320000171661377,4.400000095367432,90300
2013-03-07,2.4739537239074707,4.610000133514404,4.619999885559082,4.349999904632568,4.349999904632568,200000
2013-03-08,2.3827226161956787,4.440000057220459,4.619999885559082,4.409999847412109,4.550000190734863,72000
2013-03-11,2.3880889415740967,4.449999809265137,4.5,4.400000095367432,4.400000095367432,49900
2013-03-12,2.4095547199249268,4.489999771118164,4.489999771118164,4.420000076293945,4.440000057220459,38300
2013-03-13,2.3827226161956787,4.440000057220459,4.46999979019165,4.409999847412109,4.440000057220459,28400
2013-03-14,2.3666224479675293,4.409999847412109,4.449999809265137,4.349999904632568,4.420000076293945,34200
2013-03-15,2.3827226161956787,4.440000057220459,4.460000038146973,4.360000133514404,4.449999809265137,28900
2013-03-18,2.377356767654419,4.429999828338623,4.429999828338623,4.360000133514404,4.400000095367432,118600
2013-03-19,2.3666224479675293,4.409999847412109,4.409999847412109,4.360000133514404,4.409999847412109,77300
2013-03-20,2.398822546005249,4.46999979019165,4.489999771118164,4.380000114440918,4.400000095367432,52900
2013-03-21,2.441754102706909,4.550000190734863,4.550000190734863,4.449999809265137,4.46999979019165,47200
2013-03-22,2.4578537940979004,4.579999923706055,4.610000133514404,4.550000190734863,4.550000190734863,26500
2013-03-25,2.46321964263916,4.590000152587891,4.610000133514404,4.539999961853027,4.570000171661377,39400
2013-03-26,2.441754102706909,4.550000190734863,4.590000152587891,4.550000190734863,4.590000152587891,22400
2013-03-27,2.4524874687194824,4.570000171661377,4.599999904632568,4.510000228881836,4.579999923706055,29500
2013-03-28,2.4363880157470703,4.539999961853027,4.579999923706055,4.480000019073486,4.510000228881836,70800
2013-04-01,2.4256539344787598,4.519999980926514,4.570000171661377,4.5,4.510000228881836,33700
2013-04-02,2.4524874687194824,4.570000171661377,4.590000152587891,4.5,4.519999980926514,63300
2013-04-03,2.4256539344787598,4.519999980926514,4.570000171661377,4.5,4.570000171661377,48800
2013-04-04,2.4041881561279297,4.480000019073486,4.550000190734863,4.440000057220459,4.510000228881836,70900
2013-04-05,2.414921998977661,4.5,4.5,4.46999979019165,4.5,11300
2013-04-08,2.4256539344787598,4.519999980926514,4.539999961853027,4.460000038146973,4.489999771118164,56200
2013-04-09,2.5061516761779785,4.670000076293945,4.699999809265137,4.559999942779541,4.579999923706055,72000
2013-04-10,2.5168850421905518,4.690000057220459,4.690000057220459,4.610000133514404,4.619999885559082,59200
2013-04-11,2.511519432067871,4.679999828338623,4.690000057220459,4.619999885559082,4.639999866485596,14400
2013-04-12,2.4739537239074707,4.610000133514404,4.650000095367432,4.53000020980835,4.619999885559082,62500
2013-04-15,2.4256539344787598,4.519999980926514,4.599999904632568,4.5,4.550000190734863,33800
2013-04-16,2.484686851501465,4.630000114440918,4.659999847412109,4.5,4.5,55500
2013-04-17,2.484686851501465,4.630000114440918,4.639999866485596,4.559999942779541,4.630000114440918,42700
2013-04-18,2.522252082824707,4.699999809265137,4.699999809265137,4.579999923706055,4.630000114440918,49800
2013-04-19,2.5437171459198,4.739999771118164,4.75,4.639999866485596,4.659999847412109,58500
2013-04-22,2.570549726486206,4.789999961853027,4.800000190734863,4.659999847412109,4.699999809265137,112400
2013-04-23,2.5973825454711914,4.840000152587891,4.840000152587891,4.739999771118164,4.800000190734863,66600
2013-04-24,2.6099417209625244,4.78000020980835,4.840000152587891,4.739999771118164,4.800000190734863,118200
2013-04-25,2.5662596225738525,4.699999809265137,4.829999923706055,4.619999885559082,4.820000171661377,143600
2013-04-26,2.538959503173828,4.650000095367432,4.710000038146973,4.610000133514404,4.699999809265137,83300
2013-04-29,2.5771806240081787,4.71999979019165,4.730000019073486,4.619999885559082,4.650000095367432,120100
2013-04-30,2.620861053466797,4.800000190734863,4.800000190734863,4.659999847412109,4.710000038146973,35800
2013-05-01,2.5881004333496094,4.739999771118164,4.820000171661377,4.670000076293945,4.800000190734863,31900
2013-05-02,2.544419288635254,4.659999847412109,4.75,4.650000095367432,4.699999809265137,64600
2013-05-03,2.5881004333496094,4.739999771118164,4.75,4.659999847412109,4.699999809265137,65400
2013-05-06,2.631781578063965,4.820000171661377,4.880000114440918,4.670000076293945,4.75,437500
2013-05-07,2.670001983642578,4.889999866485596,4.889999866485596,4.820000171661377,4.849999904632568,95800
2013-05-08,2.7027623653411865,4.949999809265137,4.949999809265137,4.849999904632568,4.900000095367432,177900
2013-05-09,2.6427016258239746,4.840000152587891,5.0,4.800000190734863,5.0,138400
2013-05-10,2.697303295135498,4.940000057220459,4.960000038146973,4.800000190734863,4.809999942779541,67100
2013-05-13,2.697303295135498,4.940000057220459,4.940000057220459,4.880000114440918,4.880000114440918,38400
2013-05-14,2.675462484359741,4.900000095367432,4.929999828338623,4.880000114440918,4.920000076293945,42500
2013-05-15,2.670001983642578,4.889999866485596,4.920000076293945,4.880000114440918,4.909999847412109,30700
2013-05-16,2.675462484359741,4.900000095367432,4.909999847412109,4.800000190734863,4.840000152587891,237500
2013-05-17,2.7027623653411865,4.949999809265137,4.989999771118164,4.869999885559082,4.900000095367432,84200
2013-05-20,2.740983247756958,5.019999980926514,5.019999980926514,4.949999809265137,4.960000038146973,62300
2013-05-21,2.708223581314087,4.960000038146973,5.010000228881836,4.949999809265137,5.0,31600
2013-05-22,2.7300639152526855,5.0,5.010000228881836,4.960000038146973,4.989999771118164,27700
2013-05-23,2.724602699279785,4.989999771118164,5.0,4.849999904632568,4.96999979019165,68100
2013-05-24,2.697303295135498,4.940000057220459,4.989999771118164,4.929999828338623,4.989999771118164,27700
2013-05-28,2.6536214351654053,4.860000133514404,4.980000019073486,4.789999961853027,4.940000057220459,154100
2013-05-29,2.6590821743011475,4.869999885559082,4.880000114440918,4.71999979019165,4.829999923706055,94300
2013-05-30,2.6481618881225586,4.849999904632568,4.900000095367432,4.789999961853027,4.820000171661377,79900
2013-05-31,2.6645424365997314,4.880000114440918,4.900000095367432,4.809999942779541,4.809999942779541,64400
2013-06-03,2.637240409851074,4.829999923706055,4.900000095367432,4.809999942779541,4.900000095367432,53100
2013-06-04,2.5935609340667725,4.75,4.849999904632568,4.71999979019165,4.820000171661377,111000
2013-06-05,2.6263210773468018,4.809999942779541,4.829999923706055,4.760000228881836,4.800000190734863,74200
2013-06-06,2.675462484359741,4.900000095367432,4.900000095367432,4.760000228881836,4.769999980926514,161800
2013-06-07,2.637240409851074,4.829999923706055,4.929999828338623,4.800000190734863,4.929999828338623,49300
2013-06-10,2.6809232234954834,4.909999847412109,4.940000057220459,4.809999942779541,4.869999885559082,36800
2013-06-11,2.6481618881225586,4.849999904632568,4.909999847412109,4.820000171661377,4.829999923706055,22600
2013-06-12,2.6536214351654053,4.860000133514404,4.929999828338623,4.849999904632568,4.929999828338623,28100
2013-06-13,2.6536214351654053,4.860000133514404,4.889999866485596,4.800000190734863,4.889999866485596,57500
2013-06-14,2.6809232234954834,4.909999847412109,4.929999828338623,4.860000133514404,4.880000114440918,46000
2013-06-17,2.6427016258239746,4.840000152587891,4.949999809265137,4.840000152587891,4.940000057220459,19400
2013-06-18,2.670001983642578,4.889999866485596,4.920000076293945,4.860000133514404,4.860000133514404,20200
2013-06-19,2.6481618881225586,4.849999904632568,4.900000095367432,4.829999923706055,4.880000114440918,32000
2013-06-20,2.6427016258239746,4.840000152587891,4.869999885559082,4.739999771118164,4.860000133514404,90600
2013-06-21,2.6536214351654053,4.860000133514404,4.929999828338623,4.800000190734863,4.820000171661377,35100
2013-06-24,2.604480028152466,4.769999980926514,4.840000152587891,4.710000038146973,4.820000171661377,94600
2013-06-25,2.6427016258239746,4.840000152587891,4.869999885559082,4.769999980926514,4.769999980926514,32300
2013-06-26,2.686383008956909,4.920000076293945,4.920000076293945,4.840000152587891,4.849999904632568,61200
2013-06-27,2.708223581314087,4.960000038146973,4.96999979019165,4.900000095367432,4.920000076293945,33900
2013-06-28,2.670001983642578,4.889999866485596,5.0,4.889999866485596,4.96999979019165,71200
2013-07-01,2.7191431522369385,4.980000019073486,5.0,4.920000076293945,4.920000076293945,18900
2013-07-02,2.7300639152526855,5.0,5.0,4.869999885559082,4.920000076293945,61000
2013-07-03,2.708223581314087,4.960000038146973,4.989999771118164,4.929999828338623,4.949999809265137,5200
2013-07-05,2.724602699279785,4.989999771118164,5.0,4.920000076293945,4.949999809265137,34600
2013-07-08,2.7136831283569336,4.96999979019165,5.0,4.960000038146973,5.0,52900
2013-07-09,2.6918420791625977,4.929999828338623,5.0,4.860000133514404,5.0,53400
2013-07-10,2.7027623653411865,4.949999809265137,4.960000038146973,4.889999866485596,4.920000076293945,54100
2013-07-11,2.708223581314087,4.960000038146973,4.960000038146973,4.920000076293945,4.920000076293945,14300
2013-07-12,2.7027623653411865,4.949999809265137,4.949999809265137,4.900000095367432,4.949999809265137,25200
2013-07-15,2.7136831283569336,4.96999979019165,4.96999979019165,4.920000076293945,4.940000057220459,31500
2013-07-16,2.751904249191284,5.039999961853027,5.079999923706055,4.96999979019165,4.989999771118164,165800
2013-07-17,2.7300639152526855,5.0,5.039999961853027,4.949999809265137,5.039999961853027,58100
2013-07-18,2.762824058532715,5.059999942779541,5.079999923706055,4.96999979019165,4.96999979019165,66200
2013-07-19,2.740983247756958,5.019999980926514,5.059999942779541,5.010000228881836,5.010000228881836,32700
2013-07-22,2.7682840824127197,5.070000171661377,5.079999923706055,5.010000228881836,5.050000190734863,58700
2013-07-23,2.757364511489868,5.050000190734863,5.079999923706055,5.019999980926514,5.079999923706055,47000
2013-07-24,2.7136831283569336,4.96999979019165,5.059999942779541,4.960000038146973,5.059999942779541,32800
2013-07-25,2.724602699279785,4.989999771118164,5.050000190734863,4.989999771118164,4.989999771118164,12800
2013-07-26,2.751904249191284,5.039999961853027,5.050000190734863,4.980000019073486,5.03000020980835,75500
2013-07-29,2.7464439868927,5.03000020980835,5.050000190734863,4.989999771118164,5.039999961853027,37700
2013-07-30,2.740983247756958,5.019999980926514,5.03000020980835,5.0,5.0,18900
2013-07-31,2.7136831283569336,4.96999979019165,5.03000020980835,4.949999809265137,5.03000020980835,74300
2013-08-01,2.7542197704315186,4.960000038146973,4.989999771118164,4.929999828338623,4.929999828338623,29000
2013-08-02,2.7375600337982178,4.929999828338623,4.980000019073486,4.900000095367432,4.960000038146973,41500
2013-08-05,2.7320079803466797,4.920000076293945,4.980000019073486,4.889999866485596,4.909999847412109,57600
2013-08-06,2.7320079803466797,4.920000076293945,4.940000057220459,4.860000133514404,4.880000114440918,40600
2013-08-07,2.759772300720215,4.96999979019165,4.980000019073486,4.869999885559082,4.889999866485596,43300
2013-08-08,2.8041954040527344,5.050000190734863,5.050000190734863,4.960000038146973,4.989999771118164,203200
2013-08-09,2.7708771228790283,4.989999771118164,5.010000228881836,4.940000057220459,5.010000228881836,54100
2013-08-12,2.776431083679199,5.0,5.050000190734863,4.96999979019165,5.050000190734863,34700
2013-08-13,2.7320079803466797,4.920000076293945,5.349999904632568,4.900000095367432,5.349999904632568,47600
2013-08-14,2.7153491973876953,4.889999866485596,5.03000020980835,4.860000133514404,5.03000020980835,57800
2013-08-15,2.6931376457214355,4.849999904632568,4.940000057220459,4.849999904632568,4.900000095367432,56800
2013-08-16,2.659820079803467,4.789999961853027,4.880000114440918,4.75,4.849999904632568,103500
2013-08-19,2.6265034675598145,4.730000019073486,4.809999942779541,4.699999809265137,4.75,103500
2013-08-20,2.6986896991729736,4.860000133514404,4.980000019073486,4.630000114440918,4.670000076293945,93900
2013-08-21,2.676478862762451,4.820000171661377,4.929999828338623,4.809999942779541,4.889999866485596,49800
2013-08-22,2.6875853538513184,4.840000152587891,4.900000095367432,4.789999961853027,4.820000171661377,54400
2013-08-23,2.7042429447174072,4.869999885559082,4.889999866485596,4.840000152587891,4.880000114440918,51400
2013-08-26,2.6931376457214355,4.849999904632568,4.909999847412109,4.809999942779541,4.900000095367432,30700
2013-08-27,2.6820311546325684,4.829999923706055,4.889999866485596,4.800000190734863,4.880000114440918,50200
2013-08-28,2.6875853538513184,4.840000152587891,4.869999885559082,4.800000190734863,4.869999885559082,30800
2013-08-29,2.676478862762451,4.820000171661377,4.860000133514404,4.800000190734863,4.849999904632568,42200
2013-08-30,2.6653730869293213,4.800000190734863,4.880000114440918,4.75,4.880000114440918,75300
2013-09-03,2.6265034675598145,4.730000019073486,4.840000152587891,4.710000038146973,4.769999980926514,59000
2013-09-04,2.648714065551758,4.769999980926514,4.800000190734863,4.710000038146973,4.710000038146973,48400
2013-09-05,2.659820079803467,4.789999961853027,4.849999904632568,4.75,4.78000020980835,35400
2013-09-06,2.648714065551758,4.769999980926514,4.860000133514404,4.769999980926514,4.809999942779541,49700
2013-09-09,2.654268264770508,4.78000020980835,4.840000152587891,4.730000019073486,4.730000019073486,61700
2013-09-10,2.648714065551758,4.769999980926514,4.820000171661377,4.769999980926514,4.789999961853027,43200
2013-09-11,2.654268264770508,4.78000020980835,4.820000171661377,4.699999809265137,4.78000020980835,55200
2013-09-12,2.654268264770508,4.78000020980835,4.849999904632568,4.710000038146973,4.789999961853027,44100
2013-09-13,2.6376090049743652,4.75,4.820000171661377,4.75,4.820000171661377,8900
2013-09-16,2.659820079803467,4.789999961853027,4.849999904632568,4.78000020980835,4.849999904632568,58000
2013-09-17,2.6875853538513184,4.840000152587891,4.840000152587891,4.78000020980835,4.78000020980835,28700
2013-09-18,2.7042429447174072,4.869999885559082,4.900000095367432,4.800000190734863,4.800000190734863,45600
2013-09-19,2.7486653327941895,4.949999809265137,4.960000038146973,4.849999904632568,4.900000095367432,136300
2013-09-20,2.776431083679199,5.0,5.0,4.840000152587891,4.880000114440918,114800
2013-09-23,2.7209017276763916,4.900000095367432,4.989999771118164,4.820000171661377,4.949999809265137,61300
2013-09-24,2.7153491973876953,4.889999866485596,4.96999979019165,4.889999866485596,4.900000095367432,26800
2013-09-25,2.7320079803466797,4.920000076293945,4.960000038146973,4.869999885559082,4.869999885559082,14800
2013-09-26,2.7264552116394043,4.909999847412109,4.96999979019165,4.820000171661377,4.900000095367432,104300
2013-09-27,2.7264552116394043,4.909999847412109,4.949999809265137,4.849999904632568,4.949999809265137,47300
2013-09-30,2.7320079803466797,4.920000076293945,4.920000076293945,4.849999904632568,4.920000076293945,21000
2013-10-01,2.7375600337982178,4.929999828338623,4.929999828338623,4.860000133514404,4.909999847412109,45600
2013-10-02,2.765324354171753,4.980000019073486,5.039999961853027,4.860000133514404,4.889999866485596,207300
2013-10-03,2.8486175537109375,5.130000114440918,5.170000076293945,5.0,5.010000228881836,381500
2013-10-04,2.8652760982513428,5.159999847412109,5.179999828338623,5.099999904632568,5.179999828338623,105600
2013-10-07,2.854170322418213,5.139999866485596,5.199999809265137,5.119999885559082,5.179999828338623,87100
2013-10-08,2.8708295822143555,5.170000076293945,5.179999828338623,5.110000133514404,5.139999866485596,24500
2013-10-09,2.8375132083892822,5.110000133514404,5.170000076293945,5.099999904632568,5.170000076293945,36300
2013-10-10,2.854170322418213,5.139999866485596,5.159999847412109,5.110000133514404,5.159999847412109,67900
2013-10-11,2.898592472076416,5.21999979019165,5.239999771118164,5.119999885559082,5.119999885559082,47100
2013-10-14,2.8597238063812256,5.150000095367432,5.230000019073486,5.130000114440918,5.230000019073486,68100
2013-10-15,2.887486219406128,5.199999809265137,5.21999979019165,5.170000076293945,5.170000076293945,42000
2013-10-16,2.9319100379943848,5.28000020980835,5.300000190734863,5.190000057220459,5.21999979019165,56100
2013-10-17,3.026308536529541,5.449999809265137,5.53000020980835,5.28000020980835,5.289999961853027,175500
2013-10-18,3.0318634510040283,5.460000038146973,5.510000228881836,5.400000095367432,5.400000095367432,45800
2013-10-21,3.0096511840820312,5.420000076293945,5.5,5.400000095367432,5.489999771118164,83600
2013-10-22,3.020756244659424,5.440000057220459,5.510000228881836,5.440000057220459,5.5,109700
2013-10-23,2.998544931411743,5.400000095367432,5.480000019073486,5.400000095367432,5.409999847412109,55200
2013-10-24,3.0318634510040283,5.460000038146973,5.489999771118164,5.420000076293945,5.420000076293945,63600
2013-10-25,3.042966842651367,5.480000019073486,5.5,5.460000038146973,5.5,34300
2013-10-28,2.9485692977905273,5.309999942779541,5.480000019073486,5.25,5.46999979019165,184000
2013-10-29,3.020756244659424,5.440000057220459,5.489999771118164,5.320000171661377,5.340000152587891,75200
2013-10-30,3.0152037143707275,5.429999828338623,5.46999979019165,5.400000095367432,5.400000095367432,22100
2013-10-31,3.0152037143707275,5.429999828338623,5.460000038146973,5.429999828338623,5.460000038146973,33200
2013-11-01,3.0651793479919434,5.519999980926514,5.53000020980835,5.420000076293945,5.440000057220459,143700
2013-11-04,3.1040499210357666,5.590000152587891,5.639999866485596,5.480000019073486,5.550000190734863,167200
2013-11-05,3.1207072734832764,5.619999885559082,5.650000095367432,5.579999923706055,5.599999904632568,54700
2013-11-06,3.128035068511963,5.550000190734863,5.630000114440918,5.519999980926514,5.519999980926514,43400
2013-11-07,3.1223983764648438,5.539999961853027,5.599999904632568,5.53000020980835,5.559999942779541,35400
2013-11-08,3.1223983764648438,5.539999961853027,5.599999904632568,5.400000095367432,5.539999961853027,56000
2013-11-11,3.161851644515991,5.610000133514404,5.639999866485596,5.550000190734863,5.570000171661377,51600
2013-11-12,3.1505796909332275,5.590000152587891,5.630000114440918,5.579999923706055,5.630000114440918,23800
2013-11-13,3.1167612075805664,5.53000020980835,5.599999904632568,5.5,5.599999904632568,74300
2013-11-14,3.1449427604675293,5.579999923706055,5.599999904632568,5.539999961853027,5.579999923706055,34600
2013-11-15,3.1336703300476074,5.559999942779541,5.619999885559082,5.53000020980835,5.619999885559082,60400
2013-11-18,3.077310800552368,5.460000038146973,5.590000152587891,5.449999809265137,5.590000152587891,33300
2013-11-19,3.0660369396209717,5.440000057220459,5.480000019073486,5.429999828338623,5.429999828338623,32100
2013-11-20,3.020949363708496,5.360000133514404,5.449999809265137,5.210000038146973,5.449999809265137,52400
2013-11-21,3.0322213172912598,5.380000114440918,5.5,5.329999923706055,5.360000133514404,49900
2013-11-22,3.0322213172912598,5.380000114440918,5.449999809265137,5.349999904632568,5.349999904632568,33400
2013-11-25,3.0322213172912598,5.380000114440918,5.420000076293945,5.380000114440918,5.380000114440918,28000
2013-11-26,3.111126184463501,5.519999980926514,5.599999904632568,5.369999885559082,5.369999885559082,75100
2013-11-27,3.1393070220947266,5.570000171661377,5.570000171661377,5.480000019073486,5.519999980926514,39200
2013-11-29,3.128035068511963,5.550000190734863,5.559999942779541,5.519999980926514,5.550000190734863,3000
2013-12-02,3.077310800552368,5.460000038146973,5.53000020980835,5.449999809265137,5.5,44700
2013-12-03,3.082947015762329,5.46999979019165,5.570000171661377,5.449999809265137,5.570000171661377,17500
2013-12-04,3.0998542308807373,5.5,5.5,5.400000095367432,5.449999809265137,42200
2013-12-05,3.0434935092926025,5.400000095367432,5.46999979019165,5.300000190734863,5.46999979019165,89500
2013-12-06,3.06040096282959,5.429999828338623,5.46999979019165,5.300000190734863,5.449999809265137,87200
2013-12-09,3.0660369396209717,5.440000057220459,5.489999771118164,5.389999866485596,5.429999828338623,71100
2013-12-10,3.0378570556640625,5.389999866485596,5.449999809265137,5.380000114440918,5.409999847412109,22700
2013-12-11,3.0660369396209717,5.440000057220459,5.5,5.400000095367432,5.420000076293945,55200
2013-12-12,3.0942180156707764,5.489999771118164,5.489999771118164,5.369999885559082,5.380000114440918,47100
2013-12-13,3.0998542308807373,5.5,5.519999980926514,5.380000114440918,5.429999828338623,69400
2013-12-16,3.0434935092926025,5.400000095367432,5.5,5.400000095367432,5.5,92500
2013-12-17,3.0265848636627197,5.369999885559082,5.429999828338623,5.309999942779541,5.389999866485596,44000
2013-12-18,2.964587926864624,5.260000228881836,5.369999885559082,5.25,5.369999885559082,60600
2013-12-19,3.0096776485443115,5.340000152587891,5.369999885559082,5.269999980926514,5.269999980926514,39000
2013-12-20,3.0434935092926025,5.400000095367432,5.440000057220459,5.329999923706055,5.380000114440918,68700
2013-12-23,3.020949363708496,5.360000133514404,5.429999828338623,5.360000133514404,5.400000095367432,46300
2013-12-24,3.020949363708496,5.360000133514404,5.369999885559082,5.329999923706055,5.329999923706055,15000
2013-12-26,3.0096776485443115,5.340000152587891,5.369999885559082,5.329999923706055,5.329999923706055,39100
2013-12-27,2.9984049797058105,5.320000171661377,5.369999885559082,5.28000020980835,5.28000020980835,57700
2013-12-30,2.981496810913086,5.289999961853027,5.349999904632568,5.25,5.289999961853027,105200
2013-12-31,2.958951950073242,5.25,5.329999923706055,5.25,5.300000190734863,85100
2014-01-02,2.9871327877044678,5.300000190734863,5.449999809265137,5.260000228881836,5.269999980926514,65400
2014-01-03,3.077310800552368,5.460000038146973,5.480000019073486,5.320000171661377,5.329999923706055,43100
2014-01-06,3.111126184463501,5.519999980926514,5.559999942779541,5.400000095367432,5.5,78000
2014-01-07,3.06040096282959,5.429999828338623,5.550000190734863,5.429999828338623,5.539999961853027,146200
2014-01-08,3.077310800552368,5.460000038146973,5.46999979019165,5.320000171661377,5.409999847412109,45900
2014-01-09,3.0998542308807373,5.5,5.53000020980835,5.400000095367432,5.420000076293945,57600
2014-01-10,3.1223983764648438,5.539999961853027,5.539999961853027,5.5,5.519999980926514,49800
2014-01-13,3.06040096282959,5.429999828338623,5.550000190734863,5.429999828338623,5.550000190734863,33600
2014-01-14,3.111126184463501,5.519999980926514,5.519999980926514,5.440000057220459,5.460000038146973,32500
2014-01-15,3.054765224456787,5.420000076293945,5.519999980926514,5.420000076293945,5.46999979019165,47000
2014-01-16,3.0660369396209717,5.440000057220459,5.46999979019165,5.400000095367432,5.449999809265137,40500
2014-01-17,3.10548996925354,5.510000228881836,5.550000190734863,5.449999809265137,5.46999979019165,33700
2014-01-21,3.1562142372131348,5.599999904632568,5.679999828338623,5.550000190734863,5.570000171661377,185100
2014-01-22,3.3027539253234863,5.860000133514404,5.900000095367432,5.590000152587891,5.679999828338623,220500
2014-01-23,3.2576651573181152,5.78000020980835,5.940000057220459,5.71999979019165,5.900000095367432,133200
2014-01-24,3.1731231212615967,5.630000114440918,5.820000171661377,5.610000133514404,5.78000020980835,114000
2014-01-27,3.178760051727295,5.639999866485596,5.760000228881836,5.619999885559082,5.690000057220459,73600
2014-01-28,3.2033562660217285,5.599999904632568,5.710000038146973,5.579999923706055,5.619999885559082,51100
2014-01-29,3.2376790046691895,5.659999847412109,5.760000228881836,5.449999809265137,5.630000114440918,112000
2014-01-30,3.214796781539917,5.619999885559082,5.739999771118164,5.590000152587891,5.650000095367432,54900
2014-01-31,3.2319588661193848,5.650000095367432,5.670000076293945,5.510000228881836,5.590000152587891,66300
2014-02-03,3.1289939880371094,5.46999979019165,5.699999809265137,5.449999809265137,5.679999828338623,53000
2014-02-04,3.3692450523376465,5.889999866485596,5.889999866485596,5.429999828338623,5.519999980926514,319700
2014-02-05,3.2262380123138428,5.639999866485596,5.699999809265137,5.550000190734863,5.699999809265137,212500
2014-02-06,3.1919162273406982,5.579999923706055,5.840000152587891,5.510000228881836,5.75,146800
2014-02-07,3.163313388824463,5.53000020980835,5.75,5.519999980926514,5.639999866485596,68600
2014-02-10,3.2033562660217285,5.599999904632568,5.690000057220459,5.550000190734863,5.610000133514404,99500
2014-02-11,3.1861965656280518,5.570000171661377,5.679999828338623,5.539999961853027,5.619999885559082,36200
2014-02-12,3.174755573272705,5.550000190734863,5.579999923706055,5.510000228881836,5.539999961853027,35300
2014-02-13,3.2319588661193848,5.650000095367432,5.670000076293945,5.570000171661377,5.670000076293945,43400
2014-02-14,3.214796781539917,5.619999885559082,5.690000057220459,5.559999942779541,5.610000133514404,45700
2014-02-18,3.2491190433502197,5.679999828338623,5.739999771118164,5.599999904632568,5.610000133514404,132100
2014-02-19,3.209077835083008,5.610000133514404,5.710000038146973,5.599999904632568,5.690000057220459,48700
2014-02-20,3.2548391819000244,5.690000057220459,5.730000019073486,5.619999885559082,5.639999866485596,79500
2014-02-21,3.2319588661193848,5.650000095367432,5.699999809265137,5.610000133514404,5.699999809265137,39500
2014-02-24,3.243398666381836,5.670000076293945,5.710000038146973,5.610000133514404,5.710000038146973,45000
2014-02-25,3.2319588661193848,5.650000095367432,5.699999809265137,5.630000114440918,5.670000076293945,21700
2014-02-26,3.2319588661193848,5.650000095367432,5.670000076293945,5.619999885559082,5.630000114440918,29100
2014-02-27,3.2262380123138428,5.639999866485596,5.659999847412109,5.630000114440918,5.650000095367432,21700
2014-02-28,3.2319588661193848,5.650000095367432,5.679999828338623,5.619999885559082,5.650000095367432,21700
2014-03-03,3.2033562660217285,5.599999904632568,5.650000095367432,5.599999904632568,5.599999904632568,38300
2014-03-04,3.1919162273406982,5.579999923706055,5.650000095367432,5.559999942779541,5.619999885559082,31500
2014-03-05,3.1919162273406982,5.579999923706055,5.579999923706055,5.550000190734863,5.559999942779541,35900
2014-03-06,3.174755573272705,5.550000190734863,5.559999942779541,5.519999980926514,5.559999942779541,57400
2014-03-07,3.1861965656280518,5.570000171661377,5.570000171661377,5.550000190734863,5.570000171661377,23300
2014-03-10,3.1919162273406982,5.579999923706055,5.599999904632568,5.550000190734863,5.590000152587891,33600
2014-03-11,3.2319588661193848,5.650000095367432,5.679999828338623,5.519999980926514,5.579999923706055,84400
2014-03-12,3.1919162273406982,5.579999923706055,5.610000133514404,5.519999980926514,5.590000152587891,73800
2014-03-13,3.2376790046691895,5.659999847412109,5.679999828338623,5.550000190734863,5.559999942779541,65700
2014-03-14,3.2605583667755127,5.699999809265137,5.699999809265137,5.639999866485596,5.679999828338623,60800
2014-03-17,3.2891616821289062,5.75,5.75,5.679999828338623,5.679999828338623,65800
2014-03-18,3.2891616821289062,5.75,5.75,5.710000038146973,5.71999979019165,28900
2014-03-19,3.2262380123138428,5.639999866485596,5.78000020980835,5.610000133514404,5.78000020980835,37100
2014-03-20,3.317760944366455,5.800000190734863,5.829999923706055,5.639999866485596,5.670000076293945,132400
2014-03-21,3.380685567855835,5.909999847412109,5.909999847412109,5.800000190734863,5.800000190734863,110800
2014-03-24,3.4035658836364746,5.949999809265137,5.949999809265137,5.849999904632568,5.949999809265137,95200
2014-03-25,3.3864054679870605,5.920000076293945,5.989999771118164,5.900000095367432,5.96999979019165,46100
2014-03-26,3.3635239601135254,5.880000114440918,5.949999809265137,5.769999980926514,5.949999809265137,69100
2014-03-27,3.3692450523376465,5.889999866485596,5.920000076293945,5.809999942779541,5.840000152587891,22900
2014-03-28,3.3692450523376465,5.889999866485596,5.949999809265137,5.860000133514404,5.929999828338623,37700
2014-03-31,3.3463635444641113,5.849999904632568,5.929999828338623,5.849999904632568,5.849999904632568,56100
2014-04-01,3.4664883613586426,6.059999942779541,6.119999885559082,5.849999904632568,5.889999866485596,187800
2014-04-02,3.5122523307800293,6.139999866485596,6.150000095367432,6.059999942779541,6.059999942779541,148800
2014-04-03,3.5751760005950928,6.25,6.25,6.139999866485596,6.179999828338623,114500
2014-04-04,3.580894947052002,6.260000228881836,6.349999904632568,6.210000038146973,6.25,164700
2014-04-07,3.6609795093536377,6.400000095367432,6.440000057220459,6.28000020980835,6.289999961853027,252900
2014-04-08,3.6495392322540283,6.380000114440918,6.420000076293945,6.360000133514404,6.420000076293945,196600
2014-04-09,3.655259370803833,6.389999866485596,6.389999866485596,6.320000171661377,6.389999866485596,93400
2014-04-10,3.6380984783172607,6.360000133514404,6.389999866485596,6.300000190734863,6.329999923706055,108400
2014-04-11,3.6266586780548096,6.340000152587891,6.380000114440918,6.21999979019165,6.369999885559082,124000
2014-04-14,3.655259370803833,6.389999866485596,6.409999847412109,6.360000133514404,6.369999885559082,143200
2014-04-15,3.655259370803833,6.389999866485596,6.409999847412109,6.360000133514404,6.360000133514404,63200
2014-04-16,3.6609795093536377,6.400000095367432,6.409999847412109,6.349999904632568,6.369999885559082,69000
2014-04-17,3.6609795093536377,6.400000095367432,6.400000095367432,6.380000114440918,6.389999866485596,33000
2014-04-21,3.6609795093536377,6.400000095367432,6.409999847412109,6.369999885559082,6.400000095367432,69200
2014-04-22,3.689579486846924,6.449999809265137,6.550000190734863,6.409999847412109,6.409999847412109,224000
2014-04-23,3.7124619483947754,6.489999771118164,6.539999961853027,6.440000057220459,6.449999809265137,59600
2014-04-24,3.718182325363159,6.5,6.550000190734863,6.460000038146973,6.550000190734863,94100
2014-04-25,3.7124619483947754,6.489999771118164,6.5,6.449999809265137,6.5,63800
2014-04-28,3.7124619483947754,6.489999771118164,6.550000190734863,6.449999809265137,6.480000019073486,147900
2014-04-29,3.7576944828033447,6.480000019073486,6.5,6.269999980926514,6.429999828338623,94000
2014-04-30,3.6823084354400635,6.349999904632568,6.519999980926514,6.349999904632568,6.519999980926514,122700
2014-05-01,3.74029541015625,6.449999809265137,6.5,6.349999904632568,6.380000114440918,47400
2014-05-02,3.7634923458099365,6.489999771118164,6.5,6.449999809265137,6.449999809265137,33700
2014-05-05,3.7518932819366455,6.46999979019165,6.53000020980835,6.46999979019165,6.5,234000
2014-05-06,3.7634923458099365,6.489999771118164,6.5,6.46999979019165,6.5,58800
2014-05-07,3.7634923458099365,6.489999771118164,6.5,6.480000019073486,6.5,47300
2014-05-08,3.862074136734009,6.659999847412109,6.739999771118164,6.510000228881836,6.539999961853027,155500
2014-05-09,4.001247882843018,6.900000095367432,6.920000076293945,6.659999847412109,6.690000057220459,202700
2014-05-12,3.9374589920043945,6.789999961853027,7.239999771118164,6.650000095367432,6.940000057220459,643600
2014-05-13,3.873671770095825,6.679999828338623,6.809999942779541,6.650000095367432,6.800000190734863,78000
2014-05-14,3.7866878509521484,6.53000020980835,6.75,6.369999885559082,6.75,205300
2014-05-15,3.769291400909424,6.5,6.550000190734863,6.400000095367432,6.480000019073486,96900
2014-05-16,3.769291400909424,6.5,6.599999904632568,6.449999809265137,6.599999904632568,91000
2014-05-19,3.769291400909424,6.5,6.539999961853027,6.480000019073486,6.510000228881836,67000
2014-05-20,3.722899913787842,6.420000076293945,6.510000228881836,6.400000095367432,6.489999771118164,66300
2014-05-21,3.5721280574798584,6.159999847412109,6.389999866485596,6.03000020980835,6.389999866485596,323900
2014-05-22,3.6127216815948486,6.230000019073486,6.440000057220459,6.110000133514404,6.150000095367432,143700
2014-05-23,3.664910316467285,6.320000171661377,6.360000133514404,6.139999866485596,6.25,164100
2014-05-27,3.5721280574798584,6.159999847412109,6.320000171661377,6.090000152587891,6.320000171661377,213900
2014-05-28,3.6475141048431396,6.289999961853027,6.349999904632568,6.090000152587891,6.090000152587891,139500
2014-05-29,3.6533138751983643,6.300000190734863,6.329999923706055,6.199999809265137,6.239999771118164,53000
2014-05-30,3.6533138751983643,6.300000190734863,6.360000133514404,6.199999809265137,6.360000133514404,56700
2014-06-02,3.6069223880767822,6.21999979019165,6.360000133514404,6.119999885559082,6.320000171661377,83300
2014-06-03,3.6475141048431396,6.289999961853027,6.440000057220459,6.170000076293945,6.199999809265137,43300
2014-06-04,3.5605309009552,6.139999866485596,6.320000171661377,6.119999885559082,6.289999961853027,44700
2014-06-05,3.577927589416504,6.170000076293945,6.179999828338623,6.050000190734863,6.099999904632568,45100
2014-06-06,3.589524745941162,6.190000057220459,6.309999942779541,6.170000076293945,6.230000019073486,54900
2014-06-09,3.543133497238159,6.110000133514404,6.170000076293945,6.050000190734863,6.099999904632568,130600
2014-06-10,3.5721280574798584,6.159999847412109,6.190000057220459,6.099999904632568,6.170000076293945,27900
2014-06-11,3.5489330291748047,6.119999885559082,6.199999809265137,6.079999923706055,6.119999885559082,33700
2014-06-12,3.5489330291748047,6.119999885559082,6.179999828338623,6.070000171661377,6.139999866485596,98000
2014-06-13,3.577927589416504,6.170000076293945,6.199999809265137,6.099999904632568,6.110000133514404,42800
2014-06-16,3.601123094558716,6.210000038146973,6.230000019073486,6.110000133514404,6.139999866485596,74600
2014-06-17,3.624319314956665,6.25,6.260000228881836,6.170000076293945,6.179999828338623,43200
2014-06-18,3.6127216815948486,6.230000019073486,6.300000190734863,6.170000076293945,6.25,24900
2014-06-19,3.5663301944732666,6.150000095367432,6.239999771118164,6.150000095367432,6.239999771118164,30000
2014-06-20,3.583725929260254,6.179999828338623,6.179999828338623,6.119999885559082,6.170000076293945,60300
2014-06-23,3.543133497238159,6.110000133514404,6.21999979019165,6.099999904632568,6.150000095367432,57200
2014-06-24,3.543133497238159,6.110000133514404,6.159999847412109,6.110000133514404,6.110000133514404,31800
2014-06-25,3.5547313690185547,6.130000114440918,6.21999979019165,6.099999904632568,6.130000114440918,57200
2014-06-26,3.5489330291748047,6.119999885559082,6.179999828338623,6.099999904632568,6.130000114440918,45400
2014-06-27,3.5663301944732666,6.150000095367432,6.230000019073486,6.119999885559082,6.179999828338623,78000
2014-06-30,3.5953238010406494,6.199999809265137,6.199999809265137,6.119999885559082,6.119999885559082,56800
2014-07-01,3.769291400909424,6.5,6.599999904632568,6.170000076293945,6.170000076293945,147600
2014-07-02,3.798285484313965,6.550000190734863,6.559999942779541,6.460000038146973,6.53000020980835,54000
2014-07-03,3.7576944828033447,6.480000019073486,6.579999923706055,6.460000038146973,6.579999923706055,21400
2014-07-07,3.699704885482788,6.380000114440918,6.480000019073486,6.150000095367432,6.480000019073486,130700
2014-07-08,3.7518932819366455,6.46999979019165,6.5,6.300000190734863,6.429999828338623,108000
2014-07-09,3.775090217590332,6.510000228881836,6.550000190734863,6.449999809265137,6.480000019073486,29000
2014-07-10,3.722899913787842,6.420000076293945,6.5,6.369999885559082,6.5,28700
2014-07-11,3.664910316467285,6.320000171661377,6.409999847412109,6.309999942779541,6.380000114440918,32300
2014-07-14,3.6823084354400635,6.349999904632568,6.400000095367432,6.309999942779541,6.340000152587891,81700
2014-07-15,3.728698492050171,6.429999828338623,6.550000190734863,6.360000133514404,6.380000114440918,49500
2014-07-16,3.7576944828033447,6.480000019073486,6.489999771118164,6.409999847412109,6.46999979019165,17200
2014-07-17,3.7344970703125,6.440000057220459,6.539999961853027,6.409999847412109,6.519999980926514,25200
2014-07-18,3.7518932819366455,6.46999979019165,6.519999980926514,6.409999847412109,6.409999847412109,32300
2014-07-21,3.7634923458099365,6.489999771118164,6.550000190734863,6.449999809265137,6.460000038146973,49600
2014-07-22,3.7518932819366455,6.46999979019165,6.510000228881836,6.46999979019165,6.489999771118164,49900
2014-07-23,3.7344970703125,6.440000057220459,6.559999942779541,6.320000171661377,6.550000190734863,131600
2014-07-24,3.7866878509521484,6.53000020980835,6.550000190734863,6.449999809265137,6.449999809265137,34400
2014-07-25,3.7634923458099365,6.489999771118164,6.599999904632568,6.480000019073486,6.559999942779541,74500
2014-07-28,3.775090217590332,6.510000228881836,6.559999942779541,6.449999809265137,6.519999980926514,47300
2014-07-29,3.797427177429199,6.460000038146973,6.519999980926514,6.349999904632568,6.510000228881836,40100
2014-07-30,3.732764959335327,6.349999904632568,6.510000228881836,6.349999904632568,6.510000228881836,29900
2014-07-31,3.632833957672119,6.179999828338623,6.380000114440918,6.179999828338623,6.380000114440918,72700
2014-08-01,3.562293767929077,6.059999942779541,6.340000152587891,6.059999942779541,6.199999809265137,138400
2014-08-04,3.5035104751586914,5.960000038146973,6.090000152587891,5.960000038146973,6.050000190734863,155600
2014-08-05,3.4682397842407227,5.900000095367432,6.059999942779541,5.900000095367432,6.0,98600
2014-08-06,3.4858739376068115,5.929999828338623,6.150000095367432,5.889999866485596,5.940000057220459,55100
2014-08-07,3.462360143661499,5.889999866485596,6.079999923706055,5.880000114440918,5.980000019073486,48700
2014-08-08,3.5211451053619385,5.989999771118164,6.25,5.909999847412109,5.960000038146973,67800
2014-08-11,3.5329017639160156,6.010000228881836,6.170000076293945,5.949999809265137,5.949999809265137,54700
2014-08-12,3.5211451053619385,5.989999771118164,6.050000190734863,5.929999828338623,6.039999961853027,30200
2014-08-13,3.5329017639160156,6.010000228881836,6.039999961853027,5.980000019073486,5.989999771118164,35500
2014-08-14,3.5740504264831543,6.079999923706055,6.139999866485596,5.989999771118164,6.019999980926514,40300
2014-08-15,3.568171739578247,6.070000171661377,6.150000095367432,5.949999809265137,6.099999904632568,21200
2014-08-18,3.4858739376068115,5.929999828338623,6.119999885559082,5.849999904632568,6.050000190734863,158300
2014-08-19,3.262495517730713,5.550000190734863,5.96999979019165,5.349999904632568,5.960000038146973,474600
2014-08-20,3.391819953918457,5.769999980926514,5.840000152587891,5.460000038146973,5.5,180100
2014-08-21,3.4035770893096924,5.789999961853027,5.840000152587891,5.71999979019165,5.71999979019165,33200
2014-08-22,3.38594126701355,5.760000228881836,5.840000152587891,5.75,5.840000152587891,31100
2014-08-25,3.474116325378418,5.909999847412109,5.909999847412109,5.760000228881836,5.800000190734863,84300
2014-08-26,3.432969808578491,5.840000152587891,5.909999847412109,5.829999923706055,5.909999847412109,37900
2014-08-27,3.432969808578491,5.840000152587891,5.889999866485596,5.820000171661377,5.860000133514404,22500
2014-08-28,3.4388465881347656,5.849999904632568,5.909999847412109,5.829999923706055,5.889999866485596,18900
2014-08-29,3.4388465881347656,5.849999904632568,5.880000114440918,5.809999942779541,5.880000114440918,14000
2014-09-02,3.450603723526001,5.869999885559082,5.900000095367432,5.800000190734863,5.820000171661377,74200
2014-09-03,3.474116325378418,5.909999847412109,5.909999847412109,5.840000152587891,5.909999847412109,30800
2014-09-04,3.4388465881347656,5.849999904632568,5.889999866485596,5.820000171661377,5.889999866485596,29300
2014-09-05,3.4388465881347656,5.849999904632568,5.849999904632568,5.800000190734863,5.849999904632568,25000
2014-09-08,3.4035770893096924,5.789999961853027,5.889999866485596,5.789999961853027,5.889999866485596,38400
2014-09-09,3.391819953918457,5.769999980926514,5.820000171661377,5.75,5.789999961853027,44400
2014-09-10,3.350672483444214,5.699999809265137,5.860000133514404,5.699999809265137,5.739999771118164,28000
2014-09-11,3.38594126701355,5.760000228881836,5.800000190734863,5.650000095367432,5.650000095367432,24600
2014-09-12,3.309523344039917,5.630000114440918,5.809999942779541,5.630000114440918,5.769999980926514,22900
2014-09-15,3.3800642490386963,5.75,5.800000190734863,5.679999828338623,5.679999828338623,59500
2014-09-16,3.3800642490386963,5.75,5.78000020980835,5.71999979019165,5.760000228881836,31800
2014-09-17,3.3624281883239746,5.71999979019165,5.78000020980835,5.71999979019165,5.71999979019165,32300
2014-09-18,3.368307113647461,5.730000019073486,5.820000171661377,5.71999979019165,5.71999979019165,24600
2014-09-19,3.4094557762145996,5.800000190734863,5.800000190734863,5.730000019073486,5.78000020980835,47400
2014-09-22,3.4153330326080322,5.809999942779541,5.840000152587891,5.71999979019165,5.75,56500
2014-09-23,3.4035770893096924,5.789999961853027,5.809999942779541,5.75,5.760000228881836,26600
2014-09-24,3.4212136268615723,5.820000171661377,5.880000114440918,5.739999771118164,5.809999942779541,48400
2014-09-25,3.4212136268615723,5.820000171661377,5.869999885559082,5.809999942779541,5.869999885559082,19600
2014-09-26,3.4270904064178467,5.829999923706055,5.889999866485596,5.760000228881836,5.820000171661377,65400
2014-09-29,3.374185562133789,5.739999771118164,5.829999923706055,5.739999771118164,5.829999923706055,58000
2014-09-30,3.356550455093384,5.710000038146973,5.760000228881836,5.699999809265137,5.739999771118164,55800
2014-10-01,3.3389148712158203,5.679999828338623,5.739999771118164,5.679999828338623,5.739999771118164,39400
2014-10-02,3.368307113647461,5.730000019073486,5.809999942779541,5.679999828338623,5.71999979019165,43300
2014-10-03,3.321279525756836,5.650000095367432,5.760000228881836,5.650000095367432,5.730000019073486,59900
2014-10-06,3.309523344039917,5.630000114440918,5.71999979019165,5.630000114440918,5.650000095367432,50300
2014-10-07,3.309523344039917,5.630000114440918,5.690000057220459,5.630000114440918,5.670000076293945,37500
2014-10-08,3.286010265350342,5.590000152587891,5.739999771118164,5.579999923706055,5.739999771118164,88100
2014-10-09,3.233104944229126,5.5,5.590000152587891,5.5,5.579999923706055,75000
2014-10-10,3.2918877601623535,5.599999904632568,5.599999904632568,5.409999847412109,5.489999771118164,109000
2014-10-13,3.174321174621582,5.400000095367432,5.599999904632568,5.389999866485596,5.599999904632568,117400
2014-10-14,3.191955327987671,5.429999828338623,5.539999961853027,5.360000133514404,5.409999847412109,95200
2014-10-15,3.2566182613372803,5.539999961853027,5.679999828338623,5.400000095367432,5.409999847412109,99000
2014-10-16,3.3271584510803223,5.659999847412109,5.760000228881836,5.460000038146973,5.539999961853027,85500
2014-10-17,3.3800642490386963,5.75,5.909999847412109,5.71999979019165,5.760000228881836,56800
2014-10-20,3.4447264671325684,5.860000133514404,6.119999885559082,5.789999961853027,5.789999961853027,58000
2014-10-21,3.5329017639160156,6.010000228881836,6.070000171661377,5.940000057220459,5.940000057220459,62000
2014-10-22,3.462360143661499,5.889999866485596,6.070000171661377,5.889999866485596,6.050000190734863,50200
2014-10-23,3.585806131362915,6.099999904632568,6.119999885559082,5.940000057220459,5.980000019073486,66300
2014-10-24,3.609320640563965,6.139999866485596,6.150000095367432,6.070000171661377,6.099999904632568,29900
2014-10-27,3.632833957672119,6.179999828338623,6.179999828338623,6.079999923706055,6.099999904632568,57800
2014-10-28,3.7033753395080566,6.300000190734863,6.300000190734863,6.079999923706055,6.159999847412109,74600
2014-10-29,3.644590139389038,6.199999809265137,6.380000114440918,6.139999866485596,6.309999942779541,46600
2014-10-30,3.5916855335235596,6.110000133514404,6.28000020980835,6.0,6.150000095367432,14200
2014-10-31,3.6681032180786133,6.239999771118164,6.269999980926514,6.079999923706055,6.110000133514404,25800
2014-11-03,3.7210099697113037,6.329999923706055,6.349999904632568,6.179999828338623,6.25,46500
2014-11-04,3.6563477516174316,6.21999979019165,6.349999904632568,6.199999809265137,6.349999904632568,32100
2014-11-05,3.768036365509033,6.409999847412109,6.429999828338623,6.210000038146973,6.269999980926514,37300
2014-11-06,3.719162702560425,6.239999771118164,6.360000133514404,6.210000038146973,6.360000133514404,34400
2014-11-07,3.7132022380828857,6.230000019073486,6.309999942779541,6.159999847412109,6.230000019073486,21600
2014-11-10,3.737044334411621,6.269999980926514,6.360000133514404,6.210000038146973,6.210000038146973,39300
2014-11-11,3.7906854152679443,6.360000133514404,6.449999809265137,6.28000020980835,6.28000020980835,87100
2014-11-12,3.856245517730713,6.46999979019165,6.46999979019165,6.289999961853027,6.409999847412109,54500
2014-11-13,3.8741283416748047,6.5,6.539999961853027,6.449999809265137,6.46999979019165,85200
2014-11-14,3.862205982208252,6.480000019073486,6.570000171661377,6.389999866485596,6.539999961853027,31700
2014-11-17,3.8502867221832275,6.460000038146973,6.5,6.340000152587891,6.5,70800
2014-11-18,3.8860466480255127,6.519999980926514,6.550000190734863,6.409999847412109,6.420000076293945,52200
2014-11-19,3.8741283416748047,6.5,6.550000190734863,6.5,6.510000228881836,40500
2014-11-20,3.8979690074920654,6.539999961853027,6.690000057220459,6.449999809265137,6.449999809265137,96200
2014-11-21,3.903928279876709,6.550000190734863,6.659999847412109,6.46999979019165,6.550000190734863,79900
2014-11-24,3.862205982208252,6.480000019073486,6.550000190734863,6.480000019073486,6.550000190734863,32200
2014-11-25,3.8741283416748047,6.5,6.5,6.460000038146973,6.480000019073486,15300
2014-11-26,3.8681681156158447,6.489999771118164,6.559999942779541,6.460000038146973,6.489999771118164,26400
2014-11-28,3.808566093444824,6.389999866485596,6.5,6.349999904632568,6.480000019073486,39100
2014-12-01,3.838366985321045,6.440000057220459,6.440000057220459,6.300000190734863,6.329999923706055,58800
2014-12-02,3.8920083045959473,6.53000020980835,6.619999885559082,6.389999866485596,6.449999809265137,75600
2014-12-03,3.8741283416748047,6.5,6.559999942779541,6.46999979019165,6.550000190734863,40500
2014-12-04,3.8681681156158447,6.489999771118164,6.53000020980835,6.460000038146973,6.53000020980835,51600
2014-12-05,3.8145265579223633,6.400000095367432,6.5,6.400000095367432,6.5,34900
2014-12-08,3.409231424331665,5.71999979019165,6.409999847412109,5.539999961853027,6.409999847412109,268500
2014-12-09,3.796644687652588,6.369999885559082,6.400000095367432,5.650000095367432,5.699999809265137,180000
2014-12-10,3.689361333847046,6.190000057220459,6.360000133514404,6.099999904632568,6.360000133514404,41000
2014-12-11,3.7430033683776855,6.28000020980835,6.28000020980835,5.630000114440918,5.630000114440918,146800
2014-12-12,3.605919361114502,6.050000190734863,6.190000057220459,6.0,6.130000114440918,82900
2014-12-15,3.605919361114502,6.050000190734863,6.199999809265137,6.010000228881836,6.019999980926514,37700
2014-12-16,3.6118781566619873,6.059999942779541,6.199999809265137,6.0,6.010000228881836,58200
2014-12-17,3.5224764347076416,5.909999847412109,6.170000076293945,5.860000133514404,6.019999980926514,69900
2014-12-18,3.576117992401123,6.0,6.150000095367432,5.949999809265137,5.949999809265137,66800
2014-12-19,3.558236837387085,5.96999979019165,6.050000190734863,5.900000095367432,6.0,73100
2014-12-22,3.570158004760742,5.989999771118164,6.079999923706055,5.909999847412109,5.96999979019165,95100
2014-12-23,3.659559726715088,6.139999866485596,6.150000095367432,6.010000228881836,6.099999904632568,40600
2014-12-24,3.6476402282714844,6.119999885559082,6.150000095367432,6.019999980926514,6.150000095367432,15800
2014-12-26,3.516517400741577,5.900000095367432,6.119999885559082,5.900000095367432,6.050000190734863,49500
2014-12-29,3.570158004760742,5.989999771118164,6.079999923706055,5.809999942779541,5.809999942779541,88700
2014-12-30,3.5284364223480225,5.920000076293945,6.079999923706055,5.920000076293945,6.03000020980835,36300
2014-12-31,3.6357195377349854,6.099999904632568,6.099999904632568,5.96999979019165,5.980000019073486,28800
2015-01-02,3.653599262237549,6.130000114440918,6.130000114440918,5.849999904632568,6.130000114440918,91700
2015-01-05,3.6476402282714844,6.119999885559082,6.119999885559082,5.949999809265137,5.949999809265137,82000
2015-01-06,3.5224764347076416,5.909999847412109,6.110000133514404,5.909999847412109,6.050000190734863,84800
2015-01-07,3.570158004760742,5.989999771118164,6.0,5.829999923706055,5.929999828338623,80100
2015-01-08,3.4867148399353027,5.849999904632568,6.039999961853027,5.829999923706055,5.860000133514404,102300
2015-01-09,3.5284364223480225,5.920000076293945,6.0,5.860000133514404,5.860000133514404,51300
2015-01-12,3.5463175773620605,5.949999809265137,5.989999771118164,5.920000076293945,5.929999828338623,54900
2015-01-13,3.462874174118042,5.809999942779541,5.96999979019165,5.78000020980835,5.949999809265137,149000
2015-01-14,3.4986345767974854,5.869999885559082,5.920000076293945,5.769999980926514,5.840000152587891,53300
2015-01-15,3.576117992401123,6.0,6.0,5.880000114440918,5.920000076293945,29700
2015-01-16,3.689361333847046,6.190000057220459,6.190000057220459,6.0,6.0,55800
2015-01-20,3.707242727279663,6.21999979019165,6.25,6.099999904632568,6.21999979019165,39200
2015-01-21,3.7847251892089844,6.349999904632568,6.420000076293945,6.21999979019165,6.239999771118164,43400
2015-01-22,3.7668445110321045,6.320000171661377,6.369999885559082,6.260000228881836,6.320000171661377,24500
2015-01-23,3.725123167037964,6.25,6.409999847412109,6.25,6.25,32300
2015-01-26,3.8145265579223633,6.400000095367432,6.400000095367432,6.260000228881836,6.329999923706055,30400
2015-01-27,3.8443260192871094,6.449999809265137,6.449999809265137,6.300000190734863,6.380000114440918,39500
2015-01-28,3.927098035812378,6.5,6.699999809265137,6.260000228881836,6.260000228881836,180600
2015-01-29,4.005640506744385,6.630000114440918,6.650000095367432,6.440000057220459,6.440000057220459,69900
2015-01-30,4.053974628448486,6.710000038146973,6.710000038146973,6.480000019073486,6.550000190734863,51500
2015-02-02,4.011681079864502,6.639999866485596,6.75,6.599999904632568,6.599999904632568,33800
2015-02-03,3.957306385040283,6.550000190734863,6.739999771118164,6.510000228881836,6.639999866485596,47500
2015-02-04,3.8666820526123047,6.400000095367432,6.579999923706055,6.400000095367432,6.519999980926514,55400
2015-02-05,3.915013551712036,6.480000019073486,6.679999828338623,6.420000076293945,6.679999828338623,83100
2015-02-06,3.963347911834717,6.559999942779541,6.590000152587891,6.460000038146973,6.590000152587891,28300
2015-02-09,4.259389877319336,7.050000190734863,7.099999904632568,6.559999942779541,6.559999942779541,238200
2015-02-10,4.289599418640137,7.099999904632568,7.119999885559082,6.940000057220459,7.099999904632568,127100
2015-02-11,4.4104323387146,7.300000190734863,7.400000095367432,7.059999942779541,7.099999904632568,322600
2015-02-12,4.380224704742432,7.25,7.380000114440918,7.159999847412109,7.349999904632568,68100
2015-02-13,4.289599418640137,7.099999904632568,7.309999942779541,7.0,7.309999942779541,174400
2015-02-17,4.446683883666992,7.360000133514404,7.480000019073486,7.110000133514404,7.110000133514404,218300
2015-02-18,4.525224685668945,7.489999771118164,7.550000190734863,7.309999942779541,7.420000076293945,132200
2015-02-19,4.47689151763916,7.409999847412109,7.510000228881836,7.349999904632568,7.510000228881836,63100
2015-02-20,4.464807033538818,7.389999866485596,7.46999979019165,7.360000133514404,7.360000133514404,40700
2015-02-23,4.652100563049316,7.699999809265137,7.699999809265137,7.380000114440918,7.389999866485596,167000
2015-02-24,4.670225143432617,7.730000019073486,7.789999961853027,7.53000020980835,7.789999961853027,88500
2015-02-25,4.567514896392822,7.559999942779541,7.75,7.519999980926514,7.75,64400
2015-02-26,4.513142108917236,7.46999979019165,7.659999847412109,7.369999885559082,7.559999942779541,71300
2015-02-27,4.5977253913879395,7.610000133514404,7.670000076293945,7.510000228881836,7.519999980926514,51200
2015-03-02,4.676266193389893,7.739999771118164,7.75,7.639999866485596,7.650000095367432,47600
2015-03-03,4.664183139801025,7.71999979019165,7.829999923706055,7.679999828338623,7.829999923706055,64200
2015-03-04,4.555433750152588,7.539999961853027,7.71999979019165,7.519999980926514,7.639999866485596,38500
2015-03-05,4.525224685668945,7.489999771118164,7.679999828338623,7.480000019073486,7.610000133514404,39900
2015-03-06,4.47689151763916,7.409999847412109,7.590000152587891,7.360000133514404,7.46999979019165,37100
2015-03-09,4.1083478927612305,6.800000190734863,7.369999885559082,6.75,7.360000133514404,378200
2015-03-10,4.319808006286621,7.150000095367432,7.199999809265137,6.800000190734863,6.800000190734863,45900
2015-03-11,4.205015182495117,6.960000038146973,7.199999809265137,6.949999809265137,7.199999809265137,29200
2015-03-12,4.174806594848633,6.909999847412109,7.070000171661377,6.889999866485596,6.949999809265137,55700
2015-03-13,4.217098712921143,6.980000019073486,7.0,6.849999904632568,6.949999809265137,35200
2015-03-16,4.1868896484375,6.929999828338623,7.079999923706055,6.860000133514404,7.0,68500
2015-03-17,4.2775163650512695,7.079999923706055,7.110000133514404,6.900000095367432,6.900000095367432,33800
2015-03-18,4.217098712921143,6.980000019073486,7.110000133514404,6.880000114440918,6.880000114440918,26200
2015-03-19,4.217098712921143,6.980000019073486,7.059999942779541,6.929999828338623,7.039999961853027,43400
2015-03-20,4.464807033538818,7.389999866485596,7.389999866485596,6.900000095367432,6.96999979019165,71300
2015-03-23,4.32584810256958,7.159999847412109,7.269999980926514,7.0,7.25,34000
2015-03-24,4.283558368682861,7.090000152587891,7.199999809265137,7.019999980926514,7.199999809265137,17800
2015-03-25,4.0237650871276855,6.659999847412109,7.110000133514404,6.429999828338623,7.110000133514404,988200
2015-03-26,4.126472473144531,6.829999923706055,6.889999866485596,6.639999866485596,6.800000190734863,89700
2015-03-27,4.126472473144531,6.829999923706055,6.900000095367432,6.809999942779541,6.860000133514404,35800
2015-03-30,4.241265296936035,7.019999980926514,7.099999904632568,6.820000171661377,6.869999885559082,82000
2015-03-31,4.470850944519043,7.400000095367432,7.519999980926514,7.03000020980835,7.099999904632568,167900
2015-04-01,4.47689151763916,7.409999847412109,7.539999961853027,7.400000095367432,7.460000038146973,67800
2015-04-02,4.47689151763916,7.409999847412109,7.480000019073486,7.300000190734863,7.460000038146973,29000
2015-04-06,4.446683883666992,7.360000133514404,7.599999904632568,7.349999904632568,7.599999904632568,55600
2015-04-07,4.446683883666992,7.360000133514404,7.420000076293945,7.079999923706055,7.260000228881836,44400
2015-04-08,4.495016098022461,7.440000057220459,7.449999809265137,7.300000190734863,7.340000152587891,25100
2015-04-09,4.422516822814941,7.320000171661377,7.460000038146973,7.25,7.440000057220459,30200
2015-04-10,4.343973636627197,7.190000057220459,7.389999866485596,7.0,7.320000171661377,57900
2015-04-13,4.3137664794921875,7.139999866485596,7.289999961853027,7.099999904632568,7.110000133514404,71200
2015-04-14,4.488973140716553,7.429999828338623,7.429999828338623,7.159999847412109,7.199999809265137,39400
2015-04-15,4.404390335083008,7.289999961853027,7.489999771118164,7.03000020980835,7.489999771118164,227800
2015-04-16,4.362098217010498,7.21999979019165,7.380000114440918,7.050000190734863,7.260000228881836,84600
2015-04-17,4.501059055328369,7.449999809265137,7.480000019073486,7.099999904632568,7.099999904632568,89700
2015-04-20,4.525224685668945,7.489999771118164,7.559999942779541,7.329999923706055,7.5,139200
2015-04-21,4.507099628448486,7.460000038146973,7.519999980926514,7.400000095367432,7.5,102300
2015-04-22,4.5191826820373535,7.480000019073486,7.5,7.400000095367432,7.5,42500
2015-04-23,4.488973140716553,7.429999828338623,7.5,7.400000095367432,7.460000038146973,22700
2015-04-24,4.507099628448486,7.460000038146973,7.480000019073486,7.400000095367432,7.480000019073486,40200
2015-04-27,4.501059055328369,7.449999809265137,7.460000038146973,7.389999866485596,7.400000095367432,35100
2015-04-28,4.497998237609863,7.349999904632568,7.460000038146973,7.260000228881836,7.380000114440918,45300
2015-04-29,4.534716606140137,7.409999847412109,7.409999847412109,7.25,7.25,23100
2015-04-30,4.589794158935547,7.5,7.5,7.360000133514404,7.480000019073486,33400
2015-05-01,4.510238170623779,7.369999885559082,7.460000038146973,7.300000190734863,7.300000190734863,36700
2015-05-04,4.40620231628418,7.199999809265137,7.360000133514404,7.130000114440918,7.300000190734863,43600
2015-05-05,4.442920684814453,7.260000228881836,7.369999885559082,7.260000228881836,7.269999980926514,18900
2015-05-06,4.387843608856201,7.170000076293945,7.320000171661377,7.130000114440918,7.320000171661377,32000
2015-05-07,4.559196949005127,7.449999809265137,7.46999979019165,7.170000076293945,7.170000076293945,77600
2015-05-08,4.6203932762146,7.550000190734863,7.670000076293945,7.409999847412109,7.5,299000
2015-05-11,4.497998237609863,7.349999904632568,7.599999904632568,7.349999904632568,7.550000190734863,57700
2015-05-12,4.571435451507568,7.46999979019165,7.590000152587891,7.349999904632568,7.349999904632568,49400
2015-05-13,4.583674430847168,7.489999771118164,7.559999942779541,7.449999809265137,7.5,46900
2015-05-14,4.7427897453308105,7.75,7.800000190734863,7.599999904632568,7.710000038146973,281700
2015-05-15,4.85294246673584,7.929999828338623,8.119999885559082,7.670000076293945,7.800000190734863,481900
2015-05-18,5.024293899536133,8.210000038146973,8.369999885559082,8.100000381469727,8.199999809265137,312800
2015-05-19,5.079373836517334,8.300000190734863,8.300000190734863,8.210000038146973,8.210000038146973,137000
2015-05-20,4.999815940856934,8.170000076293945,8.369999885559082,8.170000076293945,8.369999885559082,93900
2015-05-21,5.01817512512207,8.199999809265137,8.289999961853027,8.149999618530273,8.220000267028809,100200
2015-05-22,5.01817512512207,8.199999809265137,8.359999656677246,8.09000015258789,8.300000190734863,68200
2015-05-26,5.091611385345459,8.319999694824219,8.359999656677246,8.220000267028809,8.300000190734863,174700
2015-05-27,5.103850841522217,8.34000015258789,8.369999885559082,8.25,8.270000457763672,157300
2015-05-28,5.226245880126953,8.539999961853027,8.649999618530273,8.369999885559082,8.399999618530273,283200
2015-05-29,5.244604110717773,8.569999694824219,8.59000015258789,8.5,8.579999923706055,98000
2015-06-01,5.409838676452637,8.84000015258789,8.850000381469727,8.569999694824219,8.600000381469727,155600
2015-06-02,5.464915752410889,8.930000305175781,8.970000267028809,8.819999694824219,8.960000038146973,160400
2015-06-03,5.471034526824951,8.9399995803833,8.949999809265137,8.720000267028809,8.949999809265137,140100
2015-06-04,5.3853583335876465,8.800000190734863,8.880000114440918,8.760000228881836,8.880000114440918,58800
2015-06-05,5.452674388885498,8.90999984741211,8.949999809265137,8.760000228881836,8.800000190734863,196500
2015-06-08,5.458795547485352,8.920000076293945,8.9399995803833,8.729999542236328,8.859999656677246,81200
2015-06-09,5.507753372192383,9.0,9.010000228881836,8.819999694824219,8.90999984741211,99200
2015-06-10,5.544471740722656,9.0600004196167,9.109999656677246,8.9399995803833,9.0,93500
2015-06-11,5.4465556144714355,8.899999618530273,9.109999656677246,8.84000015258789,9.109999656677246,70300
2015-06-12,5.526111602783203,9.029999732971191,9.079999923706055,8.84000015258789,8.880000114440918,82500
2015-06-15,5.544471740722656,9.0600004196167,9.079999923706055,8.699999809265137,8.8100004196167,190400
2015-06-16,5.489393711090088,8.970000267028809,9.109999656677246,8.899999618530273,8.949999809265137,153900
2015-06-17,5.519991397857666,9.020000457763672,9.0600004196167,8.850000381469727,8.9399995803833,85900
2015-06-18,5.373119354248047,8.779999732971191,8.970000267028809,8.760000228881836,8.970000267028809,134700
2015-06-19,5.4465556144714355,8.899999618530273,8.899999618530273,8.729999542236328,8.729999542236328,70400
2015-06-22,5.409838676452637,8.84000015258789,8.949999809265137,8.8100004196167,8.920000076293945,123900
2015-06-23,5.4465556144714355,8.899999618530273,8.920000076293945,8.850000381469727,8.859999656677246,72600
2015-06-24,5.4465556144714355,8.899999618530273,8.9399995803833,8.869999885559082,8.899999618530273,46800
2015-06-25,5.397597312927246,8.819999694824219,8.949999809265137,8.75,8.949999809265137,41600
2015-06-26,5.458795547485352,8.920000076293945,8.920000076293945,8.800000190734863,8.890000343322754,143800
2015-06-29,5.2507243156433105,8.579999923706055,8.90999984741211,8.5,8.75,154800
2015-06-30,5.4037184715271,8.829999923706055,8.899999618530273,8.609999656677246,8.65999984741211,112300
2015-07-01,5.4465556144714355,8.899999618530273,8.899999618530273,8.819999694824219,8.890000343322754,85600
2015-07-02,5.4465556144714355,8.899999618530273,9.0,8.8100004196167,8.880000114440918,204300
2015-07-06,5.495513439178467,8.979999542236328,9.0,8.760000228881836,8.930000305175781,116600
2015-07-07,5.4037184715271,8.829999923706055,8.970000267028809,8.729999542236328,8.970000267028809,84100
2015-07-08,5.397597312927246,8.819999694824219,8.90999984741211,8.609999656677246,8.699999809265137,92600
2015-07-09,5.440436363220215,8.890000343322754,8.960000038146973,8.859999656677246,8.949999809265137,59700
2015-07-10,5.373119354248047,8.779999732971191,8.869999885559082,8.770000457763672,8.869999885559082,58300
2015-07-13,5.526111602783203,9.029999732971191,9.109999656677246,8.6899995803833,8.6899995803833,370300
2015-07-14,5.550591945648193,9.069999694824219,9.130000114440918,9.0,9.069999694824219,94000
2015-07-15,5.526111602783203,9.029999732971191,9.109999656677246,8.979999542236328,9.069999694824219,58900
2015-07-16,5.672986030578613,9.270000457763672,9.270000457763672,9.029999732971191,9.079999923706055,164300
2015-07-17,5.65462589263916,9.239999771118164,9.279999732971191,9.15999984741211,9.279999732971191,85700
2015-07-20,5.691345691680908,9.300000190734863,9.300000190734863,9.199999809265137,9.260000228881836,114200
2015-07-21,5.605669021606445,9.15999984741211,9.300000190734863,8.989999771118164,9.300000190734863,61200
2015-07-22,5.593430042266846,9.140000343322754,9.210000038146973,9.039999961853027,9.149999618530273,58300
2015-07-23,5.660745620727539,9.25,9.300000190734863,9.15999984741211,9.210000038146973,88800
2015-07-24,5.611789703369141,9.170000076293945,9.3100004196167,9.100000381469727,9.3100004196167,76700
2015-07-27,5.746421813964844,9.390000343322754,9.399999618530273,9.0,9.050000190734863,98200
2015-07-28,5.842247009277344,9.449999809265137,9.470000267028809,9.300000190734863,9.380000114440918,61700
2015-07-29,5.854612350463867,9.470000267028809,9.470000267028809,9.369999885559082,9.460000038146973,65800
2015-07-30,6.0648088455200195,9.8100004196167,9.890000343322754,9.380000114440918,9.380000114440918,143900
2015-07-31,6.169907093048096,9.979999542236328,9.979999542236328,9.710000038146973,9.880000114440918,87600
2015-08-03,5.848430633544922,9.460000038146973,9.979999542236328,9.449999809265137,9.930000305175781,165400
2015-08-04,5.564046859741211,9.0,9.40999984741211,8.569999694824219,9.390000343322754,377000
2015-08-05,5.749514102935791,9.300000190734863,9.3100004196167,9.0,9.0,139400
2015-08-06,5.743331432342529,9.289999961853027,9.359999656677246,9.109999656677246,9.270000457763672,123100
2015-08-07,5.7618794441223145,9.319999694824219,9.369999885559082,8.960000038146973,9.0,142900
2015-08-10,5.81133508682251,9.399999618530273,9.4399995803833,9.029999732971191,9.149999618530273,231400
2015-08-11,5.879342079162598,9.510000228881836,9.630000114440918,9.270000457763672,9.350000381469727,86900
2015-08-12,6.015349864959717,9.729999542236328,9.75,9.34000015258789,9.539999961853027,149300
2015-08-13,5.972076416015625,9.65999984741211,9.729999542236328,9.5600004196167,9.729999542236328,66200
2015-08-14,5.996805191040039,9.699999809265137,9.859999656677246,9.510000228881836,9.579999923706055,79000
2015-08-17,5.866977214813232,9.489999771118164,9.680000305175781,9.430000305175781,9.5600004196167,49100
2015-08-18,5.805155277252197,9.390000343322754,9.5600004196167,9.239999771118164,9.5600004196167,82200
2015-08-19,5.7618794441223145,9.319999694824219,9.40999984741211,9.109999656677246,9.40999984741211,55300
2015-08-20,5.662963390350342,9.15999984741211,9.329999923706055,9.100000381469727,9.229999542236328,45600
2015-08-21,5.570227146148682,9.010000228881836,9.270000457763672,9.010000228881836,9.140000343322754,122200
2015-08-24,5.749514102935791,9.300000190734863,9.420000076293945,8.470000267028809,8.59000015258789,320500
2015-08-25,5.934983253479004,9.600000381469727,9.649999618530273,9.329999923706055,9.520000457763672,123300
2015-08-26,5.780425548553467,9.350000381469727,9.739999771118164,9.210000038146973,9.739999771118164,89300
2015-08-27,5.755696773529053,9.3100004196167,9.510000228881836,9.25,9.369999885559082,96300
2015-08-28,5.798970699310303,9.380000114440918,9.479999542236328,9.279999732971191,9.279999732971191,111900
2015-08-31,5.922617435455322,9.579999923706055,9.619999885559082,9.329999923706055,9.380000114440918,99500
2015-09-01,5.774242401123047,9.34000015258789,9.5600004196167,9.25,9.520000457763672,38400
2015-09-02,5.730967044830322,9.270000457763672,9.479999542236328,9.229999542236328,9.390000343322754,31800
2015-09-03,5.829881191253662,9.430000305175781,9.479999542236328,9.279999732971191,9.279999732971191,27700
2015-09-04,5.83606481552124,9.4399995803833,9.489999771118164,9.300000190734863,9.380000114440918,26300
2015-09-08,5.768058776855469,9.329999923706055,9.5,9.329999923706055,9.5,50500
2015-09-09,5.768058776855469,9.329999923706055,9.380000114440918,9.300000190734863,9.329999923706055,15200
2015-09-10,5.823701858520508,9.420000076293945,9.5,9.329999923706055,9.34000015258789,32300
2015-09-11,5.805155277252197,9.390000343322754,9.479999542236328,9.329999923706055,9.329999923706055,17100
2015-09-14,5.7124199867248535,9.239999771118164,9.420000076293945,9.239999771118164,9.390000343322754,44800
2015-09-15,5.737148761749268,9.279999732971191,9.420000076293945,9.239999771118164,9.239999771118164,43100
2015-09-16,5.465129375457764,8.84000015258789,9.329999923706055,8.829999923706055,9.3100004196167,79700
2015-09-17,5.465129375457764,8.84000015258789,9.020000457763672,8.800000190734863,8.800000190734863,38800
2015-09-18,5.6073222160339355,9.069999694824219,9.130000114440918,8.8100004196167,8.899999618530273,170200
2015-09-21,5.409488677978516,8.75,9.079999923706055,8.75,9.029999732971191,55400
2015-09-22,5.409488677978516,8.75,8.920000076293945,8.600000381469727,8.720000267028809,38200
2015-09-23,5.458946228027344,8.829999923706055,8.949999809265137,8.720000267028809,8.720000267028809,26000
2015-09-24,5.489859580993652,8.880000114440918,8.90999984741211,8.430000305175781,8.8100004196167,93000
2015-09-25,5.421853065490723,8.770000457763672,8.869999885559082,8.699999809265137,8.84000015258789,28400
2015-09-28,5.205473899841309,8.420000076293945,8.729999542236328,8.3100004196167,8.3100004196167,99600
2015-09-29,5.186927795410156,8.390000343322754,8.470000267028809,8.3100004196167,8.3100004196167,76500
2015-09-30,5.248748779296875,8.489999771118164,8.489999771118164,8.3100004196167,8.359999656677246,63900
2015-10-01,5.069462299346924,8.199999809265137,8.6899995803833,8.100000381469727,8.609999656677246,184600
2015-10-02,5.1498332023620605,8.329999923706055,8.489999771118164,8.140000343322754,8.25,46100
2015-10-05,5.044734954833984,8.15999984741211,8.300000190734863,8.100000381469727,8.15999984741211,93200
2015-10-06,5.112740993499756,8.270000457763672,8.479999542236328,8.079999923706055,8.079999923706055,36400
2015-10-07,5.13128662109375,8.300000190734863,8.5,8.300000190734863,8.4399995803833,14500
2015-10-08,5.13128662109375,8.300000190734863,8.399999618530273,8.300000190734863,8.300000190734863,35100
2015-10-09,5.118922710418701,8.279999732971191,8.380000114440918,8.25,8.350000381469727,22800
2015-10-12,5.125103950500488,8.289999961853027,8.359999656677246,8.279999732971191,8.279999732971191,23100
2015-10-13,5.168380260467529,8.359999656677246,8.390000343322754,8.109999656677246,8.210000038146973,71700
2015-10-14,5.118922710418701,8.279999732971191,8.329999923706055,8.25,8.3100004196167,16500
2015-10-15,5.100375175476074,8.25,8.3100004196167,8.170000076293945,8.3100004196167,46600
2015-10-16,5.13746976852417,8.3100004196167,8.329999923706055,8.210000038146973,8.279999732971191,27100
2015-10-19,5.409488677978516,8.75,8.75,8.3100004196167,8.329999923706055,97000
2015-10-20,5.397124767303467,8.729999542236328,8.8100004196167,8.550000190734863,8.6899995803833,28800
2015-10-21,5.292026519775391,8.5600004196167,8.739999771118164,8.420000076293945,8.739999771118164,18600
2015-10-22,5.390941143035889,8.720000267028809,8.819999694824219,8.420000076293945,8.520000457763672,90400
2015-10-23,5.347664833068848,8.649999618530273,8.720000267028809,8.600000381469727,8.720000267028809,22600
2015-10-26,5.263278007507324,8.420000076293945,8.630000114440918,8.199999809265137,8.609999656677246,53400
2015-10-27,5.125757217407227,8.199999809265137,8.550000190734863,8.170000076293945,8.449999809265137,37900
2015-10-28,5.188267230987549,8.300000190734863,8.479999542236328,8.050000190734863,8.180000305175781,62100
2015-10-29,4.931979179382324,7.889999866485596,8.350000381469727,7.800000190734863,8.260000228881836,163700
2015-10-30,4.900725364685059,7.840000152587891,7.900000095367432,7.739999771118164,7.820000171661377,194300
2015-11-02,4.825714111328125,7.71999979019165,7.849999904632568,7.630000114440918,7.710000038146973,133300
2015-11-03,5.350790977478027,8.5600004196167,8.710000038146973,7.639999866485596,7.639999866485596,122900
2015-11-04,5.263278007507324,8.420000076293945,8.520000457763672,8.15999984741211,8.3100004196167,30900
2015-11-05,5.082001686096191,8.130000114440918,8.420000076293945,8.09000015258789,8.420000076293945,31300
2015-11-06,5.0945024490356445,8.149999618530273,8.260000228881836,8.0600004196167,8.130000114440918,32100
2015-11-09,5.031994342803955,8.050000190734863,8.119999885559082,7.96999979019165,8.010000228881836,32600
2015-11-10,4.95698356628418,7.929999828338623,8.029999732971191,7.909999847412109,7.940000057220459,17100
2015-11-11,4.95698356628418,7.929999828338623,8.0,7.909999847412109,7.920000076293945,14600
2015-11-12,4.894474506378174,7.829999923706055,7.920000076293945,7.820000171661377,7.829999923706055,34700
2015-11-13,4.844466209411621,7.75,7.869999885559082,7.71999979019165,7.829999923706055,24600
2015-11-16,4.850717067718506,7.760000228881836,7.840000152587891,7.650000095367432,7.71999979019165,58000
2015-11-17,4.863218784332275,7.78000020980835,8.0600004196167,7.71999979019165,7.789999961853027,20500
2015-11-18,4.906975746154785,7.849999904632568,7.880000114440918,7.75,7.800000190734863,24300
2015-11-19,4.931979179382324,7.889999866485596,7.960000038146973,7.739999771118164,7.820000171661377,45700
2015-11-20,4.856967449188232,7.769999980926514,7.840000152587891,7.75,7.840000152587891,13800
2015-11-23,4.838214874267578,7.739999771118164,7.760000228881836,7.650000095367432,7.75,61000
2015-11-24,4.913226127624512,7.860000133514404,7.909999847412109,7.699999809265137,7.699999809265137,43200
2015-11-25,4.863218784332275,7.78000020980835,7.820000171661377,7.699999809265137,7.699999809265137,60800
2015-11-27,4.856967449188232,7.769999980926514,7.800000190734863,7.679999828338623,7.679999828338623,18300
2015-11-30,4.825714111328125,7.71999979019165,7.800000190734863,7.690000057220459,7.789999961853027,26900
2015-12-01,4.844466209411621,7.75,7.769999980926514,7.690000057220459,7.739999771118164,24100
2015-12-02,4.875720500946045,7.800000190734863,7.800000190734863,7.670000076293945,7.670000076293945,85600
2015-12-03,4.756953239440918,7.610000133514404,7.849999904632568,7.269999980926514,7.849999904632568,249800
2015-12-04,4.500665664672852,7.199999809265137,7.599999904632568,7.099999904632568,7.539999961853027,177300
2015-12-07,4.406901836395264,7.050000190734863,7.199999809265137,6.769999980926514,6.980000019073486,218100
2015-12-08,4.481911659240723,7.170000076293945,7.289999961853027,6.980000019073486,6.980000019073486,118400
2015-12-09,4.600680828094482,7.360000133514404,7.440000057220459,7.199999809265137,7.199999809265137,54300
2015-12-10,4.631934642791748,7.409999847412109,7.550000190734863,6.980000019073486,6.980000019073486,562200
2015-12-11,4.519419193267822,7.230000019073486,7.320000171661377,7.159999847412109,7.269999980926514,86400
2015-12-14,4.444406986236572,7.110000133514404,7.300000190734863,7.0,7.099999904632568,72300
2015-12-15,4.556923866271973,7.289999961853027,7.449999809265137,7.019999980926514,7.079999923706055,314300
2015-12-16,4.556923866271973,7.289999961853027,7.440000057220459,7.21999979019165,7.230000019073486,57100
2015-12-17,4.575675964355469,7.320000171661377,7.409999847412109,7.28000020980835,7.409999847412109,43400
2015-12-18,4.456910133361816,7.130000114440918,7.289999961853027,7.130000114440918,7.260000228881836,54500
2015-12-21,4.513166904449463,7.21999979019165,7.440000057220459,7.099999904632568,7.099999904632568,29600
2015-12-22,4.525668144226074,7.239999771118164,7.440000057220459,7.21999979019165,7.329999923706055,34100
2015-12-23,4.644437313079834,7.429999828338623,7.480000019073486,7.239999771118164,7.239999771118164,20400
2015-12-24,4.631934642791748,7.409999847412109,7.489999771118164,7.409999847412109,7.489999771118164,13200
2015-12-28,4.594429016113281,7.349999904632568,7.480000019073486,7.300000190734863,7.420000076293945,28500
2015-12-29,4.581928253173828,7.329999923706055,7.46999979019165,7.329999923706055,7.449999809265137,69100
2015-12-30,4.644437313079834,7.429999828338623,7.480000019073486,7.329999923706055,7.340000152587891,37500
2015-12-31,4.650687217712402,7.440000057220459,7.480000019073486,7.360000133514404,7.420000076293945,23900
2016-01-04,4.563174247741699,7.300000190734863,7.409999847412109,7.25,7.309999942779541,28700
2016-01-05,4.669440746307373,7.46999979019165,7.539999961853027,7.300000190734863,7.309999942779541,86400
2016-01-06,4.70694637298584,7.53000020980835,7.599999904632568,7.329999923706055,7.329999923706055,65500
2016-01-07,4.863218784332275,7.78000020980835,7.809999942779541,7.380000114440918,7.510000228881836,76900
2016-01-08,4.975735664367676,7.960000038146973,8.039999961853027,7.75,7.78000020980835,162900
2016-01-11,4.731950759887695,7.570000171661377,8.170000076293945,7.460000038146973,8.170000076293945,164800
2016-01-12,4.975735664367676,7.960000038146973,7.989999771118164,7.599999904632568,7.730000019073486,119700
2016-01-13,4.850717067718506,7.760000228881836,8.079999923706055,7.730000019073486,8.079999923706055,30400
2016-01-14,4.81946325302124,7.710000038146973,7.769999980926514,7.550000190734863,7.710000038146973,36200
2016-01-15,4.844466209411621,7.75,7.769999980926514,7.510000228881836,7.670000076293945,51300
2016-01-19,4.775705814361572,7.639999866485596,7.789999961853027,7.599999904632568,7.75,27900
2016-01-20,4.594429016113281,7.349999904632568,7.619999885559082,7.289999961853027,7.619999885559082,92900
2016-01-21,4.575675964355469,7.320000171661377,7.440000057220459,7.28000020980835,7.28000020980835,35300
2016-01-22,4.7882080078125,7.659999847412109,7.710000038146973,7.349999904632568,7.349999904632568,20800
2016-01-25,4.644437313079834,7.429999828338623,7.710000038146973,7.400000095367432,7.710000038146973,44900
2016-01-26,4.663188934326172,7.460000038146973,7.590000152587891,7.400000095367432,7.420000076293945,19200
2016-01-27,4.7382001876831055,7.579999923706055,7.590000152587891,7.429999828338623,7.449999809265137,21500
2016-01-28,4.792008876800537,7.570000171661377,7.630000114440918,7.409999847412109,7.559999942779541,27900
2016-01-29,4.918612003326416,7.769999980926514,7.849999904632568,7.480000019073486,7.599999904632568,58500
2016-02-01,4.937603950500488,7.800000190734863,7.849999904632568,7.699999809265137,7.730000019073486,29000
2016-02-02,4.943934440612793,7.809999942779541,7.96999979019165,7.760000228881836,7.789999961853027,27500
2016-02-03,4.956594944000244,7.829999923706055,7.940000057220459,7.75,7.869999885559082,27100
2016-02-04,4.722373962402344,7.460000038146973,7.789999961853027,7.360000133514404,7.789999961853027,83800
2016-02-05,4.792008876800537,7.570000171661377,7.630000114440918,7.389999866485596,7.630000114440918,45800
2016-02-08,4.671732425689697,7.380000114440918,7.639999866485596,7.360000133514404,7.550000190734863,43900
2016-02-09,4.6780619621276855,7.389999866485596,7.690000057220459,7.300000190734863,7.380000114440918,53800
2016-02-10,4.640082359313965,7.329999923706055,7.570000171661377,7.309999942779541,7.309999942779541,40700
2016-02-11,4.671732425689697,7.380000114440918,7.519999980926514,7.300000190734863,7.300000190734863,33500
2016-02-12,4.792008876800537,7.570000171661377,7.630000114440918,7.369999885559082,7.380000114440918,52800
2016-02-16,4.880630970001221,7.710000038146973,7.71999979019165,7.590000152587891,7.619999885559082,26200
2016-02-17,4.716045379638672,7.449999809265137,7.75,7.449999809265137,7.710000038146973,40100
2016-02-18,4.690723896026611,7.409999847412109,7.539999961853027,7.369999885559082,7.429999828338623,53000
2016-02-19,4.6780619621276855,7.389999866485596,7.519999980926514,7.360000133514404,7.360000133514404,23800
2016-02-22,4.741366386413574,7.489999771118164,7.579999923706055,7.409999847412109,7.409999847412109,20500
2016-02-23,4.608431816101074,7.28000020980835,7.480000019073486,7.269999980926514,7.409999847412109,46500
2016-02-24,4.728706359863281,7.46999979019165,7.53000020980835,7.340000152587891,7.409999847412109,17000
2016-02-25,4.703386306762695,7.429999828338623,7.639999866485596,7.429999828338623,7.5,20800
2016-02-26,4.716045379638672,7.449999809265137,7.599999904632568,7.380000114440918,7.440000057220459,14500
2016-02-29,5.032557487487793,7.949999809265137,7.949999809265137,7.519999980926514,7.570000171661377,64500
2016-03-01,5.032557487487793,7.949999809265137,7.949999809265137,7.769999980926514,7.949999809265137,26600
2016-03-02,5.032557487487793,7.949999809265137,7.989999771118164,7.699999809265137,7.949999809265137,29400
2016-03-03,5.0198974609375,7.929999828338623,8.130000114440918,7.679999828338623,7.909999847412109,166400
2016-03-04,4.836319446563721,7.639999866485596,8.100000381469727,7.639999866485596,7.929999828338623,60000
2016-03-07,4.785676956176758,7.559999942779541,7.980000019073486,7.5,7.590000152587891,136800
2016-03-08,4.716045379638672,7.449999809265137,7.550000190734863,7.449999809265137,7.5,36300
2016-03-09,4.735035419464111,7.480000019073486,7.610000133514404,7.480000019073486,7.539999961853027,36100
2016-03-10,4.754025936126709,7.510000228881836,7.610000133514404,7.449999809265137,7.5,47000
2016-03-11,4.912282466888428,7.760000228881836,7.829999923706055,7.5,7.5,25500
2016-03-14,4.962924957275391,7.840000152587891,8.0,7.769999980926514,7.949999809265137,66300
2016-03-15,4.956594944000244,7.829999923706055,7.869999885559082,7.699999809265137,7.75,19300
2016-03-16,5.000905990600586,7.900000095367432,7.960000038146973,7.53000020980835,7.829999923706055,42100
2016-03-17,5.007235527038574,7.909999847412109,7.920000076293945,7.760000228881836,7.900000095367432,67300
2016-03-18,5.000905990600586,7.900000095367432,7.920000076293945,7.699999809265137,7.880000114440918,186000
2016-03-21,4.950263977050781,7.820000171661377,8.0,7.820000171661377,7.900000095367432,22300
2016-03-22,5.000905990600586,7.900000095367432,7.909999847412109,7.699999809265137,7.820000171661377,31600
2016-03-23,5.026227951049805,7.940000057220459,7.960000038146973,7.670000076293945,7.769999980926514,182600
2016-03-24,5.095860958099365,8.050000190734863,8.119999885559082,7.900000095367432,7.920000076293945,37900
2016-03-28,5.095860958099365,8.050000190734863,8.0600004196167,8.0,8.029999732971191,32700
2016-03-29,5.152832508087158,8.140000343322754,8.369999885559082,8.010000228881836,8.050000190734863,81500
2016-03-30,5.140172481536865,8.119999885559082,8.239999771118164,8.119999885559082,8.220000267028809,22800
2016-03-31,5.317419528961182,8.399999618530273,8.399999618530273,8.149999618530273,8.180000305175781,72100
2016-04-01,5.241456985473633,8.279999732971191,8.430000305175781,8.130000114440918,8.359999656677246,52000
2016-04-04,5.222466945648193,8.25,8.260000228881836,8.100000381469727,8.220000267028809,43100
2016-04-05,5.203474998474121,8.220000267028809,8.25,8.140000343322754,8.25,23900
2016-04-06,5.203474998474121,8.220000267028809,8.270000457763672,8.170000076293945,8.25,15100
2016-04-07,5.209805011749268,8.229999542236328,8.239999771118164,8.1899995803833,8.210000038146973,15000
2016-04-08,5.349071502685547,8.449999809265137,8.449999809265137,8.199999809265137,8.289999961853027,36300
2016-04-11,5.235127925872803,8.270000457763672,8.399999618530273,8.199999809265137,8.359999656677246,141700
2016-04-12,5.235127925872803,8.270000457763672,8.270000457763672,8.210000038146973,8.270000457763672,74000
2016-04-13,5.235127925872803,8.270000457763672,8.270000457763672,8.25,8.270000457763672,10700
2016-04-14,5.3870530128479,8.510000228881836,8.550000190734863,8.270000457763672,8.270000457763672,122200
2016-04-15,5.475676536560059,8.649999618530273,8.699999809265137,8.40999984741211,8.539999961853027,44300
2016-04-18,5.3870530128479,8.510000228881836,8.699999809265137,8.510000228881836,8.699999809265137,41600
2016-04-19,5.526320457458496,8.729999542236328,8.739999771118164,8.569999694824219,8.569999694824219,28200
2016-04-20,5.444025039672852,8.600000381469727,8.75,8.550000190734863,8.680000305175781,39800
2016-04-21,5.45035457611084,8.609999656677246,8.649999618530273,8.5,8.5,47200
2016-04-22,5.45035457611084,8.609999656677246,8.649999618530273,8.550000190734863,8.649999618530273,41400
2016-04-25,5.425033092498779,8.569999694824219,8.619999885559082,8.460000038146973,8.550000190734863,61500
2016-04-26,5.458993911743164,8.520000457763672,8.609999656677246,8.489999771118164,8.550000190734863,70800
2016-04-27,5.465399742126465,8.529999732971191,8.579999923706055,8.449999809265137,8.5,47100
2016-04-28,5.458993911743164,8.520000457763672,8.529999732971191,8.390000343322754,8.390000343322754,62300
2016-04-29,5.465399742126465,8.529999732971191,8.550000190734863,8.470000267028809,8.5,70600
2016-05-02,5.497436046600342,8.579999923706055,8.630000114440918,8.5,8.5,9400
2016-05-03,5.555100917816162,8.670000076293945,8.699999809265137,8.420000076293945,8.569999694824219,37500
2016-05-04,5.587136268615723,8.720000267028809,8.8100004196167,8.1899995803833,8.289999961853027,147900
2016-05-05,5.6832475662231445,8.869999885559082,8.869999885559082,8.550000190734863,8.760000228881836,78100
2016-05-06,5.651210308074951,8.819999694824219,8.960000038146973,8.699999809265137,8.710000038146973,54300
2016-05-09,5.753726959228516,8.979999542236328,9.0,8.75,8.800000190734863,53400
2016-05-10,5.644803047180176,8.8100004196167,9.0,8.760000228881836,8.960000038146973,18300
2016-05-11,5.574324131011963,8.699999809265137,8.800000190734863,8.619999885559082,8.720000267028809,40800
2016-05-12,5.651210308074951,8.819999694824219,8.819999694824219,8.670000076293945,8.699999809265137,47400
2016-05-13,5.619174480438232,8.770000457763672,8.880000114440918,8.710000038146973,8.710000038146973,22300
2016-05-16,5.664025783538818,8.84000015258789,8.880000114440918,8.779999732971191,8.779999732971191,15900
2016-05-17,5.638394832611084,8.800000190734863,8.899999618530273,8.720000267028809,8.859999656677246,26000
2016-05-18,5.657617568969727,8.829999923706055,8.829999923706055,8.729999542236328,8.800000190734863,29600
2016-05-19,5.625582218170166,8.779999732971191,8.800000190734863,8.720000267028809,8.720000267028809,27300
2016-05-20,5.606359958648682,8.75,8.850000381469727,8.670000076293945,8.850000381469727,18400
2016-05-23,5.523064136505127,8.619999885559082,8.699999809265137,8.569999694824219,8.65999984741211,49500
2016-05-24,5.574324131011963,8.699999809265137,8.729999542236328,8.569999694824219,8.649999618530273,18200
2016-05-25,5.542287826538086,8.649999618530273,8.6899995803833,8.600000381469727,8.65999984741211,35000
2016-05-26,5.523064136505127,8.619999885559082,8.649999618530273,8.550000190734863,8.619999885559082,63000
2016-05-27,5.542287826538086,8.649999618530273,8.649999618530273,8.579999923706055,8.579999923706055,10200
2016-05-31,5.503843307495117,8.59000015258789,8.75,8.539999961853027,8.75,33700
2016-06-01,5.484622478485107,8.5600004196167,8.59000015258789,8.34000015258789,8.5,46300
2016-06-02,5.4525861740112305,8.510000228881836,8.569999694824219,8.4399995803833,8.479999542236328,76500
2016-06-03,5.478214740753174,8.550000190734863,8.569999694824219,8.420000076293945,8.510000228881836,44500
2016-06-06,5.465399742126465,8.529999732971191,8.579999923706055,8.460000038146973,8.460000038146973,42200
2016-06-07,5.497436046600342,8.579999923706055,8.600000381469727,8.529999732971191,8.529999732971191,28000
2016-06-08,5.478214740753174,8.550000190734863,8.579999923706055,8.510000228881836,8.520000457763672,28200
2016-06-09,5.523064136505127,8.619999885559082,8.630000114440918,8.520000457763672,8.569999694824219,41600
2016-06-10,5.51665735244751,8.609999656677246,8.670000076293945,8.460000038146973,8.520000457763672,12300
2016-06-13,5.49102783203125,8.569999694824219,8.680000305175781,8.5,8.600000381469727,29400
2016-06-14,5.497436046600342,8.579999923706055,8.609999656677246,8.520000457763672,8.520000457763672,21900
2016-06-15,5.497436046600342,8.579999923706055,8.609999656677246,8.470000267028809,8.5600004196167,20700
2016-06-16,5.4461774826049805,8.5,8.520000457763672,8.40999984741211,8.40999984741211,35800
2016-06-17,5.4077348709106445,8.4399995803833,8.579999923706055,8.40999984741211,8.520000457763672,94400
2016-06-20,5.4461774826049805,8.5,8.529999732971191,8.399999618530273,8.399999618530273,53800
2016-06-21,5.484622478485107,8.5600004196167,8.609999656677246,8.399999618530273,8.399999618530273,26900
2016-06-22,5.542287826538086,8.649999618530273,8.649999618530273,8.470000267028809,8.510000228881836,46000
2016-06-23,5.5486931800842285,8.65999984741211,8.739999771118164,8.529999732971191,8.600000381469727,29100
2016-06-24,5.510251045227051,8.600000381469727,8.729999542236328,8.260000228881836,8.369999885559082,34300
2016-06-27,5.478214740753174,8.550000190734863,8.640000343322754,8.279999732971191,8.380000114440918,30600
2016-06-28,5.5486931800842285,8.65999984741211,8.710000038146973,8.510000228881836,8.510000228881836,22700
2016-06-29,5.5486931800842285,8.65999984741211,8.880000114440918,8.579999923706055,8.729999542236328,53900
2016-06-30,5.689655780792236,8.880000114440918,8.899999618530273,8.680000305175781,8.75,34200
2016-07-01,5.702467441558838,8.899999618530273,9.039999961853027,8.800000190734863,9.0,39600
2016-07-05,5.593546390533447,8.729999542236328,8.850000381469727,8.630000114440918,8.65999984741211,25500
2016-07-06,5.606359958648682,8.75,8.75,8.65999984741211,8.65999984741211,13500
2016-07-07,5.567916393280029,8.6899995803833,8.75,8.609999656677246,8.75,39600
2016-07-08,5.574324131011963,8.699999809265137,8.850000381469727,8.59000015258789,8.640000343322754,36500
2016-07-11,5.657617568969727,8.829999923706055,8.880000114440918,8.680000305175781,8.779999732971191,30600
2016-07-12,5.6960625648498535,8.890000343322754,8.970000267028809,8.850000381469727,8.859999656677246,19800
2016-07-13,5.676839351654053,8.859999656677246,8.920000076293945,8.75,8.819999694824219,27900
2016-07-14,5.676839351654053,8.859999656677246,8.899999618530273,8.779999732971191,8.829999923706055,16800
2016-07-15,5.670433044433594,8.850000381469727,8.920000076293945,8.670000076293945,8.789999961853027,25800
2016-07-18,5.6960625648498535,8.890000343322754,8.920000076293945,8.6899995803833,8.84000015258789,31600
2016-07-19,5.6960625648498535,8.890000343322754,8.930000305175781,8.75,8.899999618530273,39000
2016-07-20,5.606359958648682,8.75,8.9399995803833,8.739999771118164,8.899999618530273,31000
2016-07-21,5.638394832611084,8.800000190734863,8.930000305175781,8.699999809265137,8.760000228881836,44000
2016-07-22,5.6960625648498535,8.890000343322754,8.90999984741211,8.729999542236328,8.850000381469727,23700
2016-07-25,5.70887565612793,8.90999984741211,8.90999984741211,8.819999694824219,8.899999618530273,23800
2016-07-26,5.6832475662231445,8.869999885559082,8.930000305175781,8.779999732971191,8.930000305175781,43500
2016-07-27,5.651210308074951,8.819999694824219,8.920000076293945,8.789999961853027,8.8100004196167,23300
2016-07-28,5.705018043518066,8.800000190734863,8.829999923706055,8.6899995803833,8.699999809265137,59000
2016-07-29,5.756885051727295,8.880000114440918,8.880000114440918,8.739999771118164,8.75,34100
2016-08-01,5.76336669921875,8.890000343322754,8.930000305175781,8.6899995803833,8.770000457763672,57200
2016-08-02,5.633706092834473,8.6899995803833,8.800000190734863,8.550000190734863,8.800000190734863,50500
2016-08-03,5.536461353302002,8.539999961853027,8.75,8.539999961853027,8.640000343322754,28800
2016-08-04,5.685570240020752,8.770000457763672,8.869999885559082,8.609999656677246,8.640000343322754,29800
2016-08-05,5.737435340881348,8.850000381469727,8.9399995803833,8.680000305175781,8.710000038146973,61700
2016-08-08,5.782814979553223,8.920000076293945,8.9399995803833,8.770000457763672,8.789999961853027,25300
2016-08-09,5.821712493896484,8.979999542236328,9.0,8.899999618530273,9.0,56100
2016-08-10,5.8022637367248535,8.949999809265137,9.0,8.930000305175781,9.0,20400
2016-08-11,5.782814979553223,8.920000076293945,8.979999542236328,8.920000076293945,8.979999542236328,7300
2016-08-12,5.769847869873047,8.899999618530273,8.920000076293945,8.859999656677246,8.920000076293945,30600
2016-08-15,5.76336669921875,8.890000343322754,8.899999618530273,8.859999656677246,8.899999618530273,15800
2016-08-16,5.698536396026611,8.789999961853027,8.850000381469727,8.619999885559082,8.850000381469727,34400
2016-08-17,5.653153896331787,8.720000267028809,8.899999618530273,8.550000190734863,8.800000190734863,32000
2016-08-18,5.756885051727295,8.880000114440918,8.899999618530273,8.800000190734863,8.800000190734863,21200
2016-08-19,5.737435340881348,8.850000381469727,8.890000343322754,8.579999923706055,8.699999809265137,12100
2016-08-22,5.6661224365234375,8.739999771118164,8.869999885559082,8.699999809265137,8.739999771118164,13800
2016-08-23,5.750400543212891,8.869999885559082,8.90999984741211,8.699999809265137,8.779999732971191,27900
2016-08-24,5.769847869873047,8.899999618530273,8.899999618530273,8.770000457763672,8.770000457763672,27300
2016-08-25,5.724468231201172,8.829999923706055,8.899999618530273,8.800000190734863,8.869999885559082,11600
2016-08-26,5.756885051727295,8.880000114440918,8.899999618530273,8.729999542236328,8.880000114440918,22700
2016-08-29,5.776331901550293,8.90999984741211,8.90999984741211,8.600000381469727,8.880000114440918,164400
2016-08-30,5.834678649902344,9.0,9.0,8.869999885559082,8.899999618530273,38000
2016-08-31,5.795781135559082,8.9399995803833,9.0,8.880000114440918,8.989999771118164,13000
2016-09-01,5.867094039916992,9.050000190734863,9.050000190734863,8.850000381469727,8.9399995803833,68600
2016-09-02,5.886542320251465,9.079999923706055,9.09000015258789,8.970000267028809,9.050000190734863,19800
2016-09-06,5.90599250793457,9.109999656677246,9.149999618530273,9.079999923706055,9.149999618530273,23200
2016-09-07,5.893026351928711,9.09000015258789,9.149999618530273,9.020000457763672,9.119999885559082,26900
2016-09-08,5.886542320251465,9.079999923706055,9.149999618530273,9.039999961853027,9.100000381469727,32200
2016-09-09,5.834678649902344,9.0,9.130000114440918,9.0,9.010000228881836,15100
2016-09-12,5.867094039916992,9.050000190734863,9.100000381469727,9.0,9.0,21500
2016-09-13,5.944890022277832,9.170000076293945,9.170000076293945,9.010000228881836,9.020000457763672,63300
2016-09-14,5.970822811126709,9.210000038146973,9.220000267028809,9.079999923706055,9.130000114440918,51200
2016-09-15,6.022686004638672,9.289999961853027,9.300000190734863,9.180000305175781,9.199999809265137,34200
2016-09-16,6.15882682800293,9.5,9.5,9.220000267028809,9.279999732971191,41800
2016-09-19,6.210691928863525,9.579999923706055,9.649999618530273,9.489999771118164,9.550000190734863,34800
2016-09-20,6.126412868499756,9.449999809265137,9.579999923706055,9.449999809265137,9.579999923706055,19300
2016-09-21,6.204208850860596,9.569999694824219,9.579999923706055,9.350000381469727,9.449999809265137,25100
2016-09-22,6.294970512390137,9.710000038146973,9.75,9.5,9.5600004196167,57900
2016-09-23,6.30793571472168,9.729999542236328,9.729999542236328,9.600000381469727,9.640000343322754,25600
2016-09-26,6.269038677215576,9.670000076293945,9.75,9.479999542236328,9.649999618530273,18000
2016-09-27,6.256072998046875,9.649999618530273,9.75,9.520000457763672,9.649999618530273,29600
2016-09-28,6.314418792724609,9.739999771118164,9.75,9.5600004196167,9.649999618530273,43700
2016-09-29,6.165311813354492,9.510000228881836,9.670000076293945,9.510000228881836,9.65999984741211,93400
2016-09-30,6.256072998046875,9.649999618530273,9.75,9.510000228881836,9.520000457763672,83600
2016-10-03,6.282003402709961,9.6899995803833,9.800000190734863,9.579999923706055,9.579999923706055,28000
2016-10-04,6.15882682800293,9.5,9.6899995803833,9.359999656677246,9.670000076293945,40700
2016-10-05,6.15882682800293,9.5,9.539999961853027,9.359999656677246,9.539999961853027,14700
2016-10-06,6.113446235656738,9.430000305175781,9.489999771118164,9.380000114440918,9.470000267028809,10500
2016-10-07,6.165311813354492,9.510000228881836,9.600000381469727,9.40999984741211,9.5,61800
2016-10-10,6.178277015686035,9.529999732971191,9.6899995803833,9.420000076293945,9.479999542236328,58300
2016-10-11,6.093996524810791,9.399999618530273,9.600000381469727,9.369999885559082,9.460000038146973,4200
2016-10-12,6.093996524810791,9.399999618530273,9.520000457763672,9.399999618530273,9.470000267028809,13000
2016-10-13,6.113446235656738,9.430000305175781,9.430000305175781,9.270000457763672,9.380000114440918,54700
2016-10-14,6.152344703674316,9.489999771118164,9.5,9.329999923706055,9.430000305175781,34700
2016-10-17,6.178277015686035,9.529999732971191,9.569999694824219,9.34000015258789,9.5,18700
2016-10-18,6.191242218017578,9.550000190734863,9.699999809265137,9.539999961853027,9.5600004196167,5600
2016-10-19,6.119929313659668,9.4399995803833,9.699999809265137,9.4399995803833,9.5,58300
2016-10-20,6.100481033325195,9.40999984741211,9.600000381469727,9.359999656677246,9.510000228881836,23600
2016-10-21,6.126412868499756,9.449999809265137,9.479999542236328,9.079999923706055,9.289999961853027,22900
2016-10-24,6.15882682800293,9.5,9.6899995803833,9.359999656677246,9.449999809265137,54400
2016-10-25,6.223658561706543,9.600000381469727,9.739999771118164,9.300000190734863,9.520000457763672,190300
2016-10-26,6.269038677215576,9.670000076293945,9.720000267028809,9.5,9.579999923706055,21200
2016-10-27,6.290663242340088,9.600000381469727,9.6899995803833,9.520000457763672,9.569999694824219,21900
2016-10-28,6.290663242340088,9.600000381469727,9.630000114440918,9.489999771118164,9.59000015258789,59200
2016-10-31,6.225135326385498,9.5,9.600000381469727,9.5,9.579999923706055,12800
2016-11-01,6.251346111297607,9.539999961853027,9.59000015258789,9.40999984741211,9.539999961853027,18500
2016-11-02,6.179264545440674,9.430000305175781,9.5,9.0600004196167,9.479999542236328,85100
2016-11-03,6.198923110961914,9.460000038146973,9.5600004196167,9.420000076293945,9.420000076293945,8400
2016-11-04,6.166158676147461,9.40999984741211,9.600000381469727,9.350000381469727,9.510000228881836,23800
2016-11-07,6.2382402420043945,9.520000457763672,9.529999732971191,9.289999961853027,9.34000015258789,45800
2016-11-08,6.2382402420043945,9.520000457763672,9.579999923706055,9.4399995803833,9.4399995803833,20900
2016-11-09,6.310322284698486,9.630000114440918,9.640000343322754,9.470000267028809,9.520000457763672,41000
2016-11-10,6.329980373382568,9.65999984741211,9.729999542236328,9.529999732971191,9.720000267028809,21800
2016-11-11,6.316874027252197,9.640000343322754,9.699999809265137,9.5600004196167,9.640000343322754,12000
2016-11-14,6.290663242340088,9.600000381469727,9.829999923706055,9.5,9.680000305175781,42400
2016-11-15,6.349636077880859,9.6899995803833,9.710000038146973,9.670000076293945,9.670000076293945,10500
2016-11-16,6.303768157958984,9.619999885559082,9.729999542236328,9.5600004196167,9.6899995803833,17200
2016-11-17,6.303768157958984,9.619999885559082,9.739999771118164,9.600000381469727,9.609999656677246,10000
2016-11-18,6.461034774780273,9.859999656677246,9.920000076293945,9.609999656677246,9.699999809265137,52700
2016-11-21,6.552773475646973,10.0,10.0,9.770000457763672,9.800000190734863,76500
2016-11-22,6.52656364440918,9.960000038146973,10.010000228881836,9.920000076293945,9.989999771118164,42000
2016-11-23,6.474140167236328,9.880000114440918,10.130000114440918,9.869999885559082,9.930000305175781,57900
2016-11-25,6.552773475646973,10.0,10.100000381469727,9.920000076293945,9.9399995803833,7300
2016-11-28,6.480692386627197,9.890000343322754,10.0,9.890000343322754,10.0,7800
2016-11-29,6.4544830322265625,9.850000381469727,9.920000076293945,9.75,9.880000114440918,15900
2016-11-30,6.388955593109131,9.75,9.979999542236328,9.649999618530273,9.899999618530273,16200
2016-12-01,6.323425769805908,9.649999618530273,9.949999809265137,9.600000381469727,9.8100004196167,21000
2016-12-02,6.343084812164307,9.680000305175781,9.819999694824219,9.630000114440918,9.729999542236328,16000
2016-12-05,6.388955593109131,9.75,9.890000343322754,9.649999618530273,9.75,14700
2016-12-06,6.395505905151367,9.760000228881836,9.899999618530273,9.65999984741211,9.8100004196167,14900
2016-12-07,6.474140167236328,9.880000114440918,9.949999809265137,9.720000267028809,9.75,22000
2016-12-08,6.520008563995361,9.949999809265137,10.0,9.640000343322754,9.970000267028809,35700
2016-12-09,6.493799209594727,9.90999984741211,9.970000267028809,9.720000267028809,9.970000267028809,22100
2016-12-12,6.520008563995361,9.949999809265137,10.0,9.739999771118164,9.850000381469727,33600
2016-12-13,6.487244606018066,9.899999618530273,10.0,9.899999618530273,10.0,26200
2016-12-14,6.520008563995361,9.949999809265137,9.989999771118164,9.90999984741211,9.960000038146973,22800
2016-12-15,6.552773475646973,10.0,10.100000381469727,9.9399995803833,9.949999809265137,46600
2016-12-16,6.87385892868042,10.489999771118164,10.609999656677246,10.039999961853027,10.079999923706055,71800
2016-12-19,6.87385892868042,10.489999771118164,10.609999656677246,10.210000038146973,10.59000015258789,28500
2016-12-20,7.044231414794922,10.75,10.75,10.420000076293945,10.430000305175781,33600
2016-12-21,6.959043502807617,10.619999885559082,10.75,10.5600004196167,10.649999618530273,27400
2016-12-22,7.208051681518555,11.0,11.0,10.449999809265137,10.670000076293945,55900
2016-12-23,7.299789905548096,11.140000343322754,11.25,10.850000381469727,11.0,49200
2016-12-27,7.326003074645996,11.180000305175781,11.300000190734863,11.109999656677246,11.149999618530273,26500
2016-12-28,7.044231414794922,10.75,11.220000267028809,10.75,11.170000076293945,28700
2016-12-29,7.090100288391113,10.819999694824219,11.0,10.529999732971191,10.819999694824219,49300
2016-12-30,7.050784111022949,10.760000228881836,10.899999618530273,10.550000190734863,10.800000190734863,76100
2017-01-03,6.991806983947754,10.670000076293945,10.90999984741211,10.390000343322754,10.760000228881836,88500
2017-01-04,7.1556291580200195,10.920000076293945,11.0,10.569999694824219,10.600000381469727,47500
2017-01-05,7.2473673820495605,11.0600004196167,11.100000381469727,10.779999732971191,10.920000076293945,62000
2017-01-06,7.345659255981445,11.210000038146973,11.25,11.100000381469727,11.130000114440918,30300
2017-01-09,7.280129909515381,11.109999656677246,11.25,11.100000381469727,11.199999809265137,48300
2017-01-10,7.280129909515381,11.109999656677246,11.25,11.010000228881836,11.050000190734863,35400
2017-01-11,7.430846214294434,11.34000015258789,11.34000015258789,11.0,11.170000076293945,117100
2017-01-12,7.417738914489746,11.319999694824219,11.390000343322754,11.119999885559082,11.34000015258789,24500
2017-01-13,7.365316867828369,11.239999771118164,11.390000343322754,11.210000038146973,11.390000343322754,47100
2017-01-17,7.267024040222168,11.09000015258789,11.34000015258789,11.09000015258789,11.3100004196167,56800
2017-01-18,7.22770881652832,11.029999732971191,11.180000305175781,11.029999732971191,11.15999984741211,15100
2017-01-19,7.253921031951904,11.069999694824219,11.199999809265137,11.050000190734863,11.109999656677246,43500
2017-01-20,7.240814208984375,11.050000190734863,11.1899995803833,11.050000190734863,11.069999694824219,30200
2017-01-23,7.221158504486084,11.020000457763672,11.289999961853027,11.020000457763672,11.119999885559082,58500
2017-01-24,7.22770881652832,11.029999732971191,11.109999656677246,11.010000228881836,11.029999732971191,25600
2017-01-25,7.22770881652832,11.029999732971191,11.119999885559082,11.029999732971191,11.119999885559082,30000
2017-01-26,7.289226531982422,11.020000457763672,11.079999923706055,10.899999618530273,10.90999984741211,36500
2017-01-27,7.2363080978393555,10.9399995803833,11.130000114440918,10.90999984741211,11.010000228881836,60300
2017-01-30,7.249536037445068,10.960000038146973,11.149999618530273,10.949999809265137,10.949999809265137,63600
2017-01-31,7.150317192077637,10.8100004196167,11.0,10.75,10.960000038146973,167900
2017-02-01,7.037872791290283,10.640000343322754,11.020000457763672,10.640000343322754,10.890000343322754,52800
2017-02-02,7.070944309234619,10.6899995803833,11.010000228881836,10.550000190734863,11.0,31700
2017-02-03,7.0511016845703125,10.65999984741211,10.779999732971191,10.569999694824219,10.770000457763672,32600
2017-02-06,6.898965835571289,10.430000305175781,10.6899995803833,10.420000076293945,10.569999694824219,46600
2017-02-07,6.720373153686523,10.15999984741211,10.640000343322754,10.149999618530273,10.449999809265137,70400
2017-02-08,6.832819938659668,10.329999923706055,10.489999771118164,10.109999656677246,10.329999923706055,72600
2017-02-09,6.859278202056885,10.369999885559082,10.529999732971191,10.260000228881836,10.40999984741211,55300
2017-02-10,6.852665424346924,10.359999656677246,10.529999732971191,10.25,10.369999885559082,37800
2017-02-13,6.892353057861328,10.420000076293945,10.600000381469727,10.25,10.359999656677246,76800
2017-02-14,6.918810844421387,10.460000038146973,10.670000076293945,10.319999694824219,10.430000305175781,41500
2017-02-15,6.912196636199951,10.449999809265137,10.529999732971191,10.319999694824219,10.460000038146973,43500
2017-02-16,6.872506618499756,10.390000343322754,10.680000305175781,10.3100004196167,10.510000228881836,52500
2017-02-17,6.283813953399658,9.5,10.010000228881836,9.5,10.010000228881836,369600
2017-02-21,6.376417636871338,9.640000343322754,9.8100004196167,9.520000457763672,9.520000457763672,256000
2017-02-22,6.396261215209961,9.670000076293945,9.779999732971191,9.5600004196167,9.649999618530273,181000
2017-02-23,6.330116271972656,9.569999694824219,9.75,9.5,9.680000305175781,155200
2017-02-24,6.303656101226807,9.529999732971191,9.609999656677246,9.5,9.609999656677246,200500
2017-02-27,6.316886901855469,9.550000190734863,9.600000381469727,9.510000228881836,9.520000457763672,99700
2017-02-28,6.2970428466796875,9.520000457763672,9.600000381469727,9.5,9.600000381469727,73300
2017-03-01,6.118450164794922,9.25,9.609999656677246,9.25,9.5,188600
2017-03-02,6.158138751983643,9.3100004196167,9.390000343322754,9.199999809265137,9.289999961853027,88200
2017-03-03,6.131679534912109,9.270000457763672,9.390000343322754,9.239999771118164,9.239999771118164,61000
2017-03-06,6.125064849853516,9.260000228881836,9.270000457763672,9.1899995803833,9.270000457763672,132600
2017-03-07,6.118450164794922,9.25,9.369999885559082,9.210000038146973,9.210000038146973,88200
2017-03-08,6.098606109619141,9.220000267028809,9.279999732971191,9.210000038146973,9.239999771118164,22500
2017-03-09,6.06553316116333,9.170000076293945,9.270000457763672,9.09000015258789,9.270000457763672,41800
2017-03-10,6.125064849853516,9.260000228881836,9.430000305175781,9.210000038146973,9.260000228881836,63500
2017-03-13,6.06553316116333,9.170000076293945,9.25,9.079999923706055,9.199999809265137,61100
2017-03-14,6.032461643218994,9.119999885559082,9.170000076293945,9.039999961853027,9.170000076293945,55400
2017-03-15,6.032461643218994,9.119999885559082,9.15999984741211,9.020000457763672,9.069999694824219,145200
2017-03-16,6.07214879989624,9.180000305175781,9.1899995803833,9.09000015258789,9.119999885559082,44000
2017-03-17,6.019232273101807,9.100000381469727,9.1899995803833,9.100000381469727,9.149999618530273,97800
2017-03-20,5.992774963378906,9.0600004196167,9.140000343322754,9.029999732971191,9.100000381469727,71300
2017-03-21,6.012617588043213,9.09000015258789,9.149999618530273,9.050000190734863,9.050000190734863,87800
2017-03-22,6.019232273101807,9.100000381469727,9.170000076293945,9.050000190734863,9.09000015258789,189600
2017-03-23,6.025846481323242,9.109999656677246,9.15999984741211,9.0600004196167,9.0600004196167,70400
2017-03-24,6.019232273101807,9.100000381469727,9.180000305175781,9.069999694824219,9.100000381469727,88800
2017-03-27,6.052304267883301,9.149999618530273,9.199999809265137,9.09000015258789,9.119999885559082,47600
2017-03-28,6.025846481323242,9.109999656677246,9.180000305175781,9.050000190734863,9.149999618530273,28500
2017-03-29,6.052304267883301,9.149999618530273,9.199999809265137,9.100000381469727,9.100000381469727,40400
2017-03-30,6.111836910247803,9.239999771118164,9.289999961853027,9.100000381469727,9.140000343322754,87200
2017-03-31,6.085377216339111,9.199999809265137,9.25,9.130000114440918,9.239999771118164,82000
2017-04-03,6.058920383453369,9.15999984741211,9.25,9.100000381469727,9.25,75400
2017-04-04,6.058920383453369,9.15999984741211,9.34000015258789,9.100000381469727,9.100000381469727,82000
2017-04-05,6.078762054443359,9.1899995803833,9.279999732971191,9.119999885559082,9.130000114440918,60500
2017-04-06,6.085377216339111,9.199999809265137,9.34000015258789,9.100000381469727,9.170000076293945,70500
2017-04-07,6.052304267883301,9.149999618530273,9.260000228881836,9.109999656677246,9.199999809265137,76400
2017-04-10,6.032461643218994,9.119999885559082,9.15999984741211,9.020000457763672,9.130000114440918,76900
2017-04-11,6.006002902984619,9.079999923706055,9.149999618530273,9.020000457763672,9.09000015258789,110800
2017-04-12,5.972930908203125,9.029999732971191,9.130000114440918,9.020000457763672,9.079999923706055,54600
2017-04-13,5.979544162750244,9.039999961853027,9.100000381469727,9.0,9.020000457763672,67000
2017-04-17,6.158138751983643,9.3100004196167,9.369999885559082,9.0,9.0,86600
2017-04-18,6.151523590087891,9.300000190734863,9.3100004196167,9.130000114440918,9.3100004196167,33900
2017-04-19,6.125064849853516,9.260000228881836,9.390000343322754,9.149999618530273,9.300000190734863,29900
2017-04-20,6.118450164794922,9.25,9.279999732971191,9.100000381469727,9.25,38200
2017-04-21,6.171366214752197,9.329999923706055,9.390000343322754,9.199999809265137,9.220000267028809,57800
2017-04-24,6.191211223602295,9.359999656677246,9.399999618530273,9.229999542236328,9.350000381469727,40300
2017-04-25,6.217668533325195,9.399999618530273,9.399999618530273,9.319999694824219,9.390000343322754,47000
2017-04-26,6.277902603149414,9.380000114440918,9.399999618530273,9.199999809265137,9.220000267028809,39500
2017-04-27,6.23105525970459,9.3100004196167,9.399999618530273,9.210000038146973,9.399999618530273,19900
2017-04-28,6.271211624145508,9.369999885559082,9.399999618530273,9.300000190734863,9.300000190734863,23800
2017-05-01,6.210975170135498,9.279999732971191,9.5,9.25,9.369999885559082,118000
2017-05-02,6.264518737792969,9.359999656677246,9.510000228881836,9.279999732971191,9.289999961853027,81500
2017-05-03,6.1038899421691895,9.119999885559082,9.399999618530273,9.119999885559082,9.399999618530273,54000
2017-05-04,6.458610534667969,9.649999618530273,9.649999618530273,9.149999618530273,9.149999618530273,462100
2017-05-05,6.559004306793213,9.800000190734863,9.800000190734863,9.630000114440918,9.649999618530273,28700
2017-05-08,6.552311897277832,9.789999961853027,9.829999923706055,9.600000381469727,9.829999923706055,58100
2017-05-09,6.572388648986816,9.819999694824219,9.899999618530273,9.720000267028809,9.869999885559082,34500
2017-05-10,6.485381603240967,9.6899995803833,9.800000190734863,9.649999618530273,9.739999771118164,32000
2017-05-11,6.512152671813965,9.729999542236328,9.779999732971191,9.529999732971191,9.65999984741211,40500
2017-05-12,6.512152671813965,9.729999542236328,9.899999618530273,9.579999923706055,9.680000305175781,62000
2017-05-15,6.56569766998291,9.8100004196167,9.8100004196167,9.609999656677246,9.75,65900
2017-05-16,6.592469215393066,9.850000381469727,10.0,9.789999961853027,9.800000190734863,42800
2017-05-17,6.686169147491455,9.989999771118164,10.210000038146973,9.779999732971191,9.8100004196167,50500
2017-05-18,6.733020305633545,10.0600004196167,10.369999885559082,9.869999885559082,10.0,35900
2017-05-19,6.625931739807129,9.899999618530273,10.170000076293945,9.899999618530273,10.079999923706055,40100
2017-05-22,6.692861557006836,10.0,10.029999732971191,9.770000457763672,9.829999923706055,22300
2017-05-23,6.679474830627441,9.979999542236328,10.239999771118164,9.779999732971191,10.010000228881836,26300
2017-05-24,6.699554443359375,10.010000228881836,10.140000343322754,9.869999885559082,10.0,23300
2017-05-25,6.652703762054443,9.9399995803833,10.229999542236328,9.819999694824219,10.100000381469727,41600
2017-05-26,6.679474830627441,9.979999542236328,10.050000190734863,9.90999984741211,10.020000457763672,15300
2017-05-30,6.733020305633545,10.0600004196167,10.09000015258789,9.970000267028809,10.0600004196167,51900
2017-05-31,6.686169147491455,9.989999771118164,10.170000076293945,9.960000038146973,9.989999771118164,43100
2017-06-01,6.793254375457764,10.149999618530273,10.1899995803833,9.989999771118164,9.989999771118164,17500
2017-06-02,6.733020305633545,10.0600004196167,10.25,10.0600004196167,10.140000343322754,1138100
2017-06-05,6.8200249671936035,10.1899995803833,10.329999923706055,10.100000381469727,10.199999809265137,121200
2017-06-06,6.900341033935547,10.3100004196167,10.489999771118164,10.0600004196167,10.220000267028809,107000
2017-06-07,6.933805465698242,10.359999656677246,10.5,10.25,10.25,74500
2017-06-08,6.973963737487793,10.420000076293945,10.529999732971191,10.260000228881836,10.350000381469727,55000
2017-06-09,6.973963737487793,10.420000076293945,10.630000114440918,10.170000076293945,10.420000076293945,70300
2017-06-12,7.040890693664551,10.520000457763672,10.600000381469727,10.220000267028809,10.350000381469727,61500
2017-06-13,7.114513874053955,10.630000114440918,10.649999618530273,10.470000267028809,10.479999542236328,37300
2017-06-14,7.114513874053955,10.630000114440918,10.699999809265137,10.600000381469727,10.640000343322754,22500
2017-06-15,7.168056011199951,10.710000038146973,10.720000267028809,10.59000015258789,10.670000076293945,35300
2017-06-16,7.147975444793701,10.680000305175781,11.699999809265137,10.640000343322754,10.729999542236328,64600
2017-06-19,7.147975444793701,10.680000305175781,10.739999771118164,10.4399995803833,10.59000015258789,56100
2017-06-20,7.081046104431152,10.579999923706055,10.680000305175781,10.479999542236328,10.680000305175781,69400
2017-06-21,7.07435417175293,10.569999694824219,10.75,10.5600004196167,10.59000015258789,29200
2017-06-22,7.081046104431152,10.579999923706055,10.75,10.479999542236328,10.479999542236328,31400
2017-06-23,7.08773946762085,10.59000015258789,10.739999771118164,10.520000457763672,10.649999618530273,24700
2017-06-26,7.101125717163086,10.609999656677246,10.720000267028809,10.529999732971191,10.59000015258789,29200
2017-06-27,7.081046104431152,10.579999923706055,10.670000076293945,10.529999732971191,10.600000381469727,54600
2017-06-28,7.2082133293151855,10.770000457763672,10.899999618530273,10.529999732971191,10.649999618530273,54600
2017-06-29,7.241676330566406,10.819999694824219,10.899999618530273,10.619999885559082,10.6899995803833,35200
2017-06-30,7.255062580108643,10.84000015258789,10.899999618530273,10.649999618530273,10.899999618530273,44500
2017-07-03,7.315298557281494,10.930000305175781,10.949999809265137,10.829999923706055,10.859999656677246,22500
2017-07-05,7.275141716003418,10.869999885559082,10.960000038146973,10.75,10.960000038146973,45600
2017-07-06,7.161358833312988,10.699999809265137,10.880000114440918,10.6899995803833,10.75,17200
2017-07-07,7.181440830230713,10.729999542236328,10.829999923706055,10.680000305175781,10.699999809265137,19200
2017-07-10,7.101125717163086,10.609999656677246,10.850000381469727,10.470000267028809,10.75,55900
2017-07-11,7.027506351470947,10.5,10.84000015258789,10.5,10.600000381469727,43700
2017-07-12,7.147975444793701,10.680000305175781,10.869999885559082,10.579999923706055,10.579999923706055,17900
2017-07-13,7.047583103179932,10.529999732971191,10.829999923706055,10.529999732971191,10.680000305175781,24300
2017-07-14,7.094435691833496,10.600000381469727,10.680000305175781,10.510000228881836,10.529999732971191,44200
2017-07-17,7.134591579437256,10.65999984741211,10.699999809265137,10.5,10.640000343322754,29800
2017-07-18,7.094435691833496,10.600000381469727,10.739999771118164,10.600000381469727,10.649999618530273,23800
2017-07-19,7.168056011199951,10.710000038146973,10.829999923706055,10.619999885559082,10.630000114440918,21900
2017-07-20,7.127896785736084,10.649999618530273,10.869999885559082,10.640000343322754,10.640000343322754,36900
2017-07-21,7.147975444793701,10.680000305175781,10.789999961853027,10.630000114440918,10.670000076293945,30400
2017-07-24,7.268447399139404,10.859999656677246,10.920000076293945,10.6899995803833,10.699999809265137,36600
2017-07-25,7.174748420715332,10.720000267028809,10.899999618530273,10.720000267028809,10.850000381469727,61500
2017-07-26,7.261753559112549,10.850000381469727,10.930000305175781,10.710000038146973,10.729999542236328,122700
2017-07-27,7.29556131362915,10.789999961853027,10.8100004196167,10.670000076293945,10.75,97700
2017-07-28,7.2076640129089355,10.65999984741211,10.829999923706055,10.65999984741211,10.75,46700
2017-07-31,7.424027919769287,10.979999542236328,10.979999542236328,10.6899995803833,10.75,94700
2017-08-01,7.18061637878418,10.619999885559082,10.899999618530273,10.489999771118164,10.710000038146973,37900
2017-08-02,7.160332202911377,10.59000015258789,10.680000305175781,10.5,10.529999732971191,23400
2017-08-03,7.173856735229492,10.609999656677246,10.789999961853027,10.5600004196167,10.640000343322754,29800
2017-08-04,7.099481582641602,10.5,10.600000381469727,10.40999984741211,10.600000381469727,44700
2017-08-07,7.167097568511963,10.600000381469727,10.850000381469727,10.5,10.600000381469727,55800
2017-08-08,7.221185684204102,10.680000305175781,10.739999771118164,10.470000267028809,10.739999771118164,41700
2017-08-09,7.187380790710449,10.630000114440918,10.75,10.529999732971191,10.729999542236328,28100
2017-08-10,7.08595609664917,10.479999542236328,10.630000114440918,10.380000114440918,10.59000015258789,21000
2017-08-11,6.977775573730469,10.319999694824219,10.529999732971191,10.319999694824219,10.399999618530273,50700
2017-08-14,7.072437286376953,10.460000038146973,10.479999542236328,10.260000228881836,10.430000305175781,29500
2017-08-15,7.248231410980225,10.720000267028809,10.75,10.430000305175781,10.539999961853027,60200
2017-08-16,7.302321434020996,10.800000190734863,10.949999809265137,10.75,10.75,40800
2017-08-17,7.234706878662109,10.699999809265137,10.8100004196167,10.699999809265137,10.770000457763672,44600
2017-08-18,7.302321434020996,10.800000190734863,10.930000305175781,10.649999618530273,10.739999771118164,85400
2017-08-21,7.3158464431762695,10.819999694824219,10.850000381469727,10.670000076293945,10.850000381469727,37900
2017-08-22,7.261754989624023,10.739999771118164,10.779999732971191,10.5600004196167,10.609999656677246,11600
2017-08-23,7.254994869232178,10.729999542236328,10.800000190734863,10.720000267028809,10.739999771118164,25400
2017-08-24,7.234706878662109,10.699999809265137,10.800000190734863,10.699999809265137,10.720000267028809,11700
2017-08-25,7.26851749420166,10.75,10.850000381469727,10.649999618530273,10.720000267028809,37800
2017-08-28,7.3158464431762695,10.819999694824219,10.850000381469727,10.600000381469727,10.75,32500
2017-08-29,7.336129665374756,10.850000381469727,10.850000381469727,10.699999809265137,10.819999694824219,33200
2017-08-30,7.3496551513671875,10.869999885559082,10.869999885559082,10.770000457763672,10.779999732971191,10900
2017-08-31,7.3834614753723145,10.920000076293945,10.949999809265137,10.59000015258789,10.819999694824219,55800
2017-09-01,7.29556131362915,10.789999961853027,10.930000305175781,10.770000457763672,10.899999618530273,16600
2017-09-05,7.309084415435791,10.8100004196167,10.949999809265137,10.6899995803833,10.789999961853027,33500
2017-09-06,7.302321434020996,10.800000190734863,10.899999618530273,10.729999542236328,10.880000114440918,22400
2017-09-07,7.28879976272583,10.779999732971191,10.890000343322754,10.760000228881836,10.850000381469727,10500
2017-09-08,7.26851749420166,10.75,10.880000114440918,10.75,10.859999656677246,32600
2017-09-11,7.322607040405273,10.829999923706055,10.890000343322754,10.770000457763672,10.789999961853027,812600
2017-09-12,7.363175392150879,10.890000343322754,10.949999809265137,10.850000381469727,10.899999618530273,44400
2017-09-13,7.390223026275635,10.930000305175781,10.9399995803833,10.880000114440918,10.9399995803833,19700
2017-09-14,7.322607040405273,10.829999923706055,10.930000305175781,10.8100004196167,10.930000305175781,18000
2017-09-15,7.248231410980225,10.720000267028809,10.859999656677246,10.710000038146973,10.829999923706055,34800
2017-09-18,7.309084415435791,10.8100004196167,10.829999923706055,10.720000267028809,10.75,31600
2017-09-19,7.3496551513671875,10.869999885559082,10.880000114440918,10.670000076293945,10.760000228881836,106800
2017-09-20,7.369937419891357,10.899999618530273,10.899999618530273,10.75,10.800000190734863,74700
2017-09-21,7.302321434020996,10.800000190734863,10.920000076293945,10.739999771118164,10.829999923706055,77700
2017-09-22,7.363175392150879,10.890000343322754,10.920000076293945,10.720000267028809,10.789999961853027,27000
2017-09-25,7.390223026275635,10.930000305175781,10.989999771118164,10.779999732971191,10.899999618530273,91200
2017-09-26,7.424027919769287,10.979999542236328,11.15999984741211,10.859999656677246,10.989999771118164,56400
2017-09-27,7.647156715393066,11.3100004196167,11.350000381469727,10.859999656677246,10.970000267028809,68400
2017-09-28,7.613348007202148,11.260000228881836,11.350000381469727,11.0600004196167,11.350000381469727,42800
2017-09-29,7.674201965332031,11.350000381469727,11.350000381469727,10.930000305175781,11.210000038146973,86200
2017-10-02,7.545731544494629,11.15999984741211,11.350000381469727,11.069999694824219,11.270000457763672,43400
2017-10-03,7.613348007202148,11.260000228881836,11.350000381469727,11.140000343322754,11.270000457763672,43000
2017-10-04,7.57277774810791,11.199999809265137,11.279999732971191,11.100000381469727,11.279999732971191,55600
2017-10-05,7.6606764793396,11.329999923706055,11.350000381469727,11.15999984741211,11.199999809265137,21400
2017-10-06,7.437553405761719,11.0,11.3100004196167,10.880000114440918,11.3100004196167,39800
2017-10-09,7.437553405761719,11.0,11.079999923706055,10.90999984741211,10.920000076293945,15900
2017-10-10,7.417268753051758,10.970000267028809,11.210000038146973,10.859999656677246,11.0,19400
2017-10-11,7.620109558105469,11.270000457763672,11.34000015258789,10.989999771118164,11.020000457763672,31200
2017-10-12,7.47812032699585,11.0600004196167,11.300000190734863,11.010000228881836,11.109999656677246,21200
2017-10-13,7.511927127838135,11.109999656677246,11.220000267028809,11.0,11.0,34500
2017-10-16,7.559258937835693,11.180000305175781,11.180000305175781,11.0600004196167,11.149999618530273,38300
2017-10-17,7.552495002746582,11.170000076293945,11.239999771118164,11.079999923706055,11.079999923706055,26700
2017-10-18,7.403742790222168,10.949999809265137,11.239999771118164,10.949999809265137,11.220000267028809,26600
2017-10-19,7.29556131362915,10.789999961853027,10.979999542236328,10.760000228881836,10.9399995803833,24500
2017-10-20,7.186264991760254,10.520000457763672,10.989999771118164,10.5,10.869999885559082,60300
2017-10-23,7.343379497528076,10.75,10.75,10.600000381469727,10.600000381469727,41700
2017-10-24,7.281900405883789,10.65999984741211,10.84000015258789,10.630000114440918,10.670000076293945,21000
2017-10-25,7.206757545471191,10.550000190734863,10.829999923706055,10.539999961853027,10.739999771118164,10700
2017-10-26,7.227251052856445,10.579999923706055,10.710000038146973,10.5,10.619999885559082,14000
2017-10-27,7.452674865722656,10.90999984741211,10.90999984741211,10.520000457763672,10.65999984741211,30900
2017-10-30,7.548311233520508,11.050000190734863,11.119999885559082,10.739999771118164,10.739999771118164,46400
2017-10-31,7.5619730949401855,11.069999694824219,11.100000381469727,10.949999809265137,11.100000381469727,26700
2017-11-01,7.486828804016113,10.960000038146973,11.130000114440918,10.949999809265137,11.069999694824219,54900
2017-11-02,7.357041835784912,10.770000457763672,11.039999961853027,10.75,10.899999618530273,18900
2017-11-03,7.1794352531433105,10.510000228881836,10.800000190734863,10.5,10.800000190734863,45500
2017-11-06,7.227251052856445,10.579999923706055,10.739999771118164,10.260000228881836,10.420000076293945,106000
2017-11-07,7.213587284088135,10.5600004196167,10.65999984741211,10.420000076293945,10.420000076293945,19100
2017-11-08,7.063305377960205,10.34000015258789,10.5,10.199999809265137,10.449999809265137,31500
2017-11-09,7.008656024932861,10.260000228881836,10.420000076293945,10.100000381469727,10.170000076293945,50900
2017-11-10,7.035982131958008,10.300000190734863,10.380000114440918,10.069999694824219,10.300000190734863,166900
2017-11-13,7.042813301086426,10.3100004196167,10.380000114440918,10.25,10.25,37100
2017-11-14,7.117955684661865,10.420000076293945,10.420000076293945,10.289999961853027,10.359999656677246,51900
2017-11-15,7.281900405883789,10.65999984741211,10.680000305175781,10.329999923706055,10.399999618530273,49300
2017-11-16,7.261407852172852,10.630000114440918,10.65999984741211,10.289999961853027,10.550000190734863,16000
2017-11-17,7.117955684661865,10.420000076293945,10.520000457763672,10.220000267028809,10.520000457763672,59600
2017-11-20,7.097460746765137,10.390000343322754,10.550000190734863,10.210000038146973,10.300000190734863,43400
2017-11-21,7.186264991760254,10.520000457763672,10.5600004196167,10.270000457763672,10.390000343322754,29000
2017-11-22,7.186264991760254,10.520000457763672,10.630000114440918,10.390000343322754,10.449999809265137,38400
2017-11-24,7.2204203605651855,10.569999694824219,10.569999694824219,10.270000457763672,10.520000457763672,13400
2017-11-27,7.275068759918213,10.649999618530273,10.649999618530273,10.359999656677246,10.4399995803833,41300
2017-11-28,7.254573822021484,10.619999885559082,10.630000114440918,10.430000305175781,10.529999732971191,34500
2017-11-29,7.152109622955322,10.470000267028809,10.600000381469727,10.319999694824219,10.430000305175781,84600
2017-11-30,7.049643516540527,10.319999694824219,10.619999885559082,10.319999694824219,10.40999984741211,22300
2017-12-01,6.9676713943481445,10.199999809265137,10.600000381469727,10.199999809265137,10.40999984741211,51000
2017-12-04,7.02915096282959,10.289999961853027,10.470000267028809,10.289999961853027,10.289999961853027,48900
2017-12-05,7.213587284088135,10.5600004196167,10.579999923706055,10.25,10.300000190734863,24100
2017-12-06,7.254573822021484,10.619999885559082,10.649999618530273,10.449999809265137,10.550000190734863,39100
2017-12-07,7.111123085021973,10.40999984741211,10.619999885559082,10.399999618530273,10.609999656677246,59100
2017-12-08,7.138449192047119,10.449999809265137,10.619999885559082,10.420000076293945,10.449999809265137,53000
2017-12-11,7.138449192047119,10.449999809265137,10.569999694824219,10.399999618530273,10.5,30800
2017-12-12,7.083797931671143,10.369999885559082,10.579999923706055,10.329999923706055,10.40999984741211,64100
2017-12-13,7.138449192047119,10.449999809265137,10.550000190734863,10.399999618530273,10.449999809265137,38100
2017-12-14,7.206757545471191,10.550000190734863,10.5600004196167,10.3100004196167,10.449999809265137,23700
2017-12-15,7.172604084014893,10.5,10.579999923706055,10.40999984741211,10.550000190734863,37400
2017-12-18,7.1794352531433105,10.510000228881836,10.609999656677246,10.420000076293945,10.4399995803833,46200
2017-12-19,7.240915298461914,10.600000381469727,10.619999885559082,10.460000038146973,10.5,20600
2017-12-20,7.206757545471191,10.550000190734863,10.619999885559082,10.449999809265137,10.600000381469727,44600
2017-12-21,7.206757545471191,10.550000190734863,10.59000015258789,10.40999984741211,10.550000190734863,30000
2017-12-22,7.254573822021484,10.619999885559082,10.619999885559082,10.470000267028809,10.539999961853027,23100
2017-12-26,7.240915298461914,10.600000381469727,10.619999885559082,10.5600004196167,10.59000015258789,29200
2017-12-27,7.227251052856445,10.579999923706055,10.600000381469727,10.489999771118164,10.59000015258789,21000
2017-12-28,7.268237590789795,10.640000343322754,10.710000038146973,10.5600004196167,10.59000015258789,61000
2017-12-29,7.343379497528076,10.75,10.800000190734863,10.510000228881836,10.600000381469727,64000
2018-01-02,7.309221267700195,10.699999809265137,10.890000343322754,10.529999732971191,10.6899995803833,23200
2018-01-03,7.398026943206787,10.829999923706055,10.890000343322754,10.720000267028809,10.770000457763672,19400
2018-01-04,7.507325649261475,10.989999771118164,11.0,10.8100004196167,10.8100004196167,27600
2018-01-05,7.316055774688721,10.710000038146973,10.960000038146973,10.710000038146973,10.9399995803833,57800
2018-01-08,7.336548805236816,10.739999771118164,10.779999732971191,10.65999984741211,10.75,54000
2018-01-09,7.370702743530273,10.789999961853027,10.800000190734863,10.670000076293945,10.75,43500
2018-01-10,7.404858589172363,10.84000015258789,10.970000267028809,10.670000076293945,10.710000038146973,28700
2018-01-11,7.350210189819336,10.760000228881836,11.0,10.75,10.84000015258789,24800
2018-01-12,7.370702743530273,10.789999961853027,10.930000305175781,10.75,10.800000190734863,10200
2018-01-16,7.343379497528076,10.75,10.899999618530273,10.670000076293945,10.699999809265137,33900
2018-01-17,7.275068759918213,10.649999618530273,10.859999656677246,10.600000381469727,10.699999809265137,63300
2018-01-18,7.336548805236816,10.739999771118164,10.859999656677246,10.640000343322754,10.640000343322754,20100
2018-01-19,7.309221267700195,10.699999809265137,10.819999694824219,10.640000343322754,10.75,19100
2018-01-22,7.398026943206787,10.829999923706055,10.930000305175781,10.449999809265137,10.619999885559082,59400
2018-01-23,7.452674865722656,10.90999984741211,10.9399995803833,10.75,10.75,17500
2018-01-24,7.493664264678955,10.970000267028809,11.0,10.8100004196167,10.869999885559082,46600
2018-01-25,7.514157295227051,11.0,11.100000381469727,10.869999885559082,11.0,61900
2018-01-26,7.610754013061523,11.029999732971191,11.050000190734863,10.720000267028809,10.899999618530273,48000
2018-01-29,7.486555576324463,10.850000381469727,11.100000381469727,10.739999771118164,10.899999618530273,34300
2018-01-30,7.424454689025879,10.760000228881836,10.90999984741211,10.729999542236328,10.880000114440918,8800
2018-01-31,7.320953369140625,10.609999656677246,10.819999694824219,10.569999694824219,10.819999694824219,16800
2018-02-01,7.1415534019470215,10.350000381469727,11.0,10.350000381469727,11.0,26200
2018-02-02,7.072551727294922,10.25,10.460000038146973,10.199999809265137,10.449999809265137,48000
2018-02-05,7.003551483154297,10.149999618530273,10.350000381469727,10.039999961853027,10.170000076293945,100600
2018-02-06,7.107051372528076,10.300000190734863,10.390000343322754,10.149999618530273,10.229999542236328,119300
2018-02-07,6.975951194763184,10.109999656677246,10.510000228881836,10.109999656677246,10.369999885559082,35400
2018-02-08,7.0656514167785645,10.239999771118164,10.289999961853027,10.119999885559082,10.180000305175781,57800
2018-02-09,6.589550018310547,9.550000190734863,10.039999961853027,9.329999923706055,10.029999732971191,1341000
2018-02-12,6.582647800445557,9.539999961853027,9.649999618530273,9.40999984741211,9.550000190734863,488900
2018-02-13,6.5412468910217285,9.479999542236328,9.640000343322754,9.449999809265137,9.470000267028809,200200
2018-02-14,6.582647800445557,9.539999961853027,9.84000015258789,9.40999984741211,9.449999809265137,344600
2018-02-15,6.555047035217285,9.5,9.550000190734863,9.470000267028809,9.5,68600
2018-02-16,6.548147201538086,9.489999771118164,9.59000015258789,9.460000038146973,9.460000038146973,85400
2018-02-20,6.52744722366333,9.460000038146973,9.579999923706055,9.350000381469727,9.529999732971191,82900
2018-02-21,6.368746280670166,9.229999542236328,9.470000267028809,9.140000343322754,9.420000076293945,319900
2018-02-22,6.4653472900390625,9.369999885559082,9.539999961853027,9.180000305175781,9.180000305175781,151100
2018-02-23,6.506747722625732,9.430000305175781,9.550000190734863,9.329999923706055,9.380000114440918,85200
2018-02-26,6.5136494636535645,9.4399995803833,9.550000190734863,9.430000305175781,9.460000038146973,134200
2018-02-27,6.506747722625732,9.430000305175781,9.520000457763672,9.420000076293945,9.460000038146973,98600
2018-02-28,6.417048931121826,9.300000190734863,9.479999542236328,9.270000457763672,9.460000038146973,160100
2018-03-01,6.499846935272217,9.420000076293945,9.489999771118164,9.239999771118164,9.239999771118164,110500
2018-03-02,6.4791483879089355,9.390000343322754,9.520000457763672,9.34000015258789,9.40999984741211,83700
2018-03-05,6.492948055267334,9.40999984741211,9.5,9.279999732971191,9.449999809265137,187800
2018-03-06,6.5136494636535645,9.4399995803833,9.510000228881836,9.369999885559082,9.40999984741211,287300
2018-03-07,6.4791483879089355,9.390000343322754,9.470000267028809,9.289999961853027,9.470000267028809,150700
2018-03-08,6.506747722625732,9.430000305175781,9.5,9.3100004196167,9.40999984741211,210200
2018-03-09,6.520548343658447,9.449999809265137,9.5,9.380000114440918,9.4399995803833,223500
2018-03-12,6.506747722625732,9.430000305175781,9.520000457763672,9.350000381469727,9.390000343322754,147500
2018-03-13,6.423947334289551,9.3100004196167,9.539999961853027,9.229999542236328,9.470000267028809,195000
2018-03-14,6.368746280670166,9.229999542236328,9.380000114440918,9.149999618530273,9.34000015258789,182100
2018-03-15,6.47224760055542,9.380000114440918,9.420000076293945,9.25,9.270000457763672,163100
2018-03-16,6.313547134399414,9.149999618530273,9.5,9.029999732971191,9.319999694824219,347900
2018-03-19,6.2583441734313965,9.069999694824219,9.170000076293945,8.739999771118164,9.079999923706055,388200
2018-03-20,6.285946369171143,9.109999656677246,9.239999771118164,8.899999618530273,9.020000457763672,1006000
2018-03-21,6.2583441734313965,9.069999694824219,9.350000381469727,9.020000457763672,9.109999656677246,239700
2018-03-22,6.327345848083496,9.170000076293945,9.300000190734863,9.010000228881836,9.039999961853027,209400
2018-03-23,6.21004581451416,9.0,9.239999771118164,8.930000305175781,9.15999984741211,276300
2018-03-26,6.299746513366699,9.130000114440918,9.229999542236328,9.020000457763672,9.020000457763672,368000
2018-03-27,6.492948055267334,9.40999984741211,9.550000190734863,9.100000381469727,9.100000381469727,259700
2018-03-28,6.458448886871338,9.359999656677246,9.399999618530273,9.210000038146973,9.380000114440918,192900
2018-03-29,6.4515485763549805,9.350000381469727,9.529999732971191,9.239999771118164,9.300000190734863,183700
2018-04-02,6.52744722366333,9.460000038146973,9.550000190734863,9.350000381469727,9.350000381469727,178700
2018-04-03,6.555047035217285,9.5,9.569999694824219,9.4399995803833,9.4399995803833,300800
2018-04-04,6.706848621368408,9.720000267028809,9.75,9.460000038146973,9.489999771118164,235400
2018-04-05,6.775849342346191,9.819999694824219,9.880000114440918,9.649999618530273,9.649999618530273,87500
2018-04-06,6.706848621368408,9.720000267028809,9.859999656677246,9.720000267028809,9.800000190734863,74100
2018-04-09,6.665448188781738,9.65999984741211,9.819999694824219,9.619999885559082,9.710000038146973,102300
2018-04-10,6.699948310852051,9.710000038146973,9.800000190734863,9.640000343322754,9.680000305175781,124100
2018-04-11,6.693049430847168,9.699999809265137,9.819999694824219,9.640000343322754,9.710000038146973,100100
2018-04-12,6.6792497634887695,9.680000305175781,9.779999732971191,9.630000114440918,9.699999809265137,144300
2018-04-13,6.7275495529174805,9.75,9.779999732971191,9.489999771118164,9.609999656677246,221200
2018-04-16,6.7275495529174805,9.75,9.880000114440918,9.729999542236328,9.770000457763672,34400
2018-04-17,6.706848621368408,9.720000267028809,9.779999732971191,9.670000076293945,9.739999771118164,206200
2018-04-18,6.6792497634887695,9.680000305175781,9.880000114440918,9.680000305175781,9.770000457763672,99200
2018-04-19,6.693049430847168,9.699999809265137,9.789999961853027,9.550000190734863,9.6899995803833,68600
2018-04-20,6.7275495529174805,9.75,9.829999923706055,9.6899995803833,9.739999771118164,121500
2018-04-23,6.768950462341309,9.8100004196167,9.859999656677246,9.720000267028809,9.720000267028809,51500
2018-04-24,6.75515079498291,9.789999961853027,9.819999694824219,9.760000228881836,9.8100004196167,17300
2018-04-25,6.686148643493652,9.6899995803833,9.779999732971191,9.649999618530273,9.770000457763672,100500
2018-04-26,6.831439971923828,9.779999732971191,9.829999923706055,9.609999656677246,9.609999656677246,46100
2018-04-27,6.775559902191162,9.699999809265137,9.819999694824219,9.680000305175781,9.819999694824219,62400
2018-04-30,6.789528846740723,9.720000267028809,9.779999732971191,9.699999809265137,9.699999809265137,45400
2018-05-01,6.824455738067627,9.770000457763672,9.789999961853027,9.699999809265137,9.699999809265137,36700
2018-05-02,6.810484409332275,9.75,9.829999923706055,9.720000267028809,9.739999771118164,65500
2018-05-03,6.915261745452881,9.899999618530273,10.09000015258789,9.75,9.850000381469727,70300
2018-05-04,6.810484409332275,9.75,9.949999809265137,9.739999771118164,9.829999923706055,60100
2018-05-07,6.866364002227783,9.829999923706055,9.949999809265137,9.779999732971191,9.84000015258789,52800
2018-05-08,6.824455738067627,9.770000457763672,9.899999618530273,9.75,9.899999618530273,39200
2018-05-09,6.810484409332275,9.75,9.899999618530273,9.720000267028809,9.800000190734863,88900
2018-05-10,6.76857328414917,9.6899995803833,9.890000343322754,9.680000305175781,9.819999694824219,15400
2018-05-11,6.810484409332275,9.75,9.779999732971191,9.699999809265137,9.729999542236328,48700
2018-05-14,6.782542705535889,9.710000038146973,9.819999694824219,9.670000076293945,9.710000038146973,59900
2018-05-15,6.796513080596924,9.729999542236328,9.819999694824219,9.670000076293945,9.710000038146973,80100
2018-05-16,6.810484409332275,9.75,9.829999923706055,9.729999542236328,9.75,29200
2018-05-17,6.817471504211426,9.760000228881836,9.8100004196167,9.75,9.8100004196167,25700
2018-05-18,6.810484409332275,9.75,9.770000457763672,9.680000305175781,9.720000267028809,40900
2018-05-21,6.824455738067627,9.770000457763672,9.819999694824219,9.720000267028809,9.819999694824219,53000
2018-05-22,6.712691307067871,9.609999656677246,9.819999694824219,9.539999961853027,9.819999694824219,85900
2018-05-23,6.607916355133057,9.460000038146973,9.609999656677246,9.319999694824219,9.550000190734863,74800
2018-05-24,6.419317722320557,9.1899995803833,9.479999542236328,9.149999618530273,9.479999542236328,84800
2018-05-25,6.454245567321777,9.239999771118164,9.369999885559082,9.15999984741211,9.180000305175781,76700
2018-05-29,6.5380659103393555,9.359999656677246,9.420000076293945,9.239999771118164,9.239999771118164,56300
2018-05-30,6.572990417480469,9.40999984741211,9.539999961853027,9.300000190734863,9.300000190734863,45700
2018-05-31,6.517109394073486,9.329999923706055,9.5,9.319999694824219,9.359999656677246,21800
2018-06-01,6.524095058441162,9.34000015258789,9.479999542236328,9.279999732971191,9.359999656677246,38100
2018-06-04,6.55902099609375,9.390000343322754,9.460000038146973,9.270000457763672,9.279999732971191,64300
2018-06-05,6.614900588989258,9.470000267028809,9.550000190734863,9.350000381469727,9.350000381469727,54900
2018-06-06,6.635855197906494,9.5,9.579999923706055,9.4399995803833,9.470000267028809,44100
2018-06-07,6.635855197906494,9.5,9.579999923706055,9.449999809265137,9.5,48100
2018-06-08,6.64284086227417,9.510000228881836,9.739999771118164,9.449999809265137,9.550000190734863,105000
2018-06-11,6.489169120788574,9.289999961853027,9.520000457763672,9.25,9.460000038146973,136000
2018-06-12,6.46122932434082,9.25,9.420000076293945,9.140000343322754,9.25,131200
2018-06-13,6.46821403503418,9.260000228881836,9.380000114440918,9.229999542236328,9.319999694824219,64000
2018-06-14,6.586961269378662,9.430000305175781,9.640000343322754,9.279999732971191,9.279999732971191,61700
2018-06-15,6.621886253356934,9.479999542236328,9.5600004196167,9.420000076293945,9.430000305175781,53700
2018-06-18,6.621886253356934,9.479999542236328,9.710000038146973,9.470000267028809,9.539999961853027,74400
2018-06-19,6.628871440887451,9.489999771118164,9.630000114440918,9.40999984741211,9.609999656677246,57600
2018-06-20,6.70570707321167,9.600000381469727,9.6899995803833,9.4399995803833,9.4399995803833,76700
2018-06-21,6.740633964538574,9.649999618530273,9.6899995803833,9.539999961853027,9.539999961853027,65900
2018-06-22,6.740633964538574,9.649999618530273,9.8100004196167,9.529999732971191,9.600000381469727,98000
2018-06-25,6.873349189758301,9.84000015258789,9.930000305175781,9.649999618530273,9.649999618530273,28300
2018-06-26,6.621886253356934,9.479999542236328,9.850000381469727,9.4399995803833,9.779999732971191,55800
2018-06-27,6.915261745452881,9.899999618530273,9.899999618530273,9.460000038146973,9.460000038146973,32800
2018-06-28,6.831439971923828,9.779999732971191,9.890000343322754,9.75,9.880000114440918,15300
2018-06-29,6.84541130065918,9.800000190734863,9.829999923706055,9.739999771118164,9.739999771118164,4900
2018-07-02,6.8034987449646,9.739999771118164,9.829999923706055,9.619999885559082,9.729999542236328,14300
2018-07-03,6.684751987457275,9.569999694824219,9.770000457763672,9.539999961853027,9.680000305175781,9600
2018-07-05,6.754603862762451,9.670000076293945,9.789999961853027,9.539999961853027,9.539999961853027,36800
2018-07-06,6.782542705535889,9.710000038146973,9.829999923706055,9.649999618530273,9.649999618530273,10500
2018-07-09,6.677767753601074,9.5600004196167,9.779999732971191,9.550000190734863,9.670000076293945,37100
2018-07-10,6.64284086227417,9.510000228881836,9.630000114440918,9.489999771118164,9.5,46300
2018-07-11,6.817471504211426,9.760000228881836,9.8100004196167,9.510000228881836,9.510000228881836,34800
2018-07-12,6.824455738067627,9.770000457763672,9.84000015258789,9.75,9.770000457763672,13000
2018-07-13,6.817471504211426,9.760000228881836,9.829999923706055,9.6899995803833,9.770000457763672,14600
2018-07-16,6.76857328414917,9.6899995803833,9.770000457763672,9.65999984741211,9.65999984741211,23900
2018-07-17,6.740633964538574,9.649999618530273,9.75,9.600000381469727,9.619999885559082,20000
2018-07-18,6.747618198394775,9.65999984741211,9.710000038146973,9.579999923706055,9.670000076293945,20500
2018-07-19,6.84541130065918,9.800000190734863,9.850000381469727,9.699999809265137,9.75,21200
2018-07-20,6.9292311668396,9.920000076293945,10.100000381469727,9.699999809265137,9.789999961853027,35800
2018-07-23,6.775559902191162,9.699999809265137,9.869999885559082,9.579999923706055,9.84000015258789,44700
2018-07-24,6.873349189758301,9.84000015258789,10.0,9.720000267028809,9.819999694824219,23400
2018-07-25,6.8034987449646,9.739999771118164,9.989999771118164,9.670000076293945,9.760000228881836,36100
2018-07-26,6.740633964538574,9.649999618530273,9.949999809265137,9.649999618530273,9.760000228881836,20200
2018-07-27,6.739217281341553,9.529999732971191,9.779999732971191,9.449999809265137,9.600000381469727,20400
2018-07-30,6.68264627456665,9.449999809265137,9.720000267028809,9.449999809265137,9.479999542236328,20500
2018-07-31,6.795790195465088,9.609999656677246,9.670000076293945,9.5,9.5,16300
2018-08-01,6.802864074707031,9.619999885559082,9.649999618530273,9.510000228881836,9.609999656677246,18200
2018-08-02,6.739217281341553,9.529999732971191,9.779999732971191,9.5,9.5,27700
2018-08-03,6.838221549987793,9.670000076293945,9.779999732971191,9.5,9.5,50900
2018-08-06,6.85943603515625,9.699999809265137,9.789999961853027,9.529999732971191,9.770000457763672,45000
2018-08-07,6.831148624420166,9.65999984741211,9.779999732971191,9.510000228881836,9.699999809265137,46700
2018-08-08,6.85943603515625,9.699999809265137,9.800000190734863,9.630000114440918,9.75,64700
2018-08-09,6.788719177246094,9.600000381469727,9.779999732971191,9.550000190734863,9.649999618530273,31900
2018-08-10,6.74629020690918,9.539999961853027,9.710000038146973,9.5,9.6899995803833,39100
2018-08-13,6.781649112701416,9.59000015258789,9.680000305175781,9.420000076293945,9.680000305175781,37800
2018-08-14,6.626073837280273,9.369999885559082,9.699999809265137,9.3100004196167,9.699999809265137,61500
2018-08-15,6.5624284744262695,9.279999732971191,9.430000305175781,9.210000038146973,9.300000190734863,95200
2018-08-16,6.576574325561523,9.300000190734863,9.479999542236328,9.229999542236328,9.229999542236328,73800
2018-08-17,6.824078559875488,9.649999618530273,9.720000267028809,9.300000190734863,9.300000190734863,62600
2018-08-20,6.788719177246094,9.600000381469727,9.75,9.600000381469727,9.670000076293945,42500
2018-08-21,6.817007541656494,9.640000343322754,9.729999542236328,9.5600004196167,9.59000015258789,91400
2018-08-22,6.908937454223633,9.770000457763672,9.869999885559082,9.510000228881836,9.710000038146973,398800
2018-08-23,6.824078559875488,9.649999618530273,10.0,9.600000381469727,10.0,158000
2018-08-24,6.781649112701416,9.59000015258789,9.739999771118164,9.550000190734863,9.649999618530273,65000
2018-08-27,6.647287368774414,9.399999618530273,9.8100004196167,9.319999694824219,9.710000038146973,85000
2018-08-28,6.703859329223633,9.479999542236328,9.619999885559082,9.40999984741211,9.470000267028809,26000
2018-08-29,6.739217281341553,9.529999732971191,9.59000015258789,9.420000076293945,9.550000190734863,77100
2018-08-30,6.7180023193359375,9.5,9.579999923706055,9.40999984741211,9.5600004196167,32500
2018-08-31,6.760433673858643,9.5600004196167,9.579999923706055,9.479999542236328,9.5,33500
2018-09-04,6.781649112701416,9.59000015258789,9.640000343322754,9.449999809265137,9.569999694824219,48600
2018-09-05,6.7745771408081055,9.579999923706055,9.59000015258789,9.430000305175781,9.5600004196167,27100
2018-09-06,6.725074768066406,9.510000228881836,9.600000381469727,9.5,9.569999694824219,49200
2018-09-07,6.788719177246094,9.600000381469727,9.600000381469727,9.470000267028809,9.529999732971191,68600
2018-09-10,6.845293045043945,9.680000305175781,9.699999809265137,9.579999923706055,9.600000381469727,52200
2018-09-11,6.802864074707031,9.619999885559082,9.729999542236328,9.600000381469727,9.680000305175781,98000
2018-09-12,6.880649566650391,9.729999542236328,9.850000381469727,9.569999694824219,9.569999694824219,78000
2018-09-13,6.89479398727417,9.75,9.789999961853027,9.630000114440918,9.75,99300
2018-09-14,6.845293045043945,9.680000305175781,9.75,9.479999542236328,9.699999809265137,95600
2018-09-17,6.866506099700928,9.710000038146973,9.789999961853027,9.680000305175781,9.680000305175781,78300
2018-09-18,6.901866912841797,9.760000228881836,9.779999732971191,9.710000038146973,9.779999732971191,65800
2018-09-19,6.89479398727417,9.75,9.789999961853027,9.6899995803833,9.779999732971191,54700
2018-09-20,6.930152416229248,9.800000190734863,9.8100004196167,9.710000038146973,9.710000038146973,26700
2018-09-21,6.930152416229248,9.800000190734863,10.0,9.720000267028809,9.829999923706055,64300
2018-09-24,6.901866912841797,9.760000228881836,9.859999656677246,9.739999771118164,9.850000381469727,32900
2018-09-25,6.845293045043945,9.680000305175781,9.850000381469727,9.65999984741211,9.789999961853027,24100
2018-09-26,6.838221549987793,9.670000076293945,9.779999732971191,9.65999984741211,9.710000038146973,29400
2018-09-27,6.880649566650391,9.729999542236328,9.789999961853027,9.680000305175781,9.680000305175781,35100
2018-09-28,6.908937454223633,9.770000457763672,9.920000076293945,9.75,9.760000228881836,41500
2018-10-01,6.930152416229248,9.800000190734863,9.880000114440918,9.779999732971191,9.800000190734863,42000
2018-10-02,6.887722015380859,9.739999771118164,9.84000015258789,9.720000267028809,9.800000190734863,45100
2018-10-03,6.887722015380859,9.739999771118164,9.84000015258789,9.670000076293945,9.710000038146973,42400
2018-10-04,6.916007995605469,9.779999732971191,9.789999961853027,9.75,9.75,28000
2018-10-05,6.873579025268555,9.720000267028809,9.800000190734863,9.699999809265137,9.75,54900
2018-10-08,7.029151439666748,9.9399995803833,10.0,9.729999542236328,9.75,73200
2018-10-09,7.015011787414551,9.920000076293945,9.949999809265137,9.859999656677246,9.90999984741211,53900
2018-10-10,6.965510368347168,9.850000381469727,9.90999984741211,9.770000457763672,9.850000381469727,36800
2018-10-11,6.85943603515625,9.699999809265137,9.890000343322754,9.6899995803833,9.890000343322754,53100
2018-10-12,6.908937454223633,9.770000457763672,9.800000190734863,9.680000305175781,9.680000305175781,26400
2018-10-15,6.944294452667236,9.819999694824219,9.890000343322754,9.739999771118164,9.770000457763672,58500
2018-10-16,6.923081398010254,9.789999961853027,9.899999618530273,9.789999961853027,9.850000381469727,51200
2018-10-17,6.873579025268555,9.720000267028809,9.899999618530273,9.680000305175781,9.710000038146973,39900
2018-10-18,6.866506099700928,9.710000038146973,9.779999732971191,9.670000076293945,9.779999732971191,48800
2018-10-19,6.74629020690918,9.539999961853027,9.739999771118164,9.539999961853027,9.699999809265137,47600
2018-10-22,6.866506099700928,9.710000038146973,9.739999771118164,9.539999961853027,9.539999961853027,55700
2018-10-23,6.795790195465088,9.609999656677246,9.680000305175781,9.539999961853027,9.670000076293945,51500
2018-10-24,6.689716815948486,9.460000038146973,9.6899995803833,9.369999885559082,9.550000190734863,51400
2018-10-25,6.817007541656494,9.640000343322754,9.640000343322754,9.479999542236328,9.489999771118164,24200
2018-10-26,6.837050914764404,9.550000190734863,9.619999885559082,9.420000076293945,9.539999961853027,24300
2018-10-29,6.887166500091553,9.619999885559082,9.699999809265137,9.550000190734863,9.579999923706055,67600
2018-10-30,6.930120944976807,9.680000305175781,9.760000228881836,9.5600004196167,9.609999656677246,37600
2018-10-31,6.844210624694824,9.5600004196167,9.670000076293945,9.529999732971191,9.670000076293945,26600
2018-11-01,6.829892635345459,9.539999961853027,9.649999618530273,9.510000228881836,9.529999732971191,34600
2018-11-02,6.8943257331848145,9.630000114440918,9.6899995803833,9.550000190734863,9.550000190734863,37600
2018-11-05,6.9444403648376465,9.699999809265137,9.75,9.630000114440918,9.630000114440918,25900
2018-11-06,6.973076343536377,9.739999771118164,9.789999961853027,9.649999618530273,9.789999961853027,46600
2018-11-07,6.973076343536377,9.739999771118164,9.789999961853027,9.699999809265137,9.789999961853027,44200
2018-11-08,6.973076343536377,9.739999771118164,9.779999732971191,9.6899995803833,9.739999771118164,27000
2018-11-09,6.980237007141113,9.75,9.829999923706055,9.699999809265137,9.739999771118164,35100
2018-11-12,7.023190975189209,9.8100004196167,9.960000038146973,9.770000457763672,9.779999732971191,42800
2018-11-13,6.994553565979004,9.770000457763672,9.880000114440918,9.739999771118164,9.880000114440918,54400
2018-11-14,6.958759307861328,9.720000267028809,9.84000015258789,9.6899995803833,9.84000015258789,68400
2018-11-15,6.8728485107421875,9.600000381469727,9.739999771118164,9.539999961853027,9.739999771118164,41800
2018-11-16,6.829892635345459,9.539999961853027,9.630000114440918,9.520000457763672,9.630000114440918,44600
2018-11-19,6.908644676208496,9.649999618530273,9.699999809265137,9.5600004196167,9.630000114440918,33500
2018-11-20,6.937281131744385,9.6899995803833,9.6899995803833,9.600000381469727,9.649999618530273,31300
2018-11-21,6.965917587280273,9.729999542236328,9.829999923706055,9.600000381469727,9.600000381469727,22100
2018-11-23,6.980237007141113,9.75,9.789999961853027,9.720000267028809,9.789999961853027,14200
2018-11-26,6.937281131744385,9.6899995803833,9.75,9.640000343322754,9.75,34700
2018-11-27,6.851370334625244,9.569999694824219,9.779999732971191,9.550000190734863,9.75,43700
2018-11-28,6.908644676208496,9.649999618530273,9.6899995803833,9.529999732971191,9.529999732971191,40200
2018-11-29,6.880006313323975,9.609999656677246,9.649999618530273,9.5600004196167,9.649999618530273,20700
2018-11-30,6.8943257331848145,9.630000114440918,9.699999809265137,9.5600004196167,9.579999923706055,38900
2018-12-03,6.887166500091553,9.619999885559082,9.829999923706055,9.600000381469727,9.829999923706055,55200
2018-12-04,6.908644676208496,9.649999618530273,9.720000267028809,9.609999656677246,9.680000305175781,40300
2018-12-06,6.915804386138916,9.65999984741211,9.720000267028809,9.579999923706055,9.65999984741211,65100
2018-12-07,6.901483535766602,9.640000343322754,9.800000190734863,9.600000381469727,9.699999809265137,108800
2018-12-10,6.8728485107421875,9.600000381469727,9.710000038146973,9.489999771118164,9.6899995803833,91200
2018-12-11,6.937281131744385,9.6899995803833,9.770000457763672,9.600000381469727,9.600000381469727,118200
2018-12-12,6.965917587280273,9.729999542236328,9.819999694824219,9.619999885559082,9.6899995803833,94000
2018-12-13,6.937281131744385,9.6899995803833,9.960000038146973,9.65999984741211,9.6899995803833,156900
2018-12-14,6.880006313323975,9.609999656677246,9.779999732971191,9.579999923706055,9.729999542236328,65500
2018-12-17,6.686708927154541,9.34000015258789,9.5600004196167,9.319999694824219,9.529999732971191,125700
2018-12-18,6.514886379241943,9.100000381469727,9.399999618530273,9.100000381469727,9.329999923706055,123900
2018-12-19,6.543524265289307,9.140000343322754,9.199999809265137,9.039999961853027,9.09000015258789,103200
2018-12-20,6.586479187011719,9.199999809265137,9.220000267028809,9.079999923706055,9.130000114440918,117600
2018-12-21,6.550683498382568,9.149999618530273,9.3100004196167,9.130000114440918,9.130000114440918,92700
2018-12-24,6.536365032196045,9.130000114440918,9.149999618530273,8.869999885559082,9.0,112000
2018-12-26,6.56500244140625,9.170000076293945,9.1899995803833,9.039999961853027,9.069999694824219,176700
2018-12-27,6.74398136138916,9.420000076293945,9.420000076293945,9.050000190734863,9.069999694824219,168000
2018-12-28,6.6007981300354,9.220000267028809,9.449999809265137,9.1899995803833,9.350000381469727,99300
2018-12-31,6.686708927154541,9.34000015258789,9.4399995803833,9.140000343322754,9.15999984741211,92500
2019-01-02,6.650912284851074,9.289999961853027,9.399999618530273,9.239999771118164,9.300000190734863,72400
2019-01-03,6.693868160247803,9.350000381469727,9.430000305175781,9.239999771118164,9.25,97100
2019-01-04,6.765460014343262,9.449999809265137,9.5,9.300000190734863,9.300000190734863,92300
2019-01-07,6.729663848876953,9.399999618530273,9.5,9.350000381469727,9.449999809265137,96800
2019-01-08,6.779776573181152,9.470000267028809,9.529999732971191,9.359999656677246,9.399999618530273,107400
2019-01-09,6.829892635345459,9.539999961853027,9.609999656677246,9.4399995803833,9.470000267028809,106200
2019-01-10,6.8728485107421875,9.600000381469727,9.619999885559082,9.479999542236328,9.479999542236328,50600
2019-01-11,6.794095993041992,9.489999771118164,9.59000015258789,9.470000267028809,9.59000015258789,52500
2019-01-14,6.7010273933410645,9.359999656677246,9.579999923706055,9.300000190734863,9.5,85100
2019-01-15,6.686708927154541,9.34000015258789,9.529999732971191,9.3100004196167,9.420000076293945,93600
2019-01-16,6.7153449058532715,9.380000114440918,9.489999771118164,9.279999732971191,9.289999961853027,81600
2019-01-17,6.686708927154541,9.34000015258789,9.479999542236328,9.3100004196167,9.359999656677246,59800
2019-01-18,6.672388553619385,9.319999694824219,9.420000076293945,9.319999694824219,9.420000076293945,58600
2019-01-22,6.56500244140625,9.170000076293945,9.369999885559082,9.149999618530273,9.369999885559082,88900
2019-01-23,6.543524265289307,9.140000343322754,9.289999961853027,9.140000343322754,9.140000343322754,108300
2019-01-24,6.615116119384766,9.239999771118164,9.34000015258789,9.140000343322754,9.15999984741211,104500
2019-01-25,6.744199275970459,9.300000190734863,9.34000015258789,9.130000114440918,9.130000114440918,81200
2019-01-28,6.649925708770752,9.170000076293945,9.300000190734863,9.15999984741211,9.229999542236328,48000
2019-01-29,6.584657192230225,9.079999923706055,9.1899995803833,9.039999961853027,9.1899995803833,80300
2019-01-30,6.533895969390869,9.010000228881836,9.119999885559082,9.0,9.079999923706055,128000
2019-01-31,6.635420799255371,9.149999618530273,9.149999618530273,9.0,9.0,118900
2019-02-01,6.649925708770752,9.170000076293945,9.1899995803833,9.079999923706055,9.1899995803833,75600
2019-02-04,6.649925708770752,9.170000076293945,9.180000305175781,9.069999694824219,9.170000076293945,54200
2019-02-05,6.657175064086914,9.180000305175781,9.229999542236328,9.119999885559082,9.180000305175781,78800
2019-02-06,6.939998149871826,9.569999694824219,9.609999656677246,9.199999809265137,9.390000343322754,150200
2019-02-07,6.881982803344727,9.489999771118164,9.630000114440918,9.380000114440918,9.5,76300
2019-02-08,6.794961452484131,9.369999885559082,9.5600004196167,9.300000190734863,9.489999771118164,79400
2019-02-11,6.7877092361450195,9.359999656677246,9.399999618530273,9.289999961853027,9.329999923706055,64100
2019-02-12,6.823967933654785,9.40999984741211,9.460000038146973,9.319999694824219,9.319999694824219,56700
2019-02-13,6.816716194152832,9.399999618530273,9.430000305175781,9.369999885559082,9.40999984741211,48800
2019-02-14,6.780457973480225,9.350000381469727,9.420000076293945,9.319999694824219,9.350000381469727,38600
2019-02-15,7.02701997756958,9.6899995803833,9.720000267028809,9.350000381469727,9.350000381469727,104200
2019-02-19,7.085033893585205,9.770000457763672,9.8100004196167,9.579999923706055,9.6899995803833,44800
2019-02-20,7.092286109924316,9.779999732971191,9.800000190734863,9.739999771118164,9.75,56900
2019-02-21,7.077780723571777,9.760000228881836,9.8100004196167,9.710000038146973,9.710000038146973,32300
2019-02-22,7.019766807556152,9.680000305175781,9.819999694824219,9.670000076293945,9.779999732971191,20700
2019-02-25,7.005263805389404,9.65999984741211,9.739999771118164,9.640000343322754,9.680000305175781,46400
2019-02-26,7.02701997756958,9.6899995803833,9.770000457763672,9.680000305175781,9.720000267028809,35700
2019-02-27,7.121292591094971,9.819999694824219,9.850000381469727,9.65999984741211,9.65999984741211,39900
2019-02-28,7.143049240112305,9.850000381469727,9.899999618530273,9.770000457763672,9.829999923706055,32700
2019-03-01,7.085033893585205,9.770000457763672,9.84000015258789,9.6899995803833,9.779999732971191,42300
2019-03-04,7.063277721405029,9.739999771118164,9.770000457763672,9.670000076293945,9.670000076293945,30700
2019-03-05,7.005263805389404,9.65999984741211,9.739999771118164,9.59000015258789,9.680000305175781,51700
2019-03-06,7.092286109924316,9.779999732971191,9.8100004196167,9.510000228881836,9.609999656677246,96300
2019-03-07,7.048776149749756,9.720000267028809,9.829999923706055,9.65999984741211,9.770000457763672,46500
2019-03-08,7.012516021728516,9.670000076293945,9.729999542236328,9.510000228881836,9.729999542236328,107800
2019-03-11,7.063277721405029,9.739999771118164,9.779999732971191,9.670000076293945,9.670000076293945,39100
2019-03-12,7.106789588928223,9.800000190734863,9.84000015258789,9.739999771118164,9.739999771118164,39100
2019-03-13,7.063277721405029,9.739999771118164,9.84000015258789,9.729999542236328,9.800000190734863,25900
2019-03-14,7.02701997756958,9.6899995803833,9.760000228881836,9.649999618530273,9.760000228881836,68000
2019-03-15,7.02701997756958,9.6899995803833,9.720000267028809,9.630000114440918,9.710000038146973,69600
2019-03-18,7.070530891418457,9.75,9.760000228881836,9.619999885559082,9.65999984741211,72400
2019-03-19,7.0995378494262695,9.789999961853027,9.819999694824219,9.680000305175781,9.75,60700
2019-03-20,7.070530891418457,9.75,9.84000015258789,9.739999771118164,9.779999732971191,67900
2019-03-21,7.085033893585205,9.770000457763672,9.84000015258789,9.699999809265137,9.699999809265137,25000
2019-03-22,7.02701997756958,9.6899995803833,9.800000190734863,9.680000305175781,9.779999732971191,20600
2019-03-25,7.085033893585205,9.770000457763672,9.819999694824219,9.649999618530273,9.649999618530273,29200
2019-03-26,7.056026935577393,9.729999542236328,9.819999694824219,9.699999809265137,9.779999732971191,45900
2019-03-27,7.041522979736328,9.710000038146973,9.779999732971191,9.619999885559082,9.739999771118164,45100
2019-03-28,6.998012542724609,9.649999618530273,9.770000457763672,9.640000343322754,9.729999542236328,45800
2019-03-29,6.961753845214844,9.600000381469727,9.710000038146973,9.59000015258789,9.640000343322754,36200
2019-04-01,6.998012542724609,9.649999618530273,9.649999618530273,9.5600004196167,9.5600004196167,30600
2019-04-02,6.969004154205322,9.609999656677246,9.649999618530273,9.5,9.649999618530273,46600
2019-04-03,7.02701997756958,9.6899995803833,9.699999809265137,9.609999656677246,9.609999656677246,36900
2019-04-04,6.983509063720703,9.630000114440918,9.720000267028809,9.5,9.65999984741211,38900
2019-04-05,6.990759372711182,9.640000343322754,9.649999618530273,9.609999656677246,9.609999656677246,32500
2019-04-08,6.990759372711182,9.640000343322754,9.65999984741211,9.59000015258789,9.649999618530273,42700
2019-04-09,6.939998149871826,9.569999694824219,9.649999618530273,9.569999694824219,9.619999885559082,44700
2019-04-10,6.9254937171936035,9.550000190734863,9.619999885559082,9.489999771118164,9.489999771118164,50200
2019-04-11,6.9254937171936035,9.550000190734863,9.600000381469727,9.529999732971191,9.539999961853027,42600
2019-04-12,6.91824197769165,9.539999961853027,9.640000343322754,9.529999732971191,9.550000190734863,38300
2019-04-15,6.969004154205322,9.609999656677246,9.65999984741211,9.520000457763672,9.529999732971191,35900
2019-04-16,7.070530891418457,9.75,9.770000457763672,9.609999656677246,9.609999656677246,39900
2019-04-17,7.048776149749756,9.720000267028809,9.850000381469727,9.6899995803833,9.800000190734863,63700
2019-04-18,7.019766807556152,9.680000305175781,9.760000228881836,9.670000076293945,9.699999809265137,35800
2019-04-22,6.969004154205322,9.609999656677246,9.6899995803833,9.5600004196167,9.600000381469727,97300
2019-04-23,7.056026935577393,9.729999542236328,9.760000228881836,9.619999885559082,9.640000343322754,33700
2019-04-24,7.056026935577393,9.729999542236328,9.84000015258789,9.720000267028809,9.75,43200
2019-04-25,6.993582725524902,9.520000457763672,9.699999809265137,9.510000228881836,9.680000305175781,49800
2019-04-26,7.037662029266357,9.579999923706055,9.65999984741211,9.470000267028809,9.470000267028809,32600
2019-04-29,7.000929832458496,9.529999732971191,9.630000114440918,9.529999732971191,9.579999923706055,55100
2019-04-30,6.971545219421387,9.489999771118164,9.600000381469727,9.460000038146973,9.5,73800
2019-05-01,6.920121192932129,9.420000076293945,9.529999732971191,9.359999656677246,9.449999809265137,64400
2019-05-02,6.846659183502197,9.319999694824219,9.609999656677246,9.3100004196167,9.510000228881836,59200
2019-05-03,6.934814453125,9.4399995803833,9.550000190734863,9.319999694824219,9.319999694824219,73500
2019-05-06,6.964198589324951,9.479999542236328,9.619999885559082,9.380000114440918,9.510000228881836,90800
2019-05-07,7.000929832458496,9.529999732971191,9.649999618530273,9.489999771118164,9.539999961853027,62800
2019-05-08,6.956852436065674,9.470000267028809,9.510000228881836,9.40999984741211,9.510000228881836,17900
2019-05-09,6.8907365798950195,9.380000114440918,9.470000267028809,9.3100004196167,9.4399995803833,24500
2019-05-10,7.030316352844238,9.569999694824219,9.630000114440918,9.359999656677246,9.359999656677246,47200
2019-05-13,6.971545219421387,9.489999771118164,9.5600004196167,9.460000038146973,9.520000457763672,44800
2019-05-14,7.1037774085998535,9.670000076293945,9.720000267028809,9.510000228881836,9.510000228881836,66100
2019-05-15,7.096431732177734,9.65999984741211,9.789999961853027,9.619999885559082,9.670000076293945,451700
2019-05-16,7.169892311096191,9.760000228881836,9.789999961853027,9.65999984741211,9.65999984741211,100400
2019-05-17,7.199278354644775,9.800000190734863,9.84000015258789,9.760000228881836,9.760000228881836,70500
2019-05-20,7.258047580718994,9.880000114440918,9.989999771118164,9.789999961853027,9.800000190734863,137100
2019-05-21,7.456396102905273,10.149999618530273,10.199999809265137,9.920000076293945,9.920000076293945,187300
2019-05-22,7.3462018966674805,10.0,10.25,9.960000038146973,10.149999618530273,72600
2019-05-23,7.3462018966674805,10.0,10.140000343322754,9.960000038146973,10.0,98500
2019-05-24,7.3535475730896,10.010000228881836,10.079999923706055,9.979999542236328,10.029999732971191,70300
2019-05-28,7.3829345703125,10.050000190734863,10.149999618530273,9.859999656677246,10.119999885559082,759200
2019-05-29,7.162548065185547,9.75,10.09000015258789,9.65999984741211,10.039999961853027,229000
2019-05-30,7.228663444519043,9.84000015258789,9.859999656677246,9.710000038146973,9.75,94200
2019-05-31,7.118470191955566,9.6899995803833,9.850000381469727,9.640000343322754,9.789999961853027,63700
2019-06-03,7.2066240310668945,9.8100004196167,9.819999694824219,9.680000305175781,9.680000305175781,74100
2019-06-04,7.3829345703125,10.050000190734863,10.0600004196167,9.789999961853027,9.850000381469727,83900
2019-06-05,7.199278354644775,9.800000190734863,10.079999923706055,9.779999732971191,10.039999961853027,59400
2019-06-06,7.1258158683776855,9.699999809265137,9.890000343322754,9.699999809265137,9.819999694824219,53300
2019-06-07,7.2066240310668945,9.8100004196167,9.859999656677246,9.770000457763672,9.770000457763672,45700
2019-06-10,7.162548065185547,9.75,9.84000015258789,9.6899995803833,9.819999694824219,105700
2019-06-11,7.162548065185547,9.75,9.789999961853027,9.680000305175781,9.75,50700
2019-06-12,7.199278354644775,9.800000190734863,9.84000015258789,9.739999771118164,9.739999771118164,83400
2019-06-13,7.177239418029785,9.770000457763672,9.850000381469727,9.720000267028809,9.800000190734863,57600
2019-06-14,7.140509605407715,9.720000267028809,9.800000190734863,9.699999809265137,9.760000228881836,69400
2019-06-17,7.155200004577637,9.739999771118164,9.819999694824219,9.729999542236328,9.729999542236328,79600
2019-06-18,7.155200004577637,9.739999771118164,9.850000381469727,9.710000038146973,9.800000190734863,62800
2019-06-19,7.228663444519043,9.84000015258789,9.880000114440918,9.739999771118164,9.75,51800
2019-06-20,7.199278354644775,9.800000190734863,9.899999618530273,9.800000190734863,9.880000114440918,16000
2019-06-21,7.280086994171143,9.90999984741211,9.9399995803833,9.800000190734863,9.880000114440918,40400
2019-06-24,7.280086994171143,9.90999984741211,10.020000457763672,9.890000343322754,9.90999984741211,71300
2019-06-25,7.316817760467529,9.960000038146973,10.010000228881836,9.920000076293945,9.920000076293945,46700
2019-06-26,7.324163436889648,9.970000267028809,10.050000190734863,9.90999984741211,9.949999809265137,84800
2019-06-27,7.316817760467529,9.960000038146973,10.050000190734863,9.949999809265137,9.970000267028809,67200
2019-06-28,7.338855743408203,9.989999771118164,10.119999885559082,9.819999694824219,9.989999771118164,46400
2019-07-01,7.309471130371094,9.949999809265137,10.140000343322754,9.8100004196167,10.0,46800
2019-07-02,7.338855743408203,9.989999771118164,9.989999771118164,9.90999984741211,9.90999984741211,14300
2019-07-03,7.316817760467529,9.960000038146973,10.0,9.920000076293945,9.979999542236328,14700
2019-07-05,7.316817760467529,9.960000038146973,10.0,9.90999984741211,9.960000038146973,31100
2019-07-08,7.213970184326172,9.819999694824219,9.989999771118164,9.75,9.9399995803833,67900
2019-07-09,7.213970184326172,9.819999694824219,9.850000381469727,9.760000228881836,9.789999961853027,31800
2019-07-10,7.155200004577637,9.739999771118164,9.84000015258789,9.739999771118164,9.84000015258789,23200
2019-07-11,7.1258158683776855,9.699999809265137,9.800000190734863,9.550000190734863,9.680000305175781,58700
2019-07-12,7.118470191955566,9.6899995803833,9.779999732971191,9.680000305175781,9.720000267028809,42000
2019-07-15,7.133161544799805,9.710000038146973,9.779999732971191,9.6899995803833,9.6899995803833,45900
2019-07-16,7.19193172454834,9.789999961853027,9.800000190734863,9.739999771118164,9.75,22400
2019-07-17,7.111123561859131,9.680000305175781,9.819999694824219,9.680000305175781,9.819999694824219,37500
2019-07-18,7.140509605407715,9.720000267028809,9.789999961853027,9.65999984741211,9.65999984741211,45200
2019-07-19,7.1037774085998535,9.670000076293945,9.8100004196167,9.670000076293945,9.720000267028809,50800
2019-07-22,7.1258158683776855,9.699999809265137,9.760000228881836,9.65999984741211,9.710000038146973,76600
2019-07-23,7.111123561859131,9.680000305175781,9.760000228881836,9.65999984741211,9.699999809265137,54200
2019-07-24,7.133161544799805,9.710000038146973,9.770000457763672,9.619999885559082,9.619999885559082,88900
2019-07-25,7.162548065185547,9.75,9.920000076293945,9.710000038146973,9.710000038146973,65800
2019-07-26,7.233243465423584,9.720000267028809,9.770000457763672,9.6899995803833,9.6899995803833,23300
2019-07-29,7.203476428985596,9.680000305175781,9.729999542236328,9.65999984741211,9.65999984741211,31100
2019-07-30,7.203476428985596,9.680000305175781,9.75,9.579999923706055,9.579999923706055,41300
2019-07-31,7.158824920654297,9.619999885559082,9.779999732971191,9.619999885559082,9.670000076293945,61400
2019-08-01,7.069526195526123,9.5,9.670000076293945,9.470000267028809,9.510000228881836,50900
2019-08-02,7.143942356109619,9.600000381469727,9.640000343322754,9.529999732971191,9.529999732971191,36400
2019-08-05,7.1513848304748535,9.609999656677246,9.640000343322754,9.510000228881836,9.510000228881836,51100
2019-08-06,7.091851234436035,9.529999732971191,9.680000305175781,9.479999542236328,9.680000305175781,71100
2019-08-07,7.188593864440918,9.65999984741211,9.65999984741211,9.470000267028809,9.479999542236328,68600
2019-08-08,7.188593864440918,9.65999984741211,9.729999542236328,9.529999732971191,9.649999618530273,39300
2019-08-09,7.121617794036865,9.569999694824219,9.760000228881836,9.569999694824219,9.65999984741211,31000
2019-08-12,7.181151866912842,9.649999618530273,9.710000038146973,9.619999885559082,9.619999885559082,44400
2019-08-13,7.248124122619629,9.739999771118164,9.760000228881836,9.529999732971191,9.630000114440918,48700
2019-08-14,7.114177703857422,9.5600004196167,9.75,9.550000190734863,9.710000038146973,39000
2019-08-15,7.039760112762451,9.460000038146973,9.75,9.40999984741211,9.609999656677246,104800
2019-08-16,7.13650369644165,9.59000015258789,9.720000267028809,9.489999771118164,9.489999771118164,44600
2019-08-19,7.158824920654297,9.619999885559082,9.699999809265137,9.550000190734863,9.600000381469727,61400
2019-08-20,7.248124122619629,9.739999771118164,9.760000228881836,9.65999984741211,9.65999984741211,63000
2019-08-21,7.158824920654297,9.619999885559082,9.760000228881836,9.550000190734863,9.75,66000
2019-08-22,7.181151866912842,9.649999618530273,9.699999809265137,9.579999923706055,9.649999618530273,30600
2019-08-23,7.032318592071533,9.449999809265137,9.65999984741211,9.430000305175781,9.630000114440918,49900
2019-08-26,6.935576915740967,9.319999694824219,9.460000038146973,9.300000190734863,9.390000343322754,81700
2019-08-27,6.712329387664795,9.020000457763672,9.420000076293945,8.989999771118164,9.390000343322754,133900
2019-08-28,7.017436504364014,9.430000305175781,9.479999542236328,9.0,9.020000457763672,100900
2019-08-29,7.024876594543457,9.4399995803833,9.479999542236328,9.399999618530273,9.449999809265137,16800
2019-08-30,6.846279144287109,9.199999809265137,9.470000267028809,9.199999809265137,9.470000267028809,20900
2019-09-03,6.950460910797119,9.34000015258789,9.380000114440918,9.149999618530273,9.15999984741211,33800
2019-09-04,7.069526195526123,9.5,9.550000190734863,9.260000228881836,9.359999656677246,59500
2019-09-05,6.965344429016113,9.359999656677246,9.600000381469727,9.329999923706055,9.600000381469727,42300
2019-09-06,6.943020343780518,9.329999923706055,9.40999984741211,9.329999923706055,9.350000381469727,30900
2019-09-09,6.980227947235107,9.380000114440918,9.420000076293945,9.329999923706055,9.329999923706055,33000
2019-09-10,7.039760112762451,9.460000038146973,9.510000228881836,9.380000114440918,9.380000114440918,44800
2019-09-11,7.099294662475586,9.539999961853027,9.550000190734863,9.430000305175781,9.470000267028809,19100
2019-09-12,7.039760112762451,9.460000038146973,9.550000190734863,9.4399995803833,9.539999961853027,33300
2019-09-13,7.002552509307861,9.40999984741211,9.5,9.350000381469727,9.460000038146973,42200
2019-09-16,7.002552509307861,9.40999984741211,9.4399995803833,9.329999923706055,9.430000305175781,54600
2019-09-17,7.017436504364014,9.430000305175781,9.4399995803833,9.359999656677246,9.430000305175781,75900
2019-09-18,6.99511194229126,9.399999618530273,9.489999771118164,9.399999618530273,9.4399995803833,45300
2019-09-19,7.039760112762451,9.460000038146973,9.5,9.350000381469727,9.369999885559082,42000
2019-09-20,7.069526195526123,9.5,9.569999694824219,9.4399995803833,9.449999809265137,76500
2019-09-23,7.069526195526123,9.5,9.579999923706055,9.5,9.5,29900
2019-09-24,7.032318592071533,9.449999809265137,9.569999694824219,9.390000343322754,9.550000190734863,73800
2019-09-25,7.032318592071533,9.449999809265137,9.5,9.40999984741211,9.420000076293945,30100
2019-09-26,6.9132537841796875,9.289999961853027,9.460000038146973,9.1899995803833,9.329999923706055,66000
2019-09-27,6.99511194229126,9.399999618530273,9.4399995803833,9.34000015258789,9.34000015258789,33200
2019-09-30,7.047202110290527,9.470000267028809,9.520000457763672,9.390000343322754,9.390000343322754,50000
2019-10-01,7.039760112762451,9.460000038146973,9.520000457763672,9.449999809265137,9.470000267028809,23800
2019-10-02,7.069526195526123,9.5,9.539999961853027,9.460000038146973,9.489999771118164,43200
2019-10-03,7.0620856285095215,9.489999771118164,9.5600004196167,9.470000267028809,9.489999771118164,36400
2019-10-04,7.0620856285095215,9.489999771118164,9.550000190734863,9.4399995803833,9.4399995803833,54100
2019-10-07,7.0620856285095215,9.489999771118164,9.579999923706055,9.489999771118164,9.5,20700
2019-10-08,7.047202110290527,9.470000267028809,9.550000190734863,9.460000038146973,9.489999771118164,45700
2019-10-09,6.987670421600342,9.390000343322754,9.5,9.390000343322754,9.430000305175781,33500
2019-10-10,7.039760112762451,9.460000038146973,9.529999732971191,9.460000038146973,9.470000267028809,33900
2019-10-11,7.002552509307861,9.40999984741211,9.59000015258789,9.40999984741211,9.489999771118164,26500
2019-10-14,7.032318592071533,9.449999809265137,9.520000457763672,9.420000076293945,9.420000076293945,21700
2019-10-15,7.0099945068359375,9.420000076293945,9.489999771118164,9.369999885559082,9.470000267028809,32400
2019-10-16,6.9579033851623535,9.350000381469727,9.489999771118164,9.319999694824219,9.420000076293945,55600
2019-10-17,6.883487224578857,9.25,9.399999618530273,9.25,9.3100004196167,40200
2019-10-18,6.890927791595459,9.260000228881836,9.399999618530273,9.239999771118164,9.300000190734863,47000
2019-10-21,6.883487224578857,9.25,9.319999694824219,8.90999984741211,9.229999542236328,126000
2019-10-22,6.99511194229126,9.399999618530273,9.529999732971191,9.210000038146973,9.260000228881836,52100
2019-10-23,6.972785472869873,9.369999885559082,9.489999771118164,9.350000381469727,9.40999984741211,72200
2019-10-24,6.920694828033447,9.300000190734863,9.430000305175781,9.279999732971191,9.430000305175781,36300
2019-10-25,7.052698612213135,9.350000381469727,9.59000015258789,9.220000267028809,9.239999771118164,68700
2019-10-28,6.984809398651123,9.260000228881836,9.359999656677246,9.25,9.329999923706055,30800
2019-10-29,6.932008743286133,9.1899995803833,9.300000190734863,9.15999984741211,9.25,52200
2019-10-30,7.014981746673584,9.300000190734863,9.4399995803833,9.1899995803833,9.1899995803833,54700
2019-10-31,7.007439613342285,9.289999961853027,9.40999984741211,9.260000228881836,9.289999961853027,49000
2019-11-01,7.052698612213135,9.350000381469727,9.369999885559082,9.25,9.350000381469727,36700
2019-11-04,7.0828704833984375,9.390000343322754,9.430000305175781,9.359999656677246,9.359999656677246,38300
2019-11-05,7.014981746673584,9.300000190734863,9.399999618530273,9.289999961853027,9.399999618530273,82900
2019-11-06,6.999896049499512,9.279999732971191,9.380000114440918,9.260000228881836,9.289999961853027,75300
2019-11-07,6.86412239074707,9.100000381469727,9.319999694824219,9.0600004196167,9.260000228881836,131100
2019-11-08,6.811320781707764,9.029999732971191,9.220000267028809,8.989999771118164,9.140000343322754,111800
2019-11-11,7.030066967010498,9.319999694824219,9.329999923706055,9.050000190734863,9.069999694824219,32500
2019-11-12,6.977267742156982,9.25,9.350000381469727,9.229999542236328,9.3100004196167,48000
2019-11-13,7.067782878875732,9.369999885559082,9.40999984741211,9.229999542236328,9.229999542236328,45600
2019-11-14,7.097955226898193,9.40999984741211,9.489999771118164,9.319999694824219,9.359999656677246,45500
2019-11-15,7.045153617858887,9.34000015258789,9.5,9.3100004196167,9.399999618530273,51100
2019-11-18,7.067782878875732,9.369999885559082,9.489999771118164,9.319999694824219,9.319999694824219,66200
2019-11-19,7.10549783706665,9.420000076293945,9.489999771118164,9.34000015258789,9.34000015258789,34800
2019-11-20,7.067782878875732,9.369999885559082,9.520000457763672,9.369999885559082,9.40999984741211,32700
2019-11-21,7.060239791870117,9.359999656677246,9.460000038146973,9.300000190734863,9.359999656677246,47300
2019-11-22,7.060239791870117,9.359999656677246,9.489999771118164,9.329999923706055,9.329999923706055,22700
2019-11-25,7.067782878875732,9.369999885559082,9.470000267028809,9.350000381469727,9.350000381469727,48000
2019-11-26,6.939552307128906,9.199999809265137,9.399999618530273,9.170000076293945,9.329999923706055,137600
2019-11-27,6.992354393005371,9.270000457763672,9.350000381469727,9.180000305175781,9.199999809265137,48900
2019-11-29,7.0828704833984375,9.390000343322754,9.520000457763672,9.1899995803833,9.1899995803833,36000
2019-12-02,7.0904130935668945,9.399999618530273,9.510000228881836,9.369999885559082,9.399999618530273,69800
2019-12-03,7.075325965881348,9.380000114440918,9.449999809265137,9.3100004196167,9.380000114440918,55900
2019-12-04,6.977267742156982,9.25,9.479999542236328,9.229999542236328,9.380000114440918,76600
2019-12-05,7.211101055145264,9.5600004196167,9.5600004196167,9.239999771118164,9.239999771118164,69200
2019-12-06,7.324245452880859,9.710000038146973,9.789999961853027,9.470000267028809,9.600000381469727,112800
2019-12-09,7.120583534240723,9.4399995803833,9.619999885559082,9.430000305175781,9.619999885559082,34400
2019-12-10,7.233730792999268,9.59000015258789,9.59000015258789,9.380000114440918,9.380000114440918,42700
2019-12-11,7.218642711639404,9.569999694824219,9.630000114440918,9.510000228881836,9.5600004196167,33200
2019-12-12,7.203557014465332,9.550000190734863,9.609999656677246,9.489999771118164,9.579999923706055,27100
2019-12-13,7.075325965881348,9.380000114440918,9.569999694824219,9.359999656677246,9.550000190734863,65200
2019-12-16,7.030066967010498,9.319999694824219,9.40999984741211,9.220000267028809,9.399999618530273,64900
2019-12-17,7.045153617858887,9.34000015258789,9.380000114440918,9.300000190734863,9.3100004196167,102600
2019-12-18,7.165841102600098,9.5,9.630000114440918,9.3100004196167,9.3100004196167,55200
2019-12-19,7.241271018981934,9.600000381469727,9.640000343322754,9.479999542236328,9.5,58500
2019-12-20,7.150755405426025,9.479999542236328,9.600000381469727,9.479999542236328,9.59000015258789,19700
2019-12-23,7.135669708251953,9.460000038146973,9.550000190734863,9.420000076293945,9.420000076293945,31500
2019-12-24,7.120583534240723,9.4399995803833,9.510000228881836,9.4399995803833,9.5,10900
2019-12-26,7.128126621246338,9.449999809265137,9.550000190734863,9.449999809265137,9.460000038146973,47600
2019-12-27,7.135669708251953,9.460000038146973,9.520000457763672,9.4399995803833,9.470000267028809,35100
2019-12-30,7.113041877746582,9.430000305175781,9.539999961853027,9.420000076293945,9.520000457763672,34500
2019-12-31,7.135669708251953,9.460000038146973,9.510000228881836,9.399999618530273,9.399999618530273,59200
2020-01-02,7.241271018981934,9.600000381469727,9.600000381469727,9.420000076293945,9.430000305175781,42100
2020-01-03,7.158298969268799,9.489999771118164,9.579999923706055,9.460000038146973,9.569999694824219,13300
2020-01-06,7.188470840454102,9.529999732971191,9.5600004196167,9.449999809265137,9.449999809265137,40100
2020-01-07,7.158298969268799,9.489999771118164,9.550000190734863,9.449999809265137,9.520000457763672,24600
2020-01-08,7.188470840454102,9.529999732971191,9.539999961853027,9.460000038146973,9.489999771118164,35600
2020-01-09,7.052698612213135,9.350000381469727,9.5,9.319999694824219,9.5,53400
2020-01-10,7.10549783706665,9.420000076293945,9.510000228881836,9.350000381469727,9.350000381469727,29200
2020-01-13,7.037611484527588,9.329999923706055,9.5,9.329999923706055,9.430000305175781,36700
2020-01-14,7.052698612213135,9.350000381469727,9.449999809265137,9.329999923706055,9.34000015258789,91200
2020-01-15,7.165841102600098,9.5,9.529999732971191,9.359999656677246,9.359999656677246,70200
2020-01-16,7.158298969268799,9.489999771118164,9.5600004196167,9.4399995803833,9.4399995803833,40700
2020-01-17,7.188470840454102,9.529999732971191,9.569999694824219,9.489999771118164,9.489999771118164,30100
2020-01-21,7.188470840454102,9.529999732971191,9.5600004196167,9.479999542236328,9.5600004196167,35300
2020-01-22,7.150755405426025,9.479999542236328,9.59000015258789,9.420000076293945,9.529999732971191,54800
2020-01-23,7.150755405426025,9.479999542236328,9.529999732971191,9.449999809265137,9.449999809265137,44400
2020-01-24,7.208085536956787,9.430000305175781,9.489999771118164,9.380000114440918,9.40999984741211,65900
2020-01-27,7.1927971839904785,9.40999984741211,9.510000228881836,9.390000343322754,9.390000343322754,48300
2020-01-28,7.231015682220459,9.460000038146973,9.520000457763672,9.430000305175781,9.430000305175781,23800
2020-01-29,7.1927971839904785,9.40999984741211,9.510000228881836,9.369999885559082,9.5,49200
2020-01-30,7.0552077293396,9.229999542236328,9.420000076293945,9.220000267028809,9.319999694824219,45500
2020-01-31,7.093429088592529,9.279999732971191,9.359999656677246,9.229999542236328,9.229999542236328,92600
2020-02-03,7.085784435272217,9.270000457763672,9.449999809265137,9.229999542236328,9.239999771118164,59700
2020-02-04,7.307453632354736,9.5600004196167,9.609999656677246,9.430000305175781,9.600000381469727,125600
2020-02-05,7.116359710693359,9.3100004196167,9.539999961853027,9.260000228881836,9.520000457763672,63000
2020-02-06,7.0552077293396,9.229999542236328,9.430000305175781,9.229999542236328,9.390000343322754,50500
2020-02-07,6.971127033233643,9.119999885559082,9.279999732971191,9.119999885559082,9.260000228881836,40400
2020-02-10,6.948197364807129,9.09000015258789,9.34000015258789,9.09000015258789,9.170000076293945,50800
2020-02-11,6.9634833335876465,9.109999656677246,9.210000038146973,9.069999694824219,9.210000038146973,35300
2020-02-12,6.955839157104492,9.100000381469727,9.15999984741211,9.069999694824219,9.09000015258789,31700
2020-02-13,6.879401206970215,9.0,9.149999618530273,8.960000038146973,9.100000381469727,91000
2020-02-14,6.864113807678223,8.979999542236328,9.09000015258789,8.949999809265137,9.039999961853027,58600
2020-02-18,6.841182708740234,8.949999809265137,9.0,8.869999885559082,8.869999885559082,43000
2020-02-19,6.879401206970215,9.0,9.050000190734863,8.9399995803833,9.0,54800
2020-02-20,6.833539962768555,8.9399995803833,9.029999732971191,8.930000305175781,8.9399995803833,51600
2020-02-21,6.887047290802002,9.010000228881836,9.0600004196167,8.899999618530273,8.9399995803833,142700
2020-02-24,6.841182708740234,8.949999809265137,9.100000381469727,8.930000305175781,8.949999809265137,111700
2020-02-25,6.871757507324219,8.989999771118164,9.0,8.9399995803833,9.0,53900
2020-02-26,6.932908535003662,9.069999694824219,9.170000076293945,8.920000076293945,8.989999771118164,64600
2020-02-27,6.80296516418457,8.899999618530273,9.039999961853027,8.859999656677246,9.020000457763672,157900
2020-02-28,6.864113807678223,8.979999542236328,8.979999542236328,8.699999809265137,8.890000343322754,141000
2020-03-02,7.009347438812256,9.170000076293945,9.210000038146973,8.899999618530273,8.979999542236328,78600
2020-03-03,6.848826885223389,8.960000038146973,9.220000267028809,8.930000305175781,9.100000381469727,67300
2020-03-04,6.9023332595825195,9.029999732971191,9.069999694824219,8.949999809265137,8.970000267028809,47400
2020-03-05,6.787676811218262,8.880000114440918,9.0600004196167,8.819999694824219,8.890000343322754,51800
2020-03-06,6.741814136505127,8.819999694824219,8.890000343322754,8.760000228881836,8.760000228881836,78300
2020-03-09,6.313762664794922,8.260000228881836,8.739999771118164,8.260000228881836,8.550000190734863,111700
2020-03-10,6.4819254875183105,8.479999542236328,8.520000457763672,8.15999984741211,8.359999656677246,98200
2020-03-11,6.275542736053467,8.210000038146973,8.4399995803833,8.199999809265137,8.34000015258789,96800
2020-03-12,5.923929691314697,7.75,7.920000076293945,7.110000133514404,7.110000133514404,217400
2020-03-13,5.931573867797852,7.760000228881836,7.989999771118164,7.559999942779541,7.760000228881836,137800
2020-03-16,5.404153347015381,7.070000171661377,7.489999771118164,6.710000038146973,7.340000152587891,178200
2020-03-17,5.99272346496582,7.840000152587891,7.860000133514404,7.03000020980835,7.03000020980835,95700
2020-03-18,5.235988616943359,6.849999904632568,7.650000095367432,6.849999904632568,7.539999961853027,84600
2020-03-19,5.939217567443848,7.769999980926514,8.100000381469727,6.75,6.75,166200
2020-03-20,5.495878219604492,7.190000057220459,8.010000228881836,6.949999809265137,7.820000171661377,131800
2020-03-23,4.945526123046875,6.46999979019165,7.179999828338623,6.110000133514404,6.949999809265137,297300
2020-03-24,5.365933895111084,7.019999980926514,7.119999885559082,6.630000114440918,6.739999771118164,103500
2020-03-25,5.327713489532471,6.96999979019165,7.46999979019165,6.75,7.090000152587891,176800
2020-03-26,5.442371368408203,7.119999885559082,7.309999942779541,6.119999885559082,7.03000020980835,217400
2020-03-27,5.235988616943359,6.849999904632568,7.21999979019165,6.800000190734863,6.96999979019165,169200
2020-03-30,5.73283576965332,7.5,7.840000152587891,6.949999809265137,7.0,148900
2020-03-31,5.885711193084717,7.699999809265137,7.900000095367432,7.46999979019165,7.480000019073486,160700
2020-04-01,5.564671993255615,7.28000020980835,7.730000019073486,7.110000133514404,7.409999847412109,165400
2020-04-02,5.8322038650512695,7.630000114440918,7.789999961853027,7.130000114440918,7.199999809265137,126800
2020-04-03,5.60289192199707,7.329999923706055,7.699999809265137,7.25,7.5,118400
2020-04-06,5.862780570983887,7.670000076293945,7.960000038146973,7.409999847412109,7.5,146200
2020-04-07,5.763410568237305,7.539999961853027,8.109999656677246,7.170000076293945,7.769999980926514,243600
2020-04-08,5.73283576965332,7.5,7.889999866485596,7.400000095367432,7.480000019073486,159400
2020-04-09,5.878066062927246,7.690000057220459,7.96999979019165,7.510000228881836,7.510000228881836,210800
2020-04-13,5.885711193084717,7.699999809265137,7.880000114440918,7.539999961853027,7.809999942779541,174400
2020-04-14,5.931573867797852,7.760000228881836,8.039999961853027,7.650000095367432,7.769999980926514,196600
2020-04-15,5.618178844451904,7.349999904632568,7.679999828338623,7.21999979019165,7.579999923706055,177600
2020-04-16,5.778697490692139,7.559999942779541,7.739999771118164,7.260000228881836,7.260000228881836,152400
2020-04-17,5.878066062927246,7.690000057220459,7.920000076293945,7.599999904632568,7.599999904632568,166700
2020-04-20,5.60289192199707,7.329999923706055,7.659999847412109,7.139999866485596,7.599999904632568,75100
2020-04-21,5.564671993255615,7.28000020980835,7.28000020980835,7.0,7.21999979019165,101600
2020-04-22,5.4729461669921875,7.159999847412109,7.550000190734863,7.099999904632568,7.550000190734863,65200
2020-04-23,6.115023612976074,8.0,8.130000114440918,7.159999847412109,7.159999847412109,261700
2020-04-24,6.183818340301514,8.09000015258789,8.119999885559082,7.690000057220459,7.980000019073486,87500
2020-04-27,6.061517715454102,7.929999828338623,8.210000038146973,7.840000152587891,8.210000038146973,119100
2020-04-28,6.0691609382629395,7.940000057220459,8.170000076293945,7.880000114440918,7.900000095367432,223700
2020-04-29,6.0691609382629395,7.940000057220459,8.119999885559082,7.789999961853027,8.100000381469727,193800
2020-04-30,6.038586139678955,7.900000095367432,7.989999771118164,7.650000095367432,7.949999809265137,136300
2020-05-01,5.908749103546143,7.599999904632568,7.760000228881836,7.380000114440918,7.760000228881836,75100
2020-05-04,5.96317195892334,7.670000076293945,7.710000038146973,7.380000114440918,7.599999904632568,68600
2020-05-05,5.970946788787842,7.679999828338623,7.849999904632568,7.449999809265137,7.449999809265137,104900
2020-05-06,5.916524410247803,7.610000133514404,7.789999961853027,7.510000228881836,7.769999980926514,79500
2020-05-07,5.93207311630249,7.630000114440918,7.869999885559082,7.559999942779541,7.670000076293945,82300
2020-05-08,5.924298286437988,7.619999885559082,7.880000114440918,7.559999942779541,7.769999980926514,128800
2020-05-11,6.033144474029541,7.760000228881836,7.800000190734863,7.420000076293945,7.619999885559082,107700
2020-05-12,5.970946788787842,7.679999828338623,7.989999771118164,7.670000076293945,7.920000076293945,155600
2020-05-13,5.8387770652771,7.510000228881836,7.800000190734863,7.440000057220459,7.760000228881836,155800
2020-05-14,5.753255367279053,7.400000095367432,7.539999961853027,7.179999828338623,7.539999961853027,78600
2020-05-15,5.776579856872559,7.429999828338623,7.5,7.320000171661377,7.369999885559082,69200
2020-05-18,5.893199443817139,7.579999923706055,7.710000038146973,7.46999979019165,7.590000152587891,97600
2020-05-19,5.877649307250977,7.559999942779541,7.679999828338623,7.5,7.5,64000
2020-05-20,5.908749103546143,7.599999904632568,7.840000152587891,7.519999980926514,7.550000190734863,75400
2020-05-21,5.947622776031494,7.650000095367432,7.75,7.539999961853027,7.679999828338623,64500
2020-05-22,6.009819984436035,7.730000019073486,7.800000190734863,7.510000228881836,7.630000114440918,93600
2020-05-26,6.165313720703125,7.929999828338623,8.15999984741211,7.900000095367432,7.900000095367432,89700
2020-05-27,6.320806980133057,8.130000114440918,8.289999961853027,7.96999979019165,7.989999771118164,170500
2020-05-28,6.211961269378662,7.989999771118164,8.149999618530273,7.920000076293945,8.100000381469727,96600
2020-05-29,6.141988754272461,7.900000095367432,8.119999885559082,7.869999885559082,7.889999866485596,127400
2020-06-01,6.188637733459473,7.960000038146973,8.15999984741211,7.889999866485596,7.889999866485596,99600
2020-06-02,6.305257320404053,8.109999656677246,8.149999618530273,7.909999847412109,7.909999847412109,104400
2020-06-03,6.211961269378662,7.989999771118164,8.300000190734863,7.989999771118164,8.15999984741211,132800
2020-06-04,6.219736099243164,8.0,8.15999984741211,7.980000019073486,8.039999961853027,89500
2020-06-05,6.235286712646484,8.020000457763672,8.119999885559082,7.929999828338623,8.0,121600
2020-06-08,6.3752288818359375,8.199999809265137,8.25,8.039999961853027,8.109999656677246,179200
2020-06-09,6.3674540519714355,8.1899995803833,8.239999771118164,8.020000457763672,8.069999694824219,156300
2020-06-10,6.3830037117004395,8.210000038146973,8.25,8.119999885559082,8.229999542236328,150000
2020-06-11,6.165313720703125,7.929999828338623,8.199999809265137,7.889999866485596,8.1899995803833,113900
2020-06-12,6.3674540519714355,8.1899995803833,8.220000267028809,7.96999979019165,7.96999979019165,108200
2020-06-15,6.3830037117004395,8.210000038146973,8.65999984741211,8.020000457763672,8.020000457763672,261100
2020-06-16,6.608469486236572,8.5,8.899999618530273,8.390000343322754,8.390000343322754,196100
2020-06-17,6.491849899291992,8.350000381469727,8.680000305175781,8.229999542236328,8.520000457763672,136700
2020-06-18,6.3830037117004395,8.210000038146973,8.479999542236328,8.180000305175781,8.199999809265137,122300
2020-06-19,6.3130316734313965,8.119999885559082,8.460000038146973,8.119999885559082,8.279999732971191,131800
2020-06-22,6.328582286834717,8.140000343322754,8.239999771118164,8.0,8.0,141100
2020-06-23,6.771738529205322,8.710000038146973,8.800000190734863,8.210000038146973,8.210000038146973,103600
2020-06-24,6.841710567474365,8.800000190734863,8.949999809265137,8.670000076293945,8.670000076293945,113700
2020-06-25,6.795062065124512,8.739999771118164,8.960000038146973,8.699999809265137,8.770000457763672,121800
2020-06-26,6.78728723526001,8.729999542236328,8.920000076293945,8.6899995803833,8.699999809265137,107100
2020-06-29,6.78728723526001,8.729999542236328,8.949999809265137,8.670000076293945,8.760000228881836,125800
2020-06-30,6.818386554718018,8.770000457763672,8.970000267028809,8.630000114440918,8.65999984741211,153300
2020-07-01,6.7639641761779785,8.699999809265137,8.859999656677246,8.680000305175781,8.680000305175781,152200
2020-07-02,6.771738529205322,8.710000038146973,8.899999618530273,8.699999809265137,8.699999809265137,130700
2020-07-06,6.756188869476318,8.6899995803833,8.890000343322754,8.640000343322754,8.710000038146973,147900
2020-07-07,6.678441047668457,8.59000015258789,8.760000228881836,8.479999542236328,8.760000228881836,126100
2020-07-08,6.546271800994873,8.420000076293945,8.670000076293945,8.420000076293945,8.579999923706055,113000
2020-07-09,6.522948265075684,8.390000343322754,8.569999694824219,8.380000114440918,8.40999984741211,125000
2020-07-10,6.608469486236572,8.5,8.579999923706055,8.380000114440918,8.380000114440918,96600
2020-07-13,6.662890911102295,8.569999694824219,8.800000190734863,8.5,8.5,116000
2020-07-14,6.709541320800781,8.630000114440918,8.75,8.520000457763672,8.520000457763672,101300
2020-07-15,6.8883562088012695,8.859999656677246,8.970000267028809,8.550000190734863,8.550000190734863,125600
2020-07-16,7.004979133605957,9.010000228881836,9.119999885559082,8.8100004196167,8.819999694824219,94000
2020-07-17,7.01275110244751,9.020000457763672,9.229999542236328,8.90999984741211,9.020000457763672,378200
2020-07-20,7.082723617553711,9.109999656677246,9.279999732971191,9.0,9.0,111500
2020-07-21,7.160472393035889,9.210000038146973,9.40999984741211,9.130000114440918,9.130000114440918,142700
2020-07-22,7.168246269226074,9.220000267028809,9.359999656677246,9.180000305175781,9.1899995803833,129600
2020-07-23,7.238218784332275,9.3100004196167,9.34000015258789,9.180000305175781,9.199999809265137,93200
2020-07-24,7.122273921966553,9.029999732971191,9.180000305175781,9.029999732971191,9.170000076293945,105900
2020-07-27,7.106500148773193,9.010000228881836,9.09000015258789,9.010000228881836,9.039999961853027,65800
2020-07-28,7.138049125671387,9.050000190734863,9.170000076293945,9.010000228881836,9.010000228881836,79300
2020-07-29,7.335232734680176,9.300000190734863,9.34000015258789,9.079999923706055,9.079999923706055,94600
2020-07-30,7.351006031036377,9.319999694824219,9.369999885559082,9.140000343322754,9.210000038146973,90700
2020-07-31,7.429878234863281,9.420000076293945,9.449999809265137,9.329999923706055,9.329999923706055,108200
2020-08-03,7.1695990562438965,9.09000015258789,9.399999618530273,9.050000190734863,9.3100004196167,105700
2020-08-04,7.1695990562438965,9.09000015258789,9.539999961853027,9.050000190734863,9.289999961853027,143800
2020-08-05,7.319458484649658,9.279999732971191,9.369999885559082,9.029999732971191,9.029999732971191,102600
2020-08-06,7.280019760131836,9.229999542236328,9.329999923706055,9.220000267028809,9.329999923706055,67200
2020-08-07,7.366782188415527,9.34000015258789,9.539999961853027,9.199999809265137,9.199999809265137,222100
2020-08-10,7.469316482543945,9.470000267028809,9.609999656677246,9.390000343322754,9.390000343322754,117100
2020-08-11,7.500866889953613,9.510000228881836,9.729999542236328,9.5,9.550000190734863,65300
2020-08-12,7.595515251159668,9.630000114440918,9.789999961853027,9.550000190734863,9.619999885559082,183500
2020-08-13,7.5245280265808105,9.539999961853027,9.600000381469727,9.460000038146973,9.600000381469727,42100
2020-08-14,7.587626934051514,9.619999885559082,9.630000114440918,9.510000228881836,9.529999732971191,104900
2020-08-17,7.619176387786865,9.65999984741211,9.739999771118164,9.539999961853027,9.539999961853027,97400
2020-08-18,7.642838954925537,9.6899995803833,9.6899995803833,9.550000190734863,9.609999656677246,85500
2020-08-19,7.571852207183838,9.600000381469727,9.6899995803833,9.529999732971191,9.6899995803833,49700
2020-08-20,7.6112895011901855,9.649999618530273,9.699999809265137,9.4399995803833,9.539999961853027,81100
2020-08-21,7.492979049682617,9.5,9.640000343322754,9.479999542236328,9.600000381469727,69200
2020-08-24,7.437769412994385,9.430000305175781,9.5,9.399999618530273,9.40999984741211,51700
2020-08-25,7.4141058921813965,9.399999618530273,9.449999809265137,9.319999694824219,9.449999809265137,40500
2020-08-26,7.280019760131836,9.229999542236328,9.399999618530273,9.229999542236328,9.399999618530273,29700
2020-08-27,7.335232734680176,9.300000190734863,9.319999694824219,9.180000305175781,9.279999732971191,42800
2020-08-28,7.358894348144531,9.329999923706055,9.369999885559082,9.149999618530273,9.3100004196167,31400
2020-08-31,7.729599475860596,9.800000190734863,9.800000190734863,9.15999984741211,9.279999732971191,297100
2020-09-01,7.492979049682617,9.5,9.760000228881836,9.399999618530273,9.760000228881836,80700
2020-09-02,7.516639709472656,9.529999732971191,9.529999732971191,9.399999618530273,9.5,50400
2020-09-03,7.461429595947266,9.460000038146973,9.550000190734863,9.449999809265137,9.460000038146973,93400
2020-09-04,7.374669075012207,9.350000381469727,9.5,9.350000381469727,9.470000267028809,67800
2020-09-08,7.3983306884765625,9.380000114440918,9.5,9.270000457763672,9.279999732971191,52500
2020-09-09,7.437769412994385,9.430000305175781,9.550000190734863,9.40999984741211,9.40999984741211,71500
2020-09-10,7.374669075012207,9.350000381469727,9.479999542236328,9.34000015258789,9.479999542236328,64600
2020-09-11,7.540302753448486,9.5600004196167,9.640000343322754,9.350000381469727,9.350000381469727,40400
2020-09-14,7.532415866851807,9.550000190734863,9.739999771118164,9.550000190734863,9.5600004196167,71500
2020-09-15,7.57974100112915,9.609999656677246,9.779999732971191,9.510000228881836,9.510000228881836,56700
2020-09-16,7.571852207183838,9.600000381469727,9.829999923706055,9.600000381469727,9.630000114440918,44000
2020-09-17,7.666501045227051,9.720000267028809,9.770000457763672,9.600000381469727,9.600000381469727,29000
2020-09-18,7.729599475860596,9.800000190734863,9.949999809265137,9.720000267028809,9.720000267028809,71700
2020-09-21,7.737486839294434,9.8100004196167,9.84000015258789,9.699999809265137,9.699999809265137,29200
2020-09-22,7.6270647048950195,9.670000076293945,9.949999809265137,9.670000076293945,9.800000190734863,52600
2020-09-23,7.57974100112915,9.609999656677246,9.779999732971191,9.600000381469727,9.65999984741211,47700
2020-09-24,7.642838954925537,9.6899995803833,9.779999732971191,9.609999656677246,9.609999656677246,96200
2020-09-25,7.6112895011901855,9.649999618530273,9.699999809265137,9.550000190734863,9.6899995803833,49600
2020-09-28,7.634952068328857,9.680000305175781,9.850000381469727,9.670000076293945,9.850000381469727,72700
2020-09-29,7.729599475860596,9.800000190734863,9.84000015258789,9.65999984741211,9.65999984741211,40100
2020-09-30,7.6901631355285645,9.75,9.84000015258789,9.75,9.760000228881836,34400
2020-10-01,7.603402137756348,9.640000343322754,9.770000457763672,9.630000114440918,9.65999984741211,69200
2020-10-02,7.650727272033691,9.699999809265137,9.779999732971191,9.600000381469727,9.600000381469727,20900
2020-10-05,7.642838954925537,9.6899995803833,9.789999961853027,9.649999618530273,9.739999771118164,63900
2020-10-06,7.548191070556641,9.569999694824219,9.720000267028809,9.5,9.640000343322754,77300
2020-10-07,7.445654392242432,9.4399995803833,9.630000114440918,9.4399995803833,9.529999732971191,70900
2020-10-08,7.563966274261475,9.59000015258789,9.699999809265137,9.5,9.5,41600
2020-10-09,7.571852207183838,9.600000381469727,9.680000305175781,9.5600004196167,9.619999885559082,223200
2020-10-12,7.6112895011901855,9.649999618530273,9.800000190734863,9.600000381469727,9.600000381469727,85400
2020-10-13,7.57974100112915,9.609999656677246,9.729999542236328,9.609999656677246,9.640000343322754,51100
2020-10-14,7.603402137756348,9.640000343322754,9.729999542236328,9.619999885559082,9.619999885559082,40100
2020-10-15,7.6112895011901855,9.649999618530273,9.739999771118164,9.579999923706055,9.619999885559082,42800
2020-10-16,7.500866889953613,9.510000228881836,9.699999809265137,9.510000228881836,9.640000343322754,106000
2020-10-19,7.485090255737305,9.489999771118164,9.5600004196167,9.479999542236328,9.5,62900
2020-10-20,7.516639709472656,9.529999732971191,9.5600004196167,9.479999542236328,9.5,60800
2020-10-21,7.603402137756348,9.640000343322754,9.739999771118164,9.550000190734863,9.609999656677246,63600
2020-10-22,7.453543186187744,9.449999809265137,9.649999618530273,9.40999984741211,9.640000343322754,49400
2020-10-23,7.571852207183838,9.600000381469727,9.729999542236328,9.510000228881836,9.510000228881836,80400
2020-10-26,7.516639709472656,9.529999732971191,9.65999984741211,9.399999618530273,9.520000457763672,77300
2020-10-27,7.6112895011901855,9.649999618530273,9.710000038146973,9.550000190734863,9.550000190734863,62600
2020-10-28,7.429878234863281,9.420000076293945,9.680000305175781,9.390000343322754,9.640000343322754,51900
2020-10-29,7.453543186187744,9.449999809265137,9.609999656677246,9.3100004196167,9.380000114440918,81100
2020-10-30,7.567944049835205,9.460000038146973,9.59000015258789,9.40999984741211,9.449999809265137,45600
2020-11-02,7.71994161605835,9.649999618530273,9.720000267028809,9.470000267028809,9.489999771118164,53300
2020-11-03,7.607941627502441,9.510000228881836,9.800000190734863,9.489999771118164,9.670000076293945,81100
2020-11-04,7.559940814971924,9.449999809265137,9.619999885559082,9.4399995803833,9.609999656677246,43000
2020-11-05,7.647941589355469,9.5600004196167,9.630000114440918,9.470000267028809,9.5,118500
2020-11-06,7.591940402984619,9.489999771118164,9.65999984741211,9.460000038146973,9.600000381469727,85000
2020-11-09,7.607941627502441,9.510000228881836,9.6899995803833,9.430000305175781,9.579999923706055,126300
2020-11-10,7.783939361572266,9.729999542236328,9.770000457763672,9.529999732971191,9.649999618530273,152400
2020-11-11,7.855939865112305,9.819999694824219,9.850000381469727,9.710000038146973,9.710000038146973,139900
2020-11-12,7.9199371337890625,9.899999618530273,9.90999984741211,9.779999732971191,9.829999923706055,53400
2020-11-13,7.9119391441345215,9.890000343322754,9.920000076293945,9.770000457763672,9.899999618530273,31900
2020-11-16,7.887939929962158,9.859999656677246,9.930000305175781,9.829999923706055,9.859999656677246,39000
2020-11-17,7.7999396324157715,9.75,9.800000190734863,9.670000076293945,9.75,40700
2020-11-18,7.759940147399902,9.699999809265137,9.850000381469727,9.609999656677246,9.75,39100
2020-11-19,7.839939594268799,9.800000190734863,9.8100004196167,9.699999809265137,9.699999809265137,24700
2020-11-20,7.807940483093262,9.760000228881836,9.84000015258789,9.75,9.829999923706055,31300
2020-11-23,7.7999396324157715,9.75,9.819999694824219,9.699999809265137,9.739999771118164,30000
2020-11-24,7.887939929962158,9.859999656677246,9.899999618530273,9.729999542236328,9.729999542236328,48100
2020-11-25,7.695940971374512,9.619999885559082,9.859999656677246,9.550000190734863,9.850000381469727,78300
2020-11-27,7.759940147399902,9.699999809265137,9.789999961853027,9.5600004196167,9.5600004196167,71100
2020-11-30,7.655941009521484,9.569999694824219,9.979999542236328,9.569999694824219,9.640000343322754,125000
2020-12-01,7.7359395027160645,9.670000076293945,9.800000190734863,9.600000381469727,9.600000381469727,90300
2020-12-02,7.791940689086914,9.739999771118164,9.789999961853027,9.640000343322754,9.649999618530273,37900
2020-12-03,7.759940147399902,9.699999809265137,9.800000190734863,9.680000305175781,9.680000305175781,38600
2020-12-04,7.7999396324157715,9.75,9.800000190734863,9.680000305175781,9.680000305175781,35000
2020-12-07,7.7039408683776855,9.630000114440918,9.8100004196167,9.630000114440918,9.739999771118164,37900
2020-12-08,7.631940841674805,9.539999961853027,9.779999732971191,9.5,9.600000381469727,74500
2020-12-09,7.68794059753418,9.609999656677246,9.65999984741211,9.5,9.5,121800
2020-12-10,7.7039408683776855,9.630000114440918,9.779999732971191,9.550000190734863,9.550000190734863,67400
2020-12-11,7.639942169189453,9.550000190734863,9.680000305175781,9.510000228881836,9.600000381469727,49900
2020-12-14,7.431942939758301,9.289999961853027,9.600000381469727,9.279999732971191,9.5,65500
2020-12-15,7.679941654205322,9.600000381469727,9.609999656677246,9.279999732971191,9.279999732971191,82600
2020-12-16,7.607941627502441,9.510000228881836,9.670000076293945,9.449999809265137,9.59000015258789,68300
2020-12-17,7.767939567565918,9.710000038146973,9.859999656677246,9.520000457763672,9.569999694824219,105800
2020-12-18,7.71994161605835,9.649999618530273,9.760000228881836,9.609999656677246,9.680000305175781,42500
2020-12-21,7.551941394805908,9.4399995803833,9.619999885559082,9.399999618530273,9.569999694824219,96500
2020-12-22,7.551941394805908,9.4399995803833,9.600000381469727,9.390000343322754,9.40999984741211,86700
2020-12-23,7.599940776824951,9.5,9.579999923706055,9.390000343322754,9.470000267028809,102500
2020-12-24,7.599940776824951,9.5,9.569999694824219,9.460000038146973,9.460000038146973,44000
2020-12-28,7.607941627502441,9.510000228881836,9.6899995803833,9.470000267028809,9.470000267028809,125200
2020-12-29,7.599940776824951,9.5,9.609999656677246,9.430000305175781,9.4399995803833,77500
2020-12-30,7.295942783355713,9.119999885559082,9.59000015258789,9.069999694824219,9.420000076293945,230600
2020-12-31,7.5279412269592285,9.40999984741211,9.529999732971191,9.140000343322754,9.140000343322754,107100
2021-01-04,7.487942218780518,9.359999656677246,9.390000343322754,9.3100004196167,9.3100004196167,56000
2021-01-05,7.503941535949707,9.380000114440918,9.420000076293945,9.34000015258789,9.350000381469727,55400
2021-01-06,7.5279412269592285,9.40999984741211,9.600000381469727,9.350000381469727,9.380000114440918,77700
2021-01-07,7.535942077636719,9.420000076293945,9.569999694824219,9.40999984741211,9.430000305175781,94600
2021-01-08,7.57594108581543,9.470000267028809,9.579999923706055,9.420000076293945,9.479999542236328,78200
2021-01-11,7.535942077636719,9.420000076293945,9.489999771118164,9.369999885559082,9.369999885559082,65800
2021-01-12,7.615940093994141,9.520000457763672,9.630000114440918,9.460000038146973,9.5,75900
2021-01-13,7.57594108581543,9.470000267028809,9.649999618530273,9.420000076293945,9.529999732971191,62500
2021-01-14,7.623940944671631,9.529999732971191,9.609999656677246,9.449999809265137,9.449999809265137,59900
2021-01-15,7.759940147399902,9.699999809265137,9.720000267028809,9.470000267028809,9.489999771118164,168800
2021-01-19,7.807940483093262,9.760000228881836,9.850000381469727,9.720000267028809,9.75,127200
2021-01-20,7.759940147399902,9.699999809265137,9.890000343322754,9.6899995803833,9.779999732971191,66200
2021-01-21,7.879940986633301,9.850000381469727,9.899999618530273,9.649999618530273,9.739999771118164,49300
2021-01-22,7.890481472015381,9.729999542236328,9.800000190734863,9.680000305175781,9.720000267028809,45100
2021-01-25,7.987796783447266,9.850000381469727,9.859999656677246,9.699999809265137,9.699999809265137,44600
2021-01-26,7.906700134277344,9.75,9.899999618530273,9.739999771118164,9.899999618530273,39200
2021-01-27,7.88237190246582,9.720000267028809,9.829999923706055,9.710000038146973,9.75,54400
2021-01-28,7.77694845199585,9.59000015258789,9.779999732971191,9.550000190734863,9.760000228881836,63900
2021-01-29,7.752622127532959,9.5600004196167,9.729999542236328,9.449999809265137,9.5,181000
2021-02-01,7.83371639251709,9.65999984741211,9.84000015258789,9.59000015258789,9.59000015258789,75600
2021-02-02,7.939138889312744,9.789999961853027,9.949999809265137,9.649999618530273,9.720000267028809,79200
2021-02-03,8.076998710632324,9.960000038146973,9.960000038146973,9.789999961853027,9.789999961853027,61600
2021-02-04,7.931028842926025,9.779999732971191,9.979999542236328,9.699999809265137,9.869999885559082,63400
2021-02-05,8.060779571533203,9.9399995803833,9.960000038146973,9.84000015258789,9.869999885559082,19600
2021-02-08,8.044561386108398,9.920000076293945,9.949999809265137,9.859999656677246,9.9399995803833,15800
2021-02-09,8.060779571533203,9.9399995803833,10.0,9.890000343322754,9.890000343322754,31200
2021-02-10,7.931028842926025,9.779999732971191,9.90999984741211,9.729999542236328,9.90999984741211,38500
2021-02-11,7.87426233291626,9.710000038146973,9.899999618530273,9.699999809265137,9.720000267028809,80700
2021-02-12,7.922917366027832,9.770000457763672,9.800000190734863,9.720000267028809,9.729999542236328,27500
2021-02-16,7.931028842926025,9.779999732971191,9.859999656677246,9.75,9.800000190734863,77400
2021-02-17,7.979684352874756,9.84000015258789,9.920000076293945,9.75,9.760000228881836,72600
2021-02-18,7.866152763366699,9.699999809265137,9.880000114440918,9.699999809265137,9.84000015258789,47800
2021-02-19,7.955358028411865,9.8100004196167,9.850000381469727,9.739999771118164,9.739999771118164,22000
2021-02-22,7.914811611175537,9.760000228881836,9.890000343322754,9.75,9.890000343322754,32800
2021-02-23,7.906700134277344,9.75,9.890000343322754,9.729999542236328,9.75,95100
2021-02-24,7.914811611175537,9.760000228881836,9.880000114440918,9.75,9.8100004196167,43900
2021-02-25,7.866152763366699,9.699999809265137,9.8100004196167,9.6899995803833,9.800000190734863,35000
2021-02-26,7.809387683868408,9.630000114440918,9.779999732971191,9.569999694824219,9.6899995803833,83100
2021-03-01,7.979684352874756,9.84000015258789,9.890000343322754,9.680000305175781,9.680000305175781,46700
2021-03-02,8.020231246948242,9.890000343322754,9.949999809265137,9.8100004196167,9.829999923706055,69000
2021-03-03,8.117547035217285,10.010000228881836,10.010000228881836,9.84000015258789,9.84000015258789,89900
2021-03-04,8.149983406066895,10.050000190734863,10.149999618530273,9.979999542236328,10.039999961853027,39000
2021-03-05,8.417594909667969,10.380000114440918,10.380000114440918,10.020000457763672,10.130000114440918,66700
2021-03-08,8.320281028747559,10.260000228881836,10.369999885559082,10.0600004196167,10.369999885559082,50000
2021-03-09,8.312171936035156,10.25,10.399999618530273,10.239999771118164,10.239999771118164,68300
2021-03-10,8.33650016784668,10.279999732971191,10.380000114440918,10.239999771118164,10.319999694824219,77500
2021-03-11,8.352718353271484,10.300000190734863,10.359999656677246,10.1899995803833,10.34000015258789,55100
2021-03-12,8.417594909667969,10.380000114440918,10.399999618530273,10.25,10.260000228881836,20600
2021-03-15,8.409483909606934,10.369999885559082,10.420000076293945,10.270000457763672,10.399999618530273,43300
2021-03-16,8.360830307006836,10.3100004196167,10.40999984741211,10.270000457763672,10.40999984741211,35300
2021-03-17,8.433812141418457,10.399999618530273,10.399999618530273,10.1899995803833,10.260000228881836,43700
2021-03-18,8.474361419677734,10.449999809265137,10.470000267028809,10.210000038146973,10.380000114440918,77400
2021-03-19,8.27973461151123,10.210000038146973,10.420000076293945,10.1899995803833,10.420000076293945,29100
2021-03-22,8.33650016784668,10.279999732971191,10.34000015258789,10.239999771118164,10.329999923706055,40200
2021-03-23,8.433812141418457,10.399999618530273,10.520000457763672,10.270000457763672,10.279999732971191,68600
2021-03-24,8.50679874420166,10.489999771118164,10.5,10.369999885559082,10.489999771118164,49100
2021-03-25,8.38515853881836,10.34000015258789,10.5,10.319999694824219,10.34000015258789,82300
2021-03-26,8.4662504196167,10.4399995803833,10.5,10.350000381469727,10.350000381469727,31000
2021-03-29,8.401374816894531,10.359999656677246,10.520000457763672,10.329999923706055,10.470000267028809,28800
2021-03-30,8.596003532409668,10.600000381469727,10.699999809265137,10.479999542236328,10.699999809265137,92600
2021-03-31,8.587892532348633,10.59000015258789,10.800000190734863,10.529999732971191,10.720000267028809,59000
2021-04-01,8.782520294189453,10.829999923706055,10.829999923706055,10.600000381469727,10.600000381469727,72200
2021-04-05,9.00958251953125,11.109999656677246,11.109999656677246,10.850000381469727,10.880000114440918,69800
2021-04-06,8.993364334106445,11.09000015258789,11.119999885559082,11.010000228881836,11.119999885559082,20500
2021-04-07,8.960926055908203,11.050000190734863,11.119999885559082,10.9399995803833,10.979999542236328,30700
2021-04-08,8.936599731445312,11.020000457763672,11.050000190734863,10.880000114440918,10.960000038146973,13400
2021-04-09,8.944709777832031,11.029999732971191,11.09000015258789,11.0,11.09000015258789,16300
2021-04-12,8.855504035949707,10.920000076293945,11.119999885559082,10.890000343322754,11.119999885559082,72500
2021-04-13,8.741971015930176,10.779999732971191,10.979999542236328,10.770000457763672,10.890000343322754,93400
2021-04-14,9.001474380493164,11.100000381469727,11.109999656677246,10.829999923706055,10.829999923706055,48900
2021-04-15,9.074459075927734,11.1899995803833,11.199999809265137,10.989999771118164,11.050000190734863,35500
2021-04-16,8.441923141479492,10.40999984741211,11.199999809265137,10.40999984741211,11.199999809265137,202200
2021-04-19,8.847393035888672,10.90999984741211,10.960000038146973,10.520000457763672,10.5600004196167,159600
2021-04-20,8.977145195007324,11.069999694824219,11.170000076293945,10.859999656677246,10.960000038146973,55800
2021-04-21,8.936599731445312,11.020000457763672,11.09000015258789,10.949999809265137,11.09000015258789,34000
2021-04-22,8.879833221435547,10.949999809265137,11.079999923706055,10.949999809265137,10.970000267028809,39700
2021-04-23,8.80684757232666,10.859999656677246,11.069999694824219,10.859999656677246,11.069999694824219,42600
2021-04-26,8.88794231414795,10.960000038146973,11.039999961853027,10.819999694824219,10.90999984741211,122700
2021-04-27,8.904160499572754,10.979999542236328,11.039999961853027,10.930000305175781,11.020000457763672,22500
2021-04-28,8.960926055908203,11.050000190734863,11.050000190734863,10.930000305175781,10.949999809265137,33700
2021-04-29,9.08256721496582,11.199999809265137,11.239999771118164,10.90999984741211,11.109999656677246,102000
2021-04-30,8.698959350585938,10.59000015258789,11.09000015258789,10.550000190734863,11.039999961853027,116800
2021-05-03,8.77288818359375,10.680000305175781,10.84000015258789,10.609999656677246,10.65999984741211,41400
2021-05-04,8.838602066040039,10.760000228881836,10.960000038146973,10.619999885559082,10.649999618530273,39000
2021-05-05,8.863245010375977,10.789999961853027,11.119999885559082,10.430000305175781,10.720000267028809,87100
2021-05-06,9.043961524963379,11.010000228881836,11.149999618530273,10.630000114440918,10.720000267028809,40800
2021-05-07,9.109674453735352,11.09000015258789,12.029999732971191,10.619999885559082,11.069999694824219,161500
2021-05-10,8.912531852722168,10.850000381469727,11.140000343322754,10.75,11.140000343322754,76100
2021-05-11,8.945388793945312,10.890000343322754,11.109999656677246,10.760000228881836,11.0,49700
2021-05-12,8.805745124816895,10.720000267028809,11.100000381469727,10.630000114440918,10.920000076293945,48400
2021-05-13,8.912531852722168,10.850000381469727,11.010000228881836,10.640000343322754,10.640000343322754,76600
2021-05-14,8.510030746459961,10.359999656677246,10.9399995803833,10.319999694824219,10.9399995803833,169100
2021-05-17,8.58396053314209,10.449999809265137,10.739999771118164,10.399999618530273,10.5,102900
2021-05-18,8.534672737121582,10.390000343322754,10.510000228881836,10.319999694824219,10.40999984741211,86900
2021-05-19,8.485387802124023,10.329999923706055,10.460000038146973,10.199999809265137,10.350000381469727,53000
2021-05-20,8.46074390411377,10.300000190734863,10.609999656677246,10.25,10.34000015258789,62200
2021-05-21,8.58396053314209,10.449999809265137,10.710000038146973,10.100000381469727,10.25,149900
2021-05-24,8.559317588806152,10.420000076293945,10.890000343322754,10.220000267028809,10.449999809265137,107500
2021-05-25,8.567530632019043,10.430000305175781,10.829999923706055,10.239999771118164,10.510000228881836,155900
2021-05-26,8.559317588806152,10.420000076293945,10.529999732971191,10.319999694824219,10.390000343322754,77300
2021-05-27,8.337530136108398,10.149999618530273,10.579999923706055,10.149999618530273,10.369999885559082,600000
2021-05-28,8.58396053314209,10.449999809265137,10.449999809265137,10.149999618530273,10.149999618530273,61400
2021-06-01,8.912531852722168,10.850000381469727,10.960000038146973,10.529999732971191,10.5600004196167,115100
2021-06-02,8.912531852722168,10.850000381469727,11.050000190734863,10.75,10.890000343322754,120900
2021-06-03,8.920745849609375,10.859999656677246,11.0,10.729999542236328,10.90999984741211,211900
2021-06-04,8.945388793945312,10.890000343322754,11.079999923706055,10.84000015258789,10.880000114440918,133300
2021-06-07,8.945388793945312,10.890000343322754,11.050000190734863,10.850000381469727,11.0,101100
2021-06-08,9.101461410522461,11.079999923706055,11.149999618530273,10.920000076293945,10.949999809265137,94700
2021-06-09,9.208247184753418,11.210000038146973,11.270000457763672,11.039999961853027,11.039999961853027,88900
2021-06-10,9.117891311645508,11.100000381469727,11.380000114440918,11.100000381469727,11.220000267028809,87600
2021-06-11,9.265746116638184,11.279999732971191,11.350000381469727,11.130000114440918,11.220000267028809,39500
2021-06-14,9.25753402709961,11.270000457763672,11.369999885559082,11.199999809265137,11.369999885559082,21500
2021-06-15,9.306818962097168,11.329999923706055,11.380000114440918,11.1899995803833,11.1899995803833,31300
2021-06-16,9.282176971435547,11.300000190734863,11.350000381469727,11.25,11.300000190734863,25000
2021-06-17,9.25753402709961,11.270000457763672,11.329999923706055,11.25,11.329999923706055,22000
2021-06-18,9.191818237304688,11.1899995803833,11.319999694824219,11.15999984741211,11.25,51600
2021-06-21,9.315033912658691,11.34000015258789,11.479999542236328,11.260000228881836,11.289999961853027,51500
2021-06-22,9.27396297454834,11.289999961853027,11.380000114440918,11.229999542236328,11.300000190734863,25700
2021-06-23,9.25753402709961,11.270000457763672,11.369999885559082,11.119999885559082,11.170000076293945,73100
2021-06-24,9.27396297454834,11.289999961853027,11.460000038146973,11.270000457763672,11.300000190734863,50000
2021-06-25,9.241104125976562,11.25,11.350000381469727,11.25,11.25,49600
2021-06-28,9.290390968322754,11.3100004196167,11.399999618530273,11.25,11.390000343322754,52900
2021-06-29,9.232890129089355,11.239999771118164,11.350000381469727,11.149999618530273,11.350000381469727,54100
2021-06-30,9.200032234191895,11.199999809265137,11.319999694824219,11.1899995803833,11.319999694824219,47800
2021-07-01,9.27396297454834,11.289999961853027,11.449999809265137,11.1899995803833,11.260000228881836,47200
2021-07-02,9.298604011535645,11.319999694824219,11.369999885559082,11.25,11.289999961853027,22300
2021-07-06,9.339674949645996,11.369999885559082,11.380000114440918,11.1899995803833,11.319999694824219,47600
2021-07-07,9.323247909545898,11.350000381469727,11.4399995803833,11.270000457763672,11.319999694824219,38600
2021-07-08,9.315033912658691,11.34000015258789,11.369999885559082,11.199999809265137,11.300000190734863,39300
2021-07-09,9.397175788879395,11.4399995803833,11.470000267028809,11.300000190734863,11.460000038146973,20300
2021-07-12,9.405390739440918,11.449999809265137,11.5,11.329999923706055,11.5,27200
2021-07-13,9.27396297454834,11.289999961853027,11.449999809265137,11.229999542236328,11.449999809265137,33100
2021-07-14,9.306818962097168,11.329999923706055,11.359999656677246,11.25,11.25,36600
2021-07-15,9.364319801330566,11.399999618530273,11.430000305175781,11.25,11.329999923706055,17900
2021-07-16,9.512177467346191,11.579999923706055,11.579999923706055,11.25,11.34000015258789,69900
2021-07-19,9.175389289855957,11.170000076293945,11.529999732971191,11.170000076293945,11.529999732971191,89000
2021-07-20,9.265746116638184,11.279999732971191,11.529999732971191,11.260000228881836,11.390000343322754,41900
2021-07-21,9.405390739440918,11.449999809265137,11.550000190734863,11.279999732971191,11.279999732971191,39600
2021-07-22,9.635392189025879,11.729999542236328,11.760000228881836,11.329999923706055,11.520000457763672,103200
2021-07-23,9.76262092590332,11.739999771118164,11.75,11.470000267028809,11.649999618530273,38100
2021-07-26,9.654518127441406,11.609999656677246,11.75,11.600000381469727,11.699999809265137,26400
2021-07-27,9.662833213806152,11.619999885559082,11.630000114440918,11.460000038146973,11.600000381469727,23400
2021-07-28,9.845780372619629,11.84000015258789,11.850000381469727,11.529999732971191,11.569999694824219,36400
2021-07-29,9.804201126098633,11.789999961853027,11.850000381469727,11.710000038146973,11.770000457763672,23700
2021-07-30,9.804201126098633,11.789999961853027,11.890000343322754,11.630000114440918,11.800000190734863,45600
2021-08-02,9.76262092590332,11.739999771118164,11.890000343322754,11.609999656677246,11.890000343322754,105100
2021-08-03,9.79588508605957,11.779999732971191,11.829999923706055,11.649999618530273,11.8100004196167,68800
2021-08-04,9.504836082458496,11.430000305175781,11.789999961853027,11.430000305175781,11.760000228881836,60600
2021-08-05,9.247048377990723,11.119999885559082,11.380000114440918,11.029999732971191,11.319999694824219,60800
2021-08-06,9.255367279052734,11.130000114440918,11.359999656677246,11.079999923706055,11.220000267028809,35500
2021-08-09,8.947683334350586,10.760000228881836,11.0,10.760000228881836,10.989999771118164,74600
2021-08-10,9.030838966369629,10.859999656677246,10.890000343322754,10.760000228881836,10.779999732971191,32200
2021-08-11,9.00589370727539,10.829999923706055,10.90999984741211,10.8100004196167,10.859999656677246,35700
2021-08-12,8.847895622253418,10.640000343322754,10.890000343322754,10.600000381469727,10.869999885559082,77800
2021-08-13,8.773054122924805,10.550000190734863,10.829999923706055,10.520000457763672,10.649999618530273,53600
2021-08-16,8.523582458496094,10.25,10.5,10.239999771118164,10.470000267028809,170300
2021-08-17,8.615056037902832,10.359999656677246,10.550000190734863,10.279999732971191,10.279999732971191,75100
2021-08-18,8.648319244384766,10.399999618530273,10.510000228881836,10.359999656677246,10.399999618530273,91400
2021-08-19,8.623370170593262,10.369999885559082,10.460000038146973,10.300000190734863,10.3100004196167,78000
2021-08-20,8.756422996520996,10.529999732971191,10.670000076293945,10.369999885559082,10.4399995803833,57200
2021-08-23,8.947683334350586,10.760000228881836,10.819999694824219,10.489999771118164,10.609999656677246,39600
2021-08-24,8.623370170593262,10.369999885559082,10.84000015258789,10.319999694824219,10.84000015258789,153400
2021-08-25,8.723160743713379,10.489999771118164,10.569999694824219,10.3100004196167,10.3100004196167,50900
2021-08-26,8.689897537231445,10.449999809265137,10.550000190734863,10.399999618530273,10.449999809265137,51000
2021-08-27,8.906105995178223,10.710000038146973,10.850000381469727,10.539999961853027,10.539999961853027,54500
2021-08-30,8.864527702331543,10.65999984741211,10.779999732971191,10.600000381469727,10.609999656677246,37400
2021-08-31,9.130627632141113,10.979999542236328,10.979999542236328,10.600000381469727,10.600000381469727,107900
2021-09-01,9.064103126525879,10.899999618530273,10.979999542236328,10.8100004196167,10.920000076293945,47600
2021-09-02,9.014209747314453,10.84000015258789,10.90999984741211,10.760000228881836,10.850000381469727,32100
2021-09-03,8.872842788696289,10.670000076293945,10.84000015258789,10.630000114440918,10.84000015258789,55800
2021-09-07,8.822948455810547,10.609999656677246,10.75,10.510000228881836,10.630000114440918,79300
2021-09-08,8.648319244384766,10.399999618530273,10.640000343322754,10.359999656677246,10.609999656677246,83000
2021-09-09,8.689897537231445,10.449999809265137,10.550000190734863,10.34000015258789,10.34000015258789,94000
2021-09-10,8.598424911499023,10.34000015258789,10.619999885559082,10.3100004196167,10.619999885559082,76700
2021-09-13,8.515266418457031,10.239999771118164,10.460000038146973,10.239999771118164,10.3100004196167,94200
2021-09-14,8.282428741455078,9.960000038146973,10.350000381469727,9.579999923706055,10.350000381469727,140200
2021-09-15,8.182640075683594,9.84000015258789,10.09000015258789,9.819999694824219,9.989999771118164,92700
2021-09-16,8.257481575012207,9.930000305175781,10.130000114440918,9.819999694824219,9.819999694824219,83600
2021-09-17,8.274112701416016,9.949999809265137,10.069999694824219,9.890000343322754,9.989999771118164,94300
2021-09-20,8.141061782836914,9.789999961853027,9.949999809265137,9.680000305175781,9.949999809265137,70400
2021-09-21,8.066222190856934,9.699999809265137,10.0600004196167,9.699999809265137,9.800000190734863,81100
2021-09-22,8.215903282165527,9.880000114440918,9.979999542236328,9.699999809265137,9.779999732971191,51000
2021-09-23,8.290743827819824,9.970000267028809,10.069999694824219,9.9399995803833,9.960000038146973,42400
2021-09-24,8.48200511932373,10.199999809265137,10.279999732971191,9.949999809265137,9.949999809265137,67000
2021-09-27,8.689897537231445,10.449999809265137,10.630000114440918,10.210000038146973,10.239999771118164,61500
2021-09-28,8.581792831420898,10.319999694824219,10.579999923706055,10.289999961853027,10.520000457763672,35200
2021-09-29,8.515266418457031,10.239999771118164,10.489999771118164,10.15999984741211,10.430000305175781,68400
2021-09-30,8.473688125610352,10.1899995803833,10.319999694824219,10.15999984741211,10.300000190734863,52300
2021-10-01,8.473688125610352,10.1899995803833,10.329999923706055,10.170000076293945,10.220000267028809,33300
2021-10-04,8.432110786437988,10.140000343322754,10.260000228881836,10.100000381469727,10.239999771118164,64200
2021-10-05,8.656634330749512,10.40999984741211,10.510000228881836,10.109999656677246,10.199999809265137,67600
2021-10-06,8.598424911499023,10.34000015258789,10.420000076293945,10.25,10.399999618530273,60600
2021-10-07,8.781370162963867,10.5600004196167,10.670000076293945,10.420000076293945,10.420000076293945,39000
2021-10-08,8.623370170593262,10.369999885559082,10.59000015258789,10.350000381469727,10.569999694824219,43700
2021-10-11,8.756422996520996,10.529999732971191,10.539999961853027,10.279999732971191,10.369999885559082,41700
2021-10-12,8.764738082885742,10.539999961853027,10.630000114440918,10.460000038146973,10.460000038146973,59500
2021-10-13,8.781370162963867,10.5600004196167,10.6899995803833,10.470000267028809,10.6899995803833,85000
2021-10-14,8.839579582214355,10.630000114440918,10.8100004196167,10.579999923706055,10.649999618530273,54400
2021-10-15,8.947683334350586,10.760000228881836,10.770000457763672,10.569999694824219,10.59000015258789,57000
2021-10-18,8.831266403198242,10.619999885559082,10.8100004196167,10.600000381469727,10.770000457763672,43300
2021-10-19,8.822948455810547,10.609999656677246,10.729999542236328,10.579999923706055,10.59000015258789,27400
2021-10-20,8.864527702331543,10.65999984741211,10.779999732971191,10.5,10.550000190734863,40100
2021-10-21,8.980947494506836,10.800000190734863,10.859999656677246,10.579999923706055,10.579999923706055,37100
2021-10-22,9.055788040161133,10.890000343322754,10.930000305175781,10.75,10.75,18900
2021-10-25,9.19715404510498,11.0600004196167,11.180000305175781,10.899999618530273,10.899999618530273,64400
2021-10-26,9.19715404510498,11.0600004196167,11.260000228881836,11.020000457763672,11.079999923706055,34800
2021-10-27,9.180522918701172,11.039999961853027,11.119999885559082,10.960000038146973,11.0600004196167,35900
2021-10-28,9.346837997436523,11.239999771118164,11.300000190734863,11.020000457763672,11.020000457763672,43700
2021-10-29,9.559935569763184,11.350000381469727,11.350000381469727,11.109999656677246,11.109999656677246,28000
2021-11-01,9.475707054138184,11.25,11.350000381469727,11.130000114440918,11.350000381469727,34900
2021-11-02,9.324095726013184,11.069999694824219,11.25,11.0,11.180000305175781,45700
2021-11-03,9.399901390075684,11.15999984741211,11.289999961853027,11.09000015258789,11.100000381469727,46200
2021-11-04,9.340941429138184,11.09000015258789,11.270000457763672,11.0,11.199999809265137,43500
2021-11-05,9.3746337890625,11.130000114440918,11.289999961853027,11.039999961853027,11.199999809265137,64200
2021-11-08,9.484129905700684,11.260000228881836,11.279999732971191,11.130000114440918,11.130000114440918,41400
2021-11-09,9.458861351013184,11.229999542236328,11.350000381469727,11.170000076293945,11.170000076293945,52300
2021-11-10,9.450439453125,11.220000267028809,11.329999923706055,11.1899995803833,11.220000267028809,21100
2021-11-11,9.46728515625,11.239999771118164,11.289999961853027,11.239999771118164,11.279999732971191,15800
2021-11-12,9.5093994140625,11.289999961853027,11.319999694824219,11.239999771118164,11.239999771118164,10900
2021-11-15,9.475707054138184,11.25,11.350000381469727,11.220000267028809,11.350000381469727,14300
2021-11-16,9.223020553588867,10.949999809265137,11.3100004196167,10.930000305175781,11.3100004196167,33900
2021-11-17,9.273558616638184,11.010000228881836,11.079999923706055,10.930000305175781,11.0,31200
2021-11-18,9.180906295776367,10.899999618530273,11.140000343322754,10.8100004196167,11.140000343322754,31500
2021-11-19,9.088254928588867,10.789999961853027,10.890000343322754,10.75,10.880000114440918,14700
2021-11-22,8.616576194763184,10.229999542236328,10.930000305175781,10.199999809265137,10.869999885559082,83800
2021-11-23,8.97033405303955,10.649999618530273,10.739999771118164,10.300000190734863,10.319999694824219,58300
2021-11-24,8.843993186950684,10.5,10.829999923706055,10.3100004196167,10.520000457763672,71200
2021-11-26,8.683959007263184,10.3100004196167,10.449999809265137,10.3100004196167,10.359999656677246,24300
2021-11-29,8.726073265075684,10.359999656677246,10.619999885559082,10.329999923706055,10.619999885559082,50200
2021-11-30,8.2965087890625,9.850000381469727,10.390000343322754,9.850000381469727,10.350000381469727,129600
2021-12-01,8.582883834838867,10.1899995803833,10.5600004196167,10.119999885559082,10.119999885559082,57900
2021-12-02,8.751341819763184,10.390000343322754,10.489999771118164,10.210000038146973,10.210000038146973,27700
2021-12-03,8.5997314453125,10.210000038146973,10.399999618530273,9.899999618530273,10.3100004196167,76000
2021-12-06,8.700804710388184,10.329999923706055,10.479999542236328,10.210000038146973,10.229999542236328,48000
2021-12-07,8.75976276397705,10.399999618530273,10.489999771118164,10.199999809265137,10.199999809265137,57800
2021-12-08,8.776610374450684,10.420000076293945,10.569999694824219,10.390000343322754,10.399999618530273,29600
2021-12-09,8.987181663513184,10.670000076293945,10.800000190734863,10.529999732971191,10.5600004196167,47600
2021-12-10,9.046140670776367,10.739999771118164,10.800000190734863,10.59000015258789,10.59000015258789,31400
2021-12-13,8.953489303588867,10.630000114440918,10.789999961853027,10.600000381469727,10.710000038146973,28100
2021-12-14,8.9029541015625,10.569999694824219,10.699999809265137,10.460000038146973,10.550000190734863,65700
2021-12-15,8.810301780700684,10.460000038146973,10.819999694824219,10.329999923706055,10.5600004196167,84900
2021-12-16,8.9366455078125,10.609999656677246,10.6899995803833,10.510000228881836,10.510000228881836,41600
2021-12-17,8.843993186950684,10.5,10.680000305175781,10.479999542236328,10.600000381469727,73800
2021-12-20,8.751341819763184,10.390000343322754,10.710000038146973,10.229999542236328,10.600000381469727,68600
2021-12-21,8.843993186950684,10.5,10.609999656677246,10.359999656677246,10.420000076293945,46800
2021-12-22,8.692380905151367,10.319999694824219,10.539999961853027,10.319999694824219,10.380000114440918,127200
2021-12-23,8.835569381713867,10.489999771118164,10.619999885559082,10.399999618530273,10.430000305175781,44200
2021-12-27,8.835569381713867,10.489999771118164,10.609999656677246,10.460000038146973,10.520000457763672,34900
2021-12-28,8.886107444763184,10.550000190734863,10.65999984741211,10.449999809265137,10.449999809265137,42600
2021-12-29,8.877683639526367,10.539999961853027,10.680000305175781,10.520000457763672,10.619999885559082,35700
2021-12-30,8.9029541015625,10.569999694824219,10.699999809265137,10.569999694824219,10.600000381469727,41900
2021-12-31,9.071410179138184,10.770000457763672,10.869999885559082,10.65999984741211,10.699999809265137,46700
2022-01-03,9.054564476013184,10.75,10.770000457763672,10.5600004196167,10.75,47700
2022-01-04,8.953489303588867,10.630000114440918,10.850000381469727,10.630000114440918,10.75,51100
2022-01-05,9.046140670776367,10.739999771118164,11.079999923706055,10.59000015258789,10.59000015258789,73400
2022-01-06,9.130370140075684,10.84000015258789,10.84000015258789,10.699999809265137,10.829999923706055,30800
2022-01-07,8.928221702575684,10.600000381469727,10.880000114440918,10.59000015258789,10.720000267028809,30800
2022-01-10,8.827147483825684,10.479999542236328,10.729999542236328,10.390000343322754,10.649999618530273,189400
2022-01-11,8.843993186950684,10.5,10.579999923706055,10.470000267028809,10.579999923706055,87300
2022-01-12,8.852416038513184,10.510000228881836,10.619999885559082,10.470000267028809,10.550000190734863,35100
2022-01-13,8.877683639526367,10.539999961853027,10.6899995803833,10.470000267028809,10.470000267028809,36500
2022-01-14,8.987181663513184,10.670000076293945,10.760000228881836,10.550000190734863,10.550000190734863,45500
2022-01-18,8.961913108825684,10.640000343322754,10.779999732971191,10.579999923706055,10.75,69000
2022-01-19,8.919798851013184,10.59000015258789,10.6899995803833,10.550000190734863,10.6899995803833,27700
2022-01-20,8.852416038513184,10.510000228881836,10.720000267028809,10.5,10.5,136900
2022-01-21,8.72689151763916,10.220000267028809,10.539999961853027,10.220000267028809,10.449999809265137,98300
2022-01-24,8.914749145507812,10.4399995803833,10.489999771118164,10.119999885559082,10.119999885559082,109400
2022-01-25,8.872056007385254,10.390000343322754,10.479999542236328,10.260000228881836,10.260000228881836,87500
2022-01-26,8.84643840789795,10.359999656677246,10.539999961853027,10.260000228881836,10.460000038146973,73000
2022-01-27,8.872056007385254,10.390000343322754,10.5600004196167,10.25,10.430000305175781,99900
2022-01-28,8.906211853027344,10.430000305175781,10.579999923706055,10.350000381469727,10.460000038146973,86200
2022-01-31,8.914749145507812,10.4399995803833,10.569999694824219,10.359999656677246,10.430000305175781,237600
2022-02-01,9.000140190124512,10.539999961853027,10.65999984741211,10.489999771118164,10.59000015258789,87500
2022-02-02,9.000140190124512,10.539999961853027,10.680000305175781,10.460000038146973,10.529999732971191,83700
2022-02-03,8.948906898498535,10.479999542236328,10.649999618530273,10.449999809265137,10.460000038146973,51300
2022-02-04,8.820820808410645,10.329999923706055,10.460000038146973,10.279999732971191,10.40999984741211,59700
2022-02-07,8.837898254394531,10.350000381469727,10.510000228881836,10.3100004196167,10.390000343322754,47000
2022-02-08,8.786664962768555,10.289999961853027,10.510000228881836,10.289999961853027,10.380000114440918,74400
2022-02-09,8.863517761230469,10.380000114440918,10.489999771118164,10.289999961853027,10.289999961853027,38100
2022-02-10,8.778125762939453,10.279999732971191,10.460000038146973,10.270000457763672,10.369999885559082,46700
2022-02-11,8.795205116271973,10.300000190734863,10.359999656677246,10.270000457763672,10.270000457763672,33600
2022-02-14,8.701273918151855,10.1899995803833,10.460000038146973,10.109999656677246,10.460000038146973,99300
2022-02-15,8.735430717468262,10.229999542236328,10.3100004196167,10.15999984741211,10.1899995803833,61100
2022-02-16,8.667119026184082,10.149999618530273,10.34000015258789,10.109999656677246,10.180000305175781,65600
2022-02-17,8.581729888916016,10.050000190734863,10.1899995803833,10.029999732971191,10.079999923706055,81500
2022-02-18,8.735430717468262,10.229999542236328,10.390000343322754,10.0,10.0,105300
2022-02-22,8.641502380371094,10.119999885559082,10.239999771118164,10.010000228881836,10.149999618530273,61200
2022-02-23,8.65857982635498,10.140000343322754,10.25,10.069999694824219,10.069999694824219,46400
2022-02-24,8.675658226013184,10.15999984741211,10.199999809265137,10.0,10.069999694824219,66200
2022-02-25,8.65857982635498,10.140000343322754,10.199999809265137,10.119999885559082,10.140000343322754,95100
2022-02-28,8.325557708740234,9.75,10.350000381469727,9.75,10.050000190734863,545000
2022-03-01,8.607346534729004,10.079999923706055,10.170000076293945,9.8100004196167,9.859999656677246,221100
2022-03-02,8.820820808410645,10.329999923706055,10.4399995803833,10.029999732971191,10.029999732971191,78700
2022-03-03,8.906211853027344,10.430000305175781,10.489999771118164,10.329999923706055,10.329999923706055,39900
2022-03-04,8.872056007385254,10.390000343322754,10.420000076293945,10.350000381469727,10.350000381469727,39100
2022-03-07,8.761048316955566,10.260000228881836,10.4399995803833,10.229999542236328,10.319999694824219,77400
2022-03-08,8.778125762939453,10.279999732971191,10.34000015258789,10.199999809265137,10.25,59900
2022-03-09,8.72689151763916,10.220000267028809,10.380000114440918,10.199999809265137,10.300000190734863,65300
2022-03-10,8.65857982635498,10.140000343322754,10.270000457763672,10.039999961853027,10.210000038146973,102700
2022-03-11,8.573189735412598,10.039999961853027,10.239999771118164,10.039999961853027,10.170000076293945,76700
2022-03-14,8.641502380371094,10.119999885559082,10.180000305175781,10.050000190734863,10.0600004196167,34900
2022-03-15,8.735430717468262,10.229999542236328,10.34000015258789,10.079999923706055,10.09000015258789,53200
2022-03-16,8.92328929901123,10.449999809265137,10.529999732971191,10.260000228881836,10.260000228881836,54500
2022-03-17,9.094069480895996,10.649999618530273,10.710000038146973,10.510000228881836,10.510000228881836,74500
2022-03-18,9.094069480895996,10.649999618530273,10.739999771118164,10.630000114440918,10.739999771118164,55500
2022-03-21,9.256312370300293,10.84000015258789,10.859999656677246,10.729999542236328,10.75,57800
2022-03-22,9.375860214233398,10.979999542236328,11.0,10.8100004196167,10.850000381469727,64200
2022-03-23,9.410015106201172,11.020000457763672,11.170000076293945,11.0,11.0,42000
2022-03-24,9.239232063293457,10.819999694824219,11.119999885559082,10.8100004196167,11.0,49100
2022-03-25,9.45271110534668,11.069999694824219,11.069999694824219,10.829999923706055,10.829999923706055,27500
2022-03-28,9.367321014404297,10.970000267028809,11.15999984741211,10.970000267028809,11.0600004196167,34900
2022-03-29,9.40147590637207,11.010000228881836,11.119999885559082,10.920000076293945,10.989999771118164,82200
2022-03-30,9.503944396972656,11.130000114440918,11.15999984741211,10.869999885559082,10.970000267028809,27800
2022-03-31,9.478327751159668,11.100000381469727,11.279999732971191,11.029999732971191,11.029999732971191,56400
2022-04-01,9.55517864227295,11.1899995803833,11.279999732971191,11.109999656677246,11.109999656677246,37900
2022-04-04,9.529560089111328,11.15999984741211,11.1899995803833,11.140000343322754,11.1899995803833,19100
2022-04-05,9.461248397827148,11.079999923706055,11.270000457763672,11.050000190734863,11.130000114440918,36300
2022-04-06,9.384397506713867,10.989999771118164,11.3100004196167,10.850000381469727,11.0,90100
2022-04-07,9.478327751159668,11.100000381469727,11.239999771118164,11.010000228881836,11.010000228881836,58000
2022-04-08,9.666186332702637,11.319999694824219,11.359999656677246,11.119999885559082,11.149999618530273,33600
2022-04-11,9.41855239868164,11.029999732971191,11.430000305175781,11.0,11.430000305175781,63500
2022-04-12,9.358781814575195,10.960000038146973,11.239999771118164,10.890000343322754,11.15999984741211,37900
2022-04-13,9.333163261413574,10.930000305175781,11.010000228881836,10.880000114440918,11.0,40300
2022-04-14,9.367321014404297,10.970000267028809,11.09000015258789,10.9399995803833,10.9399995803833,43300
2022-04-18,9.589334487915039,11.229999542236328,11.270000457763672,11.029999732971191,11.210000038146973,64900
2022-04-19,9.802810668945312,11.479999542236328,11.600000381469727,11.069999694824219,11.229999542236328,75800
2022-04-20,9.794271469116211,11.470000267028809,11.670000076293945,11.350000381469727,11.630000114440918,45900
2022-04-21,9.717421531677246,11.380000114440918,11.59000015258789,11.25,11.460000038146973,50300
2022-04-22,9.486320495605469,10.960000038146973,11.1899995803833,10.9399995803833,11.180000305175781,58600
2022-04-25,9.42573356628418,10.890000343322754,10.930000305175781,10.670000076293945,10.880000114440918,35700
2022-04-26,9.29590129852295,10.739999771118164,11.029999732971191,10.739999771118164,10.850000381469727,73900
2022-04-27,9.356492042541504,10.8100004196167,11.020000457763672,10.739999771118164,10.739999771118164,49900
2022-04-28,9.41707706451416,10.880000114440918,11.050000190734863,10.770000457763672,10.800000190734863,57900
2022-04-29,9.24397087097168,10.680000305175781,11.100000381469727,10.670000076293945,10.8100004196167,57000
2022-05-02,9.460355758666992,10.930000305175781,10.949999809265137,10.680000305175781,10.789999961853027,66700
2022-05-03,9.494976997375488,10.970000267028809,11.09000015258789,10.880000114440918,11.09000015258789,97700
2022-05-04,9.494976997375488,10.970000267028809,11.069999694824219,10.899999618530273,11.039999961853027,67100
2022-05-05,9.339179992675781,10.789999961853027,11.029999732971191,10.510000228881836,10.510000228881836,59600
2022-05-06,9.26993465423584,10.710000038146973,10.869999885559082,10.630000114440918,10.6899995803833,56500
2022-05-09,9.001619338989258,10.399999618530273,10.699999809265137,10.359999656677246,10.6899995803833,61100
2022-05-10,8.819854736328125,10.1899995803833,10.529999732971191,9.899999618530273,10.25,115500
2022-05-11,8.871786117553711,10.25,10.539999961853027,10.210000038146973,10.220000267028809,57100
2022-05-12,8.86313247680664,10.239999771118164,10.380000114440918,10.119999885559082,10.25,57200
2022-05-13,9.001619338989258,10.399999618530273,10.479999542236328,10.25,10.369999885559082,66800
2022-05-16,8.949687004089355,10.34000015258789,10.430000305175781,10.15999984741211,10.15999984741211,30100
2022-05-17,8.759264945983887,10.119999885559082,10.460000038146973,10.100000381469727,10.460000038146973,38400
2022-05-18,8.291873931884766,9.579999923706055,10.199999809265137,9.5,10.09000015258789,98800
2022-05-19,8.188010215759277,9.460000038146973,9.75,9.420000076293945,9.59000015258789,98100
2022-05-20,7.954315185546875,9.1899995803833,9.579999923706055,9.119999885559082,9.479999542236328,67700
2022-05-23,8.049524307250977,9.300000190734863,9.430000305175781,9.109999656677246,9.319999694824219,95400
2022-05-24,8.084145545959473,9.34000015258789,9.430000305175781,9.079999923706055,9.260000228881836,67700
2022-05-25,8.37843132019043,9.680000305175781,9.829999923706055,9.270000457763672,9.270000457763672,57100
2022-05-26,8.37843132019043,9.680000305175781,9.859999656677246,9.619999885559082,9.680000305175781,34900
2022-05-27,8.473639488220215,9.789999961853027,9.90999984741211,9.6899995803833,9.90999984741211,49300
2022-05-31,8.69867992401123,10.050000190734863,10.100000381469727,9.829999923706055,9.989999771118164,64100
2022-06-01,8.681367874145508,10.029999732971191,10.09000015258789,9.979999542236328,10.069999694824219,34000
2022-06-02,8.655402183532715,10.0,10.100000381469727,10.0,10.079999923706055,24300
2022-06-03,9.04489517211914,10.449999809265137,10.520000457763672,10.010000228881836,10.010000228881836,59900
2022-06-06,9.001619338989258,10.399999618530273,10.600000381469727,10.3100004196167,10.600000381469727,45100
2022-06-07,9.027585983276367,10.430000305175781,10.510000228881836,10.380000114440918,10.399999618530273,44800
2022-06-08,9.140104293823242,10.5600004196167,10.600000381469727,10.350000381469727,10.350000381469727,32400
2022-06-09,8.854476928710938,10.229999542236328,10.529999732971191,10.220000267028809,10.529999732971191,40600
2022-06-10,8.906408309936523,10.289999961853027,10.460000038146973,10.079999923706055,10.220000267028809,47400
2022-06-13,8.664057731628418,10.010000228881836,10.479999542236328,10.0,10.149999618530273,44200
2022-06-14,8.352463722229004,9.649999618530273,10.0600004196167,9.649999618530273,10.0,42500
2022-06-15,8.335152626037598,9.630000114440918,9.800000190734863,9.630000114440918,9.680000305175781,22500
2022-06-16,8.326497077941895,9.619999885559082,9.710000038146973,9.579999923706055,9.619999885559082,28200
2022-06-17,8.188010215759277,9.460000038146973,9.779999732971191,9.40999984741211,9.5,77900
2022-06-21,8.179354667663574,9.449999809265137,9.739999771118164,9.449999809265137,9.710000038146973,21900
2022-06-22,8.153388023376465,9.420000076293945,9.479999542236328,9.350000381469727,9.420000076293945,22600
2022-06-23,8.049524307250977,9.300000190734863,9.489999771118164,9.300000190734863,9.4399995803833,19300
2022-06-24,7.971625328063965,9.210000038146973,9.5,9.210000038146973,9.229999542236328,22700
2022-06-27,8.127422332763672,9.390000343322754,9.640000343322754,9.25,9.25,39100
2022-06-28,8.127422332763672,9.390000343322754,9.640000343322754,9.369999885559082,9.369999885559082,27300
2022-06-29,8.118767738342285,9.380000114440918,9.520000457763672,9.260000228881836,9.319999694824219,44200
2022-06-30,7.937004566192627,9.170000076293945,9.390000343322754,9.170000076293945,9.300000190734863,44600
2022-07-01,8.118767738342285,9.380000114440918,9.489999771118164,9.210000038146973,9.229999542236328,20800
2022-07-05,8.170700073242188,9.4399995803833,9.649999618530273,9.229999542236328,9.529999732971191,82800
2022-07-06,8.265908241271973,9.550000190734863,9.699999809265137,9.470000267028809,9.5600004196167,39400
2022-07-07,8.136076927185059,9.399999618530273,9.710000038146973,9.3100004196167,9.65999984741211,46800
2022-07-08,8.326497077941895,9.619999885559082,9.720000267028809,9.399999618530273,9.449999809265137,26800
2022-07-11,8.162043571472168,9.430000305175781,9.729999542236328,9.430000305175781,9.579999923706055,18500
2022-07-12,8.231287002563477,9.510000228881836,9.770000457763672,9.4399995803833,9.4399995803833,23100
2022-07-13,8.3438081741333,9.640000343322754,9.75,9.529999732971191,9.550000190734863,31100
2022-07-14,8.239943504333496,9.520000457763672,9.739999771118164,9.5,9.729999542236328,39200
2022-07-15,8.283219337463379,9.569999694824219,10.0,9.550000190734863,9.65999984741211,34300
2022-07-18,8.335152626037598,9.630000114440918,9.850000381469727,9.579999923706055,9.760000228881836,33400
2022-07-19,8.404396057128906,9.710000038146973,9.869999885559082,9.640000343322754,9.6899995803833,29200
2022-07-20,8.395740509033203,9.699999809265137,9.869999885559082,9.670000076293945,9.789999961853027,46800
2022-07-21,8.404396057128906,9.710000038146973,9.770000457763672,9.640000343322754,9.770000457763672,33800
2022-07-22,8.530149459838867,9.699999809265137,9.75,9.510000228881836,9.710000038146973,47000
2022-07-25,8.574118614196777,9.75,9.779999732971191,9.6899995803833,9.6899995803833,32100
2022-07-26,8.64447021484375,9.829999923706055,9.920000076293945,9.6899995803833,9.729999542236328,52500
2022-07-27,8.697236061096191,9.890000343322754,9.9399995803833,9.859999656677246,9.859999656677246,35800
2022-07-28,8.70602798461914,9.899999618530273,9.989999771118164,9.84000015258789,9.9399995803833,30800
2022-07-29,8.653264045715332,9.84000015258789,10.100000381469727,9.84000015258789,9.949999809265137,63500
2022-08-01,8.565325736999512,9.739999771118164,9.970000267028809,9.739999771118164,9.850000381469727,66900
2022-08-02,8.75879192352295,9.960000038146973,10.149999618530273,9.800000190734863,9.949999809265137,69800
2022-08-03,8.688440322875977,9.880000114440918,10.0600004196167,9.850000381469727,10.0600004196167,38200
2022-08-04,8.477386474609375,9.640000343322754,9.880000114440918,9.640000343322754,9.850000381469727,43100
2022-08-05,8.477386474609375,9.640000343322754,9.8100004196167,9.640000343322754,9.680000305175781,25800
2022-08-08,8.547737121582031,9.720000267028809,9.949999809265137,9.649999618530273,9.9399995803833,29300
2022-08-09,8.371858596801758,9.520000457763672,9.710000038146973,9.5,9.710000038146973,40500
2022-08-10,8.477386474609375,9.640000343322754,9.65999984741211,9.520000457763672,9.65999984741211,28200
2022-08-11,8.468591690063477,9.630000114440918,9.680000305175781,9.600000381469727,9.680000305175781,20300
2022-08-12,8.59170913696289,9.770000457763672,9.829999923706055,9.630000114440918,9.680000305175781,37700
2022-08-15,8.55653190612793,9.729999542236328,9.789999961853027,9.65999984741211,9.65999984741211,27700
2022-08-16,8.530149459838867,9.699999809265137,9.800000190734863,9.619999885559082,9.720000267028809,42100
2022-08-17,8.371858596801758,9.520000457763672,9.800000190734863,9.520000457763672,9.579999923706055,42800
2022-08-18,8.486180305480957,9.649999618530273,9.729999542236328,9.579999923706055,9.579999923706055,29000
2022-08-19,8.459797859191895,9.619999885559082,9.6899995803833,9.550000190734863,9.550000190734863,22800
2022-08-22,8.415826797485352,9.569999694824219,9.619999885559082,9.5,9.529999732971191,29600
2022-08-23,8.371858596801758,9.520000457763672,9.59000015258789,9.4399995803833,9.5600004196167,24100
2022-08-24,8.301506042480469,9.4399995803833,9.539999961853027,9.420000076293945,9.529999732971191,18400
2022-08-25,8.301506042480469,9.4399995803833,9.539999961853027,9.420000076293945,9.449999809265137,16300
2022-08-26,8.22236156463623,9.350000381469727,9.479999542236328,9.329999923706055,9.420000076293945,24600
2022-08-29,8.18718433380127,9.3100004196167,9.40999984741211,9.260000228881836,9.329999923706055,21000
2022-08-30,8.090452194213867,9.199999809265137,9.350000381469727,9.109999656677246,9.300000190734863,23800
2022-08-31,8.081657409667969,9.1899995803833,9.359999656677246,9.109999656677246,9.199999809265137,66800
2022-09-01,8.24874210357666,9.380000114440918,9.430000305175781,9.1899995803833,9.260000228881836,29000
2022-09-02,8.266329765319824,9.399999618530273,9.460000038146973,9.3100004196167,9.3100004196167,29700
2022-09-06,8.292712211608887,9.430000305175781,9.479999542236328,9.260000228881836,9.399999618530273,44400
2022-09-07,8.239948272705078,9.369999885559082,9.529999732971191,9.369999885559082,9.420000076293945,22200
2022-09-08,8.213566780090332,9.34000015258789,9.579999923706055,9.34000015258789,9.399999618530273,22500
2022-09-09,8.01130485534668,9.109999656677246,9.489999771118164,9.109999656677246,9.369999885559082,48900
2022-09-12,8.31909465789795,9.460000038146973,9.489999771118164,9.109999656677246,9.109999656677246,29100
2022-09-13,8.055275917053223,9.15999984741211,9.460000038146973,9.100000381469727,9.4399995803833,47800
2022-09-14,7.949747085571289,9.039999961853027,9.34000015258789,9.039999961853027,9.329999923706055,43100
2022-09-15,7.756279945373535,8.819999694824219,9.260000228881836,8.819999694824219,9.100000381469727,92000
2022-09-16,7.826632022857666,8.899999618530273,9.039999961853027,8.770000457763672,8.850000381469727,71700
2022-09-19,7.782661437988281,8.850000381469727,8.890000343322754,8.770000457763672,8.770000457763672,49600
2022-09-20,7.765074729919434,8.829999923706055,8.930000305175781,8.829999923706055,8.90999984741211,17400
2022-09-21,7.8530144691467285,8.930000305175781,9.0600004196167,8.84000015258789,8.949999809265137,37500
2022-09-22,7.712310791015625,8.770000457763672,8.979999542236328,8.770000457763672,8.869999885559082,30700
2022-09-23,7.580400466918945,8.619999885559082,8.800000190734863,8.619999885559082,8.75,42500
2022-09-26,7.2374348640441895,8.229999542236328,8.600000381469727,8.229999542236328,8.460000038146973,77600
2022-09-27,7.1231160163879395,8.100000381469727,8.289999961853027,8.0,8.25,107700
2022-09-28,7.246230125427246,8.239999771118164,8.350000381469727,8.0600004196167,8.0600004196167,31600
2022-09-29,7.255023956298828,8.25,8.34000015258789,8.199999809265137,8.229999542236328,30400
2022-09-30,7.149496078491211,8.130000114440918,8.289999961853027,8.130000114440918,8.25,19600
2022-10-03,7.255023956298828,8.25,8.5,8.170000076293945,8.170000076293945,21900
2022-10-04,7.369345664978027,8.380000114440918,8.619999885559082,8.289999961853027,8.289999961853027,34000
2022-10-05,7.3165812492370605,8.319999694824219,8.470000267028809,8.220000267028809,8.329999923706055,22400
2022-10-06,7.22864294052124,8.220000267028809,8.449999809265137,8.170000076293945,8.25,28200
2022-10-07,7.193466663360596,8.180000305175781,8.350000381469727,8.130000114440918,8.229999542236328,28800
2022-10-10,7.167083263397217,8.149999618530273,8.319999694824219,8.100000381469727,8.199999809265137,34300
2022-10-11,7.263818264007568,8.260000228881836,8.260000228881836,8.100000381469727,8.149999618530273,37200
2022-10-12,7.175879001617432,8.15999984741211,8.279999732971191,8.15999984741211,8.279999732971191,33300
2022-10-13,7.1319074630737305,8.109999656677246,8.359999656677246,8.109999656677246,8.109999656677246,44200
2022-10-14,7.263818264007568,8.260000228881836,8.319999694824219,8.199999809265137,8.199999809265137,36400
2022-10-17,7.281405448913574,8.279999732971191,8.380000114440918,8.25,8.350000381469727,23900
2022-10-18,7.2989935874938965,8.300000190734863,8.5,8.300000190734863,8.390000343322754,40300
2022-10-19,7.2989935874938965,8.300000190734863,8.460000038146973,8.260000228881836,8.300000190734863,35300
2022-10-20,7.351757526397705,8.359999656677246,8.359999656677246,8.25,8.300000190734863,38600
2022-10-21,7.439696788787842,8.460000038146973,8.539999961853027,8.3100004196167,8.460000038146973,53200
2022-10-24,7.474872589111328,8.5,8.550000190734863,8.34000015258789,8.460000038146973,49100
2022-10-25,7.641958713531494,8.6899995803833,8.789999961853027,8.550000190734863,8.600000381469727,29800
2022-10-26,7.589195251464844,8.630000114440918,8.720000267028809,8.550000190734863,8.710000038146973,43700
2022-10-27,7.641958713531494,8.6899995803833,8.890000343322754,8.670000076293945,8.670000076293945,29700
2022-10-28,7.680450439453125,8.579999923706055,8.829999923706055,8.550000190734863,8.640000343322754,54300
2022-10-31,7.895287990570068,8.819999694824219,8.979999542236328,8.59000015258789,8.640000343322754,43400
2022-11-01,8.038512229919434,8.979999542236328,8.979999542236328,8.770000457763672,8.859999656677246,51100
2022-11-02,7.608837127685547,8.5,8.989999771118164,8.5,8.989999771118164,38100
2022-11-03,7.635693550109863,8.529999732971191,8.619999885559082,8.489999771118164,8.5,40200
2022-11-04,7.608837127685547,8.5,8.8100004196167,8.359999656677246,8.649999618530273,88000
2022-11-07,7.698353290557861,8.600000381469727,8.600000381469727,8.470000267028809,8.5,39800
2022-11-08,7.635693550109863,8.529999732971191,8.880000114440918,8.5,8.680000305175781,91800
2022-11-09,7.698353290557861,8.600000381469727,8.770000457763672,8.5,8.5,40300
2022-11-10,7.653595447540283,8.550000190734863,8.850000381469727,8.5,8.6899995803833,68200
2022-11-11,7.769966125488281,8.680000305175781,8.710000038146973,8.520000457763672,8.539999961853027,34400
2022-11-14,7.725208759307861,8.630000114440918,8.859999656677246,8.539999961853027,8.539999961853027,37300
2022-11-15,7.7431111335754395,8.649999618530273,8.739999771118164,8.630000114440918,8.649999618530273,20400
2022-11-16,7.707305431365967,8.609999656677246,8.760000228881836,8.600000381469727,8.760000228881836,21900
2022-11-17,7.707305431365967,8.609999656677246,8.6899995803833,8.550000190734863,8.5600004196167,20700
2022-11-18,7.832627296447754,8.75,8.800000190734863,8.449999809265137,8.569999694824219,75600
2022-11-21,7.877384662628174,8.800000190734863,8.9399995803833,8.609999656677246,8.649999618530273,33100
2022-11-22,7.725208759307861,8.630000114440918,8.789999961853027,8.529999732971191,8.779999732971191,32700
2022-11-23,7.877384662628174,8.800000190734863,8.819999694824219,8.619999885559082,8.619999885559082,16500
2022-11-25,7.877384662628174,8.800000190734863,8.8100004196167,8.710000038146973,8.789999961853027,11800
2022-11-28,7.877384662628174,8.800000190734863,8.84000015258789,8.670000076293945,8.680000305175781,36500
2022-11-29,7.734158992767334,8.640000343322754,8.8100004196167,8.609999656677246,8.8100004196167,35000
2022-11-30,7.814723491668701,8.729999542236328,8.729999542236328,8.550000190734863,8.710000038146973,78400
2022-12-01,7.8057732582092285,8.720000267028809,8.75,8.619999885559082,8.75,36200
2022-12-02,7.832627296447754,8.75,8.800000190734863,8.630000114440918,8.720000267028809,47200
2022-12-05,7.796820640563965,8.710000038146973,8.75,8.630000114440918,8.75,31600
2022-12-06,7.689402103424072,8.59000015258789,8.699999809265137,8.579999923706055,8.699999809265137,37100
2022-12-07,7.680450439453125,8.579999923706055,8.670000076293945,8.5,8.550000190734863,18100
2022-12-08,7.617788791656494,8.510000228881836,8.710000038146973,8.510000228881836,8.550000190734863,45300
2022-12-09,8.584559440612793,9.59000015258789,10.069999694824219,8.520000457763672,8.59000015258789,228500
2022-12-12,9.78407096862793,10.930000305175781,11.109999656677246,9.5,9.569999694824219,271500
2022-12-13,10.383825302124023,11.600000381469727,11.710000038146973,10.529999732971191,10.930000305175781,675700
2022-12-14,10.688179016113281,11.9399995803833,11.970000267028809,11.359999656677246,11.479999542236328,241900
2022-12-15,10.312212944030762,11.520000457763672,12.1899995803833,11.460000038146973,11.779999732971191,272000
2022-12-16,10.32116413116455,11.529999732971191,12.09000015258789,11.300000190734863,11.6899995803833,1844600
2022-12-19,10.088422775268555,11.270000457763672,11.75,11.199999809265137,11.25,136200
2022-12-20,10.142131805419922,11.329999923706055,11.489999771118164,11.15999984741211,11.25,105000
2022-12-21,10.356968879699707,11.569999694824219,11.850000381469727,11.399999618530273,11.399999618530273,62800
2022-12-22,10.446487426757812,11.670000076293945,11.739999771118164,11.5,11.520000457763672,66300
2022-12-23,10.723984718322754,11.979999542236328,12.069999694824219,11.550000190734863,11.550000190734863,49800
2022-12-27,10.777693748474121,12.039999961853027,12.100000381469727,11.819999694824219,11.979999542236328,44600
2022-12-28,10.544953346252441,11.779999732971191,12.020000457763672,11.710000038146973,11.960000038146973,63200
2022-12-29,10.75084114074707,12.010000228881836,12.109999656677246,11.710000038146973,11.710000038146973,81100
2022-12-30,10.786646842956543,12.050000190734863,12.199999809265137,11.84000015258789,11.84000015258789,66700
2023-01-03,10.60761547088623,11.850000381469727,12.0600004196167,11.710000038146973,12.039999961853027,112600
2023-01-04,10.679227828979492,11.930000305175781,11.979999542236328,11.609999656677246,11.859999656677246,63400
2023-01-05,10.652372360229492,11.899999618530273,12.100000381469727,11.75,11.949999809265137,75100
2023-01-06,10.876160621643066,12.149999618530273,12.180000305175781,11.649999618530273,11.960000038146973,68500
2023-01-09,10.831404685974121,12.100000381469727,12.3100004196167,11.880000114440918,12.100000381469727,125100
2023-01-10,10.992533683776855,12.279999732971191,12.59000015258789,12.010000228881836,12.140000343322754,115000
2023-01-11,11.153661727905273,12.460000038146973,12.619999885559082,12.270000457763672,12.300000190734863,181900
2023-01-12,11.520674705505371,12.869999885559082,12.949999809265137,12.350000381469727,12.5,122100
2023-01-13,11.46696662902832,12.8100004196167,12.90999984741211,12.699999809265137,12.699999809265137,182400
2023-01-17,11.58333683013916,12.9399995803833,12.949999809265137,12.800000190734863,12.829999923706055,77300
2023-01-18,11.404303550720215,12.739999771118164,12.949999809265137,12.640000343322754,12.800000190734863,93200
2023-01-19,11.41325569152832,12.75,12.779999732971191,12.229999542236328,12.729999542236328,125000
2023-01-20,11.705904006958008,12.920000076293945,12.949999809265137,12.489999771118164,12.630000114440918,73900
2023-01-23,11.669663429260254,12.880000114440918,12.960000038146973,12.729999542236328,12.869999885559082,88900
2023-01-24,11.624361038208008,12.829999923706055,13.0,12.779999732971191,12.800000190734863,94100
2023-01-25,11.280070304870605,12.449999809265137,12.739999771118164,12.399999618530273,12.680000305175781,40400
2023-01-26,10.97201919555664,12.109999656677246,12.4399995803833,12.069999694824219,12.420000076293945,57400
2023-01-27,10.772695541381836,11.890000343322754,12.15999984741211,11.75,12.149999618530273,66600
2023-01-30,10.727392196655273,11.84000015258789,12.039999961853027,11.579999923706055,11.579999923706055,49000
2023-01-31,10.827055931091309,11.949999809265137,12.130000114440918,11.84000015258789,12.039999961853027,84200
2023-02-01,10.500885009765625,11.59000015258789,11.890000343322754,11.369999885559082,11.819999694824219,82700
2023-02-02,10.029748916625977,11.069999694824219,11.600000381469727,10.979999542236328,11.300000190734863,95500
2023-02-03,10.138472557067871,11.1899995803833,11.390000343322754,11.109999656677246,11.210000038146973,67400
2023-02-06,10.15659236907959,11.210000038146973,11.289999961853027,11.010000228881836,11.020000457763672,83700
2023-02-07,11.116985321044922,12.270000457763672,12.619999885559082,11.199999809265137,11.260000228881836,397300
2023-02-08,11.017321586608887,12.15999984741211,12.25,12.079999923706055,12.1899995803833,64500
2023-02-09,11.008260726928711,12.149999618530273,12.239999771118164,12.09000015258789,12.180000305175781,288500
2023-02-10,11.05356216430664,12.199999809265137,12.279999732971191,11.979999542236328,12.0600004196167,92900
2023-02-13,11.05356216430664,12.199999809265137,12.270000457763672,12.130000114440918,12.180000305175781,77100
2023-02-14,11.153225898742676,12.3100004196167,12.350000381469727,12.170000076293945,12.220000267028809,334600
2023-02-15,11.180408477783203,12.34000015258789,12.430000305175781,12.15999984741211,12.300000190734863,23900
2023-02-16,11.098864555358887,12.25,12.380000114440918,12.25,12.3100004196167,23000
2023-02-17,11.126046180725098,12.279999732971191,12.430000305175781,12.170000076293945,12.300000190734863,38700
2023-02-21,11.126046180725098,12.279999732971191,12.359999656677246,12.15999984741211,12.180000305175781,46200
2023-02-22,11.180408477783203,12.34000015258789,12.359999656677246,12.199999809265137,12.199999809265137,29000
2023-02-23,11.144166946411133,12.300000190734863,12.449999809265137,12.199999809265137,12.4399995803833,55900
2023-02-24,11.207588195800781,12.369999885559082,12.40999984741211,12.119999885559082,12.319999694824219,30700
2023-02-27,11.180408477783203,12.34000015258789,12.40999984741211,12.239999771118164,12.289999961853027,76400
2023-02-28,11.388792991638184,12.569999694824219,12.59000015258789,12.229999542236328,12.40999984741211,147600
2023-03-01,11.397854804992676,12.579999923706055,12.729999542236328,12.420000076293945,12.470000267028809,86500
2023-03-02,11.415974617004395,12.600000381469727,12.739999771118164,12.529999732971191,12.59000015258789,55600
2023-03-03,11.461275100708008,12.649999618530273,12.75,12.550000190734863,12.640000343322754,47100
2023-03-06,11.425034523010254,12.609999656677246,12.680000305175781,12.529999732971191,12.65999984741211,28800
2023-03-07,11.415974617004395,12.600000381469727,12.720000267028809,12.550000190734863,12.619999885559082,40000
2023-03-08,11.443155288696289,12.630000114440918,12.680000305175781,12.520000457763672,12.649999618530273,44200
2023-03-09,11.461275100708008,12.649999618530273,12.779999732971191,12.600000381469727,12.779999732971191,67200
2023-03-10,11.579059600830078,12.779999732971191,12.890000343322754,12.569999694824219,12.699999809265137,285100
2023-03-13,11.261950492858887,12.430000305175781,12.699999809265137,12.3100004196167,12.699999809265137,58400
2023-03-14,11.334432601928711,12.510000228881836,12.850000381469727,12.489999771118164,12.850000381469727,57800
2023-03-15,11.189467430114746,12.350000381469727,12.4399995803833,12.25,12.350000381469727,28000
2023-03-16,11.27100944519043,12.4399995803833,12.520000457763672,12.25,12.300000190734863,49800
2023-03-17,11.334432601928711,12.510000228881836,12.510000228881836,12.300000190734863,12.350000381469727,46800
2023-03-20,11.098864555358887,12.25,12.489999771118164,12.25,12.420000076293945,25100
2023-03-21,11.334432601928711,12.510000228881836,12.529999732971191,12.319999694824219,12.399999618530273,55400
2023-03-22,11.171345710754395,12.329999923706055,12.609999656677246,12.329999923706055,12.600000381469727,23700
2023-03-23,11.171345710754395,12.329999923706055,12.430000305175781,12.239999771118164,12.399999618530273,67800
2023-03-24,11.415974617004395,12.600000381469727,12.619999885559082,12.300000190734863,12.399999618530273,36800
2023-03-27,11.56093978881836,12.760000228881836,12.859999656677246,12.59000015258789,12.59000015258789,52600
2023-03-28,11.705904006958008,12.920000076293945,13.039999961853027,12.75,12.75,29800
2023-03-29,11.760265350341797,12.979999542236328,13.039999961853027,12.760000228881836,12.9399995803833,19900
2023-03-30,11.841808319091797,13.069999694824219,13.300000190734863,13.0,13.100000381469727,38100
2023-03-31,11.75120735168457,12.970000267028809,13.329999923706055,12.850000381469727,13.100000381469727,64300
2023-04-03,11.696845054626465,12.90999984741211,13.029999732971191,12.75,12.880000114440918,50900
2023-04-04,11.488457679748535,12.680000305175781,13.0,12.640000343322754,12.970000267028809,18900
2023-04-05,11.579059600830078,12.779999732971191,12.779999732971191,12.5600004196167,12.649999618530273,15500
2023-04-06,11.27100944519043,12.4399995803833,12.850000381469727,12.399999618530273,12.850000381469727,35300
2023-04-10,11.488457679748535,12.680000305175781,12.770000457763672,12.34000015258789,12.34000015258789,24800
2023-04-11,11.452218055725098,12.640000343322754,12.979999542236328,12.640000343322754,12.760000228881836,28200
2023-04-12,11.742145538330078,12.960000038146973,13.050000190734863,12.75,12.75,35700
2023-04-13,11.769326210021973,12.989999771118164,13.050000190734863,12.869999885559082,12.890000343322754,16000
2023-04-14,11.986772537231445,13.229999542236328,13.380000114440918,12.960000038146973,13.09000015258789,35100
2023-04-17,11.896170616149902,13.130000114440918,13.380000114440918,13.029999732971191,13.25,29500
2023-04-18,12.122678756713867,13.380000114440918,13.399999618530273,13.09000015258789,13.25,34200
2023-04-19,11.787446975708008,13.010000228881836,13.390000343322754,12.960000038146973,13.390000343322754,37900
2023-04-20,12.340126037597656,13.619999885559082,13.699999809265137,12.90999984741211,12.930000305175781,184300
2023-04-21,12.06777572631836,13.15999984741211,13.720000267028809,12.890000343322754,13.5,40600
2023-04-24,12.691337585449219,13.84000015258789,13.90999984741211,13.25,13.25,96600
2023-04-25,12.434576988220215,13.5600004196167,13.899999618530273,13.510000228881836,13.899999618530273,43900
2023-04-26,12.370387077331543,13.489999771118164,13.779999732971191,13.449999809265137,13.720000267028809,39400
2023-04-27,12.306197166442871,13.420000076293945,13.65999984741211,13.350000381469727,13.619999885559082,143900
2023-04-28,12.40706729888916,13.529999732971191,13.75,13.4399995803833,13.510000228881836,63400
2023-05-01,12.50793743133545,13.640000343322754,13.789999961853027,13.5,13.630000114440918,68900
2023-05-02,12.498767852783203,13.630000114440918,13.979999542236328,13.470000267028809,13.760000228881836,106100
2023-05-03,12.297025680541992,13.40999984741211,13.880000114440918,13.270000457763672,13.539999961853027,39400
2023-05-04,12.672998428344727,13.819999694824219,13.989999771118164,13.300000190734863,13.460000038146973,60800
2023-05-05,13.067310333251953,14.25,14.470000267028809,13.819999694824219,13.819999694824219,56500
2023-05-08,12.874738693237305,14.039999961853027,14.289999961853027,13.949999809265137,14.25,46000
2023-05-09,12.838058471679688,14.0,14.210000038146973,13.970000267028809,14.109999656677246,26800
2023-05-10,12.993948936462402,14.170000076293945,14.170000076293945,13.920000076293945,13.9399995803833,27900
2023-05-11,12.938928604125977,14.109999656677246,14.289999961853027,13.829999923706055,14.109999656677246,51100
2023-05-12,12.700508117675781,13.850000381469727,14.270000457763672,13.770000457763672,14.119999885559082,43500
2023-05-15,12.443746566772461,13.569999694824219,13.779999732971191,13.569999694824219,13.779999732971191,23700
2023-05-16,12.35204792022705,13.470000267028809,13.569999694824219,13.229999542236328,13.40999984741211,28500
2023-05-17,12.113624572753906,13.210000038146973,13.619999885559082,13.210000038146973,13.390000343322754,22600
2023-05-18,12.41623592376709,13.539999961853027,13.670000076293945,13.210000038146973,13.210000038146973,15500
2023-05-19,12.517107009887695,13.649999618530273,13.800000190734863,13.449999809265137,13.609999656677246,12900
2023-05-22,12.36121654510498,13.479999542236328,13.800000190734863,13.40999984741211,13.569999694824219,21400
2023-05-23,12.599637031555176,13.739999771118164,13.75,13.390000343322754,13.390000343322754,92200
2023-05-24,12.46208667755127,13.59000015258789,13.880000114440918,13.510000228881836,13.600000381469727,18600
2023-05-25,12.306197166442871,13.420000076293945,13.899999618530273,13.40999984741211,13.899999618530273,13200
2023-05-26,12.260346412658691,13.369999885559082,13.529999732971191,12.869999885559082,13.34000015258789,56300
2023-05-30,12.2786865234375,13.390000343322754,13.579999923706055,13.270000457763672,13.270000457763672,25900
2023-05-31,12.838058471679688,14.0,14.0,13.399999618530273,13.399999618530273,206100
2023-06-01,13.05813980102539,14.239999771118164,14.34000015258789,14.09000015258789,14.109999656677246,24400
2023-06-02,12.938928604125977,14.109999656677246,14.390000343322754,14.0,14.34000015258789,20500
2023-06-05,12.993948936462402,14.170000076293945,14.359999656677246,14.0600004196167,14.1899995803833,13200
2023-06-06,13.443282127380371,14.65999984741211,14.890000343322754,14.050000190734863,14.229999542236328,39800
2023-06-07,13.36992073059082,14.579999923706055,15.0600004196167,14.289999961853027,14.65999984741211,48700
2023-06-08,13.718381881713867,14.960000038146973,15.149999618530273,14.489999771118164,14.520000457763672,85500
2023-06-09,13.846763610839844,15.100000381469727,15.100000381469727,14.300000190734863,15.069999694824219,87600
2023-06-12,13.700041770935059,14.9399995803833,15.130000114440918,14.550000190734863,15.130000114440918,52800
2023-06-13,13.700041770935059,14.9399995803833,15.149999618530273,14.65999984741211,14.869999885559082,49400
2023-06-14,13.837594032287598,15.09000015258789,15.220000267028809,14.729999542236328,14.90999984741211,104900
2023-06-15,13.681703567504883,14.920000076293945,15.210000038146973,14.800000190734863,15.199999809265137,18100
2023-06-16,13.333240509033203,14.539999961853027,15.069999694824219,14.460000038146973,15.069999694824219,71700
2023-06-20,12.893078804016113,14.0600004196167,14.399999618530273,14.010000228881836,14.380000114440918,27000
2023-06-21,12.81054973602295,13.970000267028809,14.170000076293945,13.890000343322754,14.050000190734863,19800
2023-06-22,12.682168006896973,13.829999923706055,14.09000015258789,13.529999732971191,13.979999542236328,36200
2023-06-23,12.553787231445312,13.6899995803833,14.0600004196167,13.630000114440918,13.699999809265137,18800
2023-06-26,12.46208667755127,13.59000015258789,13.989999771118164,13.569999694824219,13.720000267028809,16300
2023-06-27,12.801379203796387,13.960000038146973,14.09000015258789,13.430000305175781,13.479999542236328,32000
2023-06-28,12.260346412658691,13.369999885559082,13.920000076293945,13.15999984741211,13.819999694824219,44500
2023-06-29,12.168645858764648,13.270000457763672,13.510000228881836,13.1899995803833,13.239999771118164,15600
2023-06-30,12.526277542114258,13.65999984741211,13.770000457763672,13.149999618530273,13.260000228881836,14000
2023-07-03,12.076945304870605,13.170000076293945,13.539999961853027,13.140000343322754,13.539999961853027,14400
2023-07-05,12.06777572631836,13.15999984741211,13.4399995803833,12.90999984741211,13.069999694824219,30800
2023-07-06,12.021923065185547,13.109999656677246,13.739999771118164,13.020000457763672,13.130000114440918,21900
2023-07-07,11.985245704650879,13.069999694824219,13.300000190734863,12.880000114440918,13.109999656677246,10200
2023-07-10,11.957736015319824,13.039999961853027,13.140000343322754,12.779999732971191,13.0600004196167,9100
2023-07-11,12.141135215759277,13.239999771118164,13.449999809265137,12.729999542236328,13.050000190734863,30400
2023-07-12,11.774333953857422,12.84000015258789,13.34000015258789,12.699999809265137,13.34000015258789,26500
2023-07-13,11.866034507751465,12.9399995803833,13.0,12.670000076293945,12.850000381469727,20000
2023-07-14,11.609272956848145,12.65999984741211,12.899999618530273,12.4399995803833,12.899999618530273,6100
2023-07-17,11.76516342163086,12.829999923706055,13.0600004196167,12.550000190734863,12.550000190734863,20600
2023-07-18,12.076945304870605,13.170000076293945,13.170000076293945,12.640000343322754,12.640000343322754,14700
2023-07-19,11.939395904541016,13.020000457763672,13.229999542236328,13.020000457763672,13.229999542236328,14300
2023-07-20,12.141135215759277,13.239999771118164,13.239999771118164,12.90999984741211,13.170000076293945,19400
2023-07-21,11.521869659423828,12.40999984741211,13.229999542236328,12.279999732971191,13.229999542236328,18300
2023-07-24,11.651850700378418,12.550000190734863,12.59000015258789,12.140000343322754,12.5,18200
2023-07-25,11.828253746032715,12.739999771118164,12.739999771118164,12.149999618530273,12.380000114440918,27300
2023-07-26,11.883959770202637,12.800000190734863,12.989999771118164,12.5600004196167,12.90999984741211,31700
2023-07-27,11.856106758117676,12.770000457763672,13.0,12.619999885559082,12.829999923706055,17300
2023-07-28,12.181057929992676,13.119999885559082,13.279999732971191,12.800000190734863,12.9399995803833,21400
2023-07-31,12.589570045471191,13.5600004196167,13.739999771118164,13.069999694824219,13.550000190734863,63300
2023-08-01,12.543147087097168,13.510000228881836,13.680000305175781,13.329999923706055,13.4399995803833,36300
2023-08-02,12.42245101928711,13.380000114440918,13.600000381469727,13.140000343322754,13.600000381469727,24300
2023-08-03,11.540438652038574,12.430000305175781,13.100000381469727,12.399999618530273,13.100000381469727,18400
2023-08-04,10.825543403625488,11.65999984741211,12.59000015258789,11.65999984741211,12.59000015258789,37500
2023-08-07,11.243339538574219,12.109999656677246,12.199999809265137,11.640000343322754,11.640000343322754,20200
2023-08-08,11.131926536560059,11.989999771118164,12.390000343322754,11.630000114440918,11.970000267028809,20100
2023-08-09,10.825543403625488,11.65999984741211,12.020000457763672,11.5,11.970000267028809,18400
2023-08-10,10.974093437194824,11.819999694824219,12.25,11.630000114440918,11.630000114440918,17800
2023-08-11,10.96480941772461,11.8100004196167,11.970000267028809,11.710000038146973,11.819999694824219,13700
2023-08-14,10.81626033782959,11.649999618530273,12.180000305175781,11.510000228881836,11.670000076293945,9100
2023-08-15,11.048367500305176,11.899999618530273,12.09000015258789,11.5600004196167,11.8100004196167,18400
2023-08-16,11.085504531860352,11.9399995803833,12.0600004196167,11.869999885559082,11.920000076293945,16800
2023-08-17,11.104074478149414,11.960000038146973,12.100000381469727,11.819999694824219,11.819999694824219,10500
2023-08-18,11.066936492919922,11.920000076293945,12.010000228881836,11.5600004196167,11.880000114440918,11900
2023-08-21,11.076221466064453,11.930000305175781,12.119999885559082,11.739999771118164,11.770000457763672,7900
2023-08-22,11.410457611083984,12.289999961853027,12.520000457763672,12.119999885559082,12.119999885559082,13000
2023-08-23,11.131926536560059,11.989999771118164,12.34000015258789,11.899999618530273,12.239999771118164,13800
2023-08-24,11.048367500305176,11.899999618530273,12.199999809265137,11.84000015258789,11.890000343322754,8100
2023-08-25,11.029799461364746,11.880000114440918,12.039999961853027,11.819999694824219,11.989999771118164,7300
2023-08-28,10.769838333129883,11.600000381469727,11.779999732971191,11.529999732971191,11.699999809265137,19500
2023-08-29,11.029799461364746,11.880000114440918,12.010000228881836,11.529999732971191,11.529999732971191,28400
2023-08-30,11.113359451293945,11.970000267028809,12.0,11.779999732971191,11.930000305175781,13100
2023-08-31,10.890534400939941,11.729999542236328,12.210000038146973,11.699999809265137,11.699999809265137,32000
2023-09-01,11.039084434509277,11.890000343322754,12.220000267028809,11.699999809265137,11.899999618530273,42400
2023-09-05,10.974093437194824,11.819999694824219,12.0600004196167,11.699999809265137,11.770000457763672,16400
2023-09-06,10.946240425109863,11.789999961853027,12.010000228881836,11.3100004196167,11.899999618530273,97200
2023-09-07,10.99266242980957,11.84000015258789,12.050000190734863,11.65999984741211,11.8100004196167,13100
2023-09-08,10.85339641571045,11.6899995803833,12.210000038146973,11.609999656677246,12.170000076293945,30000
2023-09-11,10.825543403625488,11.65999984741211,11.9399995803833,11.609999656677246,11.680000305175781,16000
2023-09-12,11.150496482849121,12.010000228881836,12.069999694824219,11.539999961853027,11.649999618530273,25900
2023-09-13,10.974093437194824,11.819999694824219,12.109999656677246,11.760000228881836,12.109999656677246,13200
2023-09-14,11.020515441894531,11.869999885559082,12.100000381469727,11.65999984741211,11.869999885559082,21900
2023-09-15,11.048367500305176,11.899999618530273,12.109999656677246,11.680000305175781,11.850000381469727,65000
2023-09-18,11.076221466064453,11.930000305175781,12.039999961853027,11.770000457763672,11.770000457763672,9500
2023-09-19,11.429027557373047,12.3100004196167,12.470000267028809,11.859999656677246,12.029999732971191,19000
2023-09-20,11.772546768188477,12.680000305175781,12.850000381469727,12.279999732971191,12.279999732971191,41000
2023-09-21,11.438309669494629,12.319999694824219,12.789999961853027,12.279999732971191,12.65999984741211,17800
2023-09-22,12.153205871582031,13.09000015258789,14.0,12.329999923706055,12.460000038146973,236000
2023-09-25,12.12535285949707,13.0600004196167,13.520000457763672,12.770000457763672,12.949999809265137,47400
2023-09-26,12.032508850097656,12.960000038146973,13.6899995803833,12.850000381469727,13.529999732971191,16300
2023-09-27,11.893242835998535,12.8100004196167,13.729999542236328,12.680000305175781,13.729999542236328,13100
2023-09-28,11.308329582214355,12.180000305175781,12.65999984741211,12.100000381469727,12.65999984741211,24300
2023-09-29,11.16906452178955,12.029999732971191,12.289999961853027,11.930000305175781,12.220000267028809,33200
2023-10-02,11.289759635925293,12.15999984741211,12.289999961853027,11.979999542236328,12.100000381469727,5900
2023-10-03,10.751269340515137,11.579999923706055,12.039999961853027,11.579999923706055,12.039999961853027,16400
2023-10-04,10.621288299560547,11.4399995803833,11.600000381469727,11.229999542236328,11.25,55200
2023-10-05,10.57486629486084,11.390000343322754,11.449999809265137,11.149999618530273,11.369999885559082,60700
2023-10-06,10.53773021697998,11.350000381469727,11.640000343322754,11.300000190734863,11.350000381469727,17700
2023-10-09,11.029799461364746,11.880000114440918,11.890000343322754,11.319999694824219,11.420000076293945,21500
2023-10-10,11.039084434509277,11.890000343322754,12.1899995803833,11.449999809265137,11.930000305175781,12500
2023-10-11,10.39846420288086,11.199999809265137,12.149999618530273,11.199999809265137,11.899999618530273,50700
2023-10-12,10.751269340515137,11.579999923706055,11.619999885559082,11.199999809265137,11.359999656677246,32100
2023-10-13,10.676993370056152,11.5,11.819999694824219,11.350000381469727,11.609999656677246,20300
2023-10-16,10.52844524383545,11.34000015258789,11.5600004196167,11.260000228881836,11.319999694824219,30000
2023-10-17,10.519161224365234,11.329999923706055,11.8100004196167,11.210000038146973,11.210000038146973,39000
2023-10-18,10.639856338500977,11.460000038146973,12.569999694824219,11.319999694824219,11.529999732971191,33400
2023-10-19,10.85930347442627,11.529999732971191,11.579999923706055,11.300000190734863,11.300000190734863,7800
2023-10-20,10.887557983398438,11.5600004196167,11.75,11.319999694824219,11.710000038146973,19500
2023-10-23,10.868721961975098,11.539999961853027,11.90999984741211,11.390000343322754,11.90999984741211,7900
2023-10-24,10.727447509765625,11.390000343322754,11.5600004196167,11.220000267028809,11.390000343322754,10300
2023-10-25,10.77453899383545,11.4399995803833,11.550000190734863,11.0600004196167,11.399999618530273,20700
2023-10-26,10.793375015258789,11.460000038146973,11.760000228881836,11.069999694824219,11.460000038146973,25100
2023-10-27,10.878140449523926,11.550000190734863,11.720000267028809,11.199999809265137,11.5,29200
2023-10-30,10.94406795501709,11.619999885559082,11.880000114440918,11.380000114440918,11.720000267028809,26300
2023-10-31,11.075925827026367,11.760000228881836,11.890000343322754,11.210000038146973,11.550000190734863,28500
2023-11-01,11.301962852478027,12.0,12.100000381469727,11.40999984741211,11.569999694824219,18600
2023-11-02,11.697532653808594,12.420000076293945,12.420000076293945,12.050000190734863,12.050000190734863,5400
2023-11-03,10.972323417663574,11.649999618530273,12.4399995803833,11.649999618530273,11.680000305175781,43700
2023-11-06,10.972323417663574,11.649999618530273,11.899999618530273,11.479999542236328,11.550000190734863,23100
2023-11-07,10.99116039276123,11.670000076293945,11.850000381469727,11.520000457763672,11.520000457763672,14500
2023-11-08,10.962905883789062,11.640000343322754,11.890000343322754,11.520000457763672,11.699999809265137,14900
2023-11-09,10.925232887268066,11.600000381469727,11.729999542236328,11.420000076293945,11.729999542236328,19400
2023-11-10,11.028833389282227,11.710000038146973,11.779999732971191,11.449999809265137,11.630000114440918,20200
2023-11-13,11.198363304138184,11.890000343322754,11.970000267028809,11.520000457763672,11.649999618530273,20600
2023-11-14,11.141853332519531,11.829999923706055,11.970000267028809,11.6899995803833,11.770000457763672,12100
2023-11-15,11.254873275756836,11.949999809265137,12.079999923706055,11.890000343322754,11.960000038146973,14000
2023-11-16,10.915813446044922,11.59000015258789,11.829999923706055,11.529999732971191,11.829999923706055,12500
2023-11-17,10.840468406677246,11.510000228881836,11.699999809265137,11.420000076293945,11.699999809265137,13800
2023-11-20,11.028833389282227,11.710000038146973,11.720000267028809,11.4399995803833,11.460000038146973,20300
2023-11-21,11.09476089477539,11.779999732971191,11.829999923706055,11.420000076293945,11.75,25500
2023-11-22,11.283127784729004,11.979999542236328,12.079999923706055,11.630000114440918,11.630000114440918,32200
2023-11-24,11.396146774291992,12.100000381469727,12.279999732971191,11.8100004196167,11.8100004196167,9200
2023-11-27,11.537420272827148,12.25,12.350000381469727,12.100000381469727,12.100000381469727,16900
2023-11-28,11.42440128326416,12.130000114440918,12.399999618530273,11.920000076293945,12.3100004196167,23900
2023-11-29,11.744625091552734,12.470000267028809,12.479999542236328,12.079999923706055,12.479999542236328,40200
2023-11-30,12.149611473083496,12.899999618530273,13.229999542236328,12.289999961853027,12.3100004196167,82800
2023-12-01,12.309722900390625,13.069999694824219,13.279999732971191,12.65999984741211,12.739999771118164,25600
2023-12-04,12.667617797851562,13.449999809265137,13.5,12.890000343322754,13.15999984741211,29700
2023-12-05,12.102519989013672,12.850000381469727,13.479999542236328,12.739999771118164,13.170000076293945,27900
2023-12-06,11.443238258361816,12.149999618530273,12.920000076293945,11.920000076293945,12.920000076293945,79000
2023-12-07,12.950166702270508,13.75,13.75,12.020000457763672,12.359999656677246,48600
2023-12-08,12.94074821472168,13.739999771118164,14.470000267028809,13.029999732971191,13.399999618530273,97200
2023-12-11,13.091442108154297,13.899999618530273,14.289999961853027,13.430000305175781,13.430000305175781,90100
2023-12-12,12.422740936279297,13.1899995803833,14.140000343322754,12.710000038146973,13.949999809265137,64700
2023-12-13,13.119696617126465,13.930000305175781,14.300000190734863,13.329999923706055,13.9399995803833,92000
2023-12-14,13.138533592224121,13.949999809265137,14.760000228881836,13.640000343322754,14.149999618530273,131800
2023-12-15,12.46041488647461,13.229999542236328,14.020000457763672,13.119999885559082,14.020000457763672,303600
2023-12-18,12.328559875488281,13.09000015258789,13.449999809265137,13.039999961853027,13.289999961853027,38400
2023-12-19,12.413324356079102,13.180000305175781,13.300000190734863,12.8100004196167,13.239999771118164,22600
2023-12-20,11.754040718078613,12.479999542236328,13.369999885559082,12.319999694824219,13.300000190734863,73800
2023-12-21,12.375651359558105,13.140000343322754,13.279999732971191,12.5,12.5,66400
2023-12-22,12.328559875488281,13.09000015258789,13.390000343322754,12.989999771118164,13.390000343322754,14200
2023-12-26,12.121356964111328,12.869999885559082,13.329999923706055,12.819999694824219,13.069999694824219,15200
2023-12-27,11.462075233459473,12.170000076293945,12.930000305175781,12.170000076293945,12.869999885559082,29000
2023-12-28,11.349055290222168,12.050000190734863,12.460000038146973,12.0,12.050000190734863,39800
2023-12-29,10.85930347442627,11.529999732971191,12.40999984741211,11.5,12.050000190734863,58400
2024-01-02,11.217199325561523,11.90999984741211,12.029999732971191,11.619999885559082,11.869999885559082,38900
2024-01-03,11.254873275756836,11.949999809265137,12.069999694824219,11.699999809265137,11.699999809265137,21000
2024-01-04,11.377310752868652,12.079999923706055,12.199999809265137,11.710000038146973,12.0600004196167,28200
2024-01-05,11.292545318603516,11.989999771118164,12.199999809265137,11.930000305175781,12.050000190734863,22200
2024-01-08,11.386728286743164,12.09000015258789,12.119999885559082,11.699999809265137,11.989999771118164,27700
2024-01-09,11.254873275756836,11.949999809265137,12.09000015258789,11.720000267028809,12.09000015258789,21300
2024-01-10,11.123016357421875,11.8100004196167,11.930000305175781,11.699999809265137,11.84000015258789,31100
2024-01-11,11.264290809631348,11.960000038146973,11.960000038146973,11.609999656677246,11.779999732971191,30500
2024-01-12,11.283127784729004,11.979999542236328,12.220000267028809,11.800000190734863,11.800000190734863,16900
2024-01-16,11.217199325561523,11.90999984741211,12.34000015258789,11.789999961853027,12.069999694824219,30700
2024-01-17,10.567337036132812,11.220000267028809,11.90999984741211,11.109999656677246,11.710000038146973,89800
2024-01-18,10.783957481384277,11.449999809265137,11.65999984741211,11.199999809265137,11.199999809265137,55300
2024-01-19,10.767715454101562,11.270000457763672,11.399999618530273,11.199999809265137,11.199999809265137,33400
2024-01-22,11.312311172485352,11.84000015258789,11.880000114440918,10.789999961853027,11.0600004196167,38800
2024-01-23,10.71994400024414,11.220000267028809,11.770000457763672,11.130000114440918,11.130000114440918,43700
2024-01-24,10.911029815673828,11.420000076293945,11.449999809265137,11.25,11.25,10200
2024-01-25,10.825040817260742,11.329999923706055,11.520000457763672,11.180000305175781,11.319999694824219,23100
2024-01-26,10.729496955871582,11.229999542236328,11.699999809265137,11.229999542236328,11.319999694824219,21100
2024-01-29,10.872812271118164,11.380000114440918,11.479999542236328,11.25,11.25,8600
2024-01-30,11.188104629516602,11.710000038146973,11.760000228881836,11.3100004196167,11.579999923706055,27800
2024-01-31,10.80593204498291,11.3100004196167,12.09000015258789,11.300000190734863,11.869999885559082,32400
2024-02-01,10.84415054321289,11.350000381469727,11.819999694824219,11.260000228881836,11.289999961853027,37000
2024-02-02,10.95880126953125,11.470000267028809,11.789999961853027,11.25,11.5,19600
2024-02-05,10.184901237487793,10.65999984741211,11.699999809265137,10.210000038146973,11.489999771118164,79000
2024-02-06,10.299552917480469,10.779999732971191,10.899999618530273,10.670000076293945,10.670000076293945,36400
2024-02-07,9.9651517868042,10.430000305175781,10.880000114440918,10.359999656677246,10.670000076293945,30000
2024-02-08,10.977909088134766,11.489999771118164,11.710000038146973,10.430000305175781,10.430000305175781,37100
2024-02-09,10.50019359588623,10.989999771118164,11.479999542236328,10.989999771118164,11.479999542236328,7900
2024-02-12,10.815486907958984,11.319999694824219,11.420000076293945,10.979999542236328,10.979999542236328,11400
2024-02-13,10.280445098876953,10.760000228881836,11.34000015258789,10.760000228881836,11.319999694824219,33400
2024-02-14,10.270890235900879,10.75,11.119999885559082,10.75,10.760000228881836,49000
2024-02-15,10.328217506408691,10.8100004196167,11.069999694824219,10.670000076293945,10.670000076293945,36000
2024-02-16,10.44286823272705,10.930000305175781,11.109999656677246,10.739999771118164,10.739999771118164,39000
2024-02-20,10.47153091430664,10.960000038146973,11.199999809265137,10.760000228881836,10.760000228881836,25700
2024-02-21,10.672171592712402,11.170000076293945,11.170000076293945,10.829999923706055,11.010000228881836,20400
2024-02-22,10.519303321838379,11.010000228881836,11.300000190734863,11.010000228881836,11.220000267028809,27800
2024-02-23,10.50019359588623,10.989999771118164,11.170000076293945,10.930000305175781,10.930000305175781,16100
2024-02-26,10.366434097290039,10.850000381469727,11.130000114440918,10.819999694824219,10.899999618530273,10300
2024-02-27,10.98746395111084,11.5,11.609999656677246,10.850000381469727,10.850000381469727,51300
2024-02-28,10.509747505187988,11.0,11.539999961853027,11.0,11.420000076293945,30000
2024-02-29,10.44286823272705,10.930000305175781,11.300000190734863,10.850000381469727,11.130000114440918,61500
2024-03-01,10.643508911132812,11.140000343322754,11.199999809265137,10.9399995803833,11.180000305175781,27600
2024-03-04,10.614846229553223,11.109999656677246,11.260000228881836,11.020000457763672,11.0600004196167,23200
2024-03-05,10.576627731323242,11.069999694824219,11.390000343322754,10.90999984741211,11.279999732971191,34500
2024-03-06,10.509747505187988,11.0,11.149999618530273,10.899999618530273,11.0,51300
2024-03-07,10.605291366577148,11.100000381469727,11.279999732971191,10.920000076293945,11.050000190734863,22500
2024-03-08,10.50019359588623,10.989999771118164,11.180000305175781,10.890000343322754,11.100000381469727,43700
2024-03-11,10.50019359588623,10.989999771118164,11.100000381469727,10.859999656677246,10.859999656677246,19500
2024-03-12,10.366434097290039,10.850000381469727,11.100000381469727,10.850000381469727,10.949999809265137,31500
2024-03-13,10.461977005004883,10.949999809265137,11.0,10.800000190734863,10.800000190734863,22800
2024-03-14,10.242228507995605,10.720000267028809,10.979999542236328,10.640000343322754,10.979999542236328,14500
2024-03-15,10.280445098876953,10.760000228881836,10.970000267028809,10.630000114440918,10.890000343322754,17300
2024-03-18,9.946043968200684,10.40999984741211,10.789999961853027,10.300000190734863,10.640000343322754,32700
2024-03-19,10.022479057312012,10.489999771118164,10.600000381469727,10.329999923706055,10.369999885559082,28200
2024-03-20,9.946043968200684,10.40999984741211,10.539999961853027,10.109999656677246,10.380000114440918,31700
2024-03-21,10.032032012939453,10.5,10.739999771118164,10.25,10.34000015258789,45700
2024-03-22,10.012923240661621,10.479999542236328,10.640000343322754,10.380000114440918,10.380000114440918,24200
2024-03-25,9.888717651367188,10.350000381469727,10.779999732971191,10.199999809265137,10.619999885559082,43600
2024-03-26,9.649859428405762,10.100000381469727,10.399999618530273,9.90999984741211,10.279999732971191,67200
2024-03-27,9.697630882263184,10.149999618530273,10.449999809265137,10.050000190734863,10.15999984741211,43100
2024-03-28,9.57342529296875,10.020000457763672,10.510000228881836,10.020000457763672,10.079999923706055,42100
2024-04-01,10.041586875915527,10.510000228881836,10.510000228881836,10.079999923706055,10.170000076293945,55300
2024-04-02,9.955597877502441,10.420000076293945,10.510000228881836,10.300000190734863,10.380000114440918,31500
2024-04-03,9.869609832763672,10.329999923706055,10.479999542236328,10.270000457763672,10.420000076293945,22800
2024-04-04,9.93648910522461,10.399999618530273,10.449999809265137,10.15999984741211,10.369999885559082,21300
2024-04-05,9.793174743652344,10.25,10.489999771118164,10.229999542236328,10.449999809265137,67900
2024-04-08,9.917381286621094,10.380000114440918,10.510000228881836,10.270000457763672,10.270000457763672,31300
2024-04-09,10.232673645019531,10.710000038146973,10.989999771118164,10.380000114440918,10.449999809265137,42200
2024-04-10,9.9651517868042,10.430000305175781,10.649999618530273,10.359999656677246,10.609999656677246,34000
2024-04-11,9.955597877502441,10.420000076293945,10.609999656677246,10.359999656677246,10.569999694824219,22600
2024-04-12,9.716739654541016,10.170000076293945,10.470000267028809,10.149999618530273,10.359999656677246,69900
2024-04-15,9.621196746826172,10.069999694824219,10.300000190734863,9.899999618530273,10.100000381469727,52100
2024-04-16,9.65941333770752,10.109999656677246,10.369999885559082,10.0,10.069999694824219,35900
2024-04-17,9.688076972961426,10.140000343322754,10.300000190734863,10.109999656677246,10.1899995803833,51200
2024-04-18,9.678523063659668,10.130000114440918,10.260000228881836,10.020000457763672,10.069999694824219,88200
2024-04-19,9.840946197509766,10.300000190734863,10.390000343322754,10.050000190734863,10.100000381469727,58400
2024-04-22,10.022479057312012,10.489999771118164,10.600000381469727,10.210000038146973,10.239999771118164,86100
2024-04-23,10.825040817260742,11.329999923706055,11.430000305175781,10.470000267028809,10.470000267028809,101600
2024-04-24,10.729496955871582,11.229999542236328,11.329999923706055,11.079999923706055,11.210000038146973,48900
2024-04-25,10.786822319030762,11.289999961853027,11.420000076293945,11.25,11.25,39600
2024-04-26,10.770328521728516,11.100000381469727,11.300000190734863,10.819999694824219,11.020000457763672,44300
2024-04-29,11.090527534484863,11.430000305175781,11.479999542236328,11.029999732971191,11.220000267028809,47900
2024-04-30,11.158448219299316,11.5,11.520000457763672,11.220000267028809,11.220000267028809,48200
2024-05-01,11.158448219299316,11.5,11.600000381469727,11.34000015258789,11.5,59900
2024-05-02,10.935279846191406,11.270000457763672,11.630000114440918,11.270000457763672,11.630000114440918,25900
2024-05-03,11.051714897155762,11.390000343322754,11.430000305175781,11.109999656677246,11.430000305175781,45200
2024-05-06,11.323399543762207,11.670000076293945,11.770000457763672,11.319999694824219,11.5,51200
2024-05-07,11.352507591247559,11.699999809265137,11.770000457763672,11.470000267028809,11.739999771118164,73100
2024-05-08,11.080824851989746,11.420000076293945,11.850000381469727,11.34000015258789,11.760000228881836,70700
2024-05-09,10.915873527526855,11.25,11.800000190734863,11.170000076293945,11.649999618530273,63600
2024-05-10,10.411316871643066,10.729999542236328,11.359999656677246,10.4399995803833,11.1899995803833,102100
2024-05-13,10.333693504333496,10.649999618530273,10.880000114440918,10.270000457763672,10.739999771118164,99000
2024-05-14,10.362802505493164,10.680000305175781,10.989999771118164,10.329999923706055,10.850000381469727,90200
2024-05-15,9.67388916015625,9.970000267028809,10.850000381469727,9.90999984741211,10.65999984741211,201300
2024-05-16,9.848543167114258,10.149999618530273,10.449999809265137,9.819999694824219,9.920000076293945,129800
2024-05-17,9.867949485778809,10.170000076293945,10.300000190734863,9.640000343322754,10.039999961853027,234200
2024-05-20,9.887354850769043,10.1899995803833,10.470000267028809,9.960000038146973,10.149999618530273,130900
2024-05-21,9.732107162475586,10.029999732971191,10.1899995803833,9.90999984741211,10.130000114440918,103100
2024-05-22,9.683591842651367,9.979999542236328,10.300000190734863,9.920000076293945,10.050000190734863,127500
2024-05-23,9.935870170593262,10.239999771118164,10.470000267028809,9.970000267028809,9.970000267028809,104400
2024-05-24,9.6932954788208,9.989999771118164,10.229999542236328,9.779999732971191,10.229999542236328,85000
2024-05-28,10.226960182189941,10.539999961853027,10.59000015258789,10.0,10.020000457763672,84800
2024-05-29,10.556862831115723,10.880000114440918,11.100000381469727,10.5,10.5,81700
2024-05-30,10.673297882080078,11.0,11.149999618530273,10.800000190734863,10.800000190734863,76100
2024-05-31,10.411316871643066,10.729999542236328,11.109999656677246,10.529999732971191,11.029999732971191,738600
2024-06-03,10.954684257507324,11.289999961853027,11.350000381469727,10.789999961853027,10.829999923706055,63400
2024-06-04,11.071121215820312,11.40999984741211,11.40999984741211,11.100000381469727,11.109999656677246,83700
2024-06-05,10.915873527526855,11.25,11.399999618530273,11.220000267028809,11.25,24300
2024-06-06,10.731515884399414,11.0600004196167,11.109999656677246,10.880000114440918,11.100000381469727,39300
2024-06-07,10.634486198425293,10.960000038146973,11.109999656677246,10.90999984741211,11.020000457763672,40500
2024-06-10,10.799436569213867,11.130000114440918,11.239999771118164,10.75,10.989999771118164,55500
2024-06-11,10.508346557617188,10.829999923706055,11.010000228881836,10.789999961853027,11.010000228881836,65700
2024-06-12,10.673297882080078,11.0,11.020000457763672,10.710000038146973,10.829999923706055,67400
2024-06-13,10.537455558776855,10.859999656677246,10.949999809265137,10.8100004196167,10.949999809265137,39200
2024-06-14,10.624783515930176,10.949999809265137,10.979999542236328,10.800000190734863,10.800000190734863,53400
2024-06-17,10.57626724243164,10.899999618530273,10.920000076293945,10.619999885559082,10.869999885559082,69500
2024-06-18,10.469535827636719,10.789999961853027,10.869999885559082,10.680000305175781,10.789999961853027,62500
2024-06-20,10.605377197265625,10.930000305175781,11.029999732971191,10.789999961853027,10.850000381469727,64900
2024-06-21,10.692705154418945,11.020000457763672,11.069999694824219,10.75,10.84000015258789,181800
2024-06-24,10.663595199584961,10.989999771118164,11.130000114440918,10.920000076293945,11.0,59200
2024-06-25,10.547159194946289,10.869999885559082,11.069999694824219,10.859999656677246,11.069999694824219,40300
2024-06-26,10.469535827636719,10.789999961853027,11.079999923706055,10.670000076293945,10.850000381469727,35100
2024-06-27,10.421019554138184,10.739999771118164,10.930000305175781,10.65999984741211,10.8100004196167,42900
2024-06-28,10.323990821838379,10.640000343322754,10.789999961853027,10.640000343322754,10.729999542236328,73400
2024-07-01,10.518050193786621,10.84000015258789,11.010000228881836,10.739999771118164,10.930000305175781,64100
2024-07-02,10.556862831115723,10.880000114440918,11.020000457763672,10.760000228881836,10.760000228881836,27700
2024-07-03,10.605377197265625,10.930000305175781,11.039999961853027,10.619999885559082,10.850000381469727,26500
2024-07-05,10.49864387512207,10.819999694824219,10.930000305175781,10.819999694824219,10.84000015258789,18600
2024-07-08,10.391911506652832,10.710000038146973,10.859999656677246,10.699999809265137,10.75,16800
2024-07-09,10.323990821838379,10.640000343322754,10.779999732971191,10.59000015258789,10.670000076293945,21300
2024-07-10,10.333693504333496,10.649999618530273,10.720000267028809,10.640000343322754,10.640000343322754,17000
2024-07-11,10.57626724243164,10.899999618530273,11.0,10.670000076293945,10.680000305175781,25400
2024-07-12,10.741218566894531,11.069999694824219,11.1899995803833,10.979999542236328,11.0,35300
2024-07-15,10.760625839233398,11.09000015258789,11.289999961853027,10.979999542236328,11.199999809265137,57900
2024-07-16,10.760625839233398,11.09000015258789,11.100000381469727,10.949999809265137,10.949999809265137,43400
2024-07-17,10.974091529846191,11.3100004196167,11.359999656677246,11.0,11.079999923706055,18100
2024-07-18,10.983794212341309,11.319999694824219,11.40999984741211,11.25,11.40999984741211,20800
2024-07-19,10.925576210021973,11.260000228881836,11.319999694824219,11.199999809265137,11.239999771118164,10200
2024-07-22,10.954684257507324,11.289999961853027,11.3100004196167,11.1899995803833,11.199999809265137,23600
2024-07-23,10.886764526367188,11.220000267028809,11.359999656677246,11.130000114440918,11.130000114440918,16900
2024-07-24,10.731515884399414,11.0600004196167,11.319999694824219,10.979999542236328,11.15999984741211,28900
2024-07-25,10.944982528686523,11.279999732971191,11.329999923706055,11.0600004196167,11.0600004196167,12900
2024-07-26,11.061417579650879,11.399999618530273,11.460000038146973,11.210000038146973,11.210000038146973,23300
2024-07-29,10.808209419250488,10.970000267028809,11.140000343322754,10.930000305175781,11.069999694824219,16000
2024-07-30,10.808209419250488,10.970000267028809,11.039999961853027,10.869999885559082,10.90999984741211,34200
2024-07-31,10.896882057189941,11.0600004196167,11.390000343322754,10.869999885559082,10.930000305175781,44300
2024-08-01,10.5816011428833,10.739999771118164,11.010000228881836,10.510000228881836,10.949999809265137,20400
2024-08-02,10.45351791381836,10.609999656677246,10.850000381469727,10.5,10.630000114440918,33500
2024-08-05,10.11853313446045,10.270000457763672,10.550000190734863,10.109999656677246,10.420000076293945,48900
2024-08-06,10.68997859954834,10.850000381469727,11.069999694824219,10.369999885559082,10.369999885559082,57400
2024-08-07,10.985553741455078,11.149999618530273,11.399999618530273,10.970000267028809,11.1899995803833,59000
2024-08-08,10.906733512878418,11.069999694824219,11.369999885559082,10.859999656677246,11.319999694824219,32600
2024-08-09,10.877176284790039,11.039999961853027,11.1899995803833,10.949999809265137,11.1899995803833,18700
2024-08-12,10.857471466064453,11.020000457763672,11.15999984741211,10.899999618530273,11.050000190734863,30500
2024-08-13,10.985553741455078,11.149999618530273,11.199999809265137,10.930000305175781,10.989999771118164,41900
2024-08-14,10.867323875427246,11.029999732971191,11.119999885559082,10.880000114440918,11.050000190734863,86800
2024-08-15,11.35009765625,11.520000457763672,11.5600004196167,11.119999885559082,11.149999618530273,36800
2024-08-16,11.68508243560791,11.859999656677246,11.869999885559082,11.25,11.449999809265137,42600
2024-08-19,11.645671844482422,11.819999694824219,11.970000267028809,11.699999809265137,11.770000457763672,24900
2024-08-20,11.645671844482422,11.819999694824219,11.880000114440918,11.550000190734863,11.880000114440918,29600
2024-08-21,11.5372953414917,11.710000038146973,11.789999961853027,11.5600004196167,11.770000457763672,9500
2024-08-22,11.556999206542969,11.729999542236328,11.739999771118164,11.4399995803833,11.630000114440918,16300
2024-08-23,11.478178977966309,11.649999618530273,11.779999732971191,11.479999542236328,11.670000076293945,14200
2024-08-26,11.44862174987793,11.619999885559082,11.75,11.569999694824219,11.569999694824219,19700
2024-08-27,11.261425018310547,11.430000305175781,11.770000457763672,11.270000457763672,11.550000190734863,17600
2024-08-28,11.182604789733887,11.350000381469727,11.489999771118164,11.25,11.449999809265137,12700
2024-08-29,11.093932151794434,11.260000228881836,11.4399995803833,11.15999984741211,11.279999732971191,31500
2024-08-30,11.359949111938477,11.529999732971191,11.739999771118164,11.300000190734863,11.5,29700
2024-09-03,11.320539474487305,11.489999771118164,11.710000038146973,11.289999961853027,11.579999923706055,24800
2024-09-04,11.251571655273438,11.420000076293945,11.6899995803833,11.319999694824219,11.390000343322754,9500
2024-09-05,11.11363697052002,11.279999732971191,11.869999885559082,11.199999809265137,11.380000114440918,67100
2024-09-06,11.084078788757324,11.25,11.619999885559082,11.1899995803833,11.619999885559082,12700
2024-09-09,11.5372953414917,11.710000038146973,11.720000267028809,11.149999618530273,11.180000305175781,14900
2024-09-10,12.049625396728516,12.229999542236328,12.420000076293945,11.40999984741211,11.699999809265137,71900
2024-09-11,12.246676445007324,12.430000305175781,12.640000343322754,12.100000381469727,12.289999961853027,51900
2024-09-12,12.079183578491211,12.260000228881836,12.5,12.199999809265137,12.5,19300
2024-09-13,11.714640617370605,11.890000343322754,12.25,11.84000015258789,12.170000076293945,44200
2024-09-16,11.901838302612305,12.079999923706055,12.149999618530273,11.850000381469727,11.850000381469727,12200
2024-09-17,11.960953712463379,12.140000343322754,12.229999542236328,12.0,12.180000305175781,9100
2024-09-18,11.92154312133789,12.100000381469727,12.229999542236328,11.979999542236328,12.100000381469727,17800
2024-09-19,11.754050254821777,11.930000305175781,12.069999694824219,11.8100004196167,12.069999694824219,17100
2024-09-20,11.60626220703125,11.779999732971191,12.020000457763672,11.609999656677246,11.84000015258789,16500
2024-09-23,11.438769340515137,11.609999656677246,11.739999771118164,11.479999542236328,11.710000038146973,16800
2024-09-24,11.478178977966309,11.649999618530273,11.899999618530273,11.4399995803833,11.739999771118164,23400
2024-09-25,11.340245246887207,11.510000228881836,11.779999732971191,11.380000114440918,11.569999694824219,21300
2024-09-26,11.310687065124512,11.479999542236328,11.899999618530273,11.399999618530273,11.460000038146973,27200
2024-09-27,11.68508243560791,11.859999656677246,12.140000343322754,11.359999656677246,11.359999656677246,25500
2024-09-30,11.566852569580078,11.739999771118164,12.09000015258789,11.640000343322754,11.930000305175781,13100
2024-10-01,11.92154312133789,12.100000381469727,12.449999809265137,11.640000343322754,11.640000343322754,31200
2024-10-02,11.44862174987793,11.619999885559082,12.109999656677246,11.619999885559082,12.100000381469727,14000
2024-10-03,11.44862174987793,11.619999885559082,11.800000190734863,11.399999618530273,11.550000190734863,13200
2024-10-04,11.103784561157227,11.270000457763672,11.729999542236328,11.140000343322754,11.579999923706055,28000
2024-10-07,11.162899017333984,11.329999923706055,11.649999618530273,11.149999618530273,11.199999809265137,12800
2024-10-08,11.123489379882812,11.289999961853027,11.59000015258789,11.239999771118164,11.239999771118164,25700
2024-10-09,11.11363697052002,11.279999732971191,11.4399995803833,11.140000343322754,11.199999809265137,9900
2024-10-10,11.212162017822266,11.380000114440918,11.470000267028809,11.149999618530273,11.149999618530273,15700
2024-10-11,11.35009765625,11.520000457763672,11.649999618530273,11.25,11.319999694824219,20100
2024-10-14,11.35009765625,11.520000457763672,11.59000015258789,11.369999885559082,11.430000305175781,21100
2024-10-15,11.616114616394043,11.789999961853027,11.890000343322754,11.5600004196167,11.609999656677246,10500
2024-10-16,11.744197845458984,11.920000076293945,12.010000228881836,11.569999694824219,11.789999961853027,13700
2024-10-17,11.714640617370605,11.890000343322754,12.0,11.800000190734863,11.970000267028809,7200
2024-10-18,11.616114616394043,11.789999961853027,11.989999771118164,11.789999961853027,11.819999694824219,17100
2024-10-21,11.596410751342773,11.770000457763672,11.979999542236328,11.699999809265137,11.920000076293945,15800
2024-10-22,11.556999206542969,11.729999542236328,11.850000381469727,11.59000015258789,11.729999542236328,15900
2024-10-23,11.488032341003418,11.65999984741211,11.789999961853027,11.619999885559082,11.699999809265137,12500
2024-10-24,11.803312301635742,11.979999542236328,11.979999542236328,11.449999809265137,11.75,25400
2024-10-25,11.556999206542969,11.729999542236328,12.010000228881836,11.670000076293945,12.0,13900
2024-10-28,11.380000114440918,11.380000114440918,11.699999809265137,11.300000190734863,11.670000076293945,11800
2024-10-29,11.369999885559082,11.369999885559082,11.510000228881836,11.25,11.380000114440918,15700
2024-10-30,11.359999656677246,11.359999656677246,11.529999732971191,11.25,11.25,14100
2024-10-31,11.130000114440918,11.130000114440918,11.34000015258789,11.130000114440918,11.270000457763672,16200
2024-11-01,11.199999809265137,11.199999809265137,11.329999923706055,11.020000457763672,11.279999732971191,16000
2024-11-04,10.90999984741211,10.90999984741211,11.220000267028809,10.850000381469727,10.869999885559082,46800
2024-11-05,11.6899995803833,11.6899995803833,11.880000114440918,10.84000015258789,10.84000015258789,41800
2024-11-06,11.960000038146973,11.960000038146973,12.15999984741211,11.729999542236328,12.100000381469727,36100
2024-11-07,11.850000381469727,11.850000381469727,12.109999656677246,11.710000038146973,11.84000015258789,14700
2024-11-08,11.930000305175781,11.930000305175781,12.029999732971191,11.760000228881836,11.899999618530273,13700
2024-11-11,12.149999618530273,12.149999618530273,12.34000015258789,11.850000381469727,11.850000381469727,28000
2024-11-12,11.84000015258789,11.84000015258789,12.34000015258789,11.75,12.149999618530273,24400
2024-11-13,11.859999656677246,11.859999656677246,11.989999771118164,11.710000038146973,11.979999542236328,19200
2024-11-14,11.800000190734863,11.800000190734863,11.970000267028809,11.760000228881836,11.8100004196167,20400
2024-11-15,12.1899995803833,12.1899995803833,12.350000381469727,11.880000114440918,11.880000114440918,8500
2024-11-18,12.029999732971191,12.029999732971191,12.3100004196167,11.979999542236328,12.079999923706055,14700
2024-11-19,12.050000190734863,12.050000190734863,12.34000015258789,11.979999542236328,12.1899995803833,25800
2024-11-20,12.3100004196167,12.3100004196167,12.3100004196167,11.899999618530273,11.899999618530273,13900
2024-11-21,12.479999542236328,12.479999542236328,12.550000190734863,12.119999885559082,12.199999809265137,15100
2024-11-22,12.609999656677246,12.609999656677246,12.8100004196167,12.369999885559082,12.369999885559082,17700
2024-11-25,12.520000457763672,12.520000457763672,12.720000267028809,12.430000305175781,12.609999656677246,17100
2024-11-26,12.579999923706055,12.579999923706055,12.640000343322754,12.3100004196167,12.640000343322754,8400
2024-11-27,12.619999885559082,12.619999885559082,12.930000305175781,12.579999923706055,12.930000305175781,8100
2024-11-29,12.65999984741211,12.65999984741211,12.720000267028809,12.619999885559082,12.619999885559082,5600
2024-12-02,12.539999961853027,12.539999961853027,12.739999771118164,12.449999809265137,12.649999618530273,16800
2024-12-03,12.420000076293945,12.420000076293945,12.699999809265137,12.229999542236328,12.539999961853027,18300
2024-12-04,12.25,12.25,12.479999542236328,12.029999732971191,12.479999542236328,19900
2024-12-05,12.0,12.0,12.479999542236328,11.65999984741211,11.770000457763672,49000
2024-12-06,11.789999961853027,11.789999961853027,12.140000343322754,11.619999885559082,12.140000343322754,37800
2024-12-09,11.699999809265137,11.699999809265137,12.010000228881836,11.649999618530273,11.850000381469727,22400
2024-12-10,11.75,11.75,12.069999694824219,11.600000381469727,11.600000381469727,14600
2024-12-11,11.779999732971191,11.779999732971191,11.885000228881836,11.6899995803833,11.75,20566
