Date,Close,High,Low,Open,Volume
1985-10-23,22.32463264465332,22.525755461271817,20.816211520014583,0.0,4668600
1985-10-24,21.922386169433594,22.626316000562195,21.922386169433594,0.0,1081200
1985-10-25,22.626310348510742,22.626310348510742,21.821819313897027,0.0,491200
1985-10-28,22.525754928588867,22.82743914638247,22.324632116726466,0.0,368700
1985-10-29,23.430803298950195,23.73248746159762,22.42518942345877,0.0,853800
1985-10-30,23.833051681518555,23.933613081018635,23.330244684018165,0.0,518000
1985-10-31,23.430803298950195,23.833048849146767,23.430803298950195,0.0,504600
1985-11-01,23.833051681518555,23.933613081018635,23.330244684018165,0.0,348100
1985-11-04,23.833051681518555,23.933613081018635,23.53136748301832,0.0,197200
1985-11-05,23.833051681518555,23.933613081018635,23.53136748301832,0.0,249900
1985-11-06,24.536977767944336,25.14034607371346,23.933609462175212,0.0,886900
1985-11-07,24.939224243164062,24.939224243164062,24.335855914700417,0.0,534200
1985-11-08,24.838665008544922,25.039787802136377,24.738103611749192,0.0,198900
1985-11-11,25.34146499633789,26.145955948602584,24.939219520205544,0.0,390900
1985-11-12,25.24091339111328,25.442036206978727,25.03979057524784,0.0,474500
1985-11-13,25.24091339111328,25.341474799046004,25.03979057524784,0.0,140600
1985-11-14,24.939224243164062,25.24090840739589,24.536978690854966,0.0,180100
1985-11-15,24.335857391357422,24.838664362253237,24.23529599717826,0.0,76200
1985-11-18,24.637540817260742,24.838663599442462,24.2352952528973,0.0,211700
1985-11-19,24.436412811279297,24.63753555046678,24.335851441685552,0.0,159800
1985-11-20,24.536977767944336,24.637539152239192,24.235293615059774,0.0,96900
1985-11-21,25.442033767700195,25.442033767700195,24.73810397966106,0.0,328600
1985-11-22,25.74371337890625,25.844274759292603,25.442029237747192,0.0,221100
1985-11-25,25.24091339111328,25.743720430776893,24.939229167315116,0.0,187800
1985-11-26,25.140342712402344,25.341465454101563,25.140342712402344,0.0,181300
1985-11-27,25.34146499633789,25.442026365370978,25.039780889238628,0.0,151200
1985-11-29,25.643152236938477,25.643152236938477,25.14034533033184,0.0,108700
1985-12-02,25.542593002319336,25.84427717163807,25.442031612546426,0.0,149800
1985-12-03,24.939224243164062,25.24090840739589,24.83866285508679,0.0,238900
1985-12-04,25.542593002319336,25.74371578186516,24.838663273908963,0.0,426500
1985-12-05,26.347078323364258,26.447639691010686,25.743710117485687,0.0,241800
1985-12-06,25.84427833557129,26.246523912778624,25.743716941269454,0.0,143100
1985-12-09,25.74371337890625,25.944836139678955,25.74371337890625,0.0,268700
1985-12-10,25.542593002319336,25.74371578186516,25.442031612546426,0.0,149800
1985-12-11,25.542593002319336,25.542593002319336,25.039786053454783,0.0,353900
1985-12-12,25.94483184814453,26.045393211897032,25.542586393134542,0.0,703700
1985-12-13,26.246519088745117,26.54820321620196,25.84427358546933,0.0,194300
1985-12-16,26.84988784790039,27.051010603315376,26.548203714777916,0.0,267700
1985-12-17,26.84988784790039,27.252133358730358,26.84988784790039,0.0,204400
1985-12-18,26.44764518737793,26.95045213010375,26.347083798832767,0.0,133100
1985-12-19,26.246519088745117,26.648764592020903,26.246519088745117,0.0,134000
1985-12-20,26.246519088745117,26.54820321620196,26.246519088745117,0.0,110300
1985-12-23,25.74371337890625,26.447643041610718,25.74371337890625,0.0,142400
1985-12-24,25.24091339111328,25.442036206978727,25.140351983180558,0.0,167100
1985-12-26,25.039785385131836,25.2409081593096,25.039785385131836,0.0,146600
1985-12-27,25.140342712402344,25.442026824951174,25.039781341552736,0.0,203900
1985-12-30,24.73810577392578,25.140351396266038,24.536982962755655,0.0,202900
1985-12-31,24.838665008544922,24.939226405340648,24.637542214953463,0.0,130300
1986-01-02,24.838665008544922,24.939226405340648,24.637542214953463,0.0,128900
1986-01-03,24.939224243164062,25.03978563124134,24.83866285508679,0.0,61500
1986-01-06,25.74371337890625,25.944836139678955,24.838660955429077,0.0,75800
1986-01-07,26.548202514648438,26.548202514648438,25.743711529356062,0.0,227400
1986-01-08,26.84988784790039,27.453256114145344,26.548203714777916,0.0,279300
1986-01-09,25.542593002319336,26.347084120502625,25.140347443227693,0.0,196600
1986-01-10,26.246519088745117,26.246519088745117,25.84427358546933,0.0,56300
1986-01-13,25.74371337890625,25.944836139678955,25.542590618133545,0.0,169400
1986-01-14,25.84427833557129,26.045401124174955,25.743716941269454,0.0,105900
1986-01-15,26.548202514648438,26.648763887809988,26.14595702200225,0.0,204800
1986-01-16,26.749340057373047,27.151585772521514,26.548217199798813,0.0,204200
1986-01-17,26.145957946777344,26.950448960524337,25.743712439903845,0.0,154100
1986-01-20,25.74371337890625,26.14595890045166,25.542590618133545,0.0,79700
1986-01-21,25.542593002319336,25.84427717163807,25.442031612546426,0.0,52500
1986-01-22,26.246519088745117,26.950448719477745,26.14595771292617,0.0,313500
1986-01-23,27.35270118713379,27.654385391403647,26.648771377170785,0.0,195700
1986-01-24,27.75494384765625,27.85550523840863,27.35269828464674,0.0,130100
1986-01-27,28.45886993408203,28.45886993408203,27.956063044787292,0.0,186000
1986-01-28,28.157184600830078,28.559430095127652,28.056623227255685,0.0,52600
1986-01-29,29.363927841186523,30.168419014917664,28.15719108058982,0.0,299100
1986-01-30,29.46449851989746,29.86674423347968,29.263375663106352,0.0,390100
1986-01-31,29.46449851989746,29.967305661875233,28.76056852112858,0.0,357500
1986-02-03,29.363927841186523,29.565050634619308,29.16280504775374,0.0,212600
1986-02-04,30.06785774230957,30.06785774230957,29.36392796238928,0.0,163000
1986-02-05,30.268983840942383,30.97291369770848,30.168422432832937,0.0,122700
1986-02-06,30.268983840942383,30.470106657161267,30.168422432832937,0.0,100400
1986-02-07,30.570648193359375,30.671209536100687,29.46447342320492,0.0,92500
1986-02-10,30.36953353881836,30.671217646819866,30.16841080015069,0.0,90300
1986-02-11,30.36953353881836,30.57065627748603,29.967288061483014,0.0,77800
1986-02-12,30.268983840942383,30.470106657161267,29.967299616614053,0.0,118700
1986-02-13,30.16840171813965,30.268963057200114,29.565033683776853,0.0,40400
1986-02-14,29.766172409057617,29.967295195605306,29.76617240905762,0.0,93900
1986-02-18,29.46449851989746,29.66562137668857,29.062252806315243,0.0,99100
1986-02-19,28.760555267333984,29.363923559655674,28.559432503226752,0.0,88900
1986-02-20,29.263357162475586,29.263357162475586,28.55942760873906,0.0,123800
1986-02-21,29.967287063598633,30.067848429583865,29.26335750170202,0.0,154500
1986-02-24,29.866729736328125,30.168413875078915,29.56504559757734,0.0,104200
1986-02-25,28.760555267333984,29.363923559655674,28.559432503226752,0.0,133300
1986-02-26,28.660003662109375,28.96168791118421,28.25775799667626,0.0,397400
1986-02-27,30.16840171813965,30.470085735321046,28.76054297129313,0.0,196800
1986-02-28,31.576265335083008,32.17963346250498,30.168406371098417,0.0,158000
1986-03-03,31.676851272583008,31.97853557041713,31.475728407360258,0.0,54400
1986-03-04,31.27459144592285,31.877959769638405,31.27459144592285,0.0,37500
1986-03-05,30.972904205322266,31.17402695990228,30.671220073452243,0.0,57400
1986-03-06,31.978513717651367,31.978513717651367,30.972900078731513,0.0,204700
1986-03-07,31.777393341064453,32.0790774550619,31.777393341064453,0.0,37100
1986-03-10,30.972904205322266,31.777395223642326,30.972904205322266,0.0,99700
1986-03-11,30.972904205322266,31.274588337192288,30.87234282803226,0.0,191500
1986-03-12,30.872356414794922,31.07347925788805,30.570672150155232,0.0,252000
1986-03-13,30.972904205322266,31.073465582612275,30.87234282803226,0.0,299000
1986-03-14,31.777393341064453,31.877954712396935,30.97290237040459,0.0,230000
1986-03-17,31.978513717651367,32.481320537111294,31.877952353759383,0.0,114500
1986-03-18,33.38639831542969,33.486959756138816,32.07909958621106,0.0,141000
1986-03-19,34.492549896240234,34.794234006119886,33.68805893656116,0.0,77900
1986-03-20,34.693668365478516,35.09591379580291,34.593107007897416,0.0,46300
1986-03-21,34.190879821777344,35.79986240162569,33.989756999296304,0.0,131800
1986-03-24,32.38075637817383,34.29142212719651,32.28019502296211,0.0,52400
1986-03-25,32.179649353027344,32.58189496994019,32.079087948799135,0.0,76900
1986-03-26,32.28022766113281,32.98415785935067,32.28022766113281,0.0,110100
1986-03-27,33.38639831542969,33.58752119684794,32.98415255259319,0.0,214000
1986-03-31,34.291419982910156,34.49254268075714,33.386367842598744,0.0,99700
1986-04-01,33.68806457519531,34.59311705631996,33.486941801612055,0.0,119700
1986-04-02,33.38639831542969,33.58752119684794,33.18527543401144,0.0,146400
1986-04-03,33.285823822021484,33.98975363094641,33.285823822021484,0.0,71400
1986-04-04,32.179649353027344,33.386386203765866,32.179649353027344,0.0,53100
1986-04-07,31.375152587890625,32.17964367988782,30.972907041892025,0.0,87300
1986-04-08,32.78300476074219,32.78300476074219,31.47570702488437,0.0,97500
1986-04-09,32.78300476074219,33.48693431081947,32.58188203214868,0.0,85800
1986-04-10,32.78300476074219,32.9841274893357,32.78300476074219,0.0,19500
1986-04-11,33.587493896484375,33.587493896484375,32.48131894779776,0.0,97500
1986-04-14,34.392005920410156,34.79425160368981,33.88919881631059,0.0,41200
1986-04-15,33.989749908447266,34.39199546949398,33.78862712792391,0.0,46500
1986-04-16,34.79423522949219,34.995357976483476,33.78862149453577,0.0,20000
1986-04-17,34.190879821777344,35.19649393418256,33.989756999296304,0.0,173300
1986-04-18,33.38639831542969,34.392012722520946,33.38639831542969,0.0,355300
1986-04-21,32.4813232421875,33.38637559258901,31.97851638085333,0.0,113800
1986-04-22,32.38075637817383,32.78300179902071,32.28019502296211,0.0,79700
1986-04-23,32.079078674316406,32.3807627997802,31.777394548852616,0.0,79400
1986-04-24,31.27459144592285,32.07908254421025,31.27459144592285,0.0,233300
1986-04-25,31.375152587890625,31.77739813388922,31.274591201390976,0.0,72500
1986-04-28,30.470111846923828,31.37516467406018,30.470111846923828,0.0,55100
1986-04-29,30.06785774230957,30.671226125098393,29.36392796238928,0.0,97900
1986-04-30,29.967287063598633,30.470093893524783,29.464480233672482,0.0,148100
1986-05-01,29.866729736328125,30.168413875078915,29.464484217993743,0.0,79100
1986-05-02,30.36953353881836,30.36953353881836,29.665603953481508,0.0,108700
1986-05-05,31.174030303955078,31.37515308010963,30.47010058741416,0.0,92300
1986-05-06,31.174030303955078,31.57627585626418,31.073468915877807,0.0,39500
1986-05-07,30.77178192138672,31.174027436698964,30.369536406074474,0.0,95900
1986-05-08,30.570648193359375,30.872332221583314,30.369525507876748,0.0,625800
1986-05-09,29.967287063598633,30.671216625495244,29.967287063598633,30.570655259510016,2074100
1986-05-12,29.363927841186523,29.76617342805209,29.263366444470133,29.76617342805209,294000
1986-05-13,29.263357162475586,29.565041256934098,29.06223443283658,29.464479892114593,973100
1986-05-14,29.363927841186523,29.464489237902917,29.263366444470133,29.363927841186523,444900
1986-05-15,29.062238693237305,29.665606970605555,29.062238693237305,29.464484211482805,463900
1986-05-16,29.162805557250977,29.464489752670815,29.162805557250977,29.263366955724255,255900
1986-05-19,28.961681365966797,29.464488334125942,28.86111997233497,29.464488334125942,176000
1986-05-20,28.961681365966797,29.162804153230457,28.76055857870314,29.062242759598625,122900
1986-05-21,29.363927841186523,29.6656120313357,29.363927841186523,29.363927841186523,654500
1986-05-22,29.726682662963867,29.827451078770522,29.525145831350553,29.525145831350553,276900
1986-05-23,30.028989791870117,30.028989791870117,29.827452947629375,29.827452947629375,522200
1986-05-27,30.53285026550293,30.532850265502933,30.02900785188077,30.02900785188077,382900
1986-05-28,31.238218307495117,31.338986753648328,30.432070738269434,30.734376076729067,574200
1986-05-29,30.734386444091797,31.540534285248302,30.734386444091797,31.43976580510374,305400
1986-05-30,31.137474060058594,31.339011108991013,30.73439996219376,31.036705535592386,152800
1986-06-02,29.726682662963867,31.23820890006372,29.726682662963867,31.137440484257066,295300
1986-06-03,28.9205379486084,29.726685347872746,28.719001098792315,29.726685347872746,448400
1986-06-04,28.9205379486084,29.625916922964702,28.9205379486084,29.22284322333253,227900
1986-06-05,29.1220760345459,29.424381322101738,29.02130760536062,29.222844463731178,124500
1986-06-06,28.416704177856445,29.323620268639097,27.912861905199414,29.122083359576283,179500
1986-06-09,27.10671043395996,28.920542358908957,27.10671043395996,28.618237038084125,236300
1986-06-10,27.207481384277344,27.509786732991536,26.905176035563148,27.40901828342014,409500
1986-06-11,27.610549926757812,28.215160509095575,27.207476205199306,27.40901306597856,308100
1986-06-12,27.610549926757812,28.013623648316322,27.509781496368188,27.912855217926694,279400
1986-06-13,28.114410400390625,28.114410400390625,27.610567920096884,27.610567920096884,569300
1986-06-16,27.81209373474121,28.013630645862523,27.610556823619895,28.013630645862523,77800
1986-06-17,27.308258056640625,27.812100456209638,27.005952616899215,27.812100456209638,207800
1986-06-18,28.013639450073242,28.11440793730372,27.409028526690367,27.509797013920846,143300
1986-06-19,28.21516227722168,28.21516227722168,27.81208853040423,28.114393840517316,276100
1986-06-20,27.005931854248047,28.215152683542733,27.005931854248047,28.11438428110151,206400
1986-06-23,27.409025192260742,28.11440451706157,27.1067197673461,27.20748824231765,201400
1986-06-24,27.81209373474121,27.81209373474121,27.409019912498582,27.610556823619895,202100
1986-06-25,28.21516227722168,28.416699150630407,27.81208853040423,27.81208853040423,384200
1986-06-26,28.416704177856445,28.71900954145066,28.315935723325037,28.416704177856445,173300
1986-06-27,28.416704177856445,28.51747263238785,28.215167268793632,28.315935723325037,279600
1986-06-30,29.625919342041016,29.72668777517721,28.315929711270496,28.517466577542883,289800
1986-07-01,30.432065963745117,30.532834394088646,29.827455381683958,29.827455381683958,237000
1986-07-02,30.432065963745117,30.63360282443217,30.331297533401592,30.63360282443217,89700
1986-07-03,30.633594512939453,30.835131318945635,30.331289303930184,30.432057706933275,203100
1986-07-07,29.525165557861328,30.633618872320287,29.525165557861328,30.633618872320287,216800
1986-07-08,28.416704177856445,29.323620268639097,28.114398814262227,29.323620268639097,207000
1986-07-09,28.21516227722168,28.719004460743495,28.21516227722168,28.61823602403913,141500
1986-07-10,28.416704177856445,28.416704177856445,28.013630359730822,28.315935723325037,189200
1986-07-11,29.525165557861328,29.62593404099396,28.719017692800268,28.8197861759329,247000
1986-07-14,28.416704177856445,29.525157177701907,28.215167268793632,29.525157177701907,96900
1986-07-15,28.013639450073242,28.41671339899516,27.912870962842764,27.912870962842764,118300
1986-07-16,28.21516227722168,28.61823602403913,28.013625403812952,28.013625403812952,88600
1986-07-17,29.02131462097168,29.22285152806176,28.114398539066315,28.114398539066315,118300
1986-07-18,29.82746124267578,29.928229692819954,29.323618991954906,29.323618991954906,199900
1986-07-21,29.928226470947266,30.028994910243384,29.72668959235503,29.827458031651148,134300
1986-07-22,30.633594512939453,30.633594512939453,30.02898409492091,30.02898409492091,158700
1986-07-23,30.53285026550293,30.633618748227363,30.331313300054067,30.4320817827785,104700
1986-07-24,30.432065963745117,30.63360282443217,30.230529103058064,30.63360282443217,25600
1986-07-25,30.734386444091797,30.83515492423636,30.43208100365811,30.43208100365811,239000
1986-07-28,30.23052215576172,30.935901006062824,30.23052215576172,30.633595784505207,158800
1986-07-29,30.129772186279297,30.23054065512973,29.827466779728,30.029003717428864,94000
1986-07-30,30.53285026550293,30.734387230951796,29.424396955534178,30.02900785188077,172700
1986-07-31,30.331310272216797,30.835152635542656,30.230541799551624,30.734384162877486,80000
1986-08-01,30.53285026550293,30.633618748227363,30.331313300054067,30.331313300054067,61600
1986-08-04,30.23052215576172,30.633595784505207,30.028985341389973,30.43205897013346,115200
1986-08-05,31.03668212890625,31.2382190258472,30.331302989612926,30.331302989612926,126000
1986-08-06,31.03668212890625,31.03668212890625,30.734376783494824,30.8351452319653,85900
1986-08-07,30.734386444091797,30.83515492423636,30.331312523513546,30.734386444091797,81400
1986-08-08,29.928226470947266,30.633605546020096,29.62592115305891,30.633605546020096,148900
1986-08-11,30.432065963745117,30.63360282443217,30.230529103058064,30.230529103058064,110000
1986-08-12,31.3389892578125,31.3389892578125,30.432073169965836,30.432073169965836,133000
1986-08-13,31.943603515625,32.245908911671926,31.23822425818218,31.338992723531153,125800
1986-08-14,32.34668731689453,32.951298294780415,32.145150324265906,32.24591882058022,290600
1986-08-15,32.14513397216797,32.245902417221785,31.943597082060332,32.245902417221785,106300
1986-08-18,32.14513397216797,32.54820775238324,32.14513397216797,32.54820775238324,87200
1986-08-19,31.742069244384766,32.24591161334325,31.641300770593066,32.24591161334325,49200
1986-08-20,31.842830657958984,31.943599109408222,31.540525303611272,31.742062206509747,50200
1986-08-21,31.903406143188477,32.40820687330222,31.903406143188477,31.903406143188477,240900
1986-08-22,32.004371643066406,32.408212294713934,32.004371643066406,32.30725213180205,66300
1986-08-25,32.10531234741211,32.20627244913353,31.903392143969263,32.00435224569069,86600
1986-08-26,32.509151458740234,32.610111556438184,32.105311067948435,32.105311067948435,171400
1986-08-27,32.3072509765625,33.0139720916748,32.206290817260744,32.71109161376953,175800
1986-08-28,32.10531234741211,32.408192652576375,32.10531234741211,32.30723255085495,85000
1986-08-29,32.004371643066406,32.509172457625816,32.004371643066406,32.30725213180205,176700
1986-09-02,31.80245590209961,32.509177144368486,31.802455902099606,32.509177144368486,79500
1986-09-03,31.60052490234375,32.00436547617562,31.095724185053914,32.00436547617562,151800
1986-09-04,31.29764175415039,32.10532283167685,31.095721484768774,31.499562023532004,117100
1986-09-05,30.48995590209961,31.19667673426748,30.28803566433736,31.09571661538636,265900
1986-09-08,29.480363845825195,30.99476609817923,29.278443545511326,30.893805948022294,182900
1986-09-09,29.480363845825195,29.985164596609874,29.37940369566826,29.480363845825195,240000
1986-09-10,29.88420295715332,30.086123247404355,29.480362376651247,29.7832428120278,90600
1986-09-11,28.571718215942383,29.58131956632904,28.470758080903718,29.58131956632904,163500
1986-09-12,27.66307830810547,29.076520265453922,27.663078308105465,29.076520265453922,157500
1986-09-15,28.066932678222656,28.470773436182693,27.764052109752626,28.268853057202676,64700
1986-09-16,27.461162567138672,28.06692350611967,27.158282097648172,28.06692350611967,252300
1986-09-17,27.562114715576172,27.864995097066018,27.46115458841289,27.66307484273945,276100
1986-09-18,27.66307830810547,27.663078308105465,27.25923774886305,27.360197888673657,114600
1986-09-19,26.956357955932617,27.663078951031974,26.855397813775564,27.663078951031974,157700
1986-09-22,27.562114715576172,27.764034969902735,27.057314079759756,27.057314079759756,130900
1986-09-23,28.268836975097656,28.672677503313334,27.764036314828054,27.764036314828054,103600
1986-09-24,28.975553512573242,28.975553512573242,28.06691246165631,28.06691246165631,50500
1986-09-25,28.773649215698242,29.07652973375822,28.571728870324918,28.975569561071563,37100
1986-09-26,28.874597549438477,29.076517812021965,28.369796892979764,28.369796892979764,19100
1986-09-29,27.66307830810547,28.4707594265903,27.057317469241845,28.26883914696909,87600
1986-09-30,27.864999771118164,27.965959915216416,27.461159194725145,27.663079482921653,37300
1986-10-01,28.167892456054688,28.672693396127354,27.86501189201109,27.965972080025622,115300
1986-10-02,28.066932678222656,28.167892867712666,27.865012299242636,27.865012299242636,54200
1986-10-03,28.470762252807617,28.57172240264027,28.167881803309665,28.268841953142317,56400
1986-10-06,28.470762252807617,28.87460285213822,28.268841953142317,28.268841953142317,27400
1986-10-07,28.369802474975586,28.672682928445074,28.16788217266259,28.672682928445074,40600
1986-10-08,29.278446197509766,29.278446197509766,27.865003967285155,27.96596412658691,65200
1986-10-09,30.48995590209961,30.590916020980735,29.17747435664499,29.17747435664499,205000
1986-10-10,30.48995590209961,31.09571661538636,30.388995783218487,30.691876139861858,74300
1986-10-13,30.893798828125,30.893798828125,30.288038066789216,30.38899819367851,16400
1986-10-14,30.389007568359375,31.398609148703542,30.28804741032496,31.398609148703542,58100
1986-10-15,30.691869735717773,30.994750029162354,30.38898944227319,30.691869735717773,81700
1986-10-16,30.994773864746094,30.994773864746094,30.3890128120149,30.3890128120149,75700
1986-10-17,30.389007568359375,30.994768516565877,30.389007568359375,30.994768516565877,36200
1986-10-20,30.08611488342285,30.489955351656715,29.985154766364385,30.489955351656715,13800
1986-10-21,29.88420295715332,30.38900368278091,29.7832428120278,30.086123247404355,121600
1986-10-22,30.28803253173828,30.489952748616535,29.9851522064209,30.086112314860024,56500
1986-10-23,30.893798828125,30.994758955014298,30.48995832056781,30.48995832056781,46000
1986-10-24,30.48995590209961,31.09571661538636,30.28803566433736,31.09571661538636,505200
1986-10-27,30.389007568359375,30.792848200497044,30.389007568359375,30.389007568359375,43400
1986-10-28,30.08611488342285,30.59091546871518,29.985154766364385,30.28803511753978,52700
1986-10-29,30.691869735717773,30.792829833532632,29.884188953198883,29.884188953198883,170500
1986-10-30,30.389007568359375,31.19668883263471,30.389007568359375,30.89380835853146,189200
1986-10-31,29.480363845825195,30.489965347394552,29.37940369566826,30.489965347394552,217300
1986-11-03,29.076522827148438,29.88420401679145,28.874602529737686,29.88420401679145,189100
1986-11-04,29.278446197509766,29.48036651611328,29.278446197509766,29.48036651611328,237500
1986-11-05,29.177474975585938,29.177474975585938,29.07651485456315,29.07651485456315,76200
1986-11-06,28.672679901123047,29.278440744104522,28.470759620129222,29.076520463110697,186600
1986-11-07,28.975553512573242,29.07651362934179,28.57171304549905,28.6726731622676,35200
1986-11-10,29.177474975585938,29.379395217631515,28.773634491494782,28.874594612517573,186400
1986-11-11,29.177474975585938,29.278435096608728,28.97555473354036,29.177474975585938,99800
1986-11-12,28.268836975097656,29.581318691798618,28.066916710989815,29.581318691798618,361500
1986-11-13,27.259233474731445,28.26883471453631,27.158273350750957,28.167874590555826,806200
1986-11-14,27.66307830810547,27.76403844791607,27.158277609052448,27.158277609052448,75300
1986-11-17,27.259233474731445,27.764034094633878,27.158273350750957,27.663073970653393,130700
1986-11-18,26.55251693725586,27.461158201268418,26.24963651591834,27.461158201268418,209600
1986-11-19,26.249635696411133,26.45155597099891,25.6438748726478,25.6438748726478,304100
1986-11-20,26.512746810913086,26.91752157138504,26.310359430677106,26.512746810913086,332900
1986-11-21,27.423498153686523,27.727079314059438,26.512754672567784,26.512754672567784,305100
1986-11-24,27.92945671081543,28.53661881322446,27.22110092467156,27.3222946084064,205000
1986-11-25,27.52468490600586,27.929459684035354,27.11991012797636,27.929459684035354,382400
1986-11-26,27.52468490600586,27.625878600513232,27.423491211498483,27.625878600513232,87000
1986-11-28,27.322288513183594,27.72706315782335,27.119901190863715,27.72706315782335,98800
1986-12-01,27.828258514404297,27.929452181729406,27.119902843128553,27.119902843128553,129200
1986-12-02,29.24496841430664,29.34616207663988,28.13183812864099,28.13183812864099,314200
1986-12-03,29.447351455688477,29.649738750916576,29.14377051284633,29.346157808074427,236600
1986-12-04,28.941394805908203,29.447363246570934,28.840201117775656,29.24497587030584,210500
1986-12-05,28.941394805908203,29.143782182173293,28.73900742964311,29.143782182173293,300300
1986-12-08,28.739004135131836,29.447359870856918,28.33422942900322,29.346166194324763,140800
1986-12-09,27.92945671081543,28.53661881322446,27.92945671081543,28.53661881322446,133800
1986-12-10,29.54856300354004,29.85214413028874,27.929463660880312,28.131851078712778,250600
1986-12-11,28.637802124023438,29.548544947755634,28.233027535698017,29.346157653592922,144600
1986-12-12,28.334218978881836,28.53660625730242,28.13183170046125,28.43541261809213,150500
1986-12-15,28.941394805908203,28.9413948059082,28.131845300847832,28.334232677112926,302500
1986-12-16,28.739004135131836,29.346166194324763,28.53661678206753,29.143778841260456,338500
1986-12-17,28.739004135131836,28.73900413513184,28.33422942900322,28.435423105535374,104800
1986-12-18,29.346166610717773,29.750941322589743,28.435423509005844,28.941391898845804,139400
1986-12-19,29.54856300354004,29.54856300354004,29.14378816787511,29.14378816787511,153300
1986-12-22,29.447351455688477,29.852126046144676,29.244964160460377,29.447351455688477,151000
1986-12-23,29.143774032592773,29.649742331769733,29.143774032592773,29.54854867193434,350800
1986-12-24,28.739004135131836,29.143778841260456,28.73900413513184,29.143778841260456,93100
1986-12-26,28.941394805908203,28.9413948059082,28.73900742964311,28.9413948059082,22100
1986-12-29,28.23304557800293,29.042595271995847,28.131851866253815,28.94140156024673,67300
1986-12-30,27.727066040039062,28.131840726754962,27.22109768164419,27.92945338339701,155900
1986-12-31,28.4354190826416,28.435419082641605,27.72706344713096,27.72706344713096,110300
1987-01-02,28.334218978881836,28.637799896512714,28.13183170046125,28.43541261809213,61600
1987-01-05,29.143774032592773,29.244967692428165,28.33422475390964,28.33422475390964,209900
1987-01-06,29.54856300354004,29.649756712456274,29.042594458958874,29.14378816787511,204400
1987-01-07,29.54856300354004,29.649756712456274,29.447369294623808,29.54856300354004,118300
1987-01-08,30.965253829956055,30.965253829956055,29.447349230448403,29.447349230448403,111500
1987-01-09,30.661691665649414,31.26885387685039,30.155723156315265,31.26885387685039,249600
1987-01-12,30.76286506652832,30.864058701615587,30.459284161266527,30.76286506652832,92000
1987-01-13,30.76286506652832,31.167639606877376,30.459284161266527,30.76286506652832,119700
1987-01-14,30.256906509399414,30.560487511165963,30.05451917488838,30.35810017665493,90800
1987-01-15,28.84020233154297,30.256914025022272,28.536621254368832,30.054526640239512,348100
1987-01-16,28.334218978881836,28.8401871749333,28.13183170046125,28.738993535723004,540300
1987-01-19,28.637802124023438,28.738995771104793,28.233027535698017,28.334221182779373,272400
1987-01-20,29.346166610717773,29.852135000557734,28.739004542909818,28.840198220877813,564100
1987-01-21,28.739004135131836,29.548553547389073,28.73900413513184,29.548553547389073,192200
1987-01-22,28.53661346435547,28.94138812342434,27.727064146217725,28.94138812342434,306400
1987-01-23,28.637802124023438,29.548544947755634,28.43541482986073,28.9413830652675,590800
1987-01-26,28.4354190826416,28.739000069289023,28.435419082641605,28.739000069289023,156600
1987-01-27,29.143774032592773,29.54854867193434,28.33422475390964,28.33422475390964,318100
1987-01-28,29.346166610717773,29.548553966653756,29.143779254781787,29.447360288685765,169500
1987-01-29,30.054515838623047,30.155709494645347,29.143772934422348,29.548547558511547,375500
1987-01-30,29.95332145690918,29.953321456909176,29.7509341497679,29.953321456909176,130300
1987-02-02,29.649744033813477,29.95332503074672,29.34616303688023,29.95332503074672,259600
1987-02-03,29.143774032592773,29.852129651440517,29.143774032592773,29.750935991605125,158700
1987-02-04,29.95332145690918,30.054515110479816,29.143772228344066,29.34615953548534,456100
1987-02-05,30.459304809570312,30.762885920629152,29.548561476393793,29.953336291138914,528200
1987-02-06,30.56048011779785,30.661673760572015,30.35809283224952,30.56048011779785,179900
1987-02-09,30.35809898376465,30.661679973602297,30.15571165720622,30.661679973602297,131400
1987-02-10,29.54856300354004,30.15572525703744,29.14378816787511,30.15572525703744,168500
1987-02-11,29.54856300354004,29.953337839204973,29.346175585707574,29.953337839204973,213400
1987-02-12,29.852123260498047,30.155704175011586,29.548542345984508,29.649735984155686,276900
1987-02-13,30.35809898376465,30.459292647043867,29.95332433064779,30.054517993927004,99400
1987-02-17,30.864072799682617,30.864072799682617,30.459298074440877,30.56049175575131,298700
1987-02-18,31.167661666870117,31.774823907133822,30.965274253448882,31.268855373580735,364000
1987-02-19,32.28078842163086,32.28078842163086,30.96527039817882,30.96527039817882,258900
1987-02-20,32.3819694519043,32.5843567609787,32.078388488292696,32.2807757973671,173300
1987-02-23,31.67362403869629,32.78675459596676,31.5724303516717,32.58436722191759,126600
1987-02-24,32.28078842163086,32.38198211574256,31.876013645184077,31.876013645184077,118800
1987-02-25,33.19152069091797,33.19152069091797,32.078390423844496,32.280777745130585,205000
1987-02-26,33.069786071777344,33.47555031805682,32.86690394863761,33.069786071777344,77300
1987-02-27,32.461151123046875,33.27267990112305,32.461151123046875,33.069797706604,43300
1987-03-02,32.866912841796875,32.866912841796875,32.258266307689524,32.258266307689524,94900
1987-03-03,32.76545333862305,33.171217466655534,32.66401230661493,32.86689437063117,80500
1987-03-04,32.66402053833008,32.96834371104744,32.66402053833008,32.86690265347499,190700
1987-03-05,32.866912841796875,32.968353930814764,32.46114848572531,32.46114848572531,130400
1987-03-06,32.76545333862305,32.96833540263929,32.461130242598685,32.461130242598685,57100
1987-03-09,32.66402053833008,32.86690265347499,32.25825630804026,32.86690265347499,49800
1987-03-10,33.069786071777344,33.77987350276643,32.461139702358125,32.562580763928,206500
1987-03-11,33.27267074584961,33.37411181519671,32.9683475378083,33.171229676502506,113300
1987-03-12,33.57699203491211,33.678433098461696,33.06978671716419,33.272668844263364,77800
1987-03-13,34.08420181274414,34.692848273685996,33.678437505449565,34.08420181274414,207600
1987-03-16,33.069786071777344,34.08419668747604,32.96834501020747,34.08419668747604,133100
1987-03-17,33.069786071777344,33.27266819491708,32.765462887067734,32.765462887067734,96100
1987-03-18,32.66402053833008,33.2726668837648,32.66402053833008,33.2726668837648,93400
1987-03-19,32.968353271484375,33.47555870643029,32.86691218449519,32.86691218449519,73100
1987-03-20,33.27267074584961,33.77987609258512,33.171229676502506,33.27267074584961,68500
1987-03-23,32.461151123046875,33.069797706604,32.461151123046875,32.96835660934448,141600
1987-03-24,31.649614334106445,32.46114290677584,31.649614334106445,32.25826076360849,235500
1987-03-25,32.35970687866211,32.35970687866211,31.649619266904637,31.649619266904637,178700
1987-03-26,32.461151123046875,33.171238803863524,32.35971002578735,32.461151123046875,202900
1987-03-27,30.83808135986328,32.56257933064511,30.83808135986328,32.46113827354029,271800
1987-03-30,29.82367706298828,30.229441376770435,29.31647167076059,29.620794906097206,179900
1987-03-31,29.925128936767578,30.330893396927138,29.823687821727685,29.925128936767578,125100
1987-04-01,29.925128936767578,30.330893396927138,29.113600016448455,29.215041131488345,484800
1987-04-02,29.519351959228516,30.432321607452078,29.113587671129157,30.02655731935272,375000
1987-04-03,30.026569366455078,30.026569366455078,29.316481577383506,29.519363802832526,418900
1987-04-06,30.229448318481445,30.432330521961184,29.82368391152196,30.026566115001703,182600
1987-04-07,30.43231964111328,30.93952496846517,30.026555379231773,30.229437510172527,223000
1987-04-08,31.04098129272461,31.243863523396012,30.229452370039,30.229452370039,122600
1987-04-09,31.04098129272461,31.142422408060312,30.533775716046105,30.838099062053207,99100
1987-04-10,30.128002166748047,30.635207590430674,30.128002166748047,30.432325420957625,148500
1987-04-13,29.01214599609375,29.620792415592224,28.200617436762457,29.620792415592224,525200
1987-04-14,27.997739791870117,28.504945222882256,27.79485761946526,28.200621964274973,727100
1987-04-15,27.794864654541016,28.403511325808335,27.59198243078524,28.099187990174677,192100
1987-04-16,28.200624465942383,28.403506656344845,27.794860085137458,27.794860085137458,279100
1987-04-20,28.40350914001465,28.606391348157608,27.896303619657242,28.504950244086128,250300
1987-04-21,29.01214599609375,29.01214599609375,27.79485315709681,28.200617436762457,227200
1987-04-22,28.91070556640625,29.519351999383225,28.91070556640625,29.215028782894738,196400
1987-04-23,28.91070556640625,29.316469855057566,28.606382349917766,29.01214663856908,189600
1987-04-24,28.809261322021484,29.113584505000585,28.70782026102845,28.809261322021484,288800
1987-04-27,29.01214599609375,29.215028135926573,28.40349957659528,28.40349957659528,150800
1987-04-28,28.809261322021484,29.62078980996575,28.809261322021484,28.809261322021484,144400
1987-04-29,29.21503448486328,29.31647557682461,29.012152300940617,29.012152300940617,86600
1987-04-30,29.21503448486328,29.823681036631264,29.012152300940617,29.012152300940617,146300
1987-05-01,29.21503448486328,29.417916668785942,28.809270117017956,28.809270117017956,115500
1987-05-04,28.606380462646484,29.21502685546875,28.606380462646484,29.21502685546875,149700
1987-05-05,29.31647300720215,29.417914090272053,29.012149757992436,29.215031924132244,88400
1987-05-06,29.01214599609375,29.4179102757594,29.01214599609375,29.31646920584299,416400
1987-05-07,29.11360740661621,29.11360740661621,28.707842843457797,28.8092839842474,61900
1987-05-08,28.809261322021484,29.215025565993617,28.70782026102845,29.01214344400755,103800
1987-05-11,29.21503448486328,29.519357760747273,28.809270117017956,28.809270117017956,194100
1987-05-12,28.91070556640625,29.316469855057566,28.91070556640625,29.316469855057566,204100
1987-05-13,29.11360740661621,29.215048547405814,28.8092839842474,29.11360740661621,924300
1987-05-14,29.21503448486328,29.417916668785942,29.113593392901947,29.21503448486328,215100
1987-05-15,29.01214599609375,29.215028135926573,28.809263856260927,29.215028135926573,67200
1987-05-18,28.30205726623535,28.30205726623535,27.99773406982422,28.30205726623535,261800
1987-05-19,27.693424224853516,28.606394254244293,27.693424224853516,28.403512025490787,203300
1987-05-20,28.385238647460938,28.385238647460938,27.673064201108872,28.385238647460938,170100
1987-05-21,28.486976623535156,28.486976623535156,27.876541410173687,28.385237421308243,61100
1987-05-22,28.486976623535156,28.69045502798898,28.283498219081334,28.486976623535156,199500
1987-05-26,29.199169158935547,29.300908424297692,28.283515770676246,28.283515770676246,110600
1987-05-27,29.300901412963867,29.606119136015575,29.097422930929397,29.097422930929397,205200
1987-05-28,29.300901412963867,29.809597618050045,29.199162171946632,29.300901412963867,61400
1987-05-29,29.402639389038086,29.707857098958897,29.300900152397816,29.504378625678356,54300
1987-06-01,28.893930435180664,29.91132235191238,28.792191243507496,29.402626393546523,227900
1987-06-02,29.097415924072266,29.097415924072266,28.690459058001323,28.893937491036795,27800
1987-06-03,29.097415924072266,29.300894357107737,28.58871984148359,29.19915514059,77200
1987-06-04,30.114816665649414,30.318295156633532,29.300902701712943,29.300902701712943,275400
1987-06-05,30.0130672454834,30.318284878488317,29.911328034481762,30.0130672454834,32800
1987-06-08,29.707847595214844,30.521761227960454,29.707847595214844,29.911326003401246,83500
1987-06-09,29.707847595214844,30.013065207494446,29.707847595214844,29.911326003401246,64300
1987-06-10,30.216554641723633,30.725250847813257,29.606119194416085,29.70785843563401,147100
1987-06-11,30.52176284790039,30.62350205739339,30.216545219421388,30.42002363840739,54500
1987-06-12,31.132221221923828,31.335699792001762,30.521785511690027,30.623524796728994,125800
1987-06-15,30.725236892700195,31.539150452771725,30.318280112664432,31.2339328677449,118500
1987-06-16,30.318288803100586,30.928724148129454,30.216549578929108,30.725245699786498,65800
1987-06-17,30.623498916625977,30.725238115684537,30.216542120391743,30.216542120391743,180500
1987-06-18,30.623498916625977,30.92871651380165,30.623498916625977,30.826977314743093,128900
1987-06-19,30.216554641723633,31.03046857146703,30.01307615928778,30.725250847813257,302000
1987-06-22,30.0130672454834,30.114806456485038,29.911328034481762,30.114806456485038,49400
1987-06-23,29.402639389038086,30.114814045519978,29.402639389038086,30.013074808879708,204200
1987-06-24,29.097415924072266,29.606112006660943,29.097415924072266,29.504372790143208,137300
1987-06-25,29.50437355041504,29.50437355041504,29.09741667385759,29.300895112136317,133200
1987-06-26,29.606115341186523,29.70785456916311,29.097419201303595,29.50437611320994,105100
1987-06-29,29.300901412963867,29.70785837703281,29.300901412963867,29.50437989499834,138100
1987-06-30,29.300901412963867,29.50437989499834,28.893944448894924,29.300901412963867,112400
1987-07-01,29.097415924072266,29.300894357107737,29.097415924072266,29.300894357107737,278900
1987-07-02,29.199169158935547,29.300908424297692,28.99569062821126,29.300908424297692,72300
1987-07-06,28.995681762695312,29.300899465460525,28.995681762695312,28.995681762695312,238500
1987-07-07,29.097415924072266,29.504372790143208,28.99567670755453,29.19915514059,149300
1987-07-08,29.300901412963867,29.300901412963867,28.893944448894924,28.99568368991216,198000
1987-07-09,29.300901412963867,29.50437989499834,29.199162171946632,29.402640653981102,155600
1987-07-10,29.300901412963867,29.50437989499834,29.300901412963867,29.50437989499834,154600
1987-07-13,29.199169158935547,29.50438695502198,29.199169158935547,29.300908424297692,71500
1987-07-14,29.707847595214844,30.11480441158765,29.300890778842035,29.300890778842035,107200
1987-07-15,29.402639389038086,29.707857098958897,29.300900152397816,29.504378625678356,65800
1987-07-16,29.097415924072266,29.504372790143208,28.893937491036795,29.504372790143208,157800
1987-07-17,28.893930435180664,29.19914801020018,28.893930435180664,28.995669626853836,105000
1987-07-20,28.28350830078125,28.893943731733362,27.774812108321154,28.690465254749324,370900
1987-07-21,28.28350830078125,28.486986777765285,28.08002982379721,28.28350830078125,134100
1987-07-22,27.97828483581543,27.97828483581543,27.266110312721946,27.67306718306108,617000
1987-07-23,28.486976623535156,28.486976623535156,27.571323803492955,27.876541410173687,678900
1987-07-24,28.486976623535156,28.588715825762065,28.283498219081334,28.486976623535156,80200
1987-07-27,28.28350830078125,28.486986777765285,28.18176906228923,28.28350830078125,138900
1987-07-28,28.588726043701172,28.588726043701172,28.181769089342435,28.181769089342435,188800
1987-07-29,29.097415924072266,29.19915514059,28.38524140844812,28.38524140844812,240700
1987-07-30,28.893930435180664,29.097408818527008,28.690452051834324,28.995669626853836,122400
1987-07-31,28.486976623535156,28.792194230215888,27.9782806124006,28.69045502798898,246200
1987-08-03,27.876554489135742,28.28351148897714,27.774815239175393,28.28351148897714,60800
1987-08-04,27.876554489135742,28.28351148897714,27.673075989215043,27.876554489135742,80500
1987-08-05,27.67308235168457,28.080039445091696,27.46960380498101,27.876560898388135,199800
1987-08-06,28.08002471923828,28.08002471923828,27.67306783924932,27.77480705924656,206900
1987-08-07,29.097415924072266,29.300894357107737,28.18176297541265,28.38524140844812,396000
1987-08-10,29.199169158935547,29.402647689659837,28.486994301400536,28.99569062821126,111800
1987-08-11,29.707847595214844,30.420022023867254,29.50436918702844,29.50436918702844,372900
1987-08-12,30.827001571655273,31.23395868811277,29.91134805962591,29.91134805962591,543500
1987-08-13,32.454811096191406,32.454811096191406,30.92872280013225,31.33567967908136,736800
1987-08-14,31.742647171020508,32.55656120104668,31.742647171020508,32.14960418603359,265500
1987-08-17,31.640897750854492,32.6582899614929,31.43741930872681,31.844376192982175,191200
1987-08-18,30.318288803100586,31.33568104481537,30.11481035475763,31.33568104481537,160000
1987-08-19,31.539148330688477,31.7426267070155,30.521756449053363,30.521756449053363,203700
1987-08-20,32.23277282714844,32.23277282714844,31.518755707559706,32.23277282714844,78600
1987-08-21,31.620750427246094,32.334767372377456,31.620750427246097,32.334767372377456,56200
1987-08-24,31.008743286132812,31.620757956253854,31.008743286132812,31.620757956253854,134100
1987-08-25,31.620750427246094,32.028760110178304,31.212740744313887,31.620750427246097,149000
1987-08-26,31.212770462036133,31.518778015585504,31.212770462036133,31.416775497735713,142800
1987-08-27,30.804733276367188,31.11074056056951,30.702730848299748,31.00873813250207,129100
1987-08-28,30.600732803344727,31.31474990208944,30.49873036066691,31.00874257405599,46900
1987-08-31,30.90675926208496,31.00876176790042,30.600751744638576,30.600751744638576,72500
1987-09-01,30.29473304748535,31.212755261045512,30.192730579312,31.00875032469881,182800
1987-09-02,29.784711837768555,30.498728902372598,29.68270939996798,30.192721588970866,65400
1987-09-03,29.47871208190918,30.396734257470364,29.376709617957935,30.19272932956788,136700
1987-09-04,29.682714462280273,29.784716917477112,29.376707096689756,29.580712007083434,148600
1987-09-08,29.070703506469727,29.376710911800984,28.968701038025973,29.376710911800984,92700
1987-09-09,29.376712799072266,29.478715274069042,28.96870289908515,29.17270784907871,47300
1987-09-10,28.764690399169922,29.376705088513962,28.662687950945912,29.172700192065946,275300
1987-09-11,28.764690399169922,28.968695295617934,28.662687950945912,28.866692847393928,136200
1987-09-14,29.274717330932617,29.274717330932617,28.764704833878042,28.968709832699872,50400
1987-09-15,28.96868896484375,29.274696242641397,28.866686538911203,29.0706913907763,68500
1987-09-16,29.376712799072266,29.478715274069042,28.76469794909159,28.96870289908515,37800
1987-09-17,29.274717330932617,29.376719830343532,29.070712332110787,29.172714831521702,115000
1987-09-18,28.662694931030273,29.580717188607753,28.662694931030273,29.376712242479424,91600
1987-09-21,28.458681106567383,28.968693312778267,27.744664017872143,28.86669087153609,68700
1987-09-22,28.458681106567383,28.968693312778267,28.254676224083028,28.254676224083028,144800
1987-09-23,29.47871208190918,29.682717009811665,28.356684978445507,28.45868744239675,91300
1987-09-24,29.070703506469727,29.478713380244738,29.070703506469727,29.478713380244738,24800
1987-09-25,29.070703506469727,29.17270597491348,28.968701038025973,28.968701038025973,61800
1987-09-28,28.86668586730957,29.172693137987764,28.764683443750172,29.070690714428366,158500
1987-09-29,29.274717330932617,29.376719830343532,28.662702334467127,28.662702334467127,50100
1987-09-30,29.172700881958008,29.78471558577531,29.07069843132179,29.07069843132179,265600
1987-10-01,29.070703506469727,29.682718317132245,28.764696101138465,29.376710911800984,357100
1987-10-02,29.784711837768555,29.784711837768555,29.070694773164515,29.172697210965094,337400
1987-10-05,30.702730178833008,30.90673503051961,29.58070349455672,29.58070349455672,321100
1987-10-06,31.4167537689209,31.620758663524278,30.498731743205674,30.498731743205674,323000
1987-10-07,30.498729705810547,31.51875411068715,30.192722384347565,31.416751670199492,574200
1987-10-08,30.498729705810547,31.11074434873651,30.294724824835225,30.396727265322884,269200
1987-10-09,31.008743286132812,31.416753066213506,30.294726170991595,30.498731061031943,137000
1987-10-12,30.396732330322266,31.008747075228083,30.192727415353662,30.80474216025948,49100
1987-10-13,30.396732330322266,30.600737245290873,30.192727415353662,30.396732330322266,15200
1987-10-14,30.600732803344727,30.906740131378175,30.29472547531128,30.396727917989097,184800
1987-10-15,29.47871208190918,30.396734257470364,29.376709617957935,30.396734257470364,192700
1987-10-16,29.47871208190918,30.396734257470364,29.47871208190918,29.88672193771415,740700
1987-10-19,24.480592727661133,28.662693985303243,24.480592727661133,28.662693985303243,307600
1987-10-20,23.05255126953125,26.622636643131223,21.62451712009126,25.296604932936948,388200
1987-10-21,26.112627029418945,27.74466621875763,25.90862213075161,26.928646624088287,391000
1987-10-22,25.704614639282227,27.336653663998558,25.602612200237456,26.01062195641654,782700
1987-10-23,26.622638702392578,26.724641149528182,25.500611783900936,25.500611783900936,145600
1987-10-26,23.97057342529297,25.296605146692155,23.97057342529297,25.296605146692155,354000
1987-10-27,24.174579620361328,24.68459184863899,24.072577174705795,24.27658206601686,131300
1987-10-28,24.684595108032227,25.296609862776826,23.664570516791226,23.868575435039425,151100
1987-10-29,25.60262107849121,25.70462355290751,24.480593859911913,24.480593859911913,98800
1987-10-30,26.826637268066406,26.9286396911389,25.806613037341446,26.112620306558934,141200
1987-11-02,26.316631317138672,26.724641105001286,26.214628870173016,26.316631317138672,93300
1987-11-03,24.99060821533203,25.704625592912947,24.99060821533203,25.704625592912947,46500
1987-11-04,24.378582000732422,24.888594176479963,24.276579565582914,24.684589306180946,83400
1987-11-05,24.684595108032227,24.888600026280425,24.174582812411725,24.174582812411725,206200
1987-11-06,24.88859748840332,25.09260238584925,24.480587693511463,24.88859748840332,421400
1987-11-09,24.276582717895508,24.480587614684545,24.17458026950099,24.480587614684545,44900
1987-11-10,23.97057342529297,24.276580745615856,23.66456610497008,24.072575865400598,196000
1987-11-11,23.56256103515625,23.86856832132711,23.46055860643263,23.86856832132711,293100
1987-11-12,23.664569854736328,23.970577223547576,23.562567398465912,23.766572311006744,192400
1987-11-13,23.256563186645508,23.664573067112972,23.154560716528643,23.46056812687924,209300
1987-11-16,22.84854507446289,23.460559674671718,22.3385329076222,23.25655480793544,371400
1987-11-17,22.64454460144043,22.848549507759714,22.032529882482578,22.848549507759714,263900
1987-11-18,23.05255126953125,23.256556148022675,22.23653175556554,22.644541512548397,198700
1987-11-19,22.929712295532227,23.543901017733983,22.929712295532227,23.032077082565856,158000
1987-11-20,23.236812591552734,23.236812591552734,22.315529272944914,22.7249885256595,95000
1987-11-23,23.03207778930664,23.236807369656034,22.82734820895725,23.03207778930664,121700
1987-11-24,22.213165283203125,23.032083818989417,21.906070832283266,22.92971900201613,103500
1987-11-25,22.315523147583008,22.724982287905632,21.906064007260383,22.00842879234104,124100
1987-11-27,21.906064987182617,22.417888935481276,21.906064987182617,22.315524145821545,49500
1987-11-30,20.78005027770996,21.087144616789416,20.063496819857892,20.88241505740311,154100
1987-12-01,20.88241958618164,21.087149189967732,20.5753251805025,21.087149189967732,99200
1987-12-02,20.78005027770996,20.88241505740311,20.677685498016807,20.78005027770996,314200
1987-12-03,21.189516067504883,21.496610503265824,20.78005681982363,20.882421631743945,106900
1987-12-04,20.06349754333496,21.08714537717858,19.756403193181875,20.882415810409857,135600
1987-12-07,20.268238067626953,20.47296774507773,19.75641387400001,19.961143551450785,175300
1987-12-08,20.06349754333496,20.06349754333496,19.756403193181875,20.06349754333496,103400
1987-12-09,20.47295379638672,20.882412872314454,19.96112995147705,20.063494720458987,100800
1987-12-10,20.06349754333496,20.370591893488047,19.756403193181875,20.06349754333496,123800
1987-12-11,19.75640869140625,20.268232750769105,19.75640869140625,20.063503127023964,88300
1987-12-14,20.06349754333496,20.370591893488047,19.756403193181875,19.756403193181875,474500
1987-12-15,20.47295379638672,20.984777641296386,20.063494720458987,20.063494720458987,149500
1987-12-16,20.677692413330078,20.677692413330078,19.756409087983688,20.26823315762057,176100
1987-12-17,20.78005027770996,21.70133329494833,20.472955938630502,20.472955938630502,229700
1987-12-18,20.677692413330078,20.780057227257455,20.370597971547948,20.5753275994027,96700
1987-12-21,21.70134925842285,21.70134925842285,20.984795273474926,21.087160128467488,662000
1987-12-22,21.394250869750977,21.80371021654047,21.291886033053604,21.49661570644835,361500
1987-12-23,20.88241958618164,21.59897319943297,20.88241958618164,21.394243595646877,117400
1987-12-24,21.2918758392334,21.2918758392334,20.88241668847891,20.88241668847891,101400
1987-12-28,20.98478126525879,21.291875625238184,20.882416478598987,21.087146051918587,214200
1987-12-29,21.189516067504883,21.189516067504883,20.78005681982363,20.882421631743945,74300
1987-12-30,21.087142944335938,21.29187248748483,20.882413401187044,20.98477817276149,85600
1987-12-31,21.087142944335938,21.906061116931507,20.98477817276149,21.087142944335938,188900
1988-01-04,21.70134925842285,22.110808678393095,21.087160128467488,21.087160128467488,124300
1988-01-05,22.213165283203125,22.4178949171497,21.701341198336696,21.701341198336696,545400
1988-01-06,22.52025604248047,22.724985642866653,22.213161641901188,22.213161641901188,79000
1988-01-07,22.110788345336914,22.52024738876908,22.110788345336914,22.417882627911037,45800
1988-01-08,21.70134925842285,22.315538388378215,21.70134925842285,22.110808678393095,74800
1988-01-11,21.906064987182617,21.906064987182617,21.59897061820342,21.59897061820342,101700
1988-01-12,22.110788345336914,22.110788345336914,21.803694062762787,21.906058823620832,298600
1988-01-13,22.315523147583008,22.52025271774432,21.906064007260383,22.00842879234104,64400
1988-01-14,22.52025604248047,22.724985642866653,22.31552644209428,22.31552644209428,28600
1988-01-15,22.827354431152344,23.134448885383094,22.72498961307543,22.72498961307543,54600
1988-01-18,22.622615814208984,23.032074923968423,22.520251036769125,23.032074923968423,15100
1988-01-19,22.724987030029297,22.929716642912442,22.417892610704577,22.520257417146148,34600
1988-01-20,22.724987030029297,22.827351836470868,22.315527804263002,22.622622223587722,100200
1988-01-21,22.724987030029297,22.929716642912442,22.724987030029297,22.827351836470868,56800
1988-01-22,22.929712295532227,22.929712295532227,22.724982721464976,22.929712295532227,12600
1988-01-25,23.236812591552734,23.543907031088672,23.13444777837409,23.441542217910026,35200
1988-01-26,22.52025604248047,23.032080043445934,22.31552644209428,23.032080043445934,62300
1988-01-27,22.213165283203125,22.827354185042843,22.213165283203125,22.724989368069558,41600
1988-01-28,22.622615814208984,22.724980591648844,22.417886259329265,22.622615814208984,52800
1988-01-29,22.827354431152344,22.827354431152344,22.520259976921597,22.72498961307543,98500
1988-02-01,22.929712295532227,23.236806656633107,22.929712295532227,23.13444186959948,90300
1988-02-02,22.929712295532227,23.13444186959948,22.520253147397725,22.724982721464976,71200
1988-02-03,23.236812591552734,23.33917740473138,23.13444777837409,23.13444777837409,31900
1988-02-04,22.52025604248047,22.92971524325284,22.52025604248047,22.92971524325284,69900
1988-02-05,22.52025604248047,22.724985642866653,22.31552644209428,22.52025604248047,84100
1988-02-08,22.52025604248047,22.724985642866653,21.90606724132191,22.724985642866653,126400
1988-02-09,22.52025604248047,22.52025604248047,22.110796841708094,22.31552644209428,123300
1988-02-10,22.315523147583008,22.622617502824976,22.110793577421695,22.622617502824976,63200
1988-02-11,22.417890548706055,22.417890548706055,22.008431360601833,22.213160954653944,147200
1988-02-12,22.110788345336914,22.62261214962712,22.008423584478873,22.52024738876908,95900
1988-02-16,22.929712295532227,23.236806656633107,22.11079399926322,22.315523573330474,462100
1988-02-17,22.827354431152344,23.441543339613844,22.72498961307543,22.92971924922926,191700
1988-02-18,23.236812591552734,23.33917740473138,23.03208296519544,23.03208296519544,170600
1988-02-19,23.748634338378906,23.748634338378906,23.032080716100232,23.23681032246557,249100
1988-02-22,23.748634338378906,24.05572874792691,23.748634338378906,23.748634338378906,171100
1988-02-23,23.748634338378906,24.158093551109577,23.748634338378906,23.748634338378906,124400
1988-02-24,23.85100555419922,23.85100555419922,23.543911062085066,23.543911062085066,69500
1988-02-25,23.439783096313477,23.85100736116108,23.439783096313477,23.85100736116108,147500
1988-02-26,23.23415756225586,23.439769576081133,23.23415756225586,23.23415756225586,105900
1988-02-29,23.33696746826172,23.43977349235098,23.131355420083203,23.43977349235098,40100
1988-03-01,23.439783096313477,23.64539522873728,23.13136489767777,23.13136489767777,60600
1988-03-02,23.439783096313477,23.64539522873728,23.02855883146587,23.542589162525378,140700
1988-03-03,23.23415756225586,23.439769576081133,22.92573954151795,23.23415756225586,130400
1988-03-04,23.33696746826172,23.43977349235098,23.131355420083203,23.23416144417246,91400
1988-03-07,24.67345428466797,25.495902760823565,23.64539368947347,23.64539368947347,432500
1988-03-08,24.262222290039062,25.08467050326073,24.262222290039062,24.673446396649894,490200
1988-03-09,24.67345428466797,24.67345428466797,24.05661792755127,24.26223004659017,218600
1988-03-10,24.262222290039062,24.570640369997186,24.262222290039062,24.467834343344478,89100
1988-03-11,23.850997924804688,24.36502805249444,23.850997924804688,24.26222202695649,275700
1988-03-14,23.748188018798828,24.056606045016995,23.43976999258066,23.850994027538217,118600
1988-03-15,24.056610107421875,24.15941613352197,23.54257997692141,23.95380408132178,73900
1988-03-16,24.365028381347656,24.673446462124208,24.0566103005711,24.0566103005711,146400
1988-03-17,24.467830657958984,24.673442680294777,24.365024646791092,24.673442680294777,82100
1988-03-18,24.15941047668457,24.57063448479835,24.056604474656126,24.262216478713015,123800
1988-03-21,24.056610107421875,24.365028185722156,23.850998055221687,24.365028185722156,136800
1988-03-22,23.645387649536133,24.467835915606955,23.645387649536133,24.467835915606955,68000
1988-03-23,23.542577743530273,23.645383759877568,23.1313536781411,23.542577743530273,181700
1988-03-24,23.23415756225586,23.336963569168496,23.028545548430586,23.23415756225586,70900
1988-03-25,22.206096649169922,23.542574688240332,22.000484643159087,23.234156679224082,186000
1988-03-28,22.514522552490234,22.6173285915427,22.000492357227902,22.514522552490234,219200
1988-03-29,23.439783096313477,23.439783096313477,22.20611030177066,22.30891636798256,100300
1988-03-30,22.72012710571289,23.43976914073547,22.72012710571289,23.43976914073547,48500
1988-03-31,23.23415756225586,23.336963569168496,22.720127527692675,22.720127527692675,66500
1988-04-04,22.822938919067383,23.131357012568294,22.822938919067383,23.028550981401324,37600
1988-04-05,23.1313533782959,23.1313533782959,22.617323303222655,22.9257413482666,180200
1988-04-06,22.925750732421875,23.23416890371006,22.61733256113369,23.23416890371006,326500
1988-04-07,23.23415756225586,23.439769576081133,22.617321520780038,23.028545548430586,200500
1988-04-08,23.645387649536133,23.748193682794984,23.028551449983016,23.234163516500722,234400
1988-04-11,23.850997924804688,24.05660997588059,23.645385873728785,23.95380395034264,102400
1988-04-12,24.570634841918945,24.67344084544162,23.85099281726023,23.85099281726023,88600
1988-04-13,24.056610107421875,24.673446264022438,23.850998055221687,24.673446264022438,77300
1988-04-14,23.1313533782959,23.85099548339844,23.1313533782959,23.85099548339844,86200
1988-04-15,22.822938919067383,22.925744950234353,22.617326856733442,22.925744950234353,17900
1988-04-18,22.822938919067383,22.822938919067383,22.51452082556647,22.720132887900412,34200
1988-04-19,23.1313533782959,23.542577438354492,22.720129318237305,22.82293533325195,44000
1988-04-20,22.822938919067383,23.131357012568294,22.617326856733442,23.131357012568294,56400
1988-04-21,22.514522552490234,22.925746708700103,22.411716513437767,22.6173285915427,34900
1988-04-22,22.61733055114746,22.61733055114746,22.000494263388894,22.206106359308414,239300
1988-04-25,22.822938919067383,23.028550981401324,22.720132887900412,23.028550981401324,36300
1988-04-26,23.02855110168457,23.439775228500366,22.617326974868774,22.822939038276672,146900
1988-04-27,23.542577743530273,23.850995792572157,23.028547661793805,23.234159694488394,56900
1988-04-28,23.645387649536133,23.748193682794984,23.439775583018427,23.645387649536133,216500
1988-04-29,23.645387649536133,23.748193682794984,23.54258161627728,23.54258161627728,63800
1988-05-02,23.542577743530273,23.645383759877568,23.439771727182983,23.542577743530273,32200
1988-05-03,23.748188018798828,23.850994027538217,23.43976999258066,23.43976999258066,144000
1988-05-04,23.542577743530273,23.748189776224862,23.542577743530273,23.645383759877568,102400
1988-05-05,23.23415756225586,23.336963569168496,23.131351555343223,23.336963569168496,146600
1988-05-06,23.02855110168457,23.23416316509247,22.822939038276672,23.23416316509247,72200
1988-05-09,22.411710739135742,22.822934789395113,22.206098714006057,22.822934789395113,70800
1988-05-10,21.897689819335938,22.206107985805456,21.897689819335938,22.000495874825777,76100
1988-05-11,21.69207000732422,22.20610010228451,21.383651950348046,22.10329408329245,57200
1988-05-12,22.103294372558594,22.103294372558594,21.589264270871183,21.692070291208665,138200
1988-05-13,21.794891357421875,22.308921813964844,21.69208526611328,22.20611572265625,100200
1988-05-16,22.206096649169922,22.308902652175338,22.000484643159087,22.000484643159087,91400
1988-05-17,22.000484466552734,22.411708475273347,22.000484466552734,22.206096470913042,101800
1988-05-18,21.589263916015625,22.103294009254093,21.383651878720237,21.794875953311013,70900
1988-05-19,21.383657455444336,21.794881637279804,21.1780453645266,21.794881637279804,143500
1988-05-20,21.383657455444336,21.383657455444336,21.1780453645266,21.383657455444336,309500
1988-05-23,21.178035736083984,21.38364773352169,21.178035736083984,21.280841734802838,27800
1988-05-24,22.206096649169922,22.206096649169922,21.17803661911576,21.17803661911576,85000
1988-05-25,22.8258056640625,22.92908985258767,22.61923728701216,22.61923728701216,285300
1988-05-26,23.03238296508789,23.03238296508789,22.619246050915912,22.619246050915912,84700
1988-05-27,22.8258056640625,22.92908985258767,22.72252147553733,22.92908985258767,6300
1988-05-31,23.135656356811523,23.135656356811523,22.619235455989838,22.722519636154175,132900
1988-06-01,23.548803329467773,23.96194022998475,23.03238220382155,23.135666428950795,130600
1988-06-02,23.34221839904785,23.445502551256027,23.238934246839673,23.34221839904785,69900
1988-06-03,23.34221839904785,23.445502551256027,23.238934246839673,23.34221839904785,40600
1988-06-06,23.445518493652344,23.445518493652344,23.342234271213346,23.445518493652344,34200
1988-06-07,23.03238296508789,23.342235650716876,23.03238296508789,23.342235650716876,42200
1988-06-08,23.445518493652344,23.445518493652344,23.23895004877435,23.342234271213346,23200
1988-06-09,23.445518493652344,23.54880271609134,23.342234271213346,23.342234271213346,39800
1988-06-10,23.548803329467773,23.548803329467773,23.342234879209286,23.44551910433853,50100
1988-06-13,24.06521987915039,24.168504084640304,23.54879885170081,23.755367262680643,117700
1988-06-14,24.68492889404297,24.68492889404297,24.168507787473033,24.478360451414993,163700
1988-06-15,24.478351593017578,24.684919960891143,24.478351593017578,24.684919960891143,111800
1988-06-16,24.375070571899414,25.098059953269313,24.1685021772223,24.271786374560858,172700
1988-06-17,24.478351593017578,24.58163577695436,24.375067409080795,24.478351593017578,176100
1988-06-20,24.788204193115234,24.788204193115234,24.375067456563315,24.581635824839275,689900
1988-06-21,24.581636428833008,25.098057362211854,24.581636428833008,24.788204802184545,43500
1988-06-22,25.09805679321289,25.2013409775471,24.788204240210263,24.788204240210263,28800
1988-06-23,26.23418426513672,26.337468455156944,25.098058174914264,25.098058174914264,240100
1988-06-24,26.7506103515625,26.7506103515625,26.234189302304536,26.234189302304536,174700
1988-06-27,26.544036865234375,27.267026196194067,26.440752675097276,26.440752675097276,385800
1988-06-28,27.06045913696289,27.680164308038375,26.544038161066652,26.544038161066652,269700
1988-06-29,27.06045913696289,27.267027527321385,26.853890746604392,27.267027527321385,110300
1988-06-30,27.163734436035156,27.2670185973889,26.957166113327663,27.060450274681408,264700
1988-07-01,26.957172393798828,27.26702495004939,26.853888208381974,27.26702495004939,119300
1988-07-05,26.85388946533203,27.060457845834584,26.750605275080755,26.85388946533203,42700
1988-07-06,26.64731788635254,27.060454597768857,26.44074953064438,26.853886242060696,70500
1988-07-07,26.64731788635254,26.64731788635254,26.234181174936218,26.44074953064438,334400
1988-07-08,26.7506103515625,26.85389456141409,26.13090509245294,26.44075772200772,382400
1988-07-11,26.23418426513672,26.85388940525806,26.130900075116497,26.85388940525806,49900
1988-07-12,25.614484786987305,26.440758489793346,25.614484786987305,26.440758489793346,69600
1988-07-13,26.44075584411621,26.54404004663229,25.61448222398758,25.61448222398758,206800
1988-07-14,26.337465286254883,26.44074946384804,26.13089693106857,26.234181108661726,112000
1988-07-15,26.23418426513672,26.337468455156944,26.130900075116497,26.23418426513672,208700
1988-07-18,25.511192321777344,26.02761321897931,25.511192321777344,26.02761321897931,18100
1988-07-19,25.511192321777344,25.821044860098525,25.511192321777344,25.71776068065813,31100
1988-07-20,26.027620315551758,26.130904523153156,25.614483485146174,25.614483485146174,72200
1988-07-21,26.027620315551758,26.130904523153156,25.924336107950364,25.924336107950364,53200
1988-07-22,25.924339294433594,26.02762351473014,25.821055074137046,25.821055074137046,52200
1988-07-25,25.30463218688965,25.821053251928213,25.30463218688965,25.717769038920498,37300
1988-07-26,25.407909393310547,25.614477762361854,25.304625208784895,25.407909393310547,13100
1988-07-27,25.511192321777344,25.71776068065813,25.40790814233695,25.40790814233695,172600
1988-07-28,25.614484786987305,25.614484786987305,25.407916361285793,25.407916361285793,151700
1988-07-29,25.614484786987305,25.821053212688813,25.51120057413655,25.614484786987305,279100
1988-08-01,25.614484786987305,25.614484786987305,25.407916361285793,25.614484786987305,21900
1988-08-02,25.407909393310547,25.614477762361854,25.407909393310547,25.614477762361854,49700
1988-08-03,26.027620315551758,26.027620315551758,25.20134665474059,25.20134665474059,280600
1988-08-04,26.130903244018555,26.33747164910961,26.027619041473024,26.027619041473024,262100
1988-08-05,26.027620315551758,26.337472938355948,25.924336107950364,25.924336107950364,132700
1988-08-08,26.23418426513672,26.23418426513672,26.027615885096274,26.027615885096274,6200
1988-08-09,26.027620315551758,26.337472938355948,25.821051900348966,26.337472938355948,124900
1988-08-10,25.511192321777344,25.924329039538918,25.40790814233695,25.924329039538918,49800
1988-08-11,25.614484786987305,25.614484786987305,25.304632148435036,25.614484786987305,32100
1988-08-12,25.7177677154541,25.7177677154541,25.407915092376342,25.614483507761516,39900
1988-08-15,25.511192321777344,25.821044860098525,25.511192321777344,25.71776068065813,49700
1988-08-16,25.8210506439209,25.8210506439209,25.201345428466794,25.511198036193846,96000
1988-08-17,26.027620315551758,26.027620315551758,25.821051900348966,25.821051900348966,55000
1988-08-18,25.614484786987305,26.027621638390325,25.614484786987305,25.92433742553957,41500
1988-08-19,26.130903244018555,26.130903244018555,25.614482231290914,25.614482231290914,74200
1988-08-22,25.924339294433594,26.23419195532324,25.924339294433594,26.02762351473014,107700
1988-08-23,25.924339294433594,25.924339294433594,25.821055074137046,25.924339294433594,25100
1988-08-24,25.8210506439209,25.92433484649658,25.717766441345212,25.8210506439209,70500
1988-08-25,26.02845573425293,26.02845573425293,25.821057680593544,25.821057680593544,9100
1988-08-26,26.13214683532715,26.13214683532715,25.924748844570583,25.924748844570583,58600
1988-08-29,26.6506404876709,26.754339477895297,26.132145536548894,26.132145536548894,92600
1988-08-30,26.546947479248047,26.65064649283886,26.23585043847561,26.65064649283886,133400
1988-08-31,26.6506404876709,26.9617374583441,26.546941497446497,26.546941497446497,140600
1988-09-01,26.546947479248047,26.754345506429672,26.546947479248047,26.65064649283886,24500
1988-09-02,26.961732864379883,27.272829782045804,26.75433491926927,26.75433491926927,56700
1988-09-06,26.961732864379883,27.06543183693519,26.858033891824576,26.961732864379883,48700
1988-09-07,27.16913604736328,27.27283503991047,27.06543705481609,27.16913604736328,52700
1988-09-08,27.272830963134766,27.376529940180905,27.065433009042486,27.376529940180905,122700
1988-09-09,27.16913604736328,27.27283503991047,27.06543705481609,27.06543705481609,12400
1988-09-12,26.961732864379883,27.169130809490497,26.961732864379883,27.06543183693519,49400
1988-09-13,26.858043670654297,27.06544169127711,26.858043670654297,26.961742680965703,20300
1988-09-14,27.376529693603516,27.376529693603516,26.754335836930707,26.754335836930707,178800
1988-09-15,27.16913604736328,27.16913604736328,26.961738062268903,27.16913604736328,72800
1988-09-16,27.6876277923584,27.79132677285412,27.272831870375498,27.272831870375498,29400
1988-09-19,27.480236053466797,27.583935057442144,27.272838045516103,27.37653704949145,81500
1988-09-20,27.376529693603516,27.480228669715647,27.27283071749138,27.376529693603516,45000
1988-09-21,27.480236053466797,27.583935057442144,27.37653704949145,27.583935057442144,47500
1988-09-22,27.376529693603516,27.58392764582778,27.376529693603516,27.480228669715647,73000
1988-09-23,27.272830963134766,27.376529940180905,27.065433009042486,27.272830963134766,50400
1988-09-26,27.376529693603516,27.58392764582778,27.27283071749138,27.480228669715647,48100
1988-09-27,27.0654354095459,27.48023135451978,26.961736423302426,27.48023135451978,20400
1988-09-28,26.858043670654297,27.169140701588514,26.858043670654297,26.961742680965703,41000
1988-09-29,26.961732864379883,27.169130809490497,26.858033891824576,27.06543183693519,134900
1988-09-30,27.0654354095459,27.27283338203284,26.961736423302426,26.961736423302426,76200
1988-10-03,26.961732864379883,27.272829782045804,26.858033891824576,27.169130809490497,22500
1988-10-04,27.16913604736328,27.16913604736328,26.75434007717453,26.961738062268903,80400
1988-10-05,27.272830963134766,27.480228917227045,26.961734031996347,26.961734031996347,72200
1988-10-06,27.16913604736328,27.480233025004843,27.16913604736328,27.376534032457656,21700
1988-10-07,27.6876277923584,27.6876277923584,26.961734928888326,27.06543390938405,87200
1988-10-10,27.480236053466797,27.583935057442144,27.169139041540756,27.37653704949145,24400
1988-10-11,27.272830963134766,27.376529940180905,27.169131986088626,27.272830963134766,54900
1988-10-12,27.0654354095459,27.16913439578937,26.858037437058957,26.961736423302426,55500
1988-10-13,26.961732864379883,27.169130809490497,26.961732864379883,27.169130809490497,15700
1988-10-14,26.75433349609375,27.169129364250246,26.75433349609375,26.961731430171998,113200
1988-10-17,26.443235397338867,26.85803124670889,26.235837472653856,26.85803124670889,63500
1988-10-18,26.2358455657959,26.33954456012711,25.821049588471062,25.924748582802273,68400
1988-10-19,26.02845573425293,26.33955281474201,25.821057680593544,26.02845573425293,70300
1988-10-20,26.546947479248047,26.65064649283886,25.92475339770317,26.028452411293983,35800
1988-10-21,26.2358455657959,26.443243554458316,26.2358455657959,26.33954456012711,40000
1988-10-24,26.443235397338867,26.443235397338867,26.13213851031135,26.235837472653856,75300
1988-10-25,25.71735191345215,26.546943910660282,24.887759916244015,26.339545911358247,333800
1988-10-26,25.30255126953125,25.717347191982583,25.30255126953125,25.717347191982583,157600
1988-10-27,25.30255126953125,25.406250250144083,25.198852288918417,25.30255126953125,144100
1988-10-28,25.92474365234375,25.92474365234375,25.198850830078122,25.302549804687498,104400
1988-10-31,25.30255126953125,25.717347191982583,25.095153308305584,25.717347191982583,228100
1988-11-01,25.613651275634766,25.71735026865353,25.095156310540943,25.509952282616002,78800
1988-11-02,25.406259536743164,25.717356592295122,25.406259536743164,25.406259536743164,171500
1988-11-03,25.30255126953125,25.406250250144083,25.198852288918417,25.198852288918417,129500
1988-11-04,25.095163345336914,25.406260411601423,24.887765301160577,25.095163345336914,297700
1988-11-07,24.47296142578125,24.991456371242716,24.47296142578125,24.887757382150422,106000
1988-11-08,24.784061431884766,24.887760433691817,24.47296442646362,24.47296442646362,105900
1988-11-09,24.68035888671875,24.88775686055672,24.57665989979976,24.57665989979976,163900
1988-11-10,24.68035888671875,24.68035888671875,24.36926192596179,24.68035888671875,77200
1988-11-11,24.57666015625,24.78405813225211,24.472961168248947,24.57666015625,90900
1988-11-14,24.68035888671875,24.784057873637735,24.68035888671875,24.784057873637735,97100
1988-11-15,24.68035888671875,24.784057873637735,24.57665989979976,24.68035888671875,27500
1988-11-16,24.68035888671875,24.784057873637735,24.57665989979976,24.57665989979976,79300
1988-11-17,24.369260787963867,24.57665875211675,24.369260787963867,24.47295977004031,56100
1988-11-18,24.265567779541016,24.265567779541016,24.16186877193614,24.16186877193614,18200
1988-11-21,24.265567779541016,24.36926678714589,23.954470756726387,24.05816976433126,31100
1988-11-22,23.643373489379883,24.265567528574092,23.539674482847516,24.058169515509356,88600
1988-11-23,23.955841064453125,24.164152725883152,23.85168523373811,23.85168523373811,10100
1988-11-25,23.955841064453125,24.059996895168137,23.955841064453125,23.955841064453125,42200
1988-11-28,24.059995651245117,24.16415147657518,23.851684000584985,23.955839825915053,8600
1988-11-29,23.8516788482666,23.95583465109746,23.747523045435745,23.95583465109746,100700
1988-11-30,24.16415023803711,24.26830605802865,23.851682778062493,23.851682778062493,80400
1988-12-01,24.16415023803711,24.16415023803711,23.95583859805403,24.05999441804557,29200
1988-12-02,23.955841064453125,24.164152725883152,23.955841064453125,23.955841064453125,53000
1988-12-05,24.059995651245117,24.16415147657518,23.851684000584985,23.851684000584985,78800
1988-12-06,24.059995651245117,24.059995651245117,23.851684000584985,23.851684000584985,55000
1988-12-07,24.372461318969727,24.372461318969727,23.85168223095755,23.85168223095755,101700
1988-12-08,24.059995651245117,24.372463127235314,24.059995651245117,24.372463127235314,41400
1988-12-09,24.059995651245117,24.26830730190525,24.059995651245117,24.059995651245117,51200
1988-12-12,24.26830291748047,24.26830291748047,24.16414711096768,24.16414711096768,52500
1988-12-13,24.059995651245117,24.26830730190525,24.059995651245117,24.16415147657518,50000
1988-12-14,24.372461318969727,24.372461318969727,23.955838048559986,24.059993866162422,62400
1988-12-15,24.372461318969727,24.372461318969727,24.164149683764855,24.164149683764855,19800
1988-12-16,24.372461318969727,24.372461318969727,24.164149683764855,24.26830550136729,16800
1988-12-19,24.059995651245117,24.16415147657518,24.059995651245117,24.059995651245117,29900
1988-12-20,24.059995651245117,24.476618952565378,24.059995651245117,24.059995651245117,70100
1988-12-21,24.059995651245117,24.26830730190525,24.059995651245117,24.059995651245117,103000
1988-12-22,24.16415023803711,24.37246187802019,23.95583859805403,23.95583859805403,50300
1988-12-23,24.16415023803711,24.476617698011726,24.16415023803711,24.16415023803711,25300
1988-12-27,24.16415023803711,24.37246187802019,24.16415023803711,24.16415023803711,54500
1988-12-28,24.476612091064453,24.476612091064453,24.164144702667883,24.164144702667883,19900
1988-12-29,24.372461318969727,24.47661713657216,24.26830550136729,24.372461318969727,37900
1988-12-30,24.372461318969727,24.372461318969727,24.164149683764855,24.26830550136729,77400
1989-01-03,24.26830291748047,24.476614530506055,24.16414711096768,24.476614530506055,22300
1989-01-04,24.580774307250977,24.580774307250977,24.16415101390774,24.16415101390774,36000
1989-01-05,24.16415023803711,24.580773518003266,24.16415023803711,24.476617698011726,42300
1989-01-06,24.580774307250977,24.580774307250977,24.16415101390774,24.16415101390774,34400
1989-01-09,24.997398376464844,25.101554203033448,24.78908672332764,24.78908672332764,90200
1989-01-10,25.309858322143555,25.309858322143555,24.997390935450422,25.1015467310148,45500
1989-01-11,25.101551055908203,25.309862682928188,25.101551055908203,25.205706869418197,90900
1989-01-12,24.997398376464844,25.309865856170656,24.997398376464844,25.205710029602052,45700
1989-01-13,25.309858322143555,25.41401411770793,24.997390935450422,24.997390935450422,99500
1989-01-16,25.726486206054688,25.726486206054688,25.20570713305763,25.20570713305763,45700
1989-01-17,25.934797286987305,25.934797286987305,25.622329849794685,25.726485662192225,240500
1989-01-18,25.934797286987305,26.038953099384845,25.726485662192225,25.830641474589765,14000
1989-01-19,26.038949966430664,26.24726156616211,25.93479416656494,26.24726156616211,81300
1989-01-20,25.726486206054688,26.455576908250567,25.41401876225645,26.03895364985292,90900
1989-01-23,25.51818084716797,25.830648367745535,25.51818084716797,25.726492527553013,82800
1989-01-24,25.934797286987305,26.038953099384845,25.726485662192225,25.726485662192225,67900
1989-01-25,25.622333526611328,26.24726849067502,25.51817769926738,26.24726849067502,157600
1989-01-26,26.351421356201172,26.351421356201172,25.622330646741062,25.622330646741062,269700
1989-01-27,26.97635269165039,26.97635269165039,26.351417880260804,26.559729484057332,257400
1989-01-30,27.60129737854004,27.60129737854004,27.080518182718528,27.080518182718528,92100
1989-01-31,27.497127532958984,27.601283319068674,27.184660174629904,27.497127532958984,59100
1989-02-01,27.18466567993164,27.392977294337246,26.87219825832323,27.288821487134445,96100
1989-02-02,27.28883171081543,27.392987557039916,26.66389663346851,27.080520018366457,86200
1989-02-03,27.60129737854004,27.80960905686864,27.392985700211433,27.392985700211433,83600
1989-02-06,27.60129737854004,27.70545321770434,27.497141539375736,27.60129737854004,96000
1989-02-07,27.392974853515625,27.60128644935985,27.392974853515625,27.49713065143774,54300
1989-02-08,27.497127532958984,27.601283319068674,27.288815960739598,27.497127532958984,102700
1989-02-09,27.080509185791016,27.49713240403395,27.080509185791016,27.49713240403395,81600
1989-02-10,26.24726676940918,27.08051333351741,26.24726676940918,27.08051333351741,85600
1989-02-13,26.455581665039062,27.184672498327544,26.247269998385214,26.247269998385214,111500
1989-02-14,27.28883171081543,27.392987557039916,26.455584941019538,26.455584941019538,75700
1989-02-15,27.28883171081543,27.28883171081543,26.97636417214197,27.28883171081543,43100
1989-02-16,27.497127532958984,27.497127532958984,27.184660174629904,27.184660174629904,62500
1989-02-17,27.80960464477539,27.80960464477539,27.39298135421696,27.39298135421696,35200
1989-02-21,27.392974853515625,27.913753843126187,27.392974853515625,27.913753843126187,38500
1989-02-22,27.18466567993164,27.601288908742855,27.080509872728836,27.601288908742855,56000
1989-02-23,27.414867401123047,27.519504299600616,27.10095670569034,27.10095670569034,6800
1989-02-24,27.10095977783203,27.41487050884939,26.996322867492914,27.41487050884939,45000
1989-02-27,27.310226440429688,27.310226440429688,26.996315791689113,27.205589557516163,141100
1989-02-28,27.205595016479492,27.31023192038903,27.100958112569955,27.205595016479492,115700
1989-03-01,27.310226440429688,27.41486332334321,27.100952674602638,27.205589557516163,152400
1989-03-02,27.6241397857666,27.728776678894505,27.205592213254985,27.205592213254985,89300
1989-03-03,27.51951026916504,27.83342103269164,27.51951026916504,27.728784111516106,13400
1989-03-06,27.6241397857666,27.6241397857666,27.414865999510795,27.414865999510795,45500
1989-03-07,28.35659408569336,28.35659408569336,27.205588421698426,27.519499057333405,65700
1989-03-08,28.35659408569336,28.35659408569336,28.042683450058377,28.251957207148365,28600
1989-03-09,28.35659408569336,28.461230964238354,28.14732032860337,28.35659408569336,33300
1989-03-10,28.147327423095703,28.356601232932846,28.147327423095703,28.147327423095703,149200
1989-03-13,28.25196075439453,28.356597646077475,28.042686971028647,28.356597646077475,142400
1989-03-14,28.042680740356445,28.251954477224775,28.042680740356445,28.042680740356445,192700
1989-03-15,28.147327423095703,28.461238137851417,27.83341670833999,27.83341670833999,70500
1989-03-16,28.461254119873047,28.670528047225055,28.147343228845035,28.147343228845035,59900
1989-03-17,27.6241397857666,28.461234930789832,27.6241397857666,28.461234930789832,162700
1989-03-20,27.6241397857666,27.83341357202241,27.414865999510795,27.83341357202241,44500
1989-03-21,27.728784561157227,27.833421484029518,27.62414763828494,27.62414763828494,146300
1989-03-22,27.833419799804688,28.04269363288593,27.62414596672345,27.833419799804688,33100
1989-03-23,27.51951026916504,28.042694875042702,27.51951026916504,27.728784111516106,16800
1989-03-27,27.51951026916504,27.51951026916504,27.310236426813976,27.414873347989506,27700
1989-03-28,27.728784561157227,27.728784561157227,27.519510715412647,27.62414763828494,5300
1989-03-29,27.6241397857666,27.83341357202241,27.6241397857666,27.728776678894505,11700
1989-03-30,27.93805503845215,27.93805503845215,27.62414430768302,27.62414430768302,9200
1989-03-31,28.042680740356445,28.14731760879061,27.93804387192228,28.042680740356445,53400
1989-04-03,28.147327423095703,28.251964328014274,28.04269051817713,28.04269051817713,34400
1989-04-04,28.042680740356445,28.35659134565894,27.93804387192228,28.35659134565894,39900
1989-04-05,28.35659408569336,28.461230964238354,28.042683450058377,28.042683450058377,42900
1989-04-06,28.25196075439453,28.56587142944336,28.14732386271159,28.46123453776042,189200
1989-04-07,28.35659408569336,28.35659408569336,28.14732032860337,28.35659408569336,47400
1989-04-10,28.042680740356445,28.35659134565894,27.833407003488112,28.35659134565894,32200
1989-04-11,27.833419799804688,28.04269363288593,27.72878288326407,27.938056716345308,47500
1989-04-12,27.10095977783203,27.833418150205873,27.10095977783203,27.833418150205873,38100
1989-04-13,27.205595016479492,27.414868824298566,27.205595016479492,27.31023192038903,44700
1989-04-14,27.833419799804688,27.833419799804688,27.310235217101592,27.310235217101592,96100
1989-04-17,27.414867401123047,27.833414995033323,27.20559360416791,27.833414995033323,69100
1989-04-18,27.6241397857666,27.6241397857666,27.414865999510795,27.519502892638698,121500
1989-04-19,27.51951026916504,27.83342103269164,27.414873347989506,27.624147190340572,154300
1989-04-20,27.310226440429688,27.624137089170258,27.205589557516163,27.624137089170258,68900
1989-04-21,27.51951026916504,27.624147190340572,27.414873347989506,27.51951026916504,69600
1989-04-24,27.728784561157227,27.833421484029518,27.519510715412647,27.62414763828494,62800
1989-04-25,28.042680740356445,28.042680740356445,27.728770135053946,27.728770135053946,72900
1989-04-26,29.08907699584961,29.193713963460578,28.04270731973991,28.04270731973991,106600
1989-04-27,28.879776000976562,29.089049740114074,28.77513913140781,28.984412870545317,71200
1989-04-28,28.67051124572754,28.984421952797547,28.25196363630086,28.984421952797547,75000
1989-05-01,28.984432220458984,28.984432220458984,28.461247523338784,28.670521402186864,72700
1989-05-02,28.775150299072266,29.193697939786045,28.775150299072266,28.984424119429157,83600
1989-05-03,28.67051124572754,29.089058855154217,28.56587434337087,28.984421952797547,68000
1989-05-04,28.147327423095703,28.984422662444274,27.624142898502846,28.56587504276999,290000
1989-05-05,27.6241397857666,28.042687358278215,27.414865999510795,27.93805046515031,244200
1989-05-08,27.414867401123047,27.624141198078185,27.10095670569034,27.624141198078185,100600
1989-05-09,27.10095977783203,27.833418150205873,27.10095977783203,27.51950741918851,135800
1989-05-10,27.414867401123047,27.624141198078185,27.20559360416791,27.20559360416791,80600
1989-05-11,27.6241397857666,27.83341357202241,27.414865999510795,27.519502892638698,88100
1989-05-12,27.93805503845215,28.147328858964897,27.62414430768302,27.93805503845215,55200
1989-05-15,27.833419799804688,27.833419799804688,27.414872133642213,27.833419799804688,87300
1989-05-16,27.310226440429688,27.624137089170258,27.205589557516163,27.41486332334321,59300
1989-05-17,26.682405471801758,27.41486366122377,26.682405471801758,27.41486366122377,167300
1989-05-18,26.787044525146484,26.99631831049919,26.577770739793777,26.68240763247013,93300
1989-05-19,27.310226440429688,27.519500206256733,26.996315791689113,26.996315791689113,51200
1989-05-22,26.996320724487305,27.624142136684686,26.787046920421513,27.51950523465179,195200
1989-05-23,27.51951026916504,27.728784111516106,26.99632566328738,26.99632566328738,145900
1989-05-24,27.750762939453125,27.855879465738933,27.435413360595703,27.435413360595703,168400
1989-05-25,27.64565086364746,27.85588395006303,27.64565086364746,27.85588395006303,38400
1989-05-26,27.750762939453125,27.750762939453125,27.54052988688151,27.64564641316732,77300
1989-05-30,27.855884552001953,27.96100109748121,27.7507680065227,27.7507680065227,47600
1989-05-31,28.3814640045166,28.3814640045166,27.96099787111636,27.96099787111636,49300
1989-06-01,29.222394943237305,29.3275114718101,28.591695771800527,28.591695771800527,86900
1989-06-02,30.063322067260742,30.06332206726074,29.432623002912614,29.432623002912614,52600
1989-06-05,29.432626724243164,30.273558916364397,29.432626724243164,30.06332586833409,83400
1989-06-06,29.222394943237305,29.4326280003829,29.222394943237305,29.3275114718101,237400
1989-06-07,29.74798011779785,29.853096655316573,29.22239743020425,29.22239743020425,95800
1989-06-08,29.85310173034668,30.168451396512314,29.85310173034668,29.85310173034668,48900
1989-06-09,29.53774070739746,29.853090252316296,29.432624192424516,29.853090252316296,53600
1989-06-12,29.64285659790039,29.64285659790039,29.53774008514188,29.64285659790039,8700
1989-06-13,29.53774070739746,29.74797373734335,29.53774070739746,29.642857222370406,19400
1989-06-14,29.432626724243164,29.747976296288627,29.432626724243164,29.53774324825832,242100
1989-06-15,29.222394943237305,29.53774452895569,29.117278414664508,29.53774452895569,32700
1989-06-16,28.907045364379883,29.22239495017312,28.80192883578214,29.22239495017312,120600
1989-06-19,28.696815490722656,29.01216511149983,28.5916989504636,28.801932030981714,44800
1989-06-20,28.3814640045166,28.801930137916848,28.3814640045166,28.591697071216725,254200
1989-06-21,28.276351928710938,28.486585028552653,28.17123537879008,28.381468478631795,12700
1989-06-22,28.066120147705078,28.27635325742572,27.85588703798444,28.066120147705078,35300
1989-06-23,27.961000442504883,28.27635007155569,27.961000442504883,28.27635007155569,90000
1989-06-26,28.696815490722656,28.801932030981714,27.960999708909256,27.960999708909256,94500
1989-06-27,29.117280960083008,29.22239749784504,28.591698271272843,28.696814809034876,19500
1989-06-28,29.012178421020508,29.117295009502467,28.80194524405659,29.117295009502467,126300
1989-06-29,28.907045364379883,29.327511478770866,28.907045364379883,29.01216189297763,109200
1989-06-30,28.801931381225586,29.012164457000953,28.591698305450215,28.90704791911327,13700
1989-07-03,28.486576080322266,28.591692597223826,28.38145956342071,28.591692597223826,29800
1989-07-05,28.486576080322266,28.591692597223826,28.48657608032227,28.48657608032227,70800
1989-07-06,29.117280960083008,29.117280960083008,28.48658173351081,28.48658173351081,166200
1989-07-07,29.327512741088867,29.327512741088867,29.117279674844504,29.117279674844504,77400
1989-07-10,29.222394943237305,29.64286105752849,29.222394943237305,29.3275114718101,38000
1989-07-11,29.222394943237305,29.3275114718101,28.907045357518918,29.3275114718101,113400
1989-07-12,29.222394943237305,29.4326280003829,29.117278414664508,29.3275114718101,76800
1989-07-13,29.327512741088867,29.43262927421105,29.01216314172232,29.43262927421105,16200
1989-07-14,29.958215713500977,29.958215713500977,29.32751643532201,29.32751643532201,110700
1989-07-17,29.64285659790039,30.063322648934438,29.432623572383367,29.853089623417414,163700
1989-07-18,29.53774070739746,29.853090252316296,29.53774070739746,29.642857222370406,95800
1989-07-19,29.53774070739746,29.74797373734335,29.432624192424516,29.432624192424516,278000
1989-07-20,29.432626724243164,29.958209344318934,29.432626724243164,29.53774324825832,199700
1989-07-21,28.801931381225586,29.432630608551694,28.6968148433379,29.432630608551694,180100
1989-07-24,28.696815490722656,28.90704857124077,28.696815490722656,28.696815490722656,95600
1989-07-25,29.432626724243164,29.64285977227347,28.59169453212193,28.59169453212193,187200
1989-07-26,29.958215713500977,29.958215713500977,29.32751643532201,29.43263298168517,315700
1989-07-27,31.009368896484375,31.00936889648438,30.168436858613614,30.168436858613614,277700
1989-07-28,30.90426254272461,31.00937908198558,30.79914600346364,30.79914600346364,45400
1989-07-31,31.955415725708008,32.27076522300118,31.114483732926217,31.114483732926217,252600
1989-08-01,31.53495216369629,32.79635025024414,31.53495216369629,31.74518517812093,119200
1989-08-02,31.324722290039062,31.7451883610463,31.219605772287256,31.7451883610463,48000
1989-08-03,31.640077590942383,31.745194127789368,31.219611443554445,31.534961054095398,171400
1989-08-04,31.74518585205078,31.85030236149466,31.53495283316303,31.53495283316303,89700
1989-08-07,31.850322723388672,31.85032272338867,31.640089570098976,31.640089570098976,23800
1989-08-08,31.74518585205078,32.06053538038241,31.745185852050785,31.955418870938537,79200
1989-08-09,31.955415725708008,31.955415725708008,31.74518272751256,31.74518272751256,20200
1989-08-10,31.955415725708008,31.955415725708008,31.640066228414835,31.74518272751256,34200
1989-08-11,31.114486694335938,32.060535276258314,31.114486694335938,32.060535276258314,67300
1989-08-14,30.90426254272461,31.42984523902945,30.90426254272461,31.219612160507513,43200
1989-08-15,30.483795166015625,30.694028236126076,30.483795166015625,30.694028236126076,35500
1989-08-16,30.799135208129883,30.904251710546706,30.37866919846258,30.37866919846258,25600
1989-08-17,30.799135208129883,31.009368212963533,30.694018705713056,30.799135208129883,39800
1989-08-18,30.273569107055664,30.904268463452656,30.273569107055664,30.904268463452656,31100
1989-08-21,29.958215713500977,30.378681898953623,29.958215713500977,30.06333225986414,83300
1989-08-22,29.74798011779785,29.95821319283529,29.53774704276041,29.95821319283529,36300
1989-08-23,30.273569107055664,30.378685666455162,29.85310286945767,29.85310286945767,42000
1989-08-24,30.928003311157227,30.928003311157227,30.189109034098863,30.40022168468697,110600
1989-08-25,31.772457122802734,31.983569794715045,31.139119107065802,31.139119107065802,121300
1989-08-28,31.666908264160156,31.98357734680176,31.666908264160156,31.878020985921225,52900
1989-08-29,31.878019332885742,31.878019332885742,31.666906622071927,31.666906622071927,1970600
1989-08-30,32.40579605102539,32.40579605102539,31.878014356383282,31.878014356383282,80600
1989-08-31,32.93359375,32.93359375,32.30025540865385,32.405811798878204,88300
1989-09-01,32.72245407104492,33.039122981409875,32.51134146413496,32.72245407104492,29300
1989-09-05,32.72245407104492,32.828010374499904,32.405785160679976,32.828010374499904,67900
1989-09-06,32.19468307495117,32.61690842675381,32.08912673700051,32.61690842675381,99800
1989-09-07,32.40579605102539,32.40579605102539,32.194683373168544,32.30023971209697,47600
1989-09-08,32.93359375,33.144706530448715,32.30025540865385,32.30025540865385,118900
1989-09-11,32.616912841796875,33.039138250752174,32.616912841796875,33.039138250752174,23700
1989-09-12,32.72245407104492,32.72245407104492,32.61689776758994,32.61689776758994,64600
1989-09-13,32.72245407104492,32.828010374499904,32.51134146413496,32.72245407104492,54600
1989-09-14,32.72245407104492,32.828010374499904,32.30022885722499,32.72245407104492,86100
1989-09-15,32.300228118896484,32.72245332306507,32.300228118896484,32.72245332306507,116600
1989-09-18,32.5113525390625,32.5113525390625,32.19468352082488,32.5113525390625,33100
1989-09-19,32.72245407104492,32.72245407104492,32.30022885722499,32.30022885722499,36400
1989-09-20,32.40579605102539,32.61690872888223,32.30023971209697,32.61690872888223,100600
1989-09-21,32.300228118896484,32.405784419938634,32.19467181785434,32.19467181785434,53000
1989-09-22,31.98357582092285,32.40580124430137,31.66690675338896,32.40580124430137,72600
1989-09-25,31.561349868774414,31.77246257692675,31.455793514698243,31.77246257692675,49900
1989-09-26,31.350229263305664,31.455785590791542,31.24467293581979,31.455785590791542,99400
1989-09-27,31.561349868774414,31.561349868774414,31.244680806545908,31.244680806545908,136600
1989-09-28,31.561349868774414,31.66690622285058,31.350237160622076,31.455793514698243,49800
1989-09-29,32.300228118896484,32.511340720980776,31.45577771055932,31.666890312643613,300200
1989-10-02,32.300228118896484,32.405784419938634,32.19467181785434,32.300228118896484,32700
1989-10-03,32.5113525390625,32.5113525390625,32.08912718141234,32.30023986023742,149300
1989-10-04,32.5113525390625,32.61690887847504,32.40579619964996,32.40579619964996,103000
1989-10-05,32.93359375,33.144706530448715,32.722480969551285,32.722480969551285,119900
1989-10-06,33.250244140625,33.35580047123016,33.14468781001984,33.35580047123016,196400
1989-10-09,33.778038024902344,33.778038024902344,33.039143443107605,33.039143443107605,68900
1989-10-10,33.98915481567383,34.41138034133437,33.77804205284355,33.77804205284355,125200
1989-10-11,33.14469909667969,33.778037295979296,33.14469909667969,33.778037295979296,50400
1989-10-12,32.82802963256836,33.250255094080494,32.82802963256836,33.250255094080494,97100
1989-10-13,30.928003311157227,33.14468614233232,30.928003311157227,32.82801716645016,161200
1989-10-16,30.400218963623047,30.716887911160786,29.55576843685574,30.716887911160786,576400
1989-10-17,31.24467658996582,31.24467658996582,29.978000511994235,30.0835568518252,511900
1989-10-18,30.822467803955078,31.56136258007729,30.189129424421754,30.40024221759953,721000
1989-10-19,31.0335693359375,31.2446820525085,30.716900261080994,30.716900261080994,274700
1989-10-20,30.71689796447754,31.03356701565772,30.611341614084143,31.03356701565772,188800
1989-10-23,30.400218963623047,31.139113174544438,30.29466264777713,30.8224442270067,367000
1989-10-24,29.977998733520508,30.400224067795445,29.555773399245574,30.400224067795445,168900
1989-10-25,30.400218963623047,30.50577527946896,29.87243738439348,29.97799370023939,198000
1989-10-26,30.822467803955078,31.244693390310626,30.189129424421754,30.294685821010642,164800
1989-10-27,30.71689796447754,31.139123366051113,30.50578526369075,30.82245431487093,91500
1989-10-30,30.822467803955078,30.822467803955078,30.611355010777302,30.822467803955078,57700
1989-10-31,30.928003311157227,30.928003311157227,30.40022168468697,30.822446985863174,20800
1989-11-01,30.822467803955078,31.244693390310626,30.822467803955078,31.139136993721742,28500
1989-11-02,30.611339569091797,31.24467762914197,30.611339569091797,31.24467762914197,114000
1989-11-03,30.611339569091797,30.611339569091797,30.400226882408404,30.611339569091797,300400
1989-11-06,30.400218963623047,30.400218963623047,30.189106331931217,30.400218963623047,12400
1989-11-07,29.977998733520508,30.29466773422671,29.555773399245574,30.29466773422671,99900
1989-11-08,30.294677734375,30.294677734375,29.766895892312718,29.766895892312718,140900
1989-11-09,30.083555221557617,30.294667889779074,29.97799888744689,30.189111555668347,121900
1989-11-10,29.977998733520508,30.18911140065798,29.977998733520508,30.18911140065798,28000
1989-11-13,30.294677734375,30.294677734375,29.872452260725172,29.872452260725172,20500
1989-11-14,30.189104080200195,30.611329312091108,30.189104080200195,30.40021669614565,59900
1989-11-15,30.400218963623047,30.400218963623047,30.189106331931217,30.400218963623047,34100
1989-11-16,30.189104080200195,30.505773004118378,30.189104080200195,30.40021669614565,159600
1989-11-17,30.083555221557617,30.50578055800053,30.083555221557617,30.083555221557617,74800
1989-11-20,29.344661712646484,29.977999735221587,29.13354903845478,29.872443398125736,50200
1989-11-21,29.02799415588379,29.55577586780895,29.02799415588379,29.344663183038886,98200
1989-11-22,29.15520668029785,29.261225613680754,29.04918774691495,29.15520668029785,48800
1989-11-24,29.15520668029785,29.473263480446555,29.04918774691495,29.261225613680754,50300
1989-11-27,29.15520668029785,29.473263480446555,29.15520668029785,29.367244547063653,115600
1989-11-28,29.261241912841797,29.261241912841797,28.837165943090465,28.837165943090465,213800
1989-11-29,29.049196243286133,29.897347958418575,29.049196243286133,29.367253136460796,128100
1989-11-30,28.625120162963867,28.943177053663465,28.625120162963867,28.943177053663465,209600
1989-12-01,29.261241912841797,29.261241912841797,28.731146950652633,28.731146950652633,338000
1989-12-04,29.15520668029785,29.473263480446555,28.83714988014915,29.473263480446555,50100
1989-12-05,29.15520668029785,29.261225613680754,28.83714988014915,29.15520668029785,126900
1989-12-06,29.57929801940918,29.57929801940918,29.261241051458544,29.367260040775424,64800
1989-12-07,30.003379821777344,30.215417841719233,29.68532279186451,29.68532279186451,18700
1989-12-08,29.367267608642578,30.00338170846877,29.26124859200488,30.00338170846877,55700
1989-12-11,29.473283767700195,29.473283767700195,28.94318873590703,29.26124575498293,80600
1989-12-12,29.79132652282715,30.00336443402165,29.57928861163265,29.57928861163265,94200
1989-12-13,30.321439743041992,30.533477783203125,29.897363662719727,29.897363662719727,49400
1989-12-14,30.851537704467773,30.851537704467773,30.10940449508195,30.533480614730994,117000
1989-12-15,30.321439743041992,30.95755386352539,30.10940170288086,30.95755386352539,79300
1989-12-18,29.367267608642578,30.215419741744167,29.26124859200488,30.109400725106468,89900
1989-12-19,28.731136322021484,29.261231088110442,28.41307946236811,29.261231088110442,137900
1989-12-20,28.201047897338867,28.625123805569526,28.0950289202812,28.51910482851186,15400
1989-12-21,28.4130802154541,28.62511812750973,28.095023347370663,28.201042303398477,48400
1989-12-22,28.625120162963867,28.625120162963867,28.0950253451312,28.413082235830803,96500
1989-12-26,29.049196243286133,29.049196243286133,28.62512038571991,28.731139350111466,14700
1989-12-27,29.261241912841797,29.261241912841797,28.943184935528297,28.943184935528297,113700
1989-12-28,29.685317993164062,29.685317993164062,29.261242021833148,29.261242021833148,28500
1989-12-29,29.473283767700195,29.791340786776097,29.367264761341563,29.791340786776097,19600
1990-01-02,29.89735221862793,30.10939017762529,29.367257321134524,29.367257321134524,20100
1990-01-03,30.321439743041992,30.42745876312256,30.003382682800293,30.215420722961426,89400
1990-01-04,30.533472061157227,30.63949106136958,30.427453060944877,30.427453060944877,74300
1990-01-05,30.215408325195312,30.53346525493421,30.215408325195312,30.53346525493421,39600
1990-01-08,30.533472061157227,30.63949106136958,30.321434060732525,30.533472061157227,47500
1990-01-09,31.381624221801758,31.59366222330042,30.321434214308457,30.639491216556447,63800
1990-01-10,30.745506286621094,31.27560122259732,30.63948729942585,31.27560122259732,100800
1990-01-11,30.321439743041992,31.063572883605957,30.321439743041992,30.745515823364258,48600
1990-01-12,29.57929801940918,30.109392965993575,29.155222062141664,30.109392965993575,140300
1990-01-15,28.837173461914062,29.261249542236328,28.837173461914062,29.261249542236328,95300
1990-01-16,28.519107818603516,28.625126806776763,28.201050854083775,28.625126806776763,59200
1990-01-17,27.564943313598633,28.62513344104473,27.2468862753648,28.62513344104473,179000
1990-01-18,27.352893829345703,27.564931766007298,27.140855892684108,27.564931766007298,21300
1990-01-19,27.564943313598633,27.77698133908785,27.35290528810941,27.35290528810941,15500
1990-01-22,27.352893829345703,27.776969702668893,27.246874861014906,27.670950734338096,49300
1990-01-23,27.458919525146484,27.989014496674407,27.3529005308409,27.3529005308409,133000
1990-01-24,27.140853881835938,27.35289180278778,26.928815960884094,27.35289180278778,15100
1990-01-25,26.50474739074707,27.03484233856201,26.39872840118408,27.03484233856201,42400
1990-01-26,25.868629455566406,26.080667401923506,25.444553562852203,26.080667401923506,205300
1990-01-29,26.186691284179688,26.292710277233045,25.86863430501961,26.08067229112633,21600
1990-01-30,25.868629455566406,26.080667401923506,25.550572536030753,25.974648428744956,90000
1990-01-31,26.398727416992188,26.716784373823415,25.762613503329725,25.762613503329725,32200
1990-02-01,26.186691284179688,26.504748263339764,25.97465329807297,26.504748263339764,87700
1990-02-02,26.610759735107422,26.928816624371652,26.080664919667033,26.080664919667033,116600
1990-02-05,26.716781616210938,26.928819565545947,26.610762641543435,26.716781616210938,40200
1990-02-06,26.292707443237305,26.928821332993046,26.292707443237305,26.71678336974113,154100
1990-02-07,26.292707443237305,26.504745406489217,26.186688461611347,26.292707443237305,273200
1990-02-08,26.398727416992188,26.92882234504424,26.292708431381776,26.504746402602596,299900
1990-02-09,26.292707443237305,26.504745406489217,26.292707443237305,26.39872642486326,46200
1990-02-12,25.97466468811035,26.292721806740275,25.97466468811035,26.292721806740275,46600
1990-02-13,25.97466468811035,26.08068372765366,25.868645648567046,26.08068372765366,44000
1990-02-14,26.08066177368164,26.08066177368164,25.868623873082605,25.974642823382123,61900
1990-02-15,26.610759735107422,26.822797661283577,25.974645956578957,26.080664919667033,815100
1990-02-16,26.928823471069336,27.246880441200076,26.822804481025756,26.822804481025756,128100
1990-02-20,26.610759735107422,26.822797661283577,26.292702845843188,26.716778698195498,184200
1990-02-21,26.50474739074707,26.50474739074707,26.186690422058103,26.50474739074707,260200
1990-02-22,26.43651580810547,26.862911224365234,26.223318099975586,26.223318099975586,50500
1990-02-23,26.223325729370117,26.223325729370117,25.903529074133896,26.010127959212635,138400
1990-02-26,26.223325729370117,26.436523499527596,26.010127959212635,26.010127959212635,31200
1990-02-27,26.223325729370117,26.223325729370117,26.010127959212635,26.116726844291374,9400
1990-02-28,26.223325729370117,26.436523499527596,26.010127959212635,26.010127959212635,399700
1990-03-01,26.649721145629883,26.649721145629883,26.116726722717285,26.436523376464844,63100
1990-03-02,26.756319046020508,26.862917926681945,26.543121284697637,26.756319046020508,59900
1990-03-05,26.756319046020508,27.182714568666253,26.64972016535907,27.076115688004815,71300
1990-03-06,26.756319046020508,27.076115688004815,26.756319046020508,26.862917926681945,17300
1990-03-07,26.756319046020508,26.969516807343382,26.64972016535907,26.862917926681945,38600
1990-03-08,26.649721145629883,26.756320030212404,26.436523376464844,26.756320030212404,560800
1990-03-09,27.289310455322266,27.609107062220573,26.436519503593445,26.436519503593445,446700
1990-03-12,27.18271827697754,27.18271827697754,26.756322696162208,27.076119381773708,19500
1990-03-13,27.076108932495117,27.289306640625,26.969510078430176,26.969510078430176,246500
1990-03-14,27.076108932495117,27.18270778656006,26.969510078430176,27.18270778656006,53600
1990-03-15,27.289310455322266,27.39590932428837,27.07611271739006,27.182711586356163,161500
1990-03-16,27.502506256103516,27.715703979019047,27.289308533187985,27.502506256103516,249000
1990-03-19,27.715709686279297,27.715709686279297,27.28931415264423,27.395913036052995,376100
1990-03-20,27.395906448364258,27.715703021691468,27.28930759058852,27.715703021691468,170600
1990-03-21,27.289310455322266,27.50250819325447,27.289310455322266,27.39590932428837,135800
1990-03-22,26.862913131713867,27.395907439882794,26.862913131713867,27.28930857824901,292400
1990-03-23,26.862913131713867,27.07611085498144,26.862913131713867,26.862913131713867,87200
1990-03-26,27.076108932495117,27.18270778656006,26.969510078430176,27.076108932495117,25000
1990-03-27,26.96952247619629,27.18272028233223,26.96952247619629,26.96952247619629,55400
1990-03-28,27.076108932495117,27.076108932495117,26.969510078430176,26.969510078430176,12800
1990-03-29,27.289310455322266,27.289310455322266,26.862914979457855,26.862914979457855,108600
1990-03-30,27.395906448364258,27.395906448364258,27.076109875037048,27.28930759058852,76400
1990-04-02,27.395906448364258,27.715703021691468,27.28930759058852,27.715703021691468,113700
1990-04-03,27.18271827697754,27.609113857792874,27.076119381773708,27.18271827697754,130100
1990-04-04,27.502506256103516,27.502506256103516,27.289308533187985,27.502506256103516,70700
1990-04-05,27.715709686279297,27.82230856968806,27.28931415264423,27.395913036052995,188000
1990-04-06,27.289310455322266,27.82230480015278,27.289310455322266,27.609107062220573,99300
1990-04-09,27.502506256103516,27.715703979019047,27.289308533187985,27.289308533187985,31200
1990-04-10,27.289310455322266,27.715705931186676,27.289310455322266,27.289310455322266,82200
1990-04-11,27.715709686279297,27.82230856968806,27.28931415264423,27.28931415264423,131200
1990-04-12,27.928903579711914,28.03550244833677,27.82230471108706,27.82230471108706,53000
1990-04-16,28.248706817626953,28.24870681762695,27.928910136672684,28.14210792397553,70800
1990-04-17,27.928903579711914,28.24870018558648,27.928903579711914,28.142101316961625,159400
1990-04-18,27.076108932495117,27.822300910949707,27.076108932495117,27.715702056884766,79700
1990-04-19,27.076108932495117,27.289306640625,26.969510078430176,26.969510078430176,7400
1990-04-20,27.18271827697754,27.289317172181374,26.969520486569873,27.18271827697754,97100
1990-04-23,26.862913131713867,27.28930857824901,26.862913131713867,26.969511993347655,129400
1990-04-24,26.43651580810547,26.862911224365234,26.329916954040527,26.862911224365234,73900
1990-04-25,26.543121337890625,26.649720218765687,26.436522457015563,26.436522457015563,77500
1990-04-26,26.116727828979492,26.32992560717524,26.010128939881614,26.32992560717524,89500
1990-04-27,25.79692840576172,26.116725038890994,25.5837306503422,26.116725038890994,41100
1990-04-30,25.477128982543945,25.583727848579695,25.477128982543945,25.583727848579695,72800
1990-05-01,25.37053108215332,25.690327692432565,25.37053108215332,25.583728822339484,94100
1990-05-02,26.0101318359375,26.0101318359375,25.157340628201844,25.157340628201844,100300
1990-05-03,26.43651580810547,26.54311466217041,25.79692268371582,25.79692268371582,471100
1990-05-04,26.862913131713867,26.969511993347655,26.543116546812513,26.543116546812513,195500
1990-05-07,26.756319046020508,26.969516807343382,26.756319046020508,26.862917926681945,192700
1990-05-08,27.076108932495117,27.076108932495117,26.862911224365234,26.862911224365234,116700
1990-05-09,27.076108932495117,27.289306640625,26.969510078430176,26.969510078430176,114400
1990-05-10,26.43651580810547,26.756312370300293,26.223318099975586,26.64971351623535,99900
1990-05-11,27.715709686279297,27.715709686279297,26.543121968782867,26.64972085219163,155300
1990-05-14,27.928903579711914,28.142101316961625,27.715705842462206,27.715705842462206,205100
1990-05-15,27.60910987854004,27.822307638219886,27.28931323902027,27.60910987854004,208500
1990-05-16,27.395906448364258,27.715703021691468,27.28930759058852,27.715703021691468,24500
1990-05-17,27.18271827697754,27.71571275299671,26.969520486569873,27.609113857792874,81700
1990-05-18,26.649721145629883,26.862918914794925,26.436523376464844,26.862918914794925,139900
1990-05-21,26.96952247619629,26.96952247619629,26.75632467006035,26.86292357312832,53600
1990-05-22,26.862913131713867,27.182709716615225,26.862913131713867,26.862913131713867,147900
1990-05-23,27.330211639404297,27.43738893995098,26.901502437217562,26.901502437217562,60600
1990-05-24,27.00867462158203,27.22302918207078,27.00867462158203,27.22302918207078,103100
1990-05-25,27.115863800048828,27.115863800048828,26.901509145502988,26.901509145502988,96500
1990-05-29,27.330211639404297,27.330211639404297,26.79432513667088,27.008679737764247,80600
1990-05-30,27.115863800048828,27.43739578186759,27.00868647277591,27.330218454594668,46600
1990-05-31,27.330211639404297,27.43738893995098,26.79432513667088,26.79432513667088,164600
1990-06-01,27.651742935180664,27.97327482977579,27.223033742387166,27.437388338783915,215400
1990-06-04,28.723512649536133,28.723512649536133,27.22303064545589,27.651739789478814,327800
1990-06-05,29.152231216430664,29.259408537079306,28.93787657513338,29.152231216430664,160600
1990-06-06,30.009641647338867,30.009641647338867,29.152223314557755,29.152223314557755,176800
1990-06-07,29.4737606048584,30.00964716131037,29.4737606048584,29.688115227439187,84300
1990-06-08,28.830698013305664,29.58093922554782,28.830698013305664,29.58093922554782,110500
1990-06-11,29.045045852661133,29.152223143630362,28.830691270722674,28.830691270722674,59100
1990-06-12,29.045045852661133,29.152223143630362,28.830691270722674,29.152223143630362,112600
1990-06-13,29.045045852661133,29.152223143630362,28.723513979753445,28.830691270722674,20300
1990-06-14,28.616331100463867,28.72350837050306,28.40197656038549,28.72350837050306,27900
1990-06-15,29.152231216430664,29.47376317837659,28.93787657513338,28.93787657513338,82900
1990-06-18,28.937864303588867,29.2593961291843,28.830687028390393,29.152218853985822,61300
1990-06-19,29.152231216430664,29.47376317837659,28.93787657513338,29.259408537079306,113600
1990-06-20,29.152231216430664,29.580940499025232,29.152231216430664,29.47376317837659,63300
1990-06-21,29.4737606048584,29.580937916148795,29.152228670987217,29.152228670987217,37400
1990-06-22,29.366565704345703,30.009629186922616,29.366565704345703,29.902451939826463,65400
1990-06-25,29.152231216430664,29.366585857727948,28.93787657513338,29.366585857727948,22100
1990-06-26,28.401987075805664,28.93787362440577,28.294809766085642,28.93787362440577,136100
1990-06-27,28.080446243286133,28.2948007947616,28.080446243286133,28.2948007947616,89500
1990-06-28,28.1876277923584,28.294805084344553,27.86609591639994,28.1876277923584,61900
1990-06-29,28.401987075805664,28.509164385525686,27.866100527205557,28.18763245636562,68400
1990-07-02,29.152231216430664,29.366585857727948,28.294812651241525,28.509167292538812,43800
1990-07-03,28.723512649536133,29.473753651576256,28.616335363530403,29.473753651576256,39200
1990-07-05,28.616331100463867,28.83068564054225,28.40197656038549,28.616331100463867,10700
1990-07-06,28.401987075805664,28.723519004965727,28.18763245636562,28.401987075805664,53700
1990-07-09,28.937864303588867,29.045041578787345,28.50915520279496,28.50915520279496,190300
1990-07-10,29.90247344970703,29.902473449707028,29.25940950455204,29.366586828744538,244600
1990-07-11,29.5809326171875,29.79528720137002,29.5809326171875,29.79528720137002,87300
1990-07-12,29.4737606048584,29.688115227439187,29.366583293568006,29.688115227439187,97300
1990-07-13,30.22398567199707,30.22398567199707,29.795276655372998,29.795276655372998,478100
1990-07-16,30.759883880615234,30.97423847211778,30.54552928911269,30.65270658486396,246200
1990-07-17,30.22398567199707,30.545517434465122,30.11680841784105,30.545517434465122,158900
1990-07-18,30.009641647338867,30.223996230534144,29.902464355741227,29.902464355741227,154300
1990-07-19,29.795286178588867,30.009640755413248,29.580931601764487,30.009640755413248,79000
1990-07-20,29.90247344970703,30.331182746477023,29.902473449707028,30.009650773899526,126500
1990-07-23,29.366565704345703,29.68809744563416,28.72350222176879,29.580920198538006,174900
1990-07-24,30.22398567199707,30.22398567199707,29.15221313043689,29.68809940121698,175000
1990-07-25,30.009641647338867,30.33117352213178,30.009641647338867,30.223996230534144,154500
1990-07-26,30.22398567199707,30.331162926153088,30.11680841784105,30.22398567199707,43600
1990-07-27,30.009641647338867,30.43835081372942,30.009641647338867,30.33117352213178,149300
1990-07-30,31.188594818115234,31.188594818115234,29.795289894969194,30.223999102091053,69000
1990-07-31,31.29576873779297,32.04600976917842,30.867059577001285,31.402946027990893,616900
1990-08-01,32.6890754699707,32.796252766593554,30.974238724005026,31.510125207119298,511800
1990-08-02,42.65657424926758,44.47858872725137,42.12068763809587,43.72834747161099,2658300
1990-08-03,41.477603912353516,42.12066753890163,40.51300847253134,42.013490267810276,961400
1990-08-06,40.298667907714844,40.298667907714844,39.86995867465405,40.298667907714844,642300
1990-08-07,40.94172668457031,41.37043586451345,40.727372094598735,41.37043586451345,346700
1990-08-08,42.01350021362305,42.01350021362305,40.94172724898981,41.04890454545313,282400
1990-08-09,42.870914459228516,42.870914459228516,41.799141597747806,41.799141597747806,406100
1990-08-10,42.120670318603516,42.76373398758983,42.01349304043913,42.76373398758983,359100
1990-08-13,42.01350021362305,42.12067751008637,41.79914562069639,42.01350021362305,234100
1990-08-14,42.870914459228516,42.97809174537659,42.01349617004394,42.01349617004394,181700
1990-08-15,42.763736724853516,43.08526857992761,42.656559439828825,42.87091400987821,201200
1990-08-16,42.227867126464844,42.656576437393426,42.227867126464844,42.656576437393426,162200
1990-08-17,42.44220733642578,42.44220733642578,41.584789006396974,42.01349817141138,2345400
1990-08-20,42.335044860839844,42.656576847124704,42.22786753207822,42.44222218960146,25000
1990-08-21,41.26325607299805,42.0134970925071,41.04890149599546,42.0134970925071,454800
1990-08-22,41.04890060424805,41.47760974893993,40.94172331807508,41.26325517659399,534500
1990-08-23,39.47422790527344,40.227142333984375,39.366668701171875,40.11958312988281,244200
1990-08-24,40.227149963378906,40.227149963378906,39.3666761673708,39.79691306537485,169700
1990-08-27,41.3027458190918,41.51786428689957,41.08762735128403,41.08762735128403,90300
1990-08-28,41.3027458190918,41.41030505299568,41.19518658518791,41.19518658518791,347000
1990-08-29,41.08761978149414,41.19517899558183,40.54982371105574,41.08761978149414,206500
1990-08-30,41.3027458190918,41.51786428689957,40.98006811738014,40.98006811738014,244000
1990-08-31,41.19519805908203,41.4103165868057,41.19519805908203,41.4103165868057,97000
1990-09-04,40.87251663208008,41.087635140669974,40.65739812349018,40.980075886375026,52500
1990-09-05,41.19519805908203,41.30275732294386,40.98007953135836,40.98007953135836,58500
1990-09-06,40.980045318603516,41.41028201486182,40.980045318603516,41.19516366673267,107600
1990-09-07,41.08761978149414,41.19517899558183,40.87250135331878,40.98006056740646,157400
1990-09-10,41.08761978149414,41.517856637844865,41.08761978149414,41.517856637844865,94400
1990-09-11,41.08761978149414,41.302738209669506,40.98006056740646,41.19517899558183,96600
1990-09-12,40.980045318603516,41.302722840797244,40.980045318603516,41.302722840797244,22400
1990-09-13,40.65738296508789,41.08761982186131,40.65738296508789,40.98006060766795,120300
1990-09-14,40.227149963378906,40.44226841238093,40.11959073887789,40.44226841238093,98200
1990-09-17,39.796905517578125,40.11958312988281,39.796905517578125,40.01202392578125,138600
1990-09-18,40.11958312988281,40.227142333984375,39.796905517578125,39.796905517578125,99700
1990-09-19,38.6137580871582,40.012027878615186,38.291080442975826,40.012027878615186,206800
1990-09-20,37.43061447143555,38.72132531527815,37.21549599746178,38.61376607829127,246000
1990-09-21,38.39864730834961,38.39864730834961,37.645732655244714,37.8608511275604,222500
1990-09-24,37.43061447143555,38.3986476043175,37.43061447143555,38.07596989335685,75900
1990-09-25,37.86085510253906,38.075973597439855,37.64573660763827,37.64573660763827,153900
1990-09-26,37.21548843383789,37.860843724598084,36.5701331430777,37.860843724598084,202700
1990-09-27,36.35502624511719,37.430618737576275,35.92478924813356,37.32305948833037,149100
1990-09-28,37.10791778564453,37.10791778564453,35.81720760179603,36.13988514775815,202800
1990-10-01,38.828880310058594,39.04399876052983,37.215491931524305,37.215491931524305,323500
1990-10-02,38.828880310058594,39.47423566147231,38.828880310058594,38.93643953529421,146900
1990-10-03,39.15154266357422,39.15154266357422,38.82886511414916,38.82886511414916,21100
1990-10-04,39.259124755859375,39.36668400176584,38.93644701813998,39.15156550995291,66400
1990-10-05,39.15154266357422,39.689338579282655,38.72130593100747,38.72130593100747,108600
1990-10-08,38.93643569946289,39.3666725580205,38.93643569946289,39.259113343381095,30300
1990-10-09,38.291080474853516,38.93643576375554,38.291080474853516,38.93643576375554,141500
1990-10-10,38.291080474853516,38.39863968967052,38.075962045219505,38.39863968967052,19100
1990-10-11,37.21548843383789,38.291080585104886,36.785251573331095,38.291080585104886,134300
1990-10-12,37.7532844543457,37.968402884285,37.43060680943677,37.645725239376056,34000
1990-10-15,37.968406677246094,38.075965902960675,37.86084745153151,38.075965902960675,50100
1990-10-16,36.7852668762207,37.75330021506861,36.67770761634871,37.75330021506861,259500
1990-10-17,37.538150787353516,37.75326912997445,36.78523658818023,36.78523658818023,18500
1990-10-18,37.21548843383789,37.32304764896459,37.00037000358449,37.21548843383789,157300
1990-10-19,37.86085510253906,37.86085510253906,37.430618112737484,37.430618112737484,166500
1990-10-22,38.18352127075195,38.29108048559914,37.968402841057575,38.07596205590476,12300
1990-10-23,38.291080474853516,38.506198904487526,37.9684028304025,38.183521260036514,54800
1990-10-24,38.39864730834961,38.39864730834961,38.07596959987608,38.18352883603393,17000
1990-10-25,38.7213134765625,38.7213134765625,38.61375427246094,38.7213134765625,28300
1990-10-26,37.7532844543457,38.50619895913322,37.7532844543457,38.50619895913322,20700
1990-10-29,37.43061447143555,37.96841065636997,37.43061447143555,37.96841065636997,46100
1990-10-30,37.538150787353516,37.538150787353516,37.10791410211164,37.430591616043046,60400
1990-10-31,37.64574432373047,37.64574432373047,37.53818505423409,37.53818505423409,12100
1990-11-01,38.075958251953125,38.075958251953125,37.43060302734375,37.75328063964844,50000
1990-11-02,38.7213134765625,38.7213134765625,38.29107666015625,38.29107666015625,30300
1990-11-05,39.36668014526367,39.36668014526367,38.72132473304624,38.72132473304624,55200
1990-11-06,39.47422790527344,39.581787109375,39.15155029296875,39.25910949707031,31400
1990-11-07,39.36668014526367,39.58179861600282,39.2591209098941,39.47423938063324,19600
1990-11-08,39.04399490356445,39.36667254739557,38.936435688954084,39.15155411817482,34300
1990-11-09,39.04399490356445,39.15155411817482,38.82887647434371,38.936435688954084,65000
1990-11-12,39.47422790527344,39.47422790527344,38.82887268066406,39.15155029296875,71200
1990-11-13,39.15154266357422,39.47422021299928,39.04398348043253,39.366661029857596,35200
1990-11-14,39.36668014526367,39.47423938063324,39.15156167452453,39.15156167452453,83700
1990-11-15,39.36668014526367,39.47423938063324,39.2591209098941,39.47423938063324,29800
1990-11-16,38.93643569946289,39.259113343381095,38.93643569946289,39.259113343381095,56900
1990-11-19,39.15154266357422,39.15154266357422,38.93642429729084,39.15154266357422,328400
1990-11-20,39.259124755859375,39.259124755859375,38.721328526327056,39.259124755859375,151400
1990-11-21,40.70149230957031,41.02537686375787,39.297992574757544,39.40595409282006,185900
1990-11-23,41.34926223754883,41.45722375775131,41.025377676941396,41.025377676941396,16000
1990-11-26,41.241294860839844,41.349256365711156,41.241294860839844,41.349256365711156,51800
1990-11-27,41.99702453613281,42.75275505477788,41.45721702281491,41.45721702281491,99900
1990-11-28,41.99702453613281,42.10498603879639,41.45721702281491,42.10498603879639,39100
1990-11-29,41.45722579956055,42.212956478198365,41.45722579956055,42.10499495267868,32200
1990-11-30,41.45722579956055,41.99703342715899,41.45722579956055,41.45722579956055,76000
1990-12-03,42.32090377807617,43.29255718114425,42.32090377807617,42.75274973499532,242200
1990-12-04,41.99702453613281,42.32090904412355,41.45721702281491,42.10498603879639,139100
1990-12-05,42.32090377807617,42.536826756535746,42.1049807996166,42.32090377807617,152400
1990-12-06,42.428863525390625,42.75274797978292,42.21294055579576,42.53682501018806,101900
1990-12-07,42.536827087402344,42.536827087402344,42.10498112712415,42.320904107263246,83400
1990-12-10,42.32090377807617,42.536826756535746,42.32090377807617,42.536826756535746,32200
1990-12-11,42.96866989135742,43.29255433777469,42.42886248066198,42.42886248066198,96200
1990-12-12,42.8607177734375,43.18460229061713,42.8607177734375,42.8607177734375,44300
1990-12-13,42.96866989135742,43.29255433777469,42.86070840921833,42.86070840921833,50800
1990-12-14,42.75275421142578,43.184600213561396,42.75275421142578,43.184600213561396,55100
1990-12-17,42.8607177734375,42.8607177734375,42.42887175053133,42.53683325625787,53600
1990-12-18,43.40052032470703,43.61644331139711,42.96867435132686,42.96867435132686,83700
1990-12-19,43.40052032470703,43.61644331139711,43.18459733801694,43.29255883136199,123000
1990-12-20,43.40052032470703,43.72440480474216,43.18459733801694,43.18459733801694,120500
1990-12-21,43.18459701538086,43.50848149299622,43.18459701538086,43.40052000045777,144000
1990-12-24,43.40052032470703,43.40052032470703,43.18459733801694,43.18459733801694,1000
1990-12-26,43.724395751953125,43.8323572229456,43.508472809968175,43.61643428096065,46000
1990-12-27,44.1562385559082,44.26420001937009,43.83235416552257,43.83235416552257,30000
1990-12-28,44.1562385559082,44.48012294629384,43.83235416552257,44.04827709244633,70600
1990-12-31,44.80400466918945,44.911966126223646,44.264197384018495,44.264197384018495,37600
1991-01-02,45.34382629394531,45.77567225864956,44.48013436453683,44.48013436453683,161900
1991-01-03,44.911983489990234,45.12790648753826,44.80402199121622,45.12790648753826,182300
1991-01-04,45.45178985595703,45.77567434424176,44.91198237548248,44.91198237548248,391800
1991-01-07,45.01994323730469,45.77567369932179,45.01994323730469,45.77567369932179,224900
1991-01-08,44.480133056640625,45.0199404966484,44.480133056640625,44.80401752064529,142800
1991-01-09,43.6164436340332,44.91198156375696,43.6164436340332,44.588097081326026,175400
1991-01-10,44.04828643798828,44.156247924355895,43.724401978885425,43.832363465253046,81500
1991-01-11,44.588096618652344,44.588096618652344,44.04828915353549,44.264212139582234,84000
1991-01-14,43.6164436340332,43.940328116464144,43.50848213988956,43.940328116464144,140700
1991-01-15,44.26420593261719,44.804013322039346,43.61643706531059,43.61643706531059,162800
1991-01-16,44.1562385559082,44.37216148283196,44.1562385559082,44.1562385559082,37500
1991-01-17,44.37217712402344,44.91198463161496,44.15625412098683,44.48013862554174,121100
1991-01-18,44.588096618652344,44.69605811167572,44.480135125628976,44.588096618652344,114000
1991-01-21,44.588096618652344,44.69605811167572,44.3721736326056,44.480135125628976,100300
1991-01-22,44.26420593261719,44.588090366270485,44.26420593261719,44.588090366270485,131700
1991-01-23,44.911983489990234,44.911983489990234,44.372175996120156,44.372175996120156,837800
1991-01-24,45.01994323730469,45.12790473187856,44.69605875358307,44.804020248156945,389900
1991-01-25,45.34382629394531,45.667710767473494,45.01994182041713,45.01994182041713,137300
1991-01-28,45.77568054199219,46.099565074128925,45.23587298843096,45.45179600985545,176200
1991-01-29,45.77568054199219,46.207526584841176,45.667719031279944,45.77568054199219,103100
1991-01-30,45.99159240722656,46.53139982984659,45.775669438178554,45.775669438178554,153200
1991-01-31,46.2075080871582,46.315469554651564,45.99158515217148,45.99158515217148,51500
1991-02-01,46.423431396484375,46.53139286484829,46.09954699139262,46.20750845975654,137500
1991-02-04,46.63935852050781,46.63935852050781,46.31547408633762,46.42343556439435,125400
1991-02-05,46.31548309326172,46.74732908946929,46.20752159420983,46.63936759041739,552100
1991-02-06,47.28712844848633,47.39508992896233,46.315475124202365,46.315475124202365,172800
1991-02-07,47.61101531982422,47.82693829179621,47.179169375880235,47.28713086186623,176600
1991-02-08,47.718971252441406,47.718971252441406,47.39508683217597,47.50304830559778,171900
1991-02-11,48.15082550048828,48.15082550048828,47.50305654756691,47.50305654756691,286900
1991-02-12,49.66228103637695,49.878203997404675,49.2304351143215,49.2304351143215,226300
1991-02-13,50.31005096435547,50.4180124471116,49.2304361367942,49.2304361367942,68500
1991-02-14,49.98617172241211,50.52597919241656,49.98617172241211,50.20209471041389,60700
1991-02-15,50.31005096435547,50.525973929867725,50.202089481599344,50.31005096435547,90200
1991-02-19,50.09412384033203,50.5259697355073,50.09412384033203,50.09412384033203,106900
1991-02-20,49.87820816040039,50.09413113944974,49.66228518135104,50.09413113944974,105600
1991-02-21,49.70062255859375,50.025463228911356,49.59234233515455,49.59234233515455,86300
1991-02-22,50.13374710083008,50.24202733214936,49.9171866381915,49.9171866381915,45900
1991-02-25,50.13374710083008,50.350307563468654,50.13374710083008,50.24202733214936,19600
1991-02-26,50.02547073364258,50.3503114526922,50.02547073364258,50.3503114526922,19300
1991-02-27,50.78342819213867,51.108268884199255,50.24202703870436,50.24202703870436,25200
1991-02-28,52.84075927734375,53.49044074386847,50.78343463334881,50.891714877769594,124600
1991-03-01,52.29935073852539,52.840751884886934,52.19107050925308,52.840751884886934,33100
1991-03-04,52.40763854980469,52.5159187947423,52.29935830486707,52.5159187947423,15500
1991-03-05,52.73247146606445,52.84075169494754,52.407630779415186,52.407630779415186,36000
1991-03-06,53.16559982299805,53.49044055511413,52.94903933492066,52.94903933492066,42200
1991-03-07,52.94902038574219,53.49042141218127,52.94902038574219,52.94902038574219,452400
1991-03-08,53.27387237548828,53.49043283229921,52.94903169027189,53.05731191867736,110800
1991-03-11,52.94902038574219,53.05730059103,52.732459975166556,53.05730059103,131100
1991-03-12,52.73247146606445,53.16559238159682,52.73247146606445,53.05731215271373,55800
1991-03-13,52.84075927734375,52.84075927734375,52.29935805523982,52.62419878850218,47900
1991-03-14,52.29935073852539,53.057312343431555,52.19107050925308,52.840751884886934,99900
1991-03-15,51.866233825683594,52.40763501384313,51.866233825683594,52.40763501384313,44800
1991-03-18,51.974517822265625,51.974517822265625,51.54139684041341,51.974517822265625,28600
1991-03-19,51.974517822265625,52.082798067728675,51.433116594950356,51.54139684041341,29600
1991-03-20,52.94902038574219,53.27386100160563,52.19105894872747,52.19105894872747,51100
1991-03-21,52.94902038574219,53.27386100160563,52.84074018045437,52.94902038574219,36500
1991-03-22,52.62418746948242,52.84074791174367,52.62418746948242,52.84074791174367,78400
1991-03-25,52.94902038574219,53.16558079631782,52.84074018045437,52.84074018045437,5900
1991-03-26,52.84075927734375,53.05731976618532,52.73247903292297,52.84075927734375,6200
1991-03-27,52.94902038574219,53.05730059103,52.84074018045437,52.84074018045437,10000
1991-03-28,53.27387237548828,53.27387237548828,52.840751461866425,53.05731191867736,13600
1991-04-01,52.94902038574219,53.27386100160563,52.732459975166556,53.27386100160563,61400
1991-04-02,53.38215637207031,53.49043660811914,53.165595899972665,53.165595899972665,23200
1991-04-03,53.27387237548828,53.598713060704675,53.27387237548828,53.38215260389374,35500
1991-04-04,54.35668182373047,54.57324230908397,54.14012133837696,54.14012133837696,64000
1991-04-05,54.35668182373047,54.35668182373047,54.14012133837696,54.24840158105371,12300
1991-04-08,54.5732307434082,55.006351622324146,54.35667030395024,54.35667030395024,2266100
1991-04-09,54.5732307434082,54.5732307434082,54.14010986449227,54.35667030395024,2710500
1991-04-10,53.81529235839844,54.7898147552306,53.81529235839844,54.248413423657176,54700
1991-04-11,54.5732307434082,54.5732307434082,53.9235494250343,54.031829644763285,69100
1991-04-12,55.43948745727539,55.43948745727539,54.789805963635445,54.898086212575436,28900
1991-04-15,55.547752380371094,55.547752380371094,55.33119194224099,55.33119194224099,120100
1991-04-16,56.19743728637695,56.19743728637695,55.54775593046508,55.65603615645039,87100
1991-04-17,56.414005279541016,56.522285520000786,56.305725039081246,56.305725039081246,59200
1991-04-18,56.414005279541016,56.522285520000786,55.87260407724216,56.522285520000786,22300
1991-04-19,55.87260437011719,56.30572533422662,55.54776364703511,56.30572533422662,22100
1991-04-22,55.43948745727539,55.872608453035355,55.43948745727539,55.65604795515537,15300
1991-04-23,55.22291946411133,55.43947993259804,55.22291946411133,55.22291946411133,14900
1991-04-24,55.22291946411133,55.65604040108475,55.22291946411133,55.43947993259804,13200
1991-04-25,54.789791107177734,55.222911985495344,54.57323066801893,55.222911985495344,348300
1991-04-26,54.681522369384766,54.89808285401599,54.681522369384766,54.89808285401599,41600
1991-04-29,54.5732307434082,54.68151096313719,54.5732307434082,54.5732307434082,59800
1991-04-30,54.789791107177734,54.789791107177734,54.57323066801893,54.57323066801893,35500
1991-05-01,55.006351470947266,55.006351470947266,54.57323059322327,54.78979103208527,74900
1991-05-02,55.11465072631836,55.11465072631836,55.11465072631836,55.11465072631836,78100
1991-05-03,54.681522369384766,54.89808285401599,54.681522369384766,54.89808285401599,167200
1991-05-06,54.46497344970703,54.68153398032217,54.46497344970703,54.5732537150146,78100
1991-05-07,54.46497344970703,54.5732537150146,54.35669318439946,54.35669318439946,79900
1991-05-08,54.5732307434082,54.5732307434082,54.35667030395024,54.46495052367922,4600
1991-05-09,55.656044006347656,55.656044006347656,54.46496135251531,54.46496135251531,64300
1991-05-10,55.22291946411133,55.43947993259804,55.114639229867976,55.43947993259804,5900
1991-05-13,54.681522369384766,55.006363096331604,54.681522369384766,55.006363096331604,25100
1991-05-14,54.2484016418457,54.57324237023999,54.14012139904761,54.57324237023999,16600
1991-05-15,53.81529235839844,54.46497395628655,53.81529235839844,54.46497395628655,38800
1991-05-16,55.87260437011719,55.87260437011719,54.7898019598436,54.7898019598436,81600
1991-05-17,55.22291946411133,55.43947993259804,55.22291946411133,55.43947993259804,21100
1991-05-20,55.547752380371094,55.547752380371094,55.00635128504584,55.43947216130604,25900
1991-05-21,55.33119201660156,55.43947223581213,55.22291179739099,55.33119201660156,39600
1991-05-22,55.37028884887695,55.58742723651961,55.37028884887695,55.37028884887695,10800
1991-05-23,55.69598388671875,55.80455305608857,55.37027637860928,55.37027637860928,14900
1991-05-24,55.58742904663086,56.130275033414364,55.47885984927416,55.91313663870096,66000
1991-05-28,55.47885513305664,55.695993509311265,55.47885513305664,55.58742432118395,14100
1991-05-29,55.58742904663086,55.69599824398756,55.58742904663086,55.58742904663086,17600
1991-05-30,55.37028884887695,55.695996430340934,55.37028884887695,55.58742723651961,96200
1991-05-31,55.80457305908203,55.80457305908203,55.15315780936512,55.37029622593742,59100
1991-06-03,55.80457305908203,55.80457305908203,55.58743464250973,55.58743464250973,100900
1991-06-04,56.021697998046875,56.021697998046875,55.695990451546606,55.695990451546606,30000
1991-06-05,56.347408294677734,56.347408294677734,56.02170073228075,56.02170073228075,57200
1991-06-06,55.913124084472656,56.347400776390884,55.80455491149309,56.23883160341133,128200
1991-06-07,55.15314483642578,55.58742156742126,55.15314483642578,55.58742156742126,71400
1991-06-10,55.261714935302734,55.261714935302734,55.15314575075401,55.261714935302734,75800
1991-06-11,55.261714935302734,55.37028411985146,55.261714935302734,55.37028411985146,14600
1991-06-12,54.93601608276367,55.044585284508265,54.71887767927449,55.044585284508265,103600
1991-06-13,54.827423095703125,54.827423095703125,54.827423095703125,54.827423095703125,10900
1991-06-14,55.15314483642578,55.15314483642578,54.7188681054303,54.7188681054303,23600
1991-06-17,55.37028884887695,55.37028884887695,55.1531504612343,55.1531504612343,18500
1991-06-18,55.37028884887695,55.804565624162265,55.37028884887695,55.58742723651961,8100
1991-06-19,54.93601608276367,55.37029288974204,54.93601608276367,55.37029288974204,10400
1991-06-20,54.827423095703125,55.04456140499304,54.827423095703125,55.04456140499304,13100
1991-06-21,55.15314483642578,55.478852384672386,55.15314483642578,55.15314483642578,29200
1991-06-24,54.7188606262207,54.935998962039044,54.7188606262207,54.935998962039044,653100
1991-06-25,54.7188606262207,54.7188606262207,54.7188606262207,54.7188606262207,25000
1991-06-26,54.7188606262207,54.935998962039044,54.50172229040237,54.7188606262207,16600
1991-06-27,54.7188606262207,54.7188606262207,54.7188606262207,54.7188606262207,6000
1991-06-28,54.50172805786133,54.82743559605572,54.393158878463204,54.82743559605572,23800
1991-07-01,54.827423095703125,55.04456140499304,54.71885394105817,54.71885394105817,14200
1991-07-02,54.7188606262207,54.82742979412988,54.7188606262207,54.82742979412988,9500
1991-07-03,54.50172805786133,54.82743559605572,54.50172805786133,54.82743559605572,33800
1991-07-05,54.7188606262207,54.7188606262207,54.610291458311536,54.610291458311536,5600
1991-07-08,54.17601776123047,54.50172528284108,53.95887941349007,54.50172528284108,25100
1991-07-09,53.958900451660156,54.28460810026173,53.958900451660156,54.06746966786068,15500
1991-07-10,53.958900451660156,54.17603888406121,53.850331235459635,54.17603888406121,22300
1991-07-11,53.958900451660156,54.06746966786068,53.850331235459635,53.850331235459635,2500
1991-07-12,53.958900451660156,53.958900451660156,53.850331235459635,53.850331235459635,13100
1991-07-15,53.85031509399414,54.06745346130864,53.85031509399414,53.85031509399414,12600
1991-07-16,53.958900451660156,53.958900451660156,53.850331235459635,53.958900451660156,11700
1991-07-17,53.958900451660156,54.06746966786068,53.850331235459635,53.958900451660156,24100
1991-07-18,54.06745529174805,54.06745529174805,53.85031691708239,53.95888610441522,81900
1991-07-19,54.827423095703125,54.935992250348086,54.28457732247834,54.28457732247834,330200
1991-07-22,55.15314483642578,55.15314483642578,54.7188681054303,54.7188681054303,25000
1991-07-23,55.37028884887695,55.37028884887695,55.1531504612343,55.1531504612343,36400
1991-07-24,55.37028884887695,55.58742723651961,55.37028884887695,55.58742723651961,13300
1991-07-25,55.47885513305664,55.58742432118395,55.153147568674704,55.26171675680202,13500
1991-07-26,55.37028884887695,55.58742723651961,55.37028884887695,55.478858042698285,3200
1991-07-29,55.37028884887695,55.58742723651961,55.37028884887695,55.58742723651961,10100
1991-07-30,55.69598388671875,55.69598388671875,55.26170720923946,55.26170720923946,37100
1991-07-31,56.130271911621094,56.23884110293951,55.804564337665845,55.804564337665845,9700
1991-08-01,55.69598388671875,55.913122225458395,55.69598388671875,55.913122225458395,6400
1991-08-02,56.021697998046875,56.021697998046875,56.021697998046875,56.021697998046875,4300
1991-08-05,56.021697998046875,56.130267180213636,55.91312881588012,55.91312881588012,6800
1991-08-06,55.913124084472656,55.913124084472656,55.695985738513535,55.80455491149309,19500
1991-08-07,55.80457305908203,55.80457305908203,55.696003850795876,55.696003850795876,19800
1991-08-08,55.58742904663086,56.02170583605766,55.58742904663086,55.69599824398756,37300
1991-08-09,55.69598388671875,55.69598388671875,55.58741471734893,55.58741471734893,29900
1991-08-12,55.80457305908203,55.80457305908203,55.696003850795876,55.696003850795876,6900
1991-08-13,55.69598388671875,55.80455305608857,55.69598388671875,55.80455305608857,6200
1991-08-14,55.913124084472656,55.913124084472656,55.695985738513535,55.80455491149309,12100
1991-08-15,55.80457305908203,55.80457305908203,55.696003850795876,55.696003850795876,1000
1991-08-16,55.58742904663086,55.69599824398756,55.58742904663086,55.69599824398756,17100
1991-08-19,54.50172805786133,55.58741985184263,54.28458969906507,55.58741985184263,26600
1991-08-20,54.93601608276367,54.93601608276367,54.82744688101908,54.82744688101908,10300
1991-08-21,55.69598388671875,55.80455305608857,55.15313803986964,55.58741471734893,25800
1991-08-22,55.62632751464844,55.62632751464844,55.51746973086244,55.62632751464844,4000
1991-08-23,55.51747131347656,55.51747131347656,55.51747131347656,55.51747131347656,1500
1991-08-26,55.73518371582031,55.844041496515274,55.73518371582031,55.73518371582031,6800
1991-08-27,55.844024658203125,55.95288240607487,55.844024658203125,55.95288240607487,9600
1991-08-28,55.73518371582031,56.0617570579052,55.73518371582031,55.844041496515274,16400
1991-08-29,55.62632751464844,55.735185298434445,55.51746973086244,55.735185298434445,22200
1991-08-30,55.73518371582031,55.73518371582031,55.62632593512535,55.73518371582031,14400
1991-09-03,55.73518371582031,55.952899277210236,55.62632593512535,55.62632593512535,23000
1991-09-04,55.73518371582031,55.73518371582031,55.73518371582031,55.73518371582031,10700
1991-09-05,55.73518371582031,55.73518371582031,55.62632593512535,55.62632593512535,569600
1991-09-06,55.51747131347656,55.62632910036574,55.51747131347656,55.62632910036574,10800
1991-09-09,55.51747131347656,55.62632910036574,55.51747131347656,55.51747131347656,82800
1991-09-10,55.73518371582031,55.73518371582031,55.62632593512535,55.73518371582031,18300
1991-09-11,55.51747131347656,55.62632910036574,55.51747131347656,55.62632910036574,2900
1991-09-12,55.40861892700195,55.626334522,55.40861892700195,55.51747672450098,22300
1991-09-13,55.62632751464844,55.95290086600645,55.29975416329042,55.95290086600645,22400
1991-09-16,55.51747131347656,55.62632910036574,55.408613526587395,55.408613526587395,16500
1991-09-17,55.40861892700195,55.73519231949902,55.40861892700195,55.626334522,41000
1991-09-18,55.62632751464844,55.62632751464844,55.40861194707643,55.51746973086244,17300
1991-09-19,55.844024658203125,55.844024658203125,55.5174514145879,55.5174514145879,17000
1991-09-20,55.95289993286133,56.17061549680243,55.73518436892024,56.17061549680243,14900
1991-09-23,55.95289993286133,56.06175771483188,55.95289993286133,55.95289993286133,4600
1991-09-24,56.06174087524414,56.38831412306109,56.06174087524414,56.17059862451646,19800
1991-09-25,56.388336181640625,56.60605176535353,56.17062059792773,56.17062059792773,20000
1991-09-26,57.04148864746094,57.04148864746094,56.49719963364929,56.49719963364929,43500
1991-09-27,56.93262481689453,57.041482608131425,56.82376702565764,56.93262481689453,24400
1991-09-30,56.93262481689453,57.3680559818421,56.93262481689453,56.93262481689453,13600
1991-10-01,56.82374954223633,57.041465057723826,56.82374954223633,57.041465057723826,25800
1991-10-02,57.3680534362793,57.3680534362793,56.71490671783968,56.823764504246284,43600
1991-10-03,57.150333404541016,57.36804896036784,57.150333404541016,57.36804896036784,6500
1991-10-04,56.82374954223633,57.041465057723826,56.82374954223633,57.041465057723826,22500
1991-10-07,56.388336181640625,56.71490955720998,56.27947838978418,56.71490955720998,31800
1991-10-08,56.82374954223633,56.82374954223633,55.95288748028635,55.95288748028635,22400
1991-10-09,56.93262481689453,56.93262481689453,56.38833586071007,56.82376702565764,36600
1991-10-10,56.82374954223633,56.82374954223633,56.71489178449258,56.71489178449258,2300
1991-10-11,57.150333404541016,57.36804896036784,56.932617848714195,56.932617848714195,20700
1991-10-14,57.3680534362793,57.4769112226859,57.259195649872694,57.259195649872694,2700
1991-10-15,57.259185791015625,57.694616861669736,57.04147025568857,57.476901326342684,56700
1991-10-16,57.04148864746094,57.2592042529856,56.93263084469861,57.2592042529856,19700
1991-10-17,56.82374954223633,57.25918057321132,56.82374954223633,57.041465057723826,13800
1991-10-18,57.150333404541016,57.25919118245443,56.82376007080078,56.82376007080078,17900
1991-10-21,58.23891830444336,58.34777609566662,57.36805597465729,57.36805597465729,43500
1991-10-22,58.34777069091797,58.456628472057744,58.130055128638425,58.456628472057744,7000
1991-10-23,57.69463348388672,58.13006467999152,57.69463348388672,58.13006467999152,9500
1991-10-24,57.3680534362793,57.4769112226859,57.259195649872694,57.4769112226859,2800
1991-10-25,57.04148864746094,57.2592042529856,57.04148864746094,57.2592042529856,19900
1991-10-28,57.04148864746094,57.2592042529856,56.82377304193628,57.04148864746094,35800
1991-10-29,57.150333404541016,57.150333404541016,56.932617848714195,57.04147562662761,19700
1991-10-30,57.259185791015625,57.368043558679155,57.1503280233521,57.368043558679155,11000
1991-10-31,57.3680534362793,57.4769112226859,57.3680534362793,57.4769112226859,12000
1991-11-01,57.259185791015625,57.476901326342684,57.1503280233521,57.1503280233521,31300
1991-11-04,57.476890563964844,57.476890563964844,57.25917506940437,57.476890563964844,7300
1991-11-05,57.259185791015625,57.368043558679155,57.259185791015625,57.259185791015625,7000
1991-11-06,57.3680534362793,57.3680534362793,57.259195649872694,57.259195649872694,9300
1991-11-07,57.58576583862305,57.69462361903632,57.47690805820977,57.47690805820977,18300
1991-11-08,57.912349700927734,58.02120750111745,57.47691850016888,57.694634100548306,35000
1991-11-11,58.13004684448242,58.23890461010879,57.694615781976935,57.694615781976935,10900
1991-11-12,58.34777069091797,58.456628472057744,58.130055128638425,58.2389129097782,40100
1991-11-13,58.7831916809082,58.7831916809082,58.45661839379205,58.45661839379205,10500
1991-11-14,58.56550598144531,59.000937252682824,57.91235907458905,59.000937252682824,127600
1991-11-15,58.13004684448242,58.56547790698791,58.13004684448242,58.56547790698791,27500
1991-11-18,58.34777069091797,58.34777069091797,58.021197347498656,58.130055128638425,6500
1991-11-19,58.021202087402344,58.34777545750029,58.021202087402344,58.34777545750029,11800
1991-11-20,58.34777069091797,58.67434403433729,58.34777069091797,58.456628472057744,6200
1991-11-21,58.27792739868164,58.60533148519109,58.27792739868164,58.496196789687936,7400
1991-11-22,58.496177673339844,58.496177673339844,58.2779083536632,58.2779083536632,12600
1991-11-25,58.496177673339844,58.71444699301649,58.387043013501525,58.496177673339844,15800
1991-11-26,58.496177673339844,58.71444699301649,58.496177673339844,58.496177673339844,13900
1991-11-27,58.496177673339844,58.496177673339844,58.496177673339844,58.496177673339844,8300
1991-11-29,58.27792739868164,58.38706209418479,57.950523312172194,58.38706209418479,17200
1991-12-02,58.059654235839844,58.059654235839844,57.732250170600146,58.059654235839844,13800
1991-12-03,57.73225784301758,57.84139254593443,57.73225784301758,57.84139254593443,23900
1991-12-04,57.51395797729492,57.84136191264954,57.51395797729492,57.732227267531336,7800
1991-12-05,57.51395797729492,57.732227267531336,57.51395797729492,57.51395797729492,12400
1991-12-06,57.51395797729492,57.623092622413125,57.186554041940305,57.623092622413125,386600
1991-12-09,57.18657302856445,57.51397707262112,57.18657302856445,57.51397707262112,36700
1991-12-10,57.29569625854492,57.29569625854492,56.7500229608445,56.96829227992467,11300
1991-12-11,56.96829605102539,57.40483471808305,56.96829605102539,57.40483471808305,91300
1991-12-12,57.73225784301758,57.84139254593443,57.18658432843329,57.18658432843329,10800
1991-12-13,57.404823303222656,57.841361883475294,56.96828472297001,57.62309259334897,15700
1991-12-16,57.07744598388672,57.62311946365619,56.96831128793283,57.62311946365619,22800
1991-12-17,57.62310028076172,57.62310028076172,57.1865616422711,57.1865616422711,13800
1991-12-18,57.841392517089844,57.841392517089844,57.623123111364976,57.73225781422741,15600
1991-12-19,57.62310028076172,57.73223494038437,57.40483096151641,57.62310028076172,6600
1991-12-20,58.168792724609375,58.168792724609375,57.95052333352266,58.05965802906602,50900
1991-12-23,58.059654235839844,58.27792361266631,57.95051954742661,58.27792361266631,23600
1991-12-24,58.71444320678711,58.71444320678711,58.27790459558423,58.27790459558423,51600
1991-12-26,59.805809020996094,59.805809020996094,58.71446214105091,58.71446214105091,37100
1991-12-27,59.69668960571289,60.13322846937441,59.69668960571289,59.80582432162827,43500
1991-12-30,61.22455596923828,61.33369065011036,59.91493979877329,59.91493979877329,56800
1991-12-31,61.00628662109375,61.11542130199016,60.5697478975081,61.11542130199016,29400
1992-01-02,60.78800964355469,60.8971443107783,60.46060564188384,60.8971443107783,44300
1992-01-03,60.67887878417969,60.89714813232422,60.67887878417969,60.78801345825195,156900
1992-01-06,59.805809020996094,60.56975183695772,59.696674333001575,60.56975183695772,54600
1992-01-07,59.5875358581543,59.80580522027208,59.5875358581543,59.5875358581543,16800
1992-01-08,60.35149383544922,60.67889796113882,59.58755087550683,59.58755087550683,27200
1992-01-09,60.569766998291016,60.569766998291016,60.133228137042074,60.242362852354304,52100
1992-01-10,60.242347717285156,60.67888646885968,60.242347717285156,60.67888646885968,29500
1992-01-13,60.13321304321289,60.24234773113161,59.696674291538024,60.24234773113161,60800
1992-01-14,60.13321304321289,60.24234773113161,59.91494366737546,60.24234773113161,11900
1992-01-15,58.93272399902344,60.13320541381836,58.93272399902344,60.13320541381836,33600
1992-01-16,58.38705825805664,58.932731699720726,58.38705825805664,58.82359701138791,40500
1992-01-17,58.38705825805664,58.49619294638946,58.16878888139101,58.49619294638946,6900
1992-01-20,58.38705825805664,58.38705825805664,58.05965419305819,58.16878888139101,10900
1992-01-21,58.71444320678711,58.71444320678711,58.16876994278351,58.27790459558423,9300
1992-01-22,58.27792739868164,58.496196789687936,57.84138861666904,58.496196789687936,27300
1992-01-23,58.059654235839844,58.27792361266631,57.95051954742661,58.16878892425308,10400
1992-01-24,58.27792739868164,58.496196789687936,58.27792739868164,58.27792739868164,2700
1992-01-27,58.71444320678711,58.93271251238855,58.05963528998279,58.05963528998279,26800
1992-01-28,59.3692741394043,59.58754352962269,58.7144659687491,58.7144659687491,8100
1992-01-29,59.5875358581543,60.02407458238986,59.260131814977626,59.369266496036516,45000
1992-01-30,60.02409362792969,60.242363059303976,59.8058241965554,59.8058241965554,5500
1992-01-31,60.02409362792969,60.46063249067827,60.02409362792969,60.242363059303976,99800
1992-02-03,59.91493225097656,59.91493225097656,59.91493225097656,59.91493225097656,5400
1992-02-04,60.242347717285156,60.460617093072415,59.69667427781699,59.69667427781699,232200
1992-02-05,60.242347717285156,60.67888646885968,60.242347717285156,60.460617093072415,382600
1992-02-06,59.3692741394043,60.02408231005949,59.3692741394043,59.91494761495029,20800
1992-02-07,58.71444320678711,59.15098181798999,58.71444320678711,59.15098181798999,38600
1992-02-10,58.93272399902344,58.93272399902344,58.82358932495117,58.93272399902344,21500
1992-02-11,59.1510124206543,59.369281839180694,58.93274300212789,58.93274300212789,31400
1992-02-12,59.5875358581543,59.5875358581543,58.823593090742065,59.260131814977626,19600
1992-02-13,59.47841262817383,59.58754733024387,59.47841262817383,59.58754733024387,12700
1992-02-14,60.242347717285156,60.242347717285156,59.58753958992336,59.58753958992336,14800
1992-02-18,60.13321304321289,60.24234773113161,60.02407835529417,60.24234773113161,3300
1992-02-19,59.5875358581543,59.91493990133097,59.5875358581543,59.91493990133097,4000
1992-02-20,59.3692741394043,59.58754352962269,58.7144659687491,59.3692741394043,51400
1992-02-21,58.496177673339844,59.15098563236977,58.2779083536632,59.15098563236977,30700
1992-02-24,57.73225784301758,58.49620076343558,57.73225784301758,58.49620076343558,13500
1992-02-25,57.841392517089844,58.05966192281471,57.73225781422741,57.73225781422741,21600
1992-02-26,58.059654235839844,58.496192989492776,58.059654235839844,58.27792361266631,18400
1992-02-27,57.73225784301758,58.05966195176815,57.73225784301758,57.84139254593443,12300
1992-02-28,57.841392517089844,58.49620073426445,57.73225781422741,57.73225781422741,38900
1992-03-02,57.73225784301758,57.950527248851294,57.73225784301758,57.84139254593443,19300
1992-03-03,58.38705825805664,58.38705825805664,57.95051950472538,57.95051950472538,15900
1992-03-04,57.73225784301758,58.38706606051872,57.73225784301758,58.168796654685,8200
1992-03-05,57.404823303222656,57.732227238412136,57.29568865815949,57.62309259334897,48400
1992-03-06,57.404823303222656,57.62309259334897,57.404823303222656,57.513957948285814,19800
1992-03-09,57.62310028076172,58.059638919252336,57.62310028076172,57.62310028076172,21000
1992-03-10,57.73225784301758,57.950527248851294,57.73225784301758,57.84139254593443,1900
1992-03-11,57.62310028076172,57.73223494038437,57.62310028076172,57.73223494038437,4200
1992-03-12,57.841392517089844,57.841392517089844,57.623123111364976,57.623123111364976,32400
1992-03-13,57.51395797729492,58.05963120288595,57.51395797729492,58.05963120288595,18800
1992-03-16,57.62310028076172,57.84136960000703,57.513965621139064,57.513965621139064,45100
1992-03-17,58.27792739868164,58.27792739868164,57.404849834656446,57.5139845301596,16300
1992-03-18,57.841392517089844,58.27793132853958,57.841392517089844,58.27793132853958,125200
1992-03-19,57.841392517089844,58.27793132853958,57.841392517089844,58.05966192281471,79800
1992-03-20,58.168792724609375,58.277927420152736,58.05965802906602,58.05965802906602,4300
1992-03-23,58.059654235839844,58.496192989492776,57.95051954742661,58.16878892425308,7300
1992-03-24,58.059654235839844,58.059654235839844,57.95051954742661,58.059654235839844,49400
1992-03-25,57.62310028076172,58.059638919252336,57.62310028076172,58.059638919252336,30100
1992-03-26,57.73225784301758,58.05966195176815,57.73225784301758,57.84139254593443,4300
1992-03-27,57.404823303222656,57.62309259334897,57.404823303222656,57.62309259334897,8300
1992-03-30,57.404823303222656,57.732227238412136,57.404823303222656,57.62309259334897,5100
1992-03-31,58.27792739868164,58.27792739868164,57.62311922566275,57.84138861666904,21500
1992-04-01,57.62310028076172,58.059638919252336,57.62310028076172,58.059638919252336,12900
1992-04-02,57.62310028076172,57.84136960000703,57.513965621139064,57.62310028076172,52200
1992-04-03,57.841392517089844,57.841392517089844,57.40485370564011,57.623123111364976,31900
1992-04-06,58.168792724609375,58.277927420152736,58.05965802906602,58.05965802906602,16900
1992-04-07,58.168792724609375,58.93273559341288,58.05965802906602,58.93273559341288,43100
1992-04-08,57.404823303222656,58.059631173601616,57.404823303222656,58.059631173601616,70000
1992-04-09,58.059654235839844,58.16878892425308,57.29571141694721,57.40484610536045,33300
1992-04-10,56.75004959106445,57.84139669858493,55.87697190504808,56.75004959106445,309000
1992-04-13,56.09523010253906,57.186576991693514,56.09523010253906,56.750038236031735,152200
1992-04-14,56.20436477661133,56.531768843271195,56.0952300877247,56.422634154384575,50100
1992-04-15,56.531776428222656,56.64091113175204,56.204372317634494,56.42264172469327,85200
1992-04-16,56.42263412475586,56.64090350241449,56.20436474709723,56.531768813585174,129300
1992-04-20,55.767826080322266,56.3134995253352,55.54955670231709,56.3134995253352,33200
1992-04-21,55.44041442871094,55.767818450927734,55.11301040649414,55.767818450927734,45900
1992-04-22,55.331298828125,55.76783767489522,55.222164116432445,55.658702963202664,68900
1992-04-23,55.113014221191406,55.113014221191406,54.78561017631304,55.00387953956528,207800
1992-04-24,55.2221565246582,55.2221565246582,54.785617737902015,55.2221565246582,75800
1992-04-27,55.00388717651367,55.00388717651367,54.56734838939849,55.00388717651367,120800
1992-04-28,55.331298828125,55.331298828125,55.11302940473989,55.222164116432445,40100
1992-04-29,55.44041442871094,55.5495491027832,55.33127975463867,55.44041442871094,81100
1992-04-30,56.09523010253906,56.09523010253906,55.44042196904638,55.44042196904638,57600
1992-05-01,55.87694549560547,56.09521481394768,55.87694549560547,56.09521481394768,44600
1992-05-04,56.313507080078125,56.53177648736525,55.876968265503876,55.876968265503876,83300
1992-05-05,56.96829605102539,57.40483471808305,56.75002671749655,56.75002671749655,12600
1992-05-06,56.96829605102539,57.18656538455422,56.4226227172033,57.18656538455422,56000
1992-05-07,56.75004959106445,56.96831901256855,56.53178016956036,56.96831901256855,35200
1992-05-08,56.313507080078125,56.53177648736525,56.20437237643456,56.313507080078125,46200
1992-05-11,56.75004959106445,56.75004959106445,56.31351074805627,56.31351074805627,30700
1992-05-12,56.859188079833984,56.9683227978375,56.75005336183046,56.75005336183046,32600
1992-05-13,59.69668960571289,60.024093753459034,56.53178284416687,56.53178284416687,171500
1992-05-14,59.805809020996094,59.91494370899061,59.587539645007055,59.696674333001575,113500
1992-05-15,60.02409362792969,60.133228343616835,59.91495891224255,59.91495891224255,39100
1992-05-18,60.242347717285156,60.242347717285156,60.02407834149789,60.02407834149789,7100
1992-05-19,60.13321304321289,60.13321304321289,60.02407835529417,60.02407835529417,9800
1992-05-20,60.569766998291016,60.569766998291016,60.133228137042074,60.133228137042074,25000
1992-05-21,60.242347717285156,60.56975178096605,60.242347717285156,60.56975178096605,142800
1992-05-22,60.242347717285156,60.460617093072415,60.242347717285156,60.242347717285156,236300
1992-05-26,60.13321304321289,60.35148241905033,60.13321304321289,60.35148241905033,82900
1992-05-27,60.13321304321289,60.24234773113161,60.02407835529417,60.02407835529417,14900
1992-05-28,60.242347717285156,60.460617093072415,60.13321302939152,60.13321302939152,40900
1992-05-29,60.46061706542969,60.46061706542969,60.24234768974221,60.24234768974221,30000
1992-06-01,60.242347717285156,60.460617093072415,60.13321302939152,60.351482405178785,166500
1992-06-02,60.35149383544922,60.351493835449226,60.351493835449226,60.351493835449226,23300
1992-06-03,60.242347717285156,60.351482405178785,60.242347717285156,60.351482405178785,420400
1992-06-04,60.242347717285156,60.351482405178785,60.242347717285156,60.351482405178785,2500
1992-06-05,60.46061706542969,60.56975175327342,60.35148237758595,60.35148237758595,39700
1992-06-08,60.569766998291016,60.569766998291016,60.46063228297878,60.46063228297878,30400
1992-06-09,60.46061706542969,60.78802112896089,60.35148237758595,60.67888644111716,126000
1992-06-10,60.46061706542969,60.56975175327342,60.35148237758595,60.35148237758595,350200
1992-06-11,60.46061706542969,60.56975175327342,60.46061706542969,60.56975175327342,18200
1992-06-12,60.569766998291016,60.67890171360325,60.569766998291016,60.569766998291016,13000
1992-06-15,60.569766998291016,60.67890171360325,60.569766998291016,60.569766998291016,11900
1992-06-16,60.897151947021484,61.551960032473325,60.78801726611284,60.78801726611284,30300
1992-06-17,60.78800964355469,60.8971443107783,60.67887497633107,60.78800964355469,63100
1992-06-18,60.569766998291016,60.67890171360325,60.569766998291016,60.569766998291016,11600
1992-06-19,60.67887878417969,60.67887878417969,60.56974411010742,60.56974411010742,8400
1992-06-22,60.35149383544922,60.67889796113882,60.351493835449226,60.67889796113882,51000
1992-06-23,60.35149383544922,60.56976325257562,60.351493835449226,60.56976325257562,8800
1992-06-24,60.46061706542969,60.56975175327342,60.46061706542969,60.56975175327342,10700
1992-06-25,60.46061706542969,60.46061706542969,60.35148237758595,60.46061706542969,3200
1992-06-26,60.46061706542969,60.56975175327342,60.35148237758595,60.35148237758595,3700
1992-06-29,60.46061706542969,60.56975175327342,60.46061706542969,60.56975175327342,5300
1992-06-30,60.46061706542969,60.56975175327342,60.46061706542969,60.46061706542969,4200
1992-07-01,60.46061706542969,60.67888644111716,60.46061706542969,60.67888644111716,6500
1992-07-02,60.46061706542969,60.46061706542969,60.46061706542969,60.46061706542969,14000
1992-07-06,60.67887878417969,60.78801345825195,60.460609436035156,60.67887878417969,11600
1992-07-07,59.91493225097656,60.24233625234802,59.805797583852744,60.24233625234802,67600
1992-07-08,59.805809020996094,60.02407839698513,59.805809020996094,59.91494370899061,36100
1992-07-09,59.91493225097656,59.91493225097656,59.805797583852744,59.805797583852744,16900
1992-07-10,60.13321304321289,60.24234773113161,59.91494366737546,59.91494366737546,4600
1992-07-13,60.67887878417969,60.67887878417969,60.242340087890625,60.242340087890625,5300
1992-07-14,60.46061706542969,60.46061706542969,60.46061706542969,60.46061706542969,14400
1992-07-15,60.46061706542969,60.56975175327342,60.46061706542969,60.56975175327342,37200
1992-07-16,60.02409362792969,60.351497774991124,60.02409362792969,60.351497774991124,14000
1992-07-17,59.69668960571289,60.024093753459034,59.69668960571289,59.91495903754365,19800
1992-07-20,59.2601318359375,59.36926651703499,58.932727792645025,59.04186247374252,28200
1992-07-21,59.3692741394043,60.02408231005949,59.151004749185894,59.26013944429509,10600
1992-07-22,59.1510124206543,59.369281839180694,59.1510124206543,59.26014712991749,18000
1992-07-23,59.3692741394043,59.3692741394043,59.151004749185894,59.151004749185894,65800
1992-07-24,59.2601318359375,59.36926651703499,59.150997154840006,59.36926651703499,6500
1992-07-27,59.1510124206543,59.369281839180694,59.1510124206543,59.1510124206543,12100
1992-07-28,60.13321304321289,60.13321304321289,59.26013553986316,59.26013553986316,13100
1992-07-29,60.02409362792969,60.242363059303976,60.02409362792969,60.242363059303976,2700
1992-07-30,59.69668960571289,60.024093753459034,59.69668960571289,59.91495903754365,5100
1992-07-31,59.805809020996094,59.805809020996094,59.36927026901802,59.587539645007055,48700
1992-08-03,59.69668960571289,59.80582432162827,59.58755488979751,59.80582432162827,11900
1992-08-04,59.805809020996094,59.805809020996094,59.587539645007055,59.587539645007055,12100
1992-08-05,59.5875358581543,59.69667053921319,59.5875358581543,59.5875358581543,9400
1992-08-06,59.47841262817383,59.58754733024387,59.47841262817383,59.47841262817383,12900
1992-08-07,59.805809020996094,59.805809020996094,59.478404957012536,59.587539645007055,21000
1992-08-10,59.69668960571289,59.80582432162827,59.58755488979751,59.69668960571289,2600
1992-08-11,60.13321304321289,60.13321304321289,59.80580897945674,59.80580897945674,9700
1992-08-12,59.5875358581543,60.13320926344875,59.5875358581543,60.02407458238986,3500
1992-08-13,59.69668960571289,59.69668960571289,59.69668960571289,59.69668960571289,5000
1992-08-14,59.805809020996094,59.805809020996094,59.805809020996094,59.805809020996094,200
1992-08-17,60.02409362792969,60.02409362792969,59.8058241965554,59.91495891224255,1100
1992-08-18,59.805809020996094,59.91494370899061,59.805809020996094,59.91494370899061,2900
1992-08-19,59.91493225097656,59.91493225097656,59.805797583852744,59.805797583852744,2400
1992-08-20,60.13321304321289,61.11542523448134,59.91494366737546,60.46061710696904,45700
1992-08-21,60.02409362792969,60.242363059303976,60.02409362792969,60.242363059303976,18500
1992-08-24,59.69668960571289,59.80582432162827,59.58755488979751,59.80582432162827,19400
1992-08-25,59.47841262817383,59.58754733024387,59.47841262817383,59.58754733024387,11300
1992-08-26,59.5875358581543,59.5875358581543,59.47840117709541,59.47840117709541,1200
1992-08-27,59.47841262817383,59.696682032313916,59.369277926103784,59.696682032313916,25400
1992-08-28,59.3692741394043,59.478408834513495,59.3692741394043,59.3692741394043,18600
1992-08-31,59.69668960571289,59.80582432162827,59.369285457966754,59.369285457966754,38800
1992-09-01,60.569766998291016,60.569766998291016,59.9149587064176,59.9149587064176,22200
1992-09-02,60.242347717285156,60.56975178096605,60.13321302939152,60.56975178096605,18300
1992-09-03,60.242347717285156,60.460617093072415,60.242347717285156,60.242347717285156,61300
1992-09-04,60.46061706542969,60.46061706542969,60.46061706542969,60.46061706542969,2200
1992-09-08,60.35149383544922,60.351493835449226,60.24235912688602,60.24235912688602,7200
1992-09-09,60.46061706542969,60.46061706542969,60.24234768974221,60.24234768974221,3600
1992-09-10,60.78800964355469,60.78800964355469,60.35147097466022,60.35147097466022,1800
1992-09-11,61.11545944213867,61.55199843815395,60.897189944131036,60.897189944131036,26300
1992-09-14,61.988521575927734,61.988521575927734,61.22457852833708,61.22457852833708,17400
1992-09-15,61.551971435546875,62.206779642308014,61.333702033293164,62.206779642308014,14600
1992-09-16,61.44281768798828,61.44281768798828,61.22454835339507,61.22454835339507,1300
1992-09-17,60.897151947021484,61.442825351564686,60.6788825852042,61.442825351564686,40500
1992-09-18,61.44281768798828,61.44281768798828,60.89714435150526,61.11541368609847,9600
1992-09-21,61.11545944213867,61.44286368915013,61.11545944213867,61.44286368915013,2300
1992-09-22,61.33369445800781,61.55196383330321,61.11542508271241,61.55196383330321,5300
1992-09-23,61.551971435546875,61.551971435546875,61.22456733216631,61.22456733216631,8900
1992-09-24,61.7702522277832,61.7702522277832,61.551982785282206,61.551982785282206,10400
1992-09-25,61.33369445800781,61.661098520950915,61.33369445800781,61.661098520950915,12600
1992-09-28,61.551971435546875,61.551971435546875,61.44283673442002,61.44283673442002,4300
1992-09-29,61.11545944213867,61.33372894014631,60.897189944131036,61.11545944213867,39500
1992-09-30,61.33369445800781,61.33369445800781,61.22455977036011,61.22455977036011,2800
1992-10-01,61.44281768798828,61.55195235528489,61.44281768798828,61.44281768798828,24900
1992-10-02,61.44281768798828,61.44281768798828,61.22454835339507,61.22454835339507,10500
1992-10-05,61.11545944213867,61.11545944213867,60.24238145010812,61.11545944213867,29600
1992-10-06,61.11545944213867,61.11545944213867,60.788055195127214,60.897189944131036,10500
1992-10-07,61.11545944213867,61.11545944213867,60.897189944131036,61.11545944213867,8700
1992-10-08,61.33369445800781,61.33369445800781,61.00629039506471,61.00629039506471,17700
1992-10-09,61.33369445800781,61.33369445800781,61.33369445800781,61.33369445800781,6800
1992-10-12,61.22455596923828,61.33369065011036,61.1154212883662,61.1154212883662,4300
1992-10-13,61.551971435546875,61.551971435546875,61.333702033293164,61.44283673442002,10200
1992-10-14,61.7702522277832,61.8793869490337,61.551982785282206,61.8793869490337,9700
1992-10-15,61.551971435546875,61.551971435546875,61.44283673442002,61.551971435546875,81100
1992-10-16,61.551971435546875,61.551971435546875,61.551971435546875,61.551971435546875,2900
1992-10-19,61.988521575927734,61.988521575927734,61.115443807252696,61.115443807252696,8000
1992-10-20,62.206756591796875,62.4250259131716,61.98848727042215,61.98848727042215,12400
1992-10-21,62.206756591796875,62.4250259131716,62.206756591796875,62.206756591796875,3600
1992-10-22,62.206756591796875,62.206756591796875,62.206756591796875,62.206756591796875,3800
1992-10-23,62.64329147338867,62.86156078165832,62.64329147338867,62.64329147338867,2100
1992-10-26,62.8615837097168,62.8615837097168,62.42504493395487,62.42504493395487,3300
1992-10-27,62.42501449584961,62.86155305875765,62.42501449584961,62.86155305875765,2300
1992-10-28,62.64329147338867,62.64329147338867,62.64329147338867,62.64329147338867,400
1992-10-29,62.8615837097168,62.8615837097168,62.42504493395487,62.42504493395487,1200
1992-10-30,63.51639938354492,63.73466879723408,63.298129969855765,63.298129969855765,17600
1992-11-02,63.84376907348633,63.952903721475195,63.516365129519734,63.516365129519734,16900
1992-11-03,63.734642028808594,64.17118067284153,63.29810338477566,63.84377668981683,10200
1992-11-04,63.29812240600586,63.73466118121969,63.29812240600586,63.73466118121969,6500
1992-11-05,63.29812240600586,63.516391793612776,61.98850608036436,63.516391793612776,18000
1992-11-06,62.8615837097168,63.18898779153824,62.8615837097168,63.18898779153824,13800
1992-11-09,62.8615837097168,63.079853097597756,62.8615837097168,63.079853097597756,700
1992-11-10,62.64329147338867,63.07983008992797,62.64329147338867,62.86156078165832,900
1992-11-11,62.53417205810547,62.53417205810547,62.09763333518676,62.20676801591643,5800
1992-11-12,62.42501449584961,62.42501449584961,62.42501449584961,62.42501449584961,1000
1992-11-13,62.097652435302734,62.206787149600274,62.097652435302734,62.206787149600274,3900
1992-11-16,62.42501449584961,62.42501449584961,62.42501449584961,62.42501449584961,200
1992-11-17,62.42501449584961,62.42501449584961,62.42501449584961,62.42501449584961,17000
1992-11-18,63.51639938354492,63.51639938354492,62.097648194565394,62.42505231509914,15400
1992-11-19,63.40724563598633,63.62551498413086,63.1889762878418,63.1889762878418,4700
1992-11-20,64.06205749511719,64.06205749511719,63.079845369979104,63.4072494116918,4500
1992-11-23,64.17122650146484,64.17122650146484,64.06209176251677,64.17122650146484,5100
1992-11-24,63.952945709228516,64.17121514850916,63.8438109895882,64.17121514850916,9900
1992-11-25,64.28031921386719,64.38945388146288,63.73464587588869,64.0620498786758,11600
1992-11-27,64.6077651977539,65.04430415179279,64.6077651977539,65.04430415179279,7000
1992-11-30,64.17122650146484,64.82603493515326,64.17122650146484,64.82603493515326,3400
1992-12-01,64.38946533203125,64.38946533203125,64.38946533203125,64.38946533203125,37800
1992-12-02,63.29812240600586,63.73466118121969,63.29812240600586,63.73466118121969,3700
1992-12-03,63.079864501953125,63.952942211322714,63.079864501953125,63.734672783980315,25200
1992-12-04,63.952945709228516,63.952945709228516,62.8615985128253,63.29813739138659,9300
1992-12-07,63.51639938354492,63.51639938354492,63.40726467670034,63.51639938354492,8300
1992-12-08,63.734642028808594,63.734642028808594,63.516372706792126,63.734642028808594,3100
1992-12-09,62.8615837097168,63.298122485478714,62.8615837097168,63.298122485478714,8100
1992-12-10,63.29812240600586,63.29812240600586,62.861583630792026,62.861583630792026,10900
1992-12-11,62.8615837097168,63.298122485478714,62.8615837097168,63.298122485478714,1200
1992-12-14,62.64329147338867,63.07983008992797,62.534156819253845,63.07983008992797,10100
1992-12-15,62.42501449584961,62.64328377730363,62.42501449584961,62.64328377730363,4800
1992-12-16,62.42501449584961,62.42501449584961,62.42501449584961,62.42501449584961,100
1992-12-17,62.3159294128418,62.425064140359915,61.988525230287465,61.988525230287465,44300
1992-12-18,63.188987731933594,63.188987731933594,63.07985303809606,63.07985303809606,3600
1992-12-21,62.8615837097168,63.079853097597756,62.8615837097168,62.8615837097168,5800
1992-12-22,62.75243377685547,62.861568444293475,62.425029774541436,62.861568444293475,1600
1992-12-23,62.8615837097168,62.8615837097168,62.8615837097168,62.8615837097168,900
1992-12-24,62.8615837097168,62.8615837097168,62.752449015776314,62.8615837097168,4600
1992-12-28,62.64329147338867,62.75242612752349,62.64329147338867,62.64329147338867,2500
1992-12-29,62.42501449584961,62.64328377730363,62.42501449584961,62.534149136576616,3600
1992-12-30,61.988521575927734,62.42506046026525,61.988521575927734,62.42506046026525,8600
1992-12-31,62.8615837097168,62.8615837097168,61.98850615819295,61.98850615819295,5200
1993-01-04,62.8615837097168,62.8615837097168,62.42504493395487,62.8615837097168,19500
1993-01-05,62.53417205810547,62.752441419564825,62.53417205810547,62.64330673883514,9100
1993-01-06,62.53417205810547,62.53417205810547,62.20676801591643,62.53417205810547,10600
1993-01-07,62.8615837097168,62.8615837097168,62.42504493395487,62.534179627895355,43100
1993-01-08,62.8615837097168,62.8615837097168,62.8615837097168,62.8615837097168,12800
1993-01-11,62.75243377685547,62.75243377685547,62.643299109417455,62.75243377685547,1700
1993-01-12,62.64329147338867,62.86156078165832,62.64329147338867,62.64329147338867,1300
1993-01-13,62.8615837097168,62.8615837097168,62.534179627895355,62.8615837097168,1900
1993-01-14,62.97072982788086,63.29813396910034,62.86159511414103,63.29813396910034,3000
1993-01-15,63.62553787231445,63.62553787231445,63.2981337323197,63.40726844565128,7300
1993-01-18,63.079864501953125,63.734672783980315,62.75246036093952,63.734672783980315,3900
1993-01-19,63.734642028808594,64.17118067284153,62.75243007973449,62.86156474074272,25700
1993-01-20,63.952945709228516,64.38948458778981,63.952945709228516,63.952945709228516,4000
1993-01-21,63.734642028808594,63.734642028808594,63.734642028808594,63.734642028808594,3100
1993-01-22,63.62553787231445,63.62553787231445,63.18899901898811,63.51640315898287,1500
1993-01-25,63.734642028808594,64.17118067284153,63.734642028808594,63.734642028808594,4500
1993-01-26,64.38946533203125,64.4986000190347,63.952926584017476,63.952926584017476,13900
1993-01-27,64.17122650146484,64.17122650146484,63.73468754567257,64.17122650146484,11400
1993-01-28,64.06205749511719,64.17119217568809,63.95292281454629,64.17119217568809,9300
1993-01-29,63.734642028808594,64.389449994858,63.734642028808594,64.17118067284153,6000
1993-02-01,63.62553787231445,63.73467258564604,63.40726844565128,63.51640315898287,14300
1993-02-02,63.952945709228516,63.952945709228516,63.734676269947876,63.734676269947876,7900
1993-02-03,64.17122650146484,64.49863071830906,63.73468754567257,63.73468754567257,21000
1993-02-04,64.82599639892578,64.82599639892578,64.38945770263672,64.38945770263672,40900
1993-02-05,64.28031921386719,64.93512721944138,64.17118454627149,64.82599255184569,33200
1993-02-08,63.734642028808594,64.389449994858,63.516372706792126,64.28031533384976,17900
1993-02-09,63.079864501953125,63.516403356637916,62.97072978828192,63.516403356637916,29500
1993-02-10,63.952945709228516,64.06208042886884,63.29813739138659,63.29813739138659,17900
1993-02-11,64.17122650146484,64.17122650146484,63.95295702356871,63.95295702356871,2100
1993-02-12,64.93514251708984,64.93514251708984,63.95293027733555,64.17119966394762,34000
1993-02-16,64.06205749511719,64.60773089797168,64.06205749511719,64.60773089797168,14700
1993-02-17,64.06205749511719,64.06205749511719,63.73465345340449,63.95292281454629,3700
1993-02-18,63.51639938354492,63.73466879723408,63.51639938354492,63.73466879723408,2900
1993-02-19,63.734642028808594,63.734642028808594,63.29810338477566,63.516372706792126,3600
1993-02-22,63.079864501953125,63.516403356637916,63.079864501953125,63.516403356637916,1300
1993-02-23,63.62553787231445,63.84380729897762,63.2981337323197,63.2981337323197,4900
1993-02-24,63.952945709228516,63.952945709228516,63.62554155030755,63.734676269947876,15500
1993-02-25,63.84376907348633,63.952903721475195,63.73463442549746,63.952903721475195,3700
1993-02-26,64.82599639892578,64.82599639892578,64.38945770263672,64.60772705078125,8100
1993-03-01,64.82599639892578,65.48080444335938,64.60772705078125,65.26253509521484,5500
1993-03-02,64.71685791015625,65.37166591599257,64.71685791015625,64.93512724543503,5100
1993-03-03,64.82599639892578,65.48080444335938,64.82599639892578,65.15340042114258,10200
1993-03-04,64.49856567382812,64.60770030271784,64.38943104493839,64.60770030271784,14400
1993-03-05,64.71685791015625,64.71685791015625,64.49858857487747,64.60772324251685,15100
1993-03-08,66.3538589477539,66.3538589477539,65.04424331062718,65.04424331062718,8300
1993-03-09,67.5543212890625,67.66345589534532,66.35384061995154,66.57210983251717,60200
1993-03-10,67.22699737548828,67.55440158348578,67.22699737548828,67.55440158348578,9700
1993-03-11,67.66352081298828,67.66352081298828,67.4452513910109,67.4452513910109,7900
1993-03-12,67.5543212890625,67.5543212890625,67.00864825764843,67.22691747021406,11400
1993-03-15,68.10005950927734,68.10005950927734,67.00871240175688,67.22698182326097,4600
1993-03-16,68.31830596923828,68.31830596923828,68.20917129516602,68.31830596923828,5300
1993-03-17,67.22699737548828,68.31834473547997,67.22699737548828,68.31834473547997,3700
1993-03-18,67.66352081298828,67.66352081298828,67.4452513910109,67.4452513910109,3000
1993-03-19,67.88177490234375,67.88177490234375,67.6635055296674,67.6635055296674,8000
1993-03-22,68.31830596923828,68.31830596923828,67.99090194702148,67.99090194702148,1400
1993-03-23,68.53657531738281,68.53657531738281,67.66349792480469,68.53657531738281,3700
1993-03-24,69.1913833618164,69.1913833618164,68.53657531738281,68.75484466552734,6400
1993-03-25,69.40962219238281,69.40962219238281,68.97308368802821,69.40962219238281,2700
1993-03-26,70.28276062011719,70.28276062011719,69.08227868405928,69.08227868405928,8800
1993-03-29,69.84622192382812,70.39189553260803,69.84622192382812,70.28276081085205,6800
1993-03-30,70.17362976074219,70.28276448820836,70.06449503327603,70.06449503327603,13900
1993-03-31,70.28276062011719,70.28276062011719,69.62795229135833,69.84622173427795,12500
1993-04-01,70.28276062011719,70.28276062011719,70.28276062011719,70.28276062011719,1700
1993-04-02,70.17362976074219,70.28276448820836,70.06449503327603,70.06449503327603,12100
1993-04-05,69.95533752441406,70.06447221633982,69.8462028324883,69.8462028324883,3500
1993-04-06,69.62794494628906,69.84621436618339,69.62794494628906,69.84621436618339,9400
1993-04-07,70.50101470947266,70.50101470947266,69.84620652331657,69.84620652331657,6900
1993-04-08,70.82842254638672,70.93755724984803,70.71928784292541,70.71928784292541,1400
1993-04-12,72.24717712402344,72.24717712402344,70.9375606202647,70.9375606202647,11100
1993-04-13,72.68370819091797,73.33851637281813,72.35630409996789,72.46543879695125,6200
1993-04-14,73.22937774658203,73.22937774658203,72.9019736731994,72.9019736731994,5800
1993-04-15,72.46543884277344,72.90197763098291,72.46543884277344,72.90197763098291,1600
1993-04-16,72.46543884277344,72.46543884277344,72.2471694486687,72.46543884277344,11700
1993-04-19,72.02888488769531,72.02888488769531,71.59234619140625,71.59234619140625,9500
1993-04-20,71.37411499023438,71.81065391983826,71.37411499023438,71.81065391983826,6300
1993-04-21,70.93754577636719,71.37408451960637,70.93754577636719,71.15581514798677,3100
1993-04-22,70.50101470947266,70.71928410485802,70.50101470947266,70.71928410485802,800
1993-04-23,69.95533752441406,70.06447221633982,69.8462028324883,70.06447221633982,14900
1993-04-26,70.50101470947266,70.50101470947266,70.17361061639461,70.17361061639461,3000
1993-04-27,70.71926879882812,70.71926879882812,70.71926879882812,70.71926879882812,200
1993-04-28,70.50101470947266,70.71928410485802,70.2827453140873,70.71928410485802,5700
1993-04-29,70.93754577636719,71.37408451960637,70.06446828988882,70.2827376615084,9300
1993-04-30,71.59234619140625,71.59234619140625,71.15580749511719,71.15580749511719,1400
1993-05-03,70.28276062011719,71.37410783471528,70.28276062011719,71.37410783471528,19000
1993-05-04,70.61014556884766,70.61014556884766,70.28274149356706,70.28274149356706,8200
1993-05-05,72.02888488769531,72.02888488769531,70.71926879882812,70.71926879882812,5700
1993-05-06,73.12023162841797,73.3385009765625,72.46542358398438,72.46542358398438,6400
1993-05-07,73.77503967285156,73.9933090209961,73.3385009765625,73.3385009765625,12800
1993-05-10,73.77503967285156,73.77503967285156,73.55677032470703,73.77503967285156,2200
1993-05-11,73.55677795410156,73.99331669566894,72.90196984175051,73.99331669566894,5400
1993-05-12,73.9932861328125,74.32069005375415,73.9932861328125,73.9932861328125,6800
1993-05-13,74.1024398803711,74.21157454882524,73.99330521191693,74.21157454882524,1700
1993-05-14,74.3207015991211,74.3207015991211,73.77502831278393,73.77502831278393,900
1993-05-17,74.42984771728516,74.42984771728516,74.42984771728516,74.42984771728516,2200
1993-05-18,74.21162414550781,74.42989362828871,73.9933546627269,74.42989362828871,3600
1993-05-19,74.3207015991211,74.3207015991211,74.3207015991211,74.3207015991211,1900
1993-05-20,74.64813232421875,74.75726702059919,74.32072823507744,74.32072823507744,25100
1993-05-21,74.42984771728516,74.64811706542969,74.21157836914062,74.21157836914062,8300
1993-05-24,75.52123260498047,75.52123260498047,74.64815477139688,74.75728950059484,39000
1993-05-25,75.41206359863281,75.73946763741124,75.30292891904,75.30292891904,3900
1993-05-26,75.41206359863281,75.41206359863281,75.19379423944719,75.19379423944719,11400
1993-05-27,74.64813232421875,75.19380580612093,74.64813232421875,75.19380580612093,4600
1993-05-28,74.53897857666016,74.75724791363427,74.53897857666016,74.75724791363427,1600
1993-06-01,74.64813232421875,74.64813232421875,74.32072823507744,74.64813232421875,9600
1993-06-02,74.64813232421875,74.64813232421875,74.64813232421875,74.64813232421875,2600
1993-06-03,74.21162414550781,74.21162414550781,74.21162414550781,74.21162414550781,1500
1993-06-04,74.21162414550781,74.42989362828871,73.775085179946,74.42989362828871,9000
1993-06-07,73.77503967285156,74.32071304321289,73.77503967285156,74.21157836914062,3300
1993-06-08,73.12023162841797,73.55677032470703,73.12023162841797,73.3385009765625,26700
1993-06-09,72.46543884277344,73.12024702508766,72.46543884277344,73.12024702508766,25900
1993-06-10,72.79285430908203,72.79285430908203,72.46545016676232,72.46545016676232,2000
1993-06-11,72.24717712402344,72.79285066725625,72.24717712402344,72.57458124996312,4900
1993-06-14,72.24717712402344,72.46544654131655,72.24717712402344,72.24717712402344,1400
1993-06-15,73.0111083984375,73.0111083984375,72.90197370725897,72.90197370725897,19200
1993-06-16,72.79285430908203,72.79285430908203,72.46545016676232,72.79285430908203,1800
1993-06-17,72.46543884277344,72.90197763098291,72.46543884277344,72.90197763098291,8300
1993-06-18,72.46543884277344,72.46543884277344,72.2471694486687,72.46543884277344,1600
1993-06-21,72.02888488769531,72.24715423583984,71.59234619140625,72.24715423583984,5500
1993-06-22,71.81062316894531,72.0288925402795,71.59235379761114,72.0288925402795,7200
1993-06-23,71.37411499023438,71.81065391983826,71.37411499023438,71.81065391983826,3800
1993-06-24,71.59234619140625,71.59234619140625,71.48321151733398,71.48321151733398,1400
1993-06-25,71.59234619140625,71.59234619140625,71.37407684326172,71.59234619140625,11500
1993-06-28,71.59234619140625,71.59234619140625,71.15580749511719,71.59234619140625,1700
1993-06-29,71.15584564208984,71.15584564208984,70.71930671177027,71.15584564208984,3000
1993-06-30,70.93754577636719,71.04668046217698,70.71927640474759,70.71927640474759,4000
1993-07-01,71.59234619140625,71.59234619140625,71.15580749511719,71.15580749511719,18900
1993-07-02,71.59234619140625,71.59234619140625,71.59234619140625,71.59234619140625,700
1993-07-06,71.81062316894531,71.81062316894531,71.37408442627695,71.37408442627695,2200
1993-07-07,72.13805389404297,72.13805389404297,72.0289191680308,72.0289191680308,5400
1993-07-08,71.81062316894531,71.81062316894531,71.81062316894531,71.81062316894531,2200
1993-07-09,72.02888488769531,72.02888488769531,71.81061553955078,72.02888488769531,1400
1993-07-12,72.02888488769531,72.02888488769531,71.91975021362305,71.91975021362305,6500
1993-07-13,72.13805389404297,72.13805389404297,71.91978444201864,72.0289191680308,8200
1993-07-14,72.46543884277344,72.68370823687818,72.35630414572107,72.35630414572107,3900
1993-07-15,73.3385009765625,73.55677032470703,72.13801956176758,72.13801956176758,3400
1993-07-16,74.21162414550781,74.21162414550781,73.3385462143842,73.55681569716509,5700
1993-07-19,74.42984771728516,74.64811706542969,74.21157836914062,74.21157836914062,9200
1993-07-20,74.64813232421875,74.64813232421875,74.211593538697,74.211593538697,4600
1993-07-21,74.64813232421875,74.64813232421875,74.42986293145788,74.64813232421875,8500
1993-07-22,74.42984771728516,74.64811706542969,74.42984771728516,74.64811706542969,4600
1993-07-23,74.42984771728516,74.86638641357422,74.42984771728516,74.53898239135742,25600
1993-07-26,74.97550201416016,74.97550201416016,74.42982878261606,74.42982878261606,18900
1993-07-27,75.08464050292969,75.95771771808003,75.08464050292969,75.30290980671727,66800
1993-07-28,75.52123260498047,75.52123260498047,75.30296314658457,75.30296314658457,2800
1993-07-29,75.73946380615234,75.73946380615234,75.30292510986328,75.30292510986328,900
1993-07-30,75.95772552490234,75.95772552490234,75.84859086179185,75.84859086179185,17000
1993-08-02,75.95772552490234,76.06686018801284,75.84859086179185,75.95772552490234,6700
1993-08-03,76.394287109375,76.394287109375,76.06688302176339,76.17601771763393,5400
1993-08-04,76.50342559814453,76.50342559814453,75.52121328661343,75.52121328661343,7300
1993-08-05,76.28518676757812,76.39432151259612,76.17605202256013,76.28518676757812,3200
1993-08-06,76.612548828125,76.72168351306534,76.50341414318466,76.612548828125,3700
1993-08-09,76.394287109375,76.83082589285715,76.17601771763393,76.83082589285715,15000
1993-08-10,77.04906463623047,77.04906463623047,76.50339137393422,76.83079533131198,8300
1993-08-11,77.92218780517578,78.2495919556177,77.04911007066401,77.04911007066401,17400
1993-08-12,77.70391082763672,78.03131494629248,77.26737200276236,78.03131494629248,4800
1993-08-13,77.92218780517578,77.92218780517578,77.70391837154784,77.70391837154784,1200
1993-08-16,77.37651824951172,78.249596029478,77.37651824951172,78.14046130698222,2300
1993-08-17,77.70391082763672,78.03131494629248,77.70391082763672,77.70391082763672,900
1993-08-18,77.48563385009766,77.92217263235172,77.37649915453413,77.37649915453413,1900
1993-08-19,77.158203125,77.26733778288543,77.158203125,77.26733778288543,600
1993-08-20,77.92218780517578,77.92218780517578,77.04911007066401,77.04911007066401,1300
1993-08-23,78.24957275390625,78.24957275390625,77.92216868380622,77.92216868380622,1200
1993-08-24,78.24957275390625,78.24957275390625,78.1404380638729,78.1404380638729,1300
1993-08-25,77.59477233886719,77.92217644156283,77.37650293707009,77.92217644156283,2500
1993-08-26,78.03131103515625,78.24958043665319,77.81304163365931,77.81304163365931,1400
1993-08-27,77.81303405761719,78.14043812798585,77.48562998724853,77.92216874774007,3700
1993-08-30,77.70391082763672,77.70391082763672,77.48564141519954,77.48564141519954,5400
1993-08-31,77.26737213134766,77.48564154414808,77.26737213134766,77.26737213134766,7300
1993-09-01,78.5770034790039,78.5770034790039,77.26738675435385,77.26738675435385,80400
1993-09-02,78.14043426513672,78.5769730040481,78.14043426513672,78.5769730040481,2800
1993-09-03,78.24957275390625,78.68611151403961,78.1404380638729,78.3587074439396,3100
1993-09-07,78.5770034790039,78.90440766016643,78.5770034790039,78.5770034790039,32600
1993-09-08,77.26737213134766,78.90439272735078,77.04910271854725,78.57698860815016,9900
1993-09-09,77.92218780517578,77.92218780517578,77.15824478747798,77.26737950429195,4700
1993-09-10,78.5770034790039,78.5770034790039,78.35873402489557,78.35873402489557,2300
1993-09-13,78.79523468017578,78.79523468017578,78.35869598388672,78.79523468017578,2500
1993-09-14,78.46784210205078,78.79524617201761,78.35870741206183,78.57697679203972,1900
1993-09-15,78.5770034790039,78.68613820605809,78.14046457078722,78.68613820605809,700
1993-09-16,78.79523468017578,78.79523468017578,78.35869598388672,78.57696533203125,800
1993-09-17,78.5770034790039,78.5770034790039,78.5770034790039,78.5770034790039,300
1993-09-20,77.70391082763672,78.35871906494826,77.70391082763672,78.35871906494826,7100
1993-09-21,77.92218780517578,78.57699610605961,77.92218780517578,78.14045723880373,8500
1993-09-22,78.24957275390625,78.24957275390625,77.70389930373953,78.03130337383956,5900
1993-09-23,78.35871887207031,78.35871887207031,78.35871887207031,78.35871887207031,5800
1993-09-24,78.5770034790039,78.5770034790039,78.14046457078722,78.46786875194974,4400
1993-09-27,78.46784210205078,78.57697679203972,78.35870741206183,78.35870741206183,3200
1993-09-28,78.24957275390625,78.3587074439396,78.1404380638729,78.3587074439396,900
1993-09-29,78.35871887207031,78.35871887207031,78.1404494601704,78.35871887207031,700
1993-09-30,78.24957275390625,78.3587074439396,77.92216868380622,78.3587074439396,2500
1993-10-01,78.03131103515625,78.24958043665319,77.70390693291084,78.24958043665319,16000
1993-10-04,78.24957275390625,78.24957275390625,77.70389930373953,78.1404380638729,3000
1993-10-05,77.81303405761719,77.92216874774007,77.81303405761719,77.92216874774007,700
1993-10-06,78.5770034790039,78.5770034790039,77.70392566257054,78.14046457078722,3200
1993-10-07,78.46784210205078,78.57697679203972,78.14043803208395,78.35870741206183,3600
1993-10-08,78.14043426513672,78.24956894986457,77.92216489568104,78.24956894986457,2100
1993-10-11,79.2317886352539,79.2317886352539,78.57698046471462,78.57698046471462,42200
1993-10-12,79.9957275390625,80.21399691843239,79.01351533189802,79.01351533189802,61200
1993-10-13,80.21400451660156,80.21400451660156,79.8866004165338,79.8866004165338,12600
1993-10-14,80.54138946533203,80.75965881347656,80.10485076904297,80.21398544311523,6500
1993-10-15,80.65055084228516,80.75968555249123,80.54141613207909,80.65055084228516,2900
1993-10-18,80.3231201171875,80.54138946533203,80.3231201171875,80.3231201171875,62000
1993-10-19,80.10486602783203,80.10486602783203,79.4500578586672,79.88659663811042,2500
1993-10-20,80.10486602783203,80.32313541755364,79.6683272483888,80.32313541755364,7500
1993-10-21,80.10486602783203,80.32313541755364,79.7774619432496,80.32313541755364,4300
1993-10-22,78.5770034790039,80.2140243848165,78.5770034790039,80.2140243848165,49000
1993-10-25,79.2317886352539,79.45005802543366,78.57698046471462,78.79524985489438,3800
1993-10-26,78.5770034790039,79.23181184132895,78.5770034790039,79.12267711427477,110300
1993-10-27,78.90438079833984,79.01351548824073,78.57697672863719,79.01351548824073,3300
1993-10-28,78.5770034790039,78.90440766016643,78.35873402489557,78.5770034790039,7500
1993-10-29,79.34088897705078,79.45002362488717,78.68608109003247,78.90435038570524,4400
1993-11-01,78.35871887207031,79.12266181372003,77.70391063637057,79.12266181372003,11400
1993-11-02,77.92218780517578,78.57699610605961,77.92218780517578,78.57699610605961,5800
1993-11-03,77.70391082763672,78.35871906494826,77.70391082763672,78.14044965251108,17500
1993-11-04,76.830810546875,77.4856185913086,76.39427185058594,76.61254119873047,26500
1993-11-05,75.95772552490234,77.04907215600726,75.73945619868135,76.83080282978628,22700
1993-11-08,75.95772552490234,76.83080282978628,75.95772552490234,76.39426417734431,6000
1993-11-09,75.95772552490234,75.95772552490234,75.73945619868135,75.73945619868135,6300
1993-11-10,75.63033294677734,75.95773698550798,75.63033294677734,75.95773698550798,9500
1993-11-11,75.73946380615234,75.95773315429688,75.52119445800781,75.95773315429688,24100
1993-11-12,76.394287109375,76.394287109375,75.08467075892857,75.08467075892857,18400
1993-11-15,76.72168731689453,76.83082200724573,76.17601386513853,76.39428324584092,15000
1993-11-16,75.73946380615234,76.61254119873047,75.73946380615234,76.61254119873047,20100
1993-11-17,75.84862518310547,75.95775989559914,75.52122104562443,75.95775989559914,1500
1993-11-18,75.52123260498047,76.17604098016817,75.30296314658457,75.63036733417842,9500
1993-11-19,75.52123260498047,75.52123260498047,74.64815477139688,75.30296314658457,11600
1993-11-22,73.6659164428711,75.73947557237413,73.55678175184461,75.73947557237413,17500
1993-11-23,74.64813232421875,74.86640171697962,73.77505475317525,73.77505475317525,23200
1993-11-24,75.30294799804688,75.30294799804688,74.75727446182914,74.8664091690727,1000
1993-11-26,76.394287109375,76.61255650111607,76.394287109375,76.61255650111607,28800
1993-11-29,78.14043426513672,78.14043426513672,76.6125486789469,76.6125486789469,7800
1993-11-30,77.26737213134766,78.57698860815016,77.26737213134766,78.46785390174995,7600
1993-12-01,76.830810546875,77.70388793945312,76.5034065246582,77.4856185913086,16100
1993-12-02,75.95772552490234,76.61253350356529,75.73945619868135,76.61253350356529,5000
1993-12-03,76.612548828125,76.8308181980057,75.73947134860221,76.1760100883636,17600
1993-12-06,76.830810546875,76.830810546875,76.5034065246582,76.5034065246582,3000
1993-12-07,76.93997192382812,77.04910663577681,76.61256778798204,76.83083721187943,134700
1993-12-08,76.612548828125,77.15822225282675,76.612548828125,77.15822225282675,5100
1993-12-09,76.830810546875,76.830810546875,76.39427185058594,76.61254119873047,3600
1993-12-10,76.50342559814453,76.83082970198824,76.17602149430084,76.83082970198824,8900
1993-12-13,75.08464050292969,76.61252562944279,75.08464050292969,76.61252562944279,930700
1993-12-14,76.830810546875,77.04907989501953,75.41205978393555,75.95773315429688,32600
1993-12-15,77.81303405761719,77.92216874774007,77.7038993674943,77.7038993674943,9900
1993-12-16,78.5770034790039,78.5770034790039,77.81306038962471,77.81306038962471,28600
1993-12-17,78.68611907958984,79.88660078538109,78.68611907958984,79.66833138432814,12400
1993-12-20,78.14043426513672,78.7952423735038,77.70389552622534,78.7952423735038,9700
1993-12-21,78.46784210205078,78.57697679203972,78.14043803208395,78.35870741206183,12400
1993-12-22,78.14043426513672,78.14043426513672,77.92216489568104,77.92216489568104,5500
1993-12-23,64.17122650146484,64.82603493515326,64.17122650146484,64.17122650146484,4900
1993-12-27,66.5721664428711,66.5721664428711,63.95293366479092,64.17120306296427,11000
1993-12-28,66.02650451660156,66.57217810764786,65.9173697983923,66.57217810764786,13300
1993-12-29,67.5543212890625,67.5543212890625,64.93509073827494,64.93509073827494,17100
1993-12-30,68.53657531738281,68.86397933959961,67.77263259887695,67.77263259887695,12400
1993-12-31,68.53657531738281,68.97311401367188,68.53657531738281,68.53657531738281,8900
1994-01-03,66.5721664428711,68.31832162825788,65.91735824835105,68.31832162825788,16500
1994-01-04,66.79042053222656,67.44522857666016,66.57215118408203,66.79042053222656,6400
1994-01-05,65.91734313964844,66.57215118408203,65.91734313964844,66.57215118408203,46900
1994-01-06,65.6990737915039,66.3538818359375,65.48080444335938,66.13561248779297,9000
1994-01-07,65.48079681396484,65.69906613667806,65.48079681396484,65.69906613667806,4300
1994-01-10,65.2625503540039,65.69908915235845,65.2625503540039,65.69908915235845,4200
1994-01-11,65.2625503540039,65.48081975318118,64.71687685606074,65.04428095482663,8800
1994-01-12,65.2625503540039,65.48081975318118,65.2625503540039,65.48081975318118,1800
1994-01-13,65.48079681396484,65.48079681396484,65.15339282989501,65.48079681396484,900
1994-01-14,64.82599639892578,65.48080444335938,64.82599639892578,65.48080444335938,7400
1994-01-17,65.2625503540039,65.37168505359254,64.82601155564936,64.82601155564936,2200
1994-01-18,67.22699737548828,67.22699737548828,65.3717068635024,65.3717068635024,21200
1994-01-19,66.13562774658203,66.3538971450856,66.13562774658203,66.3538971450856,1200
1994-01-20,66.24474334716797,66.24474334716797,66.02647401159246,66.13560867938021,4400
1994-01-21,66.13562774658203,66.79043594209274,65.48081955107132,66.68130124284096,11800
1994-01-24,65.37166595458984,65.91733929310897,65.37166595458984,65.91733929310897,5300
1994-01-25,65.2625503540039,65.48081975318118,65.2625503540039,65.37168505359254,1500
1994-01-26,64.82599639892578,65.26253509521484,64.82599639892578,65.26253509521484,1100
1994-01-27,64.38946533203125,64.82600408004502,64.38946533203125,64.82600408004502,4100
1994-01-28,64.71685791015625,64.82599257779563,64.38945390723809,64.38945390723809,13400
1994-01-31,64.82599639892578,65.04426574707031,64.60772705078125,64.93513107299805,10700
1994-02-01,64.82599639892578,65.04426574707031,64.38945770263672,65.04426574707031,23400
1994-02-02,64.82599639892578,65.04426574707031,64.38945770263672,64.38945770263672,14300
1994-02-03,65.2625503540039,65.2625503540039,64.6077421564721,64.6077421564721,6000
1994-02-04,64.6077651977539,65.04430415179279,64.6077651977539,65.04430415179279,18500
1994-02-07,63.079864501953125,64.17121163866511,62.42505621992593,64.17121163866511,23900
1994-02-08,63.079864501953125,63.734672783980315,62.861595074610726,63.298133929295524,10900
1994-02-09,63.29812240600586,63.29812240600586,63.07985301839894,63.07985301839894,900
1994-02-10,63.29812240600586,63.516391793612776,62.97071832459548,63.516391793612776,2500
1994-02-11,62.42501449584961,63.07982234021167,62.42501449584961,63.07982234021167,3900
1994-02-14,61.988521575927734,62.206791018096496,61.66111741267459,62.206791018096496,10800
1994-02-15,62.53417205810547,62.64330673883514,61.988498654457075,61.988498654457075,1700
1994-02-16,62.64329147338867,62.64329147338867,62.534156819253845,62.534156819253845,2200
1994-02-17,63.51639938354492,63.6255340903895,62.86159114247745,62.86159114247745,27900
1994-02-18,63.952945709228516,64.17121514850916,63.29813739138659,63.29813739138659,2000
1994-02-22,64.17122650146484,64.17122650146484,64.06209176251677,64.06209176251677,3900
1994-02-23,63.952945709228516,64.28034986814949,63.952945709228516,63.952945709228516,25900
1994-02-24,63.62553787231445,63.95294201230921,63.51640315898287,63.95294201230921,7600
1994-02-25,63.62553787231445,63.62553787231445,63.40726844565128,63.40726844565128,4600
1994-02-28,63.62553787231445,63.95294201230921,63.2981337323197,63.95294201230921,9100
1994-03-01,63.734642028808594,63.734642028808594,63.29810338477566,63.62550736780036,63300
1994-03-02,62.75243377685547,63.516376448921534,62.53416444197945,63.516376448921534,8700
1994-03-03,62.206756591796875,62.4250259131716,61.5519486276727,62.4250259131716,118600
1994-03-04,61.988521575927734,62.31592573918088,61.77025213375897,61.988521575927734,1600
1994-03-07,62.42501449584961,62.752418418030636,61.77020665148755,61.98847593294157,5200
1994-03-08,61.22455596923828,62.42503745883119,61.22455596923828,62.42503745883119,6400
1994-03-09,60.897151947021484,61.11542130883876,60.460613223386915,61.11542130883876,9100
1994-03-10,60.35149383544922,61.115436795391616,59.914955001196425,61.115436795391616,30500
1994-03-11,60.569766998291016,60.67890171360325,60.242362852354304,60.67890171360325,23100
1994-03-14,60.67887878417969,60.89714813232422,60.242340087890625,60.56974411010742,4000
1994-03-15,61.00628662109375,61.11542130199016,60.5697478975081,60.89715194019734,3400
1994-03-16,60.242347717285156,60.897155844646946,60.242347717285156,60.67888646885968,11500
1994-03-17,60.897151947021484,60.897151947021484,60.24234386156964,60.24234386156964,24300
1994-03-18,60.02409362792969,60.89717135342685,60.02409362792969,60.46063249067827,11800
1994-03-21,59.805809020996094,59.805809020996094,58.71446214105091,59.805809020996094,8100
1994-03-22,59.5875358581543,60.02407458238986,59.5875358581543,60.02407458238986,700
1994-03-23,58.82359313964844,59.36926654539657,58.49618909619956,59.36926654539657,8600
1994-03-24,58.71444320678711,58.93271251238855,58.49617390118567,58.71444320678711,5700
1994-03-25,58.496177673339844,59.369254952046404,58.496177673339844,58.932716312693124,5600
1994-03-28,57.841392517089844,58.05966192281471,57.18658429991524,58.05966192281471,8000
1994-03-29,57.18657302856445,57.62311175397334,56.968303665860006,57.62311175397334,20100
1994-03-30,57.18657302856445,57.18657302856445,56.53176494045112,56.75003430315556,9200
1994-03-31,56.531776428222656,57.18658464939898,56.531776428222656,56.85918053881082,6800
1994-04-04,56.313507080078125,56.53177648736525,55.876968265503876,56.313507080078125,11800
1994-04-05,56.859188079833984,57.18659223384454,56.75005336183046,56.75005336183046,25000
1994-04-06,56.96829605102539,57.40483471808305,56.85916138426097,56.85916138426097,12300
1994-04-07,56.859188079833984,57.404861669851584,56.75005336183046,57.404861669851584,10000
1994-04-08,56.640899658203125,56.750034339625486,56.313495613936055,56.53176497678077,10300
1994-04-11,56.75004959106445,56.75004959106445,56.53178016956036,56.64091488031241,10100
1994-04-12,57.18657302856445,57.51397707262112,56.968303665860006,57.40484239126889,11500
1994-04-13,56.531776428222656,57.841392870575305,56.531776428222656,57.40485405645776,7500
1994-04-14,55.87694549560547,56.09521481394768,55.33127219974995,56.09521481394768,13700
1994-04-15,56.20436477661133,56.31349946549795,55.876960709951454,55.876960709951454,5300
1994-04-18,56.09523010253906,56.313499480369956,55.986095413623616,56.313499480369956,7300
1994-04-19,55.767826080322266,55.98609545832744,55.767826080322266,55.87696076932485,28700
1994-04-20,55.2221565246582,55.6586953114144,55.00388713128011,55.6586953114144,11500
1994-04-21,55.00388717651367,55.00388717651367,54.56734838939849,55.00388717651367,3100
1994-04-22,54.785614013671875,55.44042214929345,54.785614013671875,55.22215277075292,7600
1994-04-25,54.56733703613281,55.003875732421875,54.45820236206055,55.003875732421875,7100
1994-04-26,54.130802154541016,54.3490715180674,54.130802154541016,54.3490715180674,1400
1994-04-28,53.47600173950195,54.239944621494836,53.25773234464685,53.91254052921217,9600
1994-04-29,52.930320739746094,53.257724785558956,52.38464733005799,53.257724785558956,10200
1994-05-02,54.130802154541016,54.130802154541016,53.14859001867233,53.14859001867233,3600
1994-05-03,54.130802154541016,54.3490715180674,54.130802154541016,54.3490715180674,3500
1994-05-04,53.91253662109375,53.91253662109375,53.36686317351183,53.91253662109375,16000
1994-05-05,54.34906768798828,54.34906768798828,53.91252899169922,54.021663665771484,3900
1994-05-06,53.91253662109375,54.56734475819206,53.80340193157737,54.34907537915929,9500
1994-05-09,53.69426345825195,54.0216675037291,53.69426345825195,54.0216675037291,44700
1994-05-10,53.25773239135742,53.91254057649706,53.25773239135742,53.69427118145051,8600
1994-05-11,53.47600173950195,53.803405831784616,53.47600173950195,53.47600173950195,2200
1994-05-12,53.36686325073242,53.47599794040672,53.148593871383824,53.25772856105812,11600
1994-05-13,53.47600173950195,53.58513643692951,53.14859764721929,53.47600173950195,11400
1994-05-16,53.585140228271484,53.91254434371917,53.25773611282379,53.25773611282379,35900
1994-05-17,53.03944778442383,53.4759864493162,53.03944778442383,53.36685178309311,8800
1994-05-18,53.25773239135742,53.366867088880696,53.039462996310874,53.14859769383415,8300
1994-05-19,53.14860153198242,53.25773623738691,53.14860153198242,53.25773623738691,1100
1994-05-20,52.821189880371094,53.14859394987753,52.821189880371094,53.03945926004205,6400
1994-05-23,53.25773239135742,53.25773239135742,53.039462996310874,53.039462996310874,1200
1994-05-24,54.23994827270508,54.56735238702724,53.4760053392867,53.4760053392867,16000
1994-05-25,55.65869140625,55.65869140625,54.34907513786764,54.56734451593137,8200
1994-05-26,55.65869140625,55.65869140625,55.00388327205882,55.440422028186276,3200
1994-05-27,56.313507080078125,56.313507080078125,55.44042945092963,55.876968265503876,12700
1994-05-31,56.75004959106445,56.96831901256855,56.09524132655218,56.09524132655218,8900
1994-06-01,56.96829605102539,57.18656538455422,56.53175738396772,56.96829605102539,4800
1994-06-02,55.986087799072266,56.750030517578125,55.876953125,56.750030517578125,2000
1994-06-03,56.313507080078125,56.313507080078125,56.20437237643456,56.20437237643456,1000
1994-06-06,56.531776428222656,56.75004583528143,56.31350702116388,56.31350702116388,2800
1994-06-07,57.18657302856445,57.18657302856445,56.53176494045112,56.75003430315556,4600
1994-06-08,56.531776428222656,56.9683152423402,56.09523761410511,56.9683152423402,12500
1994-06-09,56.09523010253906,56.313499480369956,56.09523010253906,56.313499480369956,1800
1994-06-10,56.09523010253906,56.313499480369956,56.09523010253906,56.313499480369956,10500
1994-06-13,56.859188079833984,56.9683227978375,56.20437977181286,56.20437977181286,11200
1994-06-14,56.313507080078125,56.42264178372169,56.095237672791,56.313507080078125,14100
1994-06-15,55.87694549560547,56.31348413228989,55.87694549560547,56.31348413228989,9500
1994-06-16,55.87694549560547,55.98608015477657,55.87694549560547,55.98608015477657,2800
1994-06-17,56.531776428222656,56.531776428222656,56.09523761410511,56.09523761410511,2500
1994-06-20,60.13321304321289,60.46061710696904,59.587539603619305,59.587539603619305,18100
1994-06-21,60.242347717285156,60.67888646885968,60.242347717285156,60.242347717285156,10000
1994-06-22,60.569766998291016,60.67890171360325,60.35149756766654,60.46063228297878,8900
1994-06-23,60.67887878417969,60.67887878417969,60.460609436035156,60.460609436035156,9300
1994-06-24,60.67887878417969,60.78801345825195,60.460609436035156,60.67887878417969,11300
1994-06-27,60.67887878417969,60.67887878417969,60.56974411010742,60.56974411010742,2300
1994-06-28,60.35149383544922,60.67889796113882,60.24235912688602,60.67889796113882,33100
1994-06-29,60.897151947021484,61.11542130883876,60.56974790429556,60.56974790429556,12600
1994-06-30,61.44281768798828,61.55195235528489,60.67887501691205,60.89714435150526,10500
1994-07-01,61.33369445800781,61.55196383330321,61.33369445800781,61.33369445800781,14900
1994-07-05,60.897151947021484,61.2245559897474,60.897151947021484,61.11542130883876,2500
1994-07-06,61.11545944213867,61.11545944213867,60.788055195127214,61.11545944213867,14300
1994-07-07,61.33369445800781,61.33369445800781,60.89715570741701,60.89715570741701,21400
1994-07-08,61.00628662109375,61.22455598288657,60.5697478975081,61.11542130199016,32200
1994-07-11,61.22455596923828,61.22455596923828,60.788017245749955,61.1154212883662,10300
1994-07-12,61.11545944213867,61.224594191142494,61.00632469313486,61.11545944213867,3900
1994-07-13,61.33369445800781,61.33369445800781,61.22455977036011,61.22455977036011,6300
1994-07-14,61.33369445800781,61.33369445800781,61.00629039506471,61.11542508271241,10000
1994-07-15,61.22455596923828,61.44282533098245,61.22455596923828,61.44282533098245,2400
1994-07-18,61.11545944213867,61.224594191142494,61.00632469313486,61.224594191142494,4700
1994-07-19,61.44281768798828,61.44281768798828,61.22454835339507,61.22454835339507,9200
1994-07-20,61.7702522277832,61.98852167028421,61.551982785282206,61.551982785282206,2400
1994-07-21,61.87935256958008,61.988487230196625,61.55194858773045,61.66108324834699,6800
1994-07-22,61.988521575927734,61.988521575927734,61.77025213375897,61.77025213375897,1400
1994-07-25,61.988521575927734,62.097656297012115,61.879386854843354,61.988521575927734,3600
1994-07-26,61.7702522277832,62.3159258340357,61.7702522277832,62.206791112785204,3200
1994-07-27,61.7702522277832,62.42506055528621,61.7702522277832,62.206791112785204,4100
1994-07-28,61.661109924316406,61.661109924316406,61.44284050865511,61.55197521648576,1000
1994-07-29,61.33369445800781,61.77023320859862,61.33369445800781,61.442829145655516,6500
1994-08-01,61.22455596923828,61.33369065011036,61.22455596923828,61.22455596923828,8100
1994-08-02,61.33369445800781,61.442829145655516,61.22455977036011,61.22455977036011,1000
1994-08-03,61.988521575927734,61.988521575927734,61.33371324942146,61.33371324942146,11800
1994-08-04,61.988521575927734,61.988521575927734,61.879386854843354,61.879386854843354,300
1994-08-05,65.37166595458984,69.40964865963129,65.04426195147838,68.10003264718542,48400
1994-08-08,66.02650451660156,66.13563923481082,65.48083092555527,65.48083092555527,11300
1994-08-09,65.48079681396484,66.02647012074789,65.48079681396484,66.02647012074789,3200
1994-08-10,65.48079681396484,65.48079681396484,64.8259888458252,64.8259888458252,3500
1994-08-11,66.13562774658203,66.13562774658203,65.04428075406418,65.04428075406418,7200
1994-08-12,65.48079681396484,66.1356047821045,65.48079681396484,66.1356047821045,1700
1994-08-15,66.13562774658203,66.13562774658203,65.26255015256774,65.26255015256774,9600
1994-08-16,66.3538589477539,66.3538589477539,65.917320402045,65.917320402045,2200
1994-08-17,66.68125915527344,67.00866304637952,66.13558600342995,66.13558600342995,10800
1994-08-18,67.00870513916016,67.22697453700758,67.00870513916016,67.00870513916016,1400
1994-08-19,67.22699737548828,67.22699737548828,67.00872790348994,67.00872790348994,900
1994-08-22,67.5543212890625,67.5543212890625,67.5543212890625,67.5543212890625,200
1994-08-23,68.10005950927734,68.31832893078145,67.77265537702121,67.77265537702121,3700
1994-08-24,68.20917510986328,68.20917510986328,68.1000404296875,68.20917510986328,11500
1994-08-25,68.10005950927734,68.20919422002939,68.10005950927734,68.20919422002939,10000
1994-08-26,67.5543212890625,68.20912892675939,67.5543212890625,68.09999432047658,3600
1994-08-29,67.5543212890625,67.66345589534532,67.5543212890625,67.66345589534532,600
1994-08-30,67.44525146484375,67.66352088706007,67.44525146484375,67.66352088706007,7900
1994-08-31,67.99091339111328,67.99091339111328,67.6635093137885,67.6635093137885,9100
1994-09-01,67.33612823486328,67.66353242401172,67.22699350514714,67.66353242401172,8700
1994-09-02,67.33612823486328,67.33612823486328,67.33612823486328,67.33612823486328,100
1994-09-06,67.66352081298828,67.66352081298828,67.66352081298828,67.66352081298828,1900
1994-09-07,67.66352081298828,67.66352081298828,67.66352081298828,67.66352081298828,1300
1994-09-08,67.44525146484375,67.44525146484375,67.44525146484375,67.44525146484375,100
1994-09-09,67.66352081298828,67.88179023496566,67.66352081298828,67.66352081298828,1900
1994-09-12,66.3538589477539,67.9908784941623,66.3538589477539,67.88174385773507,7600
1994-09-13,66.3538589477539,66.57212822060836,66.3538589477539,66.3538589477539,6700
1994-09-14,66.68125915527344,66.68125915527344,65.48077822121778,65.48077822121778,9500
1994-09-15,67.22699737548828,67.22699737548828,66.35391948749492,66.7904584314916,6300
1994-09-16,67.5543212890625,67.5543212890625,67.00864825764843,67.44518668277969,24300
1994-09-19,68.10005950927734,68.10005950927734,67.44525124476506,67.44525124476506,9300
1994-09-20,68.10005950927734,68.10005950927734,68.10005950927734,68.10005950927734,0
1994-09-21,68.20917510986328,68.31830979003907,67.77263638916016,67.77263638916016,27000
1994-09-22,68.42744445800781,68.48201179808596,68.20917509769518,68.26374243777335,1100
1994-09-23,68.10005950927734,68.20919422002939,68.10005950927734,68.10005950927734,4600
1994-09-26,68.10005950927734,68.10005950927734,67.88179008777325,68.10005950927734,16300
1994-09-27,67.99091339111328,67.99091339111328,67.99091339111328,67.99091339111328,900
1994-09-28,68.31830596923828,68.75484466552734,68.20917129516602,68.20917129516602,30200
1994-09-29,68.31830596923828,68.31830596923828,68.10003662109375,68.31830596923828,35200
1994-09-30,68.10005950927734,68.53659835228554,68.10005950927734,68.53659835228554,13900
1994-10-03,68.10005950927734,68.10005950927734,67.88179008777325,67.88179008777325,5600
1994-10-04,67.88177490234375,68.42744833403462,67.88177490234375,68.31831364769644,21200
1994-10-05,67.88177490234375,67.88177490234375,67.88177490234375,67.88177490234375,2400
1994-10-06,67.77264404296875,67.88177873546951,67.77264404296875,67.88177873546951,1200
1994-10-07,68.31830596923828,68.42744064331055,67.88176727294922,67.88176727294922,6300
1994-10-10,68.31830596923828,68.31830596923828,68.31830596923828,68.31830596923828,300
1994-10-11,68.20917510986328,68.42744447021484,68.1000404296875,68.1000404296875,2100
1994-10-12,68.20917510986328,68.20917510986328,68.20917510986328,68.20917510986328,400
1994-10-13,68.53657531738281,68.53657531738281,68.20917129516602,68.20917129516602,1900
1994-10-14,68.31830596923828,68.31830596923828,68.31830596923828,68.31830596923828,400
1994-10-17,68.53657531738281,68.53657531738281,68.31830596923828,68.31830596923828,900
1994-10-18,69.1913833618164,69.1913833618164,68.31830596923828,68.31830596923828,3200
1994-10-19,68.53657531738281,69.1913833618164,68.10003662109375,69.1913833618164,42800
1994-10-20,68.20917510986328,68.53657915039062,68.1000404296875,68.1000404296875,6700
1994-10-21,68.10005950927734,68.20919422002939,68.10005950927734,68.10005950927734,2600
1994-10-24,67.22699737548828,68.10007526348163,67.22699737548828,68.10007526348163,3000
1994-10-25,65.04425811767578,66.35387405293099,64.82598879513324,66.35387405293099,8100
1994-10-26,64.38946533203125,65.37167751506223,64.38946533203125,65.0442734540519,6900
1994-10-27,63.51639938354492,64.17120762461239,63.51639938354492,64.17120762461239,3000
1994-10-28,62.206756591796875,63.2981031986705,62.206756591796875,63.2981031986705,4900
1994-10-31,61.7702522277832,61.7702522277832,61.3337133427812,61.7702522277832,14900
1994-11-01,61.551971435546875,61.9885102400543,61.551971435546875,61.66110613667373,8400
1994-11-02,61.87935256958008,61.988487230196625,61.55194858773045,61.55194858773045,2800
1994-11-03,62.206756591796875,62.206756591796875,61.98848727042215,62.097621931109515,2100
1994-11-04,62.3159294128418,62.315929412841804,62.206794685323686,62.206794685323686,3200
1994-11-07,62.206756591796875,62.206756591796875,61.77021794904742,62.206756591796875,9000
1994-11-08,62.8615837097168,62.8615837097168,62.206775546073914,62.206775546073914,11800
1994-11-09,62.64329147338867,62.86156078165832,62.425022165119024,62.86156078165832,13400
1994-11-10,64.17122650146484,64.38949597936099,62.643340156191876,62.643340156191876,13600
1994-11-11,64.28031921386719,64.28031921386719,64.17118454627149,64.17118454627149,4700
1994-11-14,65.37166595458984,65.48080062229367,64.60772328066308,64.60772328066308,20400
1994-11-15,65.2625503540039,65.48081975318118,65.2625503540039,65.48081975318118,1600
1994-11-16,64.6077651977539,65.04430415179279,64.6077651977539,65.04430415179279,800
1994-11-17,64.6077651977539,64.71689993626363,64.38949572073447,64.71689993626363,1800
1994-11-18,64.17122650146484,64.71690019620519,64.17122650146484,64.38949597936099,1800
1994-11-21,64.38946533203125,64.38946533203125,63.952926584017476,64.17119595802437,3000
1994-11-22,63.62553787231445,64.38948086563555,63.51640315898287,64.38948086563555,11800
1994-11-23,63.188987731933594,63.516391813446205,63.07985303809606,63.516391813446205,3000
1994-11-25,62.8615837097168,62.97071840365727,62.8615837097168,62.97071840365727,900
1994-11-28,62.8615837097168,63.079853097597756,62.8615837097168,62.8615837097168,8900
1994-11-29,63.734642028808594,63.734642028808594,62.643295418726254,62.643295418726254,6200
1994-11-30,63.952945709228516,63.952945709228516,63.952945709228516,63.952945709228516,900
1994-12-01,62.8615837097168,63.73466126124064,62.8615837097168,63.73466126124064,2900
1994-12-02,62.64329147338867,63.07983008992797,62.64329147338867,63.07983008992797,2000
1994-12-05,62.42501449584961,62.42501449584961,62.42501449584961,62.42501449584961,300
1994-12-06,62.64329147338867,62.64329147338867,62.64329147338867,62.64329147338867,300
1994-12-07,64.38946533203125,64.38946533203125,62.86157971398305,62.86157971398305,17800
1994-12-08,63.29812240600586,64.4986040378439,63.29812240600586,64.4986040378439,2700
1994-12-09,62.64329147338867,63.51636870646726,62.64329147338867,63.51636870646726,2100
1994-12-12,62.42501449584961,62.752418418030636,62.20674521439559,62.752418418030636,2900
1994-12-13,63.079864501953125,63.079864501953125,62.534190933597124,62.534190933597124,6700
1994-12-14,63.51639938354492,63.73466879723408,63.298129969855765,63.298129969855765,1600
1994-12-15,64.17122650146484,64.17122650146484,63.51641806777643,63.51641806777643,3900
1994-12-16,65.8082275390625,65.8082275390625,65.04428459913971,65.04428459913971,5800
1994-12-19,66.13562774658203,66.3538971450856,65.69908894957489,65.69908894957489,800
1994-12-20,65.8082275390625,65.91736224476576,65.8082275390625,65.91736224476576,2100
1994-12-21,66.68125915527344,66.68125915527344,65.80818211232386,65.80818211232386,3500
1994-12-22,66.5721664428711,66.68130114195776,66.5721664428711,66.68130114195776,1800
1994-12-23,66.13562774658203,66.46303184433738,66.13562774658203,66.46303184433738,4500
1994-12-27,64.82599639892578,66.0264778137207,64.82599639892578,66.0264778137207,4000
1994-12-28,64.6077651977539,64.82603467477335,64.4986304592442,64.6077651977539,2600
1994-12-29,63.734642028808594,64.60771931687447,63.734642028808594,64.60771931687447,3100
1994-12-30,63.079864501953125,63.516403356637916,63.079864501953125,63.516403356637916,3700
1995-01-03,63.29812240600586,63.29812240600586,63.07985301839894,63.07985301839894,1000
1995-01-04,63.734642028808594,63.734642028808594,63.29810338477566,63.29810338477566,9800
1995-01-05,63.734642028808594,63.95291135082506,63.62550736780036,63.734642028808594,30000
1995-01-06,63.734642028808594,63.95291135082506,63.734642028808594,63.95291135082506,900
1995-01-09,62.8615837097168,63.625526567300156,62.8615837097168,63.51639187335968,6400
1995-01-10,62.64329147338867,63.07983008992797,62.64329147338867,62.97069543579314,17800
1995-01-11,63.29812240600586,63.29812240600586,62.42504485557819,62.42504485557819,6200
1995-01-12,63.079864501953125,63.298133929295524,62.861595074610726,63.298133929295524,12500
1995-01-13,63.40724563598633,63.62551498413086,63.07984161376953,63.07984161376953,7900
1995-01-16,63.079864501953125,63.298133929295524,63.079864501953125,63.298133929295524,2700
1995-01-17,63.51639938354492,63.51639938354492,63.07986055616661,63.07986055616661,1200
1995-01-18,63.734642028808594,63.84377668981683,63.734642028808594,63.734642028808594,3100
1995-01-19,64.38946533203125,64.38946533203125,63.734657210010596,63.734657210010596,8900
1995-01-20,65.2625503540039,65.2625503540039,64.06206865852891,64.38947275729483,4200
1995-01-23,64.82599639892578,65.48080444335938,64.38945770263672,65.48080444335938,6600
1995-01-24,64.82599639892578,64.82599639892578,64.60772705078125,64.82599639892578,2900
1995-01-25,65.2625503540039,65.48081975318118,65.04428095482663,65.04428095482663,7200
1995-01-26,65.6990737915039,65.91734313964844,65.04426574707031,65.26253509521484,14900
1995-01-27,66.13562774658203,66.3538971450856,66.13562774658203,66.3538971450856,2200
1995-01-30,66.3538589477539,66.3538589477539,66.3538589477539,66.3538589477539,1700
1995-01-31,65.48079681396484,65.91733545939127,65.48079681396484,65.91733545939127,3900
1995-02-01,63.734642028808594,65.0442579609074,63.734642028808594,65.0442579609074,7300
1995-02-02,63.734642028808594,63.84377668981683,63.516372706792126,63.734642028808594,20900
1995-02-03,62.8615837097168,63.51639187335968,62.8615837097168,63.51639187335968,6000
1995-02-06,63.188987731933594,63.29812242577113,63.07985303809606,63.07985303809606,11300
1995-02-07,63.079864501953125,63.079864501953125,62.861595074610726,62.97072978828192,7600
1995-02-08,63.079864501953125,63.079864501953125,63.079864501953125,63.079864501953125,1000
1995-02-09,63.29812240600586,63.407257099809314,62.64331424318511,62.861583630792026,16300
1995-02-10,63.079864501953125,63.298133929295524,63.079864501953125,63.18899921562432,4600
1995-02-13,63.079864501953125,63.298133929295524,62.861595074610726,62.861595074610726,24500
1995-02-14,62.8615837097168,63.079853097597756,62.64331432183583,63.079853097597756,3400
1995-02-15,63.188987731933594,63.188987731933594,62.315910181233306,62.86158365042098,6300
1995-02-16,65.15343475341797,65.26256948499822,65.0443000218377,65.0443000218377,3600
1995-02-17,65.04425811767578,65.15339277894705,65.04425811767578,65.04425811767578,6600
1995-02-21,64.82599639892578,65.26253509521484,64.82599639892578,65.26253509521484,4600
1995-02-22,64.93514251708984,65.26254659700794,64.82600782378381,65.04427721039588,21100
1995-02-23,64.93514251708984,65.04427721039588,64.93514251708984,64.93514251708984,5700
1995-02-24,64.71685791015625,65.04426191307441,64.71685791015625,64.93512724543503,1600
1995-02-27,64.49856567382812,64.8259695604973,64.49856567382812,64.71683493160758,15100
1995-02-28,65.15343475341797,65.15343475341797,64.60776109551664,64.60776109551664,5800
1995-03-01,65.15343475341797,65.15343475341797,64.93516529025743,64.93516529025743,600
1995-03-02,64.82599639892578,65.15340042114258,64.82599639892578,65.04426574707031,1800
1995-03-03,64.93514251708984,65.04427721039588,64.82600782378381,64.82600782378381,1900
1995-03-06,64.82599639892578,65.04426574707031,64.82599639892578,64.93513107299805,2000
1995-03-07,64.93514251708984,64.93514251708984,64.60773843717175,64.82600782378381,10800
1995-03-08,65.04425811767578,65.04425811767578,64.93512345640451,64.93512345640451,5200
1995-03-09,64.93514251708984,65.04427721039588,64.93514251708984,64.93514251708984,3200
1995-03-10,65.04425811767578,65.15339277894705,64.93512345640451,64.93512345640451,10600
1995-03-13,65.04425811767578,65.15339277894705,64.93512345640451,64.93512345640451,2700
1995-03-14,65.04425811767578,65.15339277894705,65.04425811767578,65.04425811767578,1500
1995-03-15,65.15343475341797,65.15343475341797,65.0443000218377,65.0443000218377,900
1995-03-16,65.2625503540039,65.2625503540039,65.2625503540039,65.2625503540039,100
1995-03-17,64.93514251708984,65.04427721039588,64.93514251708984,65.04427721039588,1100
1995-03-20,65.15343475341797,65.48083894815876,65.0443000218377,65.0443000218377,15600
1995-03-21,62.97072982788086,64.60775053397828,62.97072982788086,64.60775053397828,6400
1995-03-22,63.079864501953125,63.18899921562432,62.861595074610726,62.861595074610726,1500
1995-03-23,63.079864501953125,63.18899921562432,63.079864501953125,63.18899921562432,1100
1995-03-24,63.29812240600586,63.29812240600586,63.07985301839894,63.07985301839894,900
1995-03-27,63.188987731933594,63.29812242577113,63.188987731933594,63.188987731933594,900
1995-03-28,63.29812240600586,63.62552648741623,63.29812240600586,63.516391793612776,1400
1995-03-29,63.079864501953125,63.079864501953125,62.97072978828192,63.079864501953125,4400
1995-03-30,63.079864501953125,63.18899921562432,62.97072978828192,63.079864501953125,7300
1995-03-31,62.97072982788086,63.188999255360514,62.97072982788086,63.07986454162069,4100
1995-04-03,62.8615837097168,62.97071840365727,62.8615837097168,62.8615837097168,16600
1995-04-04,62.8615837097168,63.079853097597756,62.752449015776314,62.752449015776314,3900
1995-04-05,62.53417205810547,62.752441419564825,62.53417205810547,62.752441419564825,13900
1995-04-06,62.97072982788086,62.97072982788086,62.64332568666138,62.64332568666138,4900
1995-04-07,62.8615837097168,63.079853097597756,62.8615837097168,63.079853097597756,5500
1995-04-10,63.079864501953125,63.18899921562432,62.861595074610726,62.861595074610726,8100
1995-04-11,63.29812240600586,63.29812240600586,62.97071832459548,63.1889877122024,1000
1995-04-12,63.188987731933594,63.407257119608666,63.188987731933594,63.407257119608666,400
1995-04-13,63.29812240600586,63.29812240600586,63.07985301839894,63.07985301839894,2000
1995-04-17,63.40724563598633,63.516380310058594,62.970706939697266,63.516380310058594,8300
1995-04-18,63.29812240600586,63.516391793612776,63.29812240600586,63.407257099809314,3800
1995-04-19,63.188987731933594,63.29812242577113,62.97071834425852,63.29812242577113,7500
1995-04-20,62.8615837097168,63.18898779153824,62.8615837097168,63.18898779153824,13100
1995-04-21,62.97072982788086,62.97072982788086,62.86159511414103,62.86159511414103,2700
1995-04-24,63.079864501953125,63.18899921562432,63.079864501953125,63.079864501953125,600
1995-04-25,63.079864501953125,63.298133929295524,63.079864501953125,63.298133929295524,5200
1995-04-26,62.8615837097168,62.8615837097168,62.8615837097168,62.8615837097168,3500
1995-04-27,62.8615837097168,62.97071840365727,62.8615837097168,62.8615837097168,3900
1995-04-28,62.97072982788086,63.07986454162069,62.86159511414103,62.86159511414103,4900
1995-05-01,62.97072982788086,63.188999255360514,62.97072982788086,63.188999255360514,5600
1995-05-02,62.97072982788086,63.07986454162069,62.97072982788086,63.07986454162069,2300
1995-05-03,62.8615837097168,63.079853097597756,62.8615837097168,63.079853097597756,2400
1995-05-04,62.8615837097168,63.079853097597756,62.8615837097168,63.079853097597756,4900
1995-05-05,61.7702522277832,62.97073416153871,61.7702522277832,62.97073416153871,9600
1995-05-08,62.75243377685547,62.861568444293475,61.988491104789404,61.988491104789404,6300
1995-05-09,62.53417205810547,62.64330673883514,62.31590269664611,62.64330673883514,10500
1995-05-10,62.3159294128418,62.425064140359915,62.097659957805575,62.425064140359915,4700
1995-05-11,61.988521575927734,62.206791018096496,61.988521575927734,62.206791018096496,1700
1995-05-12,61.988521575927734,61.988521575927734,61.77025213375897,61.988521575927734,7300
1995-05-15,61.988521575927734,61.988521575927734,61.77025213375897,61.77025213375897,2900
1995-05-16,61.87935256958008,62.20675655142971,61.66108324834699,62.20675655142971,8700
1995-05-17,61.661109924316406,61.98851404780835,61.661109924316406,61.98851404780835,1700
1995-05-18,60.897151947021484,61.442825351564686,60.897151947021484,61.442825351564686,2100
1995-05-19,60.242347717285156,60.67888646885968,60.242347717285156,60.67888646885968,5500
1995-05-22,60.242347717285156,60.242347717285156,60.242347717285156,60.242347717285156,0
1995-05-23,60.35149383544922,60.56976325257562,60.133224418322825,60.133224418322825,10000
1995-05-24,60.242347717285156,60.242347717285156,60.242347717285156,60.242347717285156,500
1995-05-25,60.13321304321289,60.24234773113161,60.02407835529417,60.02407835529417,6200
1995-05-26,60.13321304321289,60.13321304321289,60.02407835529417,60.02407835529417,6600
1995-05-30,59.69668960571289,59.69668960571289,59.47842017388213,59.47842017388213,4100
1995-05-31,60.67887878417969,60.67887878417969,59.58753204345703,59.58753204345703,14100
1995-06-01,60.67887878417969,60.89714813232422,60.460609436035156,60.78801345825195,6700
1995-06-02,60.242347717285156,60.67888646885968,60.242347717285156,60.67888646885968,4700
1995-06-05,60.897151947021484,61.11542130883876,60.460613223386915,60.460613223386915,18200
1995-06-06,61.11545944213867,61.33372894014631,60.897189944131036,60.897189944131036,12100
1995-06-07,61.00628662109375,61.22455598288657,61.00628662109375,61.00628662109375,1600
1995-06-08,61.33369445800781,61.661098520950915,61.11542508271241,61.11542508271241,4100
1995-06-09,61.7702522277832,61.7702522277832,61.3337133427812,61.3337133427812,4600
1995-06-12,61.988521575927734,61.988521575927734,61.66111741267459,61.66111741267459,600
1995-06-13,62.42501449584961,62.42501449584961,62.20674521439559,62.20674521439559,3300
1995-06-14,61.988521575927734,62.206791018096496,61.77025213375897,62.206791018096496,1400
1995-06-15,62.8615837097168,62.8615837097168,61.55196738243103,61.661102076371506,2700
1995-06-16,62.64329147338867,63.07983008992797,62.64329147338867,63.07983008992797,1900
1995-06-19,62.53417205810547,62.752441419564825,62.42503737737579,62.53417205810547,6900
1995-06-20,62.64329147338867,62.86156078165832,62.425022165119024,62.425022165119024,6000
1995-06-21,62.42501449584961,62.64328377730363,61.98847593294157,62.42501449584961,5200
1995-06-22,62.206756591796875,62.4250259131716,62.097621931109515,62.4250259131716,3600
1995-06-23,62.206756591796875,62.206756591796875,61.98848727042215,61.98848727042215,5600
1995-06-26,62.42501449584961,62.64328377730363,61.98847593294157,61.98847593294157,4300
1995-06-27,62.64329147338867,62.86156078165832,62.20675285684938,62.425022165119024,5800
1995-06-28,62.206756591796875,62.4250259131716,62.206756591796875,62.206756591796875,9100
1995-06-29,62.206756591796875,62.206756591796875,61.87935260973479,61.98848727042215,1700
1995-06-30,62.3159294128418,62.315929412841804,61.77025577525124,62.206794685323686,11200
1995-07-03,61.988521575927734,62.42506046026525,61.988521575927734,62.42506046026525,2300
1995-07-05,62.8615837097168,62.8615837097168,61.98850615819295,61.98850615819295,4700
1995-07-06,62.8615837097168,63.079853097597756,62.64331432183583,63.079853097597756,5200
1995-07-07,62.8615837097168,63.18898779153824,62.534179627895355,62.64331432183583,14500
1995-07-10,62.75243377685547,63.079837779169495,62.75243377685547,62.861568444293475,2000
1995-07-11,63.079864501953125,63.298133929295524,62.64332564726833,62.64332564726833,2300
1995-07-12,62.97072982788086,63.07986454162069,62.97072982788086,62.97072982788086,1900
1995-07-13,62.42501449584961,63.07982234021167,62.42501449584961,63.07982234021167,16200
1995-07-14,62.64329147338867,62.75242612752349,62.425022165119024,62.425022165119024,2300
1995-07-17,61.988521575927734,62.75246462351839,61.988521575927734,62.42506046026525,10600
1995-07-18,61.988521575927734,61.988521575927734,61.66111741267459,61.77025213375897,1000
1995-07-19,61.11545944213867,61.77026793616159,60.897189944131036,61.77026793616159,7900
1995-07-20,61.11545944213867,61.11545944213867,61.11545944213867,61.11545944213867,2200
1995-07-21,61.22455596923828,61.33369065011036,60.678882564877874,61.1154212883662,4400
1995-07-24,61.11545944213867,61.224594191142494,60.788055195127214,61.224594191142494,9300
1995-07-25,60.242347717285156,61.11542522043421,60.242347717285156,61.11542522043421,19300
1995-07-26,59.5875358581543,60.02407458238986,59.5875358581543,60.02407458238986,10200
1995-07-27,61.11545944213867,61.55199843815395,59.80584245409285,59.80584245409285,13900
1995-07-28,61.00628662109375,61.33369066378298,61.00628662109375,61.33369066378298,1800
1995-07-31,61.11545944213867,61.55199843815395,61.11545944213867,61.55199843815395,2200
1995-08-01,61.11545944213867,61.77026793616159,61.11545944213867,61.55199843815395,11700
1995-08-02,61.22455596923828,61.44282533098245,61.1154212883662,61.1154212883662,14000
1995-08-03,60.897151947021484,61.11542130883876,60.6788825852042,61.11542130883876,6000
1995-08-04,61.988521575927734,61.988521575927734,60.46063548074642,60.67890492291517,10900
1995-08-07,61.988521575927734,62.42506046026525,61.988521575927734,62.206791018096496,1500
1995-08-08,60.897151947021484,61.77022939429061,60.897151947021484,61.77022939429061,5700
1995-08-09,61.22455596923828,61.55196001185453,60.460613203133704,60.460613203133704,8600
1995-08-10,61.44281768798828,61.44281768798828,61.11541368609847,61.44281768798828,3000
1995-08-11,60.897151947021484,61.2245559897474,60.897151947021484,61.2245559897474,3600
1995-08-14,60.897151947021484,60.897151947021484,60.56974790429556,60.6788825852042,5000
1995-08-15,61.00628662109375,61.33369066378298,60.67888257840452,60.89715194019734,8200
1995-08-16,61.00628662109375,61.00628662109375,60.46061321661169,60.78801725930093,4800
1995-08-17,60.897151947021484,61.11542130883876,60.897151947021484,60.897151947021484,2500
1995-08-18,61.988521575927734,62.42506046026525,61.115443807252696,61.115443807252696,3600
1995-08-21,61.11545944213867,62.425076430184504,60.6789204461234,62.20680693217686,12100
1995-08-22,61.661109924316406,61.661109924316406,61.115436385163164,61.115436385163164,5600
1995-08-23,61.551971435546875,61.551971435546875,61.333702033293164,61.551971435546875,96300
1995-08-24,61.988521575927734,61.988521575927734,61.33371324942146,61.33371324942146,6000
1995-08-25,61.661109924316406,61.770244632147055,61.44284050865511,61.770244632147055,7400
1995-08-28,61.988521575927734,61.988521575927734,61.77025213375897,61.879386854843354,3700
1995-08-29,63.079864501953125,63.298133929295524,62.75246036093952,63.079864501953125,7200
1995-08-30,63.29812240600586,63.73466118121969,63.29812240600586,63.29812240600586,700
1995-08-31,63.29812240600586,63.95293056882661,63.29812240600586,63.516391793612776,1700
1995-09-01,64.06205749511719,64.06205749511719,63.2981147311209,63.2981147311209,4600
1995-09-05,63.734642028808594,63.734642028808594,63.516372706792126,63.734642028808594,7100
1995-09-06,63.734642028808594,64.389449994858,63.734642028808594,63.95291135082506,6500
1995-09-07,64.38946533203125,64.60773470603813,63.952926584017476,63.952926584017476,8500
1995-09-08,64.82599639892578,64.82599639892578,64.17118835449219,64.17118835449219,4100
1995-09-11,64.82599639892578,64.82599639892578,64.60772705078125,64.60772705078125,1400
1995-09-12,66.3538589477539,66.3538589477539,65.04424331062718,65.04424331062718,3900
1995-09-13,65.37166595458984,66.13560862851661,64.82599261607074,66.13560862851661,9600
1995-09-14,65.48079681396484,65.48079681396484,65.0442581685384,65.15339282989501,8700
1995-09-15,65.37166595458984,65.48080062229367,65.04426195147838,65.26253128688603,3900
1995-09-18,65.04425811767578,65.15339277894705,64.6077194725907,65.15339277894705,2500
1995-09-19,64.82599639892578,65.04426574707031,64.38945770263672,64.82599639892578,2100
1995-09-20,64.71685791015625,64.82599257779563,64.38945390723809,64.60772324251685,1800
1995-09-21,64.6077651977539,64.6077651977539,64.6077651977539,64.6077651977539,700
1995-09-22,64.82599639892578,65.04426574707031,63.952919006347656,64.82599639892578,5900
1995-09-25,64.6077651977539,65.04430415179279,64.6077651977539,64.6077651977539,3700
1995-09-26,63.734642028808594,64.389449994858,63.40723804578389,64.389449994858,7500
1995-09-27,63.29812240600586,63.516391793612776,63.07985301839894,63.516391793612776,6800
1995-09-28,63.29812240600586,63.29812240600586,63.29812240600586,63.29812240600586,0
1995-09-29,63.734642028808594,63.734642028808594,63.29810338477566,63.734642028808594,4300
1995-10-02,63.29812240600586,63.516391793612776,63.29812240600586,63.516391793612776,1900
1995-10-03,62.64329147338867,63.407234052332434,62.64329147338867,63.407234052332434,13300
1995-10-04,61.7702522277832,62.42506055528621,61.7702522277832,62.42506055528621,12400
1995-10-05,61.988521575927734,61.988521575927734,61.77025213375897,61.77025213375897,3500
1995-10-06,62.42501449584961,62.64328377730363,61.98847593294157,61.98847593294157,11900
1995-10-09,62.53417205810547,62.64330673883514,62.53417205810547,62.64330673883514,600
1995-10-10,62.3159294128418,62.534198867878025,62.315929412841804,62.425064140359915,800
1995-10-11,62.206756591796875,62.206756591796875,61.98848727042215,62.206756591796875,5500
1995-10-12,62.8615837097168,62.97071840365727,62.31591024001439,62.31591024001439,4200
1995-10-13,62.8615837097168,63.079853097597756,62.8615837097168,63.079853097597756,900
1995-10-16,63.079864501953125,63.298133929295524,63.079864501953125,63.079864501953125,600
1995-10-17,62.8615837097168,63.298122485478714,62.8615837097168,63.079853097597756,3300
1995-10-18,63.62553787231445,63.62553787231445,62.86159487899335,62.86159487899335,8500
1995-10-19,63.952945709228516,64.28034986814949,63.40727211102691,63.51640683066723,11200
1995-10-20,63.84376907348633,64.06203836946406,63.516365129519734,63.73463442549746,2300
1995-10-23,63.29812240600586,63.95293056882661,63.29812240600586,63.84379587502315,16100
1995-10-24,62.64329147338867,63.18896474406279,62.534156819253845,63.18896474406279,7000
1995-10-25,61.988521575927734,62.86159934460277,61.988521575927734,62.86159934460277,15200
1995-10-26,61.11545944213867,61.988537434169224,61.11545944213867,61.988537434169224,3500
1995-10-27,61.33369445800781,61.33369445800781,60.89715570741701,61.11542508271241,1300
1995-10-30,60.897151947021484,61.2245559897474,60.897151947021484,61.2245559897474,5800
1995-10-31,60.242347717285156,60.78802115675332,60.242347717285156,60.78802115675332,3600
1995-11-01,60.569766998291016,60.569766998291016,60.242362852354304,60.242362852354304,1200
1995-11-02,60.897151947021484,60.897151947021484,60.460613223386915,60.460613223386915,2200
1995-11-03,61.33369445800781,61.33369445800781,61.00629039506471,61.00629039506471,12000
1995-11-06,60.78800964355469,61.55195231412001,60.78800964355469,61.55195231412001,3800
1995-11-07,60.242347717285156,60.78802115675332,60.242347717285156,60.78802115675332,2600
1995-11-08,61.11545944213867,61.11545944213867,60.02411195210048,60.02411195210048,5900
1995-11-09,60.46061706542969,61.115425192492104,60.46061706542969,60.89715581680463,4900
1995-11-10,60.02409362792969,60.46063249067827,60.02409362792969,60.242363059303976,1600
1995-11-13,59.5875358581543,60.24234394450764,59.5875358581543,59.80580522027208,6800
1995-11-14,59.3692741394043,59.3692741394043,59.151004749185894,59.3692741394043,4700
1995-11-15,58.93272399902344,58.93272399902344,58.277915954589844,58.93272399902344,8900
1995-11-16,59.47841262817383,59.58754733024387,59.151008521963696,59.151008521963696,2000
1995-11-17,59.5875358581543,59.5875358581543,59.369266496036516,59.369266496036516,11000
1995-11-20,58.93272399902344,60.024070739746094,58.93272399902344,59.6966667175293,3200
1995-11-21,58.82359313964844,58.932727820798064,58.49618909619956,58.71445845849881,5000
1995-11-22,58.93272399902344,59.15099334716797,58.82358932495117,58.82358932495117,4000
1995-11-24,58.60531997680664,58.82358932495117,58.60531997680664,58.82358932495117,1400
1995-11-27,57.841392517089844,58.71447013998931,57.623123111364976,58.71447013998931,13200
1995-11-28,60.78800964355469,61.11541364522554,60.67887497633107,60.67887497633107,27300
1995-11-29,60.78800964355469,61.00627897800192,60.67887497633107,60.67887497633107,15500
1995-11-30,60.67887878417969,60.89714813232422,60.67887878417969,60.67887878417969,31200
1995-12-01,60.569766998291016,60.67890171360325,60.569766998291016,60.67890171360325,36000
1995-12-04,60.67887878417969,60.89714813232422,60.56974411010742,60.67887878417969,12300
1995-12-05,61.11545944213867,61.11545944213867,60.56978569711958,60.56978569711958,9400
1995-12-06,61.988521575927734,62.206791018096496,61.22457852833708,61.33371324942146,49500
1995-12-07,61.7702522277832,61.98852167028421,61.7702522277832,61.7702522277832,15000
1995-12-08,61.87935256958008,61.988487230196625,61.77021790896354,61.77021790896354,6700
1995-12-11,61.7702522277832,61.8793869490337,61.7702522277832,61.7702522277832,6100
1995-12-12,61.7702522277832,62.097656391534706,61.7702522277832,61.7702522277832,29100
1995-12-13,61.87935256958008,61.988487230196625,61.77021790896354,61.77021790896354,14700
1995-12-14,61.87935256958008,61.87935256958008,61.55194858773045,61.55194858773045,9800
1995-12-15,61.87935256958008,62.097621890813166,61.87935256958008,61.988487230196625,16400
1995-12-18,61.551971435546875,61.9885102400543,61.44283673442002,61.9885102400543,5200
1995-12-19,62.097652435302734,62.206787149600274,61.55197886381501,61.55197886381501,6000
1995-12-20,61.87935256958008,62.31589121204625,61.66108324834699,62.20675655142971,7400
1995-12-21,62.097652435302734,62.097652435302734,61.87938300670764,61.87938300670764,8600
1995-12-22,61.988521575927734,62.206791018096496,61.77025213375897,62.097656297012115,10500
1995-12-26,61.988521575927734,61.988521575927734,61.66111741267459,61.77025213375897,5000
1995-12-27,65.48079681396484,65.48079681396484,62.2067569732666,62.2067569732666,28000
1995-12-28,65.48079681396484,65.91733545939127,65.0442581685384,65.48079681396484,7500
1995-12-29,65.04425811767578,65.26252744021832,65.04425811767578,65.26252744021832,2800
1996-01-02,64.93514251708984,65.04427721039588,64.60773843717175,64.82600782378381,15500
1996-01-03,64.82599639892578,65.48080444335938,64.82599639892578,64.82599639892578,5500
1996-01-04,64.82599639892578,65.04426574707031,64.71686172485352,64.93513107299805,6200
1996-01-05,64.93514251708984,64.93514251708984,64.49860374386571,64.82600782378381,7100
1996-01-08,65.48079681396484,65.48079681396484,65.0442581685384,65.0442581685384,1600
1996-01-09,64.38946533203125,65.2625428280588,64.2803306450278,65.2625428280588,4700
1996-01-10,63.188987731933594,64.17119997647143,63.07985303809606,64.17119997647143,5700
1996-01-11,65.2625503540039,65.48081975318118,62.97072166264257,62.97072166264257,53000
1996-01-12,66.02650451660156,66.24477395302009,65.48083092555527,65.48083092555527,7200
1996-01-15,65.91734313964844,66.0264778137207,65.6990737915039,65.80820846557617,3000
1996-01-16,66.46299743652344,66.46299743652344,65.48078565174723,65.69905493725305,6400
1996-01-17,67.22699737548828,67.22699737548828,66.35391948749492,66.57218895949326,18400
1996-01-18,68.10005950927734,68.10005950927734,67.00871240175688,67.00871240175688,5400
1996-01-19,68.20917510986328,68.31830979003907,67.66350170898437,68.1000404296875,18400
1996-01-22,68.42744445800781,68.53657913816411,68.20917509769518,68.3183097778515,7400
1996-01-23,67.66352081298828,68.31832907892043,67.66352081298828,68.31832907892043,10800
1996-01-24,67.22699737548828,67.66353631948496,67.22699737548828,67.66353631948496,6700
1996-01-25,66.5721664428711,67.00870523921779,66.5721664428711,67.00870523921779,5500
1996-01-26,66.68125915527344,66.68125915527344,65.91731674269256,66.35385526416735,10400
1996-01-29,67.22699737548828,67.22699737548828,66.68132369549244,66.68132369549244,900
1996-01-30,67.33612823486328,67.66353242401172,67.22699350514714,67.22699350514714,11900
1996-01-31,67.22699737548828,67.33613211148744,66.89959316749078,67.22699737548828,20700
1996-02-01,67.00870513916016,67.33610923593129,66.89957044023645,67.33610923593129,2600
1996-02-02,67.22699737548828,67.22699737548828,66.89959316749078,66.89959316749078,4700
1996-02-05,66.79042053222656,67.0086898803711,66.3538818359375,67.0086898803711,5100
1996-02-06,66.5721664428711,66.68130114195776,66.35389704469775,66.5721664428711,15300
1996-02-07,65.6990737915039,66.57215118408203,65.6990737915039,66.57215118408203,12300
1996-02-08,66.02650451660156,66.13563923481082,65.26256148913676,65.48083092555527,34600
1996-02-09,66.02650451660156,66.13563923481082,65.69910036197379,65.9173697983923,5600
1996-02-12,65.91734313964844,65.91734313964844,65.80820846557617,65.80820846557617,5700
1996-02-13,66.5721664428711,67.00870523921779,66.1356276465244,66.1356276465244,4000
1996-02-14,68.20917510986328,68.31830979003907,67.22696298828124,67.22696298828124,7400
1996-02-15,68.53657531738281,69.73705673217773,68.53657531738281,68.75484466552734,13600
1996-02-16,68.10005950927734,69.19140661679782,68.10005950927734,69.19140661679782,10000
1996-02-20,68.53657531738281,68.53657531738281,67.88176727294922,68.10003662109375,8300
1996-02-21,68.20917510986328,68.53657915039062,67.88177106933594,68.53657915039062,1700
1996-02-22,68.75484466552734,68.75484466552734,68.31830596923828,68.42744064331055,3100
1996-02-23,68.75484466552734,68.97311401367188,68.64570999145508,68.97311401367188,3100
1996-02-26,68.75484466552734,68.75484466552734,68.53657531738281,68.75484466552734,1400
1996-02-27,68.10005950927734,68.97313719529373,68.10005950927734,68.75486777378963,5200
1996-02-28,68.20917510986328,68.31830979003907,68.1000404296875,68.1000404296875,500
1996-02-29,67.22699737548828,68.2092099994808,67.22699737548828,68.2092099994808,6400
1996-03-01,66.02650451660156,67.00871698048489,65.69910036197379,67.00871698048489,18900
1996-03-04,66.3538589477539,66.3538589477539,65.58991649276332,65.917320402045,20500
1996-03-05,66.79042053222656,66.79042053222656,66.0264778137207,66.3538818359375,5100
1996-03-06,68.10005950927734,68.31832893078145,67.00871240175688,67.22698182326097,13900
1996-03-07,67.44525146484375,67.66352088706007,67.0087126204111,67.66352088706007,8900
1996-03-08,66.24474334716797,67.44522469283329,66.24474334716797,67.22695535725778,1900
1996-03-11,66.13562774658203,66.79043594209274,66.13562774658203,66.3538971450856,11000
1996-03-12,66.02650451660156,66.02650451660156,65.48083092555527,65.9173697983923,5800
1996-03-13,65.91734313964844,65.91734313964844,65.6990737915039,65.6990737915039,600
1996-03-14,66.3538589477539,66.57212822060836,65.917320402045,66.13558967489945,4000
1996-03-15,66.79042053222656,66.79042053222656,66.3538818359375,66.3538818359375,1800
1996-03-18,66.79042053222656,67.11782455444336,66.57215118408203,67.0086898803711,2700
1996-03-19,66.68125915527344,66.68125915527344,66.35385526416735,66.46298989453604,3400
1996-03-20,66.68125915527344,66.68125915527344,66.46298989453604,66.46298989453604,900
1996-03-21,66.13562774658203,66.68130124284096,65.91735834807845,66.46303184433738,4700
1996-03-22,66.02650451660156,66.13563923481082,65.69910036197379,65.9173697983923,2100
1996-03-25,65.48079681396484,65.69906613667806,65.26252749125163,65.69906613667806,16800
1996-03-26,65.5899658203125,65.80823525731853,65.5899658203125,65.69910053881551,42400
1996-03-27,66.02650451660156,66.35390867122933,65.58996564376453,65.58996564376453,4300
1996-03-28,66.13562774658203,66.24476244583381,65.80822364882667,66.02649304733025,2300
1996-03-29,67.22699737548828,67.22699737548828,65.91738054349825,66.35391948749492,4200
1996-04-01,68.42744445800781,68.42744445800781,67.00869361597574,67.445232336601,8100
1996-04-02,69.62794494628906,69.84621436618339,69.62794494628906,69.84621436618339,8900
1996-04-03,70.06446075439453,70.06446075439453,69.84619140625,69.84619140625,7700
1996-04-04,70.06446075439453,70.28273010253906,69.95532608032227,69.95532608032227,2400
1996-04-08,70.06446075439453,70.06446075439453,69.84619140625,69.84619140625,5200
1996-04-09,69.62794494628906,70.0644837860777,69.62794494628906,70.0644837860777,1800
1996-04-10,69.1913833618164,69.40965270996094,69.1913833618164,69.40965270996094,500
1996-04-11,68.10005950927734,68.97313719529373,68.10005950927734,68.97313719529373,3900
1996-04-12,68.10005950927734,68.10005950927734,68.10005950927734,68.10005950927734,100
1996-04-15,67.88177490234375,68.1000442750201,67.88177490234375,67.88177490234375,900
1996-04-16,67.22699737548828,67.8818057914833,67.22699737548828,67.66353631948496,4300
1996-04-17,67.00870513916016,67.00870513916016,67.00870513916016,67.00870513916016,200
1996-04-18,67.00870513916016,67.00870513916016,66.79043574131273,66.79043574131273,200
1996-04-19,66.8995361328125,67.22694006168435,66.79040148985523,67.22694006168435,19100
1996-04-22,67.88177490234375,67.88177490234375,66.89956272530019,66.89956272530019,1800
1996-04-23,68.97311401367188,68.97311401367188,68.10003662109375,68.10003662109375,8400
1996-04-24,69.1913833618164,69.1913833618164,69.1913833618164,69.1913833618164,6500
1996-04-25,68.75484466552734,69.1913833618164,68.75484466552734,68.97311401367188,4400
1996-04-26,68.97311401367188,68.97311401367188,68.75484466552734,68.97311401367188,4800
1996-04-29,67.88177490234375,68.97312176572548,67.88177490234375,68.75485239304913,7400
1996-04-30,66.79042053222656,67.55436325073242,66.79042053222656,67.44522857666016,5500
1996-05-01,67.22699737548828,67.22699737548828,66.4630542234941,66.7904584314916,12200
1996-05-02,66.3538589477539,67.22693603917172,66.3538589477539,67.22693603917172,2400
1996-05-03,66.5721664428711,66.5721664428711,66.5721664428711,66.5721664428711,1400
1996-05-06,66.8995361328125,66.8995361328125,66.68126684689794,66.68126684689794,1500
1996-05-07,67.22699737548828,67.22699737548828,66.89959316749078,66.89959316749078,3300
1996-05-08,67.44525146484375,67.8817903092764,67.22698204262743,67.44525146484375,4700
1996-05-09,67.5543212890625,67.66345589534532,67.44518668277969,67.66345589534532,300
1996-05-10,67.88177490234375,67.88177490234375,67.88177490234375,67.88177490234375,600
1996-05-13,68.75484466552734,68.75484466552734,67.77263259887695,67.77263259887695,1800
1996-05-14,68.75484466552734,68.75484466552734,68.53657531738281,68.53657531738281,3700
1996-05-15,69.08226013183594,69.30052951613874,68.86399074753314,68.97312543968454,18700
1996-05-16,69.40962219238281,69.62789144456012,68.86394906193955,68.97308368802821,63900
1996-05-17,69.62794494628906,69.62794494628906,69.62794494628906,69.62794494628906,800
1996-05-20,70.17362976074219,70.71930339807301,69.8462255783437,69.8462255783437,6000
1996-05-21,69.84622192382812,70.17362608909608,69.73708720207215,70.17362608909608,3200
1996-05-22,70.28276062011719,70.28276062011719,69.84622173427795,69.84622173427795,500
1996-05-23,70.28276062011719,70.50103006303681,70.28276062011719,70.50103006303681,13700
1996-05-24,70.17362976074219,70.71930339807301,70.06449503327603,70.28276448820836,8300
1996-05-28,70.61014556884766,70.61014556884766,70.28274149356706,70.28274149356706,6400
1996-05-29,70.71926879882812,70.93753814697266,70.28273010253906,70.61013412475586,21100
1996-05-30,70.50101470947266,70.71928410485802,70.50101470947266,70.71928410485802,400
1996-05-31,70.71926879882812,70.71926879882812,69.84619140625,70.28273010253906,3800
1996-06-03,70.39187622070312,70.71928029614826,70.39187622070312,70.71928029614826,1400
1996-06-04,70.93754577636719,71.15581514798677,70.17360297569861,70.2827376615084,14200
1996-06-05,70.28276062011719,70.71929950595643,69.84622173427795,70.71929950595643,7200
1996-06-06,70.06446075439453,70.71926879882812,70.06446075439453,70.71926879882812,7100
1996-06-07,70.06446075439453,70.39186477661133,69.84619140625,69.84619140625,3800
1996-06-10,70.39187622070312,70.71928029614826,69.84620276162791,69.84620276162791,4300
1996-06-11,69.84622192382812,70.71929969787598,69.84622192382812,70.71929969787598,2500
1996-06-12,70.17362976074219,70.28276448820836,69.51882139594522,69.62795612341138,4600
1996-06-13,70.39187622070312,70.39187622070312,70.064472145258,70.28274152888808,4000
1996-06-14,70.28276062011719,70.50103006303681,70.06449117719757,70.50103006303681,2600
1996-06-17,70.50101470947266,70.50101470947266,70.2827453140873,70.39188001177997,3600
1996-06-18,70.93754577636719,71.26494983379658,70.501007033128,70.501007033128,2900
1996-06-19,71.48320007324219,71.59233472984256,71.26493076004145,71.37406541664181,5700
1996-06-20,70.61014556884766,71.37408841116904,70.50101087708745,71.26495371940884,3300
1996-06-21,69.84622192382812,70.82843441963196,69.84622192382812,70.82843441963196,7600
1996-06-24,70.39187622070312,70.39187622070312,69.84620276162791,69.95533745344295,2500
1996-06-25,70.71926879882812,70.82840347290039,70.5009994506836,70.5009994506836,3500
1996-06-26,70.71926879882812,70.93753814697266,70.71926879882812,70.71926879882812,3900
1996-06-27,71.15584564208984,71.37411510724962,70.71930671177027,70.71930671177027,2900
1996-06-28,70.71926879882812,71.81061553955078,70.71926879882812,71.81061553955078,13600
1996-07-01,70.50101470947266,70.61014940716534,70.50101470947266,70.61014940716534,1100
1996-07-02,71.59234619140625,71.59234619140625,70.39186477661133,70.39186477661133,4100
1996-07-03,72.46543884277344,72.46543884277344,71.81063066045922,71.81063066045922,2600
1996-07-05,72.46543884277344,72.46543884277344,72.46543884277344,72.46543884277344,200
1996-07-08,72.68370819091797,72.90197758488469,72.24716940298453,72.90197758488469,3400
1996-07-09,72.02888488769531,72.6836929321289,72.02888488769531,72.6836929321289,1700
1996-07-10,71.81062316894531,72.13802722594659,71.59235379761114,72.13802722594659,4500
1996-07-11,71.81062316894531,72.0288925402795,71.15581505494278,71.81062316894531,3900
1996-07-12,71.81062316894531,71.81062316894531,71.37408442627695,71.81062316894531,800
1996-07-15,71.59234619140625,71.70148086547852,71.59234619140625,71.59234619140625,2600
1996-07-16,70.93754577636719,71.37408451960637,70.93754577636719,71.37408451960637,9100
1996-07-17,71.26498413085938,71.59238834585567,71.15584939252727,71.15584939252727,1400
1996-07-18,70.93754577636719,71.48321920541616,70.93754577636719,71.48321920541616,800
1996-07-19,70.61014556884766,70.71928026060785,70.28274149356706,70.71928026060785,8100
1996-07-22,70.39187622070312,71.15581906340843,70.064472145258,70.39187622070312,67500
1996-07-23,70.71926879882812,71.26494216918945,70.71926879882812,70.71926879882812,3500
1996-07-24,70.71926879882812,71.59234619140625,70.71926879882812,70.82840347290039,119300
1996-07-25,71.37411499023438,71.59238445503631,70.71930659582856,70.71930659582856,3600
1996-07-26,71.59234619140625,71.81061553955078,71.59234619140625,71.59234619140625,1100
1996-07-29,71.81062316894531,71.9197578546124,71.81062316894531,71.81062316894531,600
1996-07-30,72.46543884277344,72.46543884277344,71.9197653575116,71.9197653575116,2800
1996-07-31,72.3563003540039,72.68370442800392,72.3563003540039,72.68370442800392,1200
1996-08-01,73.12023162841797,73.12023162841797,72.02888488769531,72.6836929321289,209700
1996-08-02,73.55677795410156,73.88418201027709,73.33850858331787,73.33850858331787,2900
1996-08-05,73.9932861328125,73.9932861328125,73.77501685218473,73.77501685218473,400
1996-08-06,73.8841781616211,74.10244752103503,73.77504348191412,73.99331284132806,900
1996-08-07,74.1024398803711,74.1024398803711,73.88417054346279,73.88417054346279,500
1996-08-08,74.1024398803711,74.1024398803711,74.1024398803711,74.1024398803711,600
1996-08-09,74.42984771728516,74.42984771728516,74.10244369506836,74.10244369506836,1300
1996-08-12,75.73946380615234,75.73946380615234,74.64811706542969,74.64811706542969,3200
1996-08-13,75.73946380615234,76.1760025024414,75.52119445800781,75.73946380615234,4800
1996-08-14,75.95772552490234,76.17599485112332,75.52118687246038,75.73945619868135,6400
1996-08-15,77.92218780517578,77.92218780517578,76.17603233615223,76.17603233615223,17200
1996-08-16,78.24957275390625,78.24957275390625,77.92216868380622,77.92216868380622,23200
1996-08-19,78.5770034790039,78.5770034790039,78.2495992978414,78.5770034790039,9100
1996-08-20,78.24957275390625,78.57697682400627,78.1404380638729,78.3587074439396,3600
1996-08-21,78.03131103515625,78.5769845388986,77.92217633440778,78.5769845388986,4100
1996-08-22,78.14043426513672,78.5769730040481,78.14043426513672,78.24956894986457,6100
1996-08-23,78.35871887207031,78.57698828397022,78.1404494601704,78.35871887207031,2400
1996-08-26,78.5770034790039,78.5770034790039,78.35873402489557,78.35873402489557,600
1996-08-27,78.68611907958984,78.68611907958984,78.57698437906338,78.57698437906338,500
1996-08-28,80.43226623535156,80.75967030415218,78.68611120174826,78.68611120174826,8900
1996-08-29,80.21400451660156,80.65054331669191,80.21400451660156,80.65054331669191,1800
1996-08-30,80.43226623535156,80.43226623535156,80.32313154575135,80.32313154575135,3600
1996-09-03,80.54138946533203,80.75965881347656,80.43225479125977,80.43225479125977,2000
1996-09-04,80.10486602783203,80.54140480727526,79.88659663811042,80.54140480727526,3200
1996-09-05,79.40487670898438,79.8423691426427,79.40487670898438,79.8423691426427,1300
1996-09-06,79.18612670898438,79.84236532811961,78.96738050260596,79.6236191217412,4000
1996-09-09,79.40487670898438,79.40487670898438,78.96738427532607,78.96738427532607,1000
1996-09-10,79.40487670898438,79.8423691426427,79.40487670898438,79.62362292581354,1400
1996-09-11,79.73300170898438,79.84237482518326,79.40488236038773,79.6236285927855,2100
1996-09-12,80.71733856201172,80.71733856201172,79.73298077467011,79.73298077467011,8200
1996-09-13,81.04546356201172,81.15483665723711,80.60797118111017,80.93609046678633,8900
1996-09-16,81.26419830322266,81.81106370230222,80.93607906377493,81.15482522340675,4100
1996-09-17,81.15482330322266,81.37356945767878,80.93607714876653,81.37356945767878,1600
1996-09-18,80.60797882080078,80.93609813757473,80.60797882080078,80.93609813757473,2000
1996-09-19,80.27986145019531,80.71735388316641,80.27986145019531,80.38923455843809,3200
1996-09-20,80.71733856201172,80.93608473697651,80.06110003711731,80.06110003711731,2600
1996-09-23,80.82674407958984,80.936117210956,80.82674407958984,80.936117210956,4200
1996-09-24,80.93606567382812,81.15481179727091,80.49857342694257,80.60794648866396,3600
1996-09-25,79.29547882080078,81.04544800857018,78.42049422691609,81.04544800857018,27300
1996-09-26,79.18612670898438,79.51424601855199,78.74863429622756,79.18612670898438,3200
1996-09-27,78.85801696777344,78.9673900842336,78.74864385131328,78.9673900842336,1400
1996-09-30,80.06111907958984,80.27986530658326,78.85801483112606,78.85801483112606,4300
1996-10-01,80.17048645019531,80.27985955585724,80.17048645019531,80.27985955585724,600
1996-10-02,80.71733856201172,80.71733856201172,79.73298077467011,79.9517269496349,3000
1996-10-03,80.82674407958984,80.82674407958984,80.49862468549138,80.60799781685753,1400
1996-10-04,80.49859619140625,81.04546165466309,80.49859619140625,80.93608856201172,4600
1996-10-07,80.49859619140625,80.49859619140625,80.27985000610352,80.27985000610352,600
1996-10-08,80.71733856201172,80.93608473697651,80.49859238704691,80.71733856201172,1700
1996-10-09,79.95174407958984,81.04547518874976,79.95174407958984,80.93610207783377,2600
1996-10-10,80.06111907958984,80.06111907958984,80.06111907958984,80.06111907958984,300
1996-10-11,80.27986145019531,80.27986145019531,80.27986145019531,80.27986145019531,1400
1996-10-14,79.62359619140625,80.06108847817222,79.62359619140625,80.06108847817222,1200
1996-10-15,78.52989959716797,79.40488455089687,78.09240712030353,79.40488455089687,9500
1996-10-16,78.63926696777344,79.18613252387756,78.52989385655262,78.74864007899427,3800
1996-10-17,78.96736907958984,78.96736907958984,78.63924981748629,78.74862290485413,1300
1996-10-18,78.74866485595703,78.74866485595703,78.42054541905722,78.74866485595703,3800
1996-10-21,78.52989959716797,78.52989959716797,78.52989959716797,78.52989959716797,100
1996-10-22,78.52989959716797,78.52989959716797,78.52989959716797,78.52989959716797,100
1996-10-23,78.96736907958984,78.96736907958984,78.52987673011843,78.52987673011843,2400
1996-10-24,78.85801696777344,79.18613631715391,78.74864385131328,78.9673900842336,2200
1996-10-25,79.40487670898438,79.51424981739896,79.07675738374064,79.07675738374064,2300
1996-10-28,78.85801696777344,79.84237501591485,78.85801696777344,79.62362878299454,1800
1996-10-29,78.85801696777344,78.85801696777344,78.85801696777344,78.85801696777344,0
1996-10-30,78.74866485595703,78.74866485595703,78.74866485595703,78.74866485595703,100
1996-10-31,78.42051696777344,78.96738249753476,78.42051696777344,78.96738249753476,1300
1996-11-01,78.31114196777344,78.52988817438734,78.2017688644665,78.42051507108039,2900
1996-11-04,77.76428985595703,77.87366297811731,77.65491673379675,77.87366297811731,1800
1996-11-05,76.88929748535156,77.54553615521232,76.88929748535156,77.54553615521232,3500
1996-11-06,76.5611801147461,76.88929945809501,76.5611801147461,76.88929945809501,4400
1996-11-07,76.5611801147461,76.99867257254465,76.45180700029645,76.67055322919573,33600
1996-11-08,76.34242248535156,76.56116868158466,76.12367628911846,76.56116868158466,4100
1996-11-11,75.90492248535156,76.56116100827967,75.90492248535156,76.3424148339703,5400
1996-11-12,77.32676696777344,77.32676696777344,75.90491693866304,76.12366309698771,4500
1996-11-13,77.87366485595703,77.87366485595703,77.10805298237318,77.10805298237318,2200
1996-11-14,78.52989959716797,78.7486458356002,78.09240712030353,78.09240712030353,2700
1996-11-15,78.74866485595703,78.74866485595703,78.74866485595703,78.74866485595703,1400
1996-11-18,78.52989959716797,79.18613831246464,78.52989959716797,78.96739207403242,1200
1996-11-19,78.74866485595703,78.74866485595703,78.74866485595703,78.74866485595703,200
1996-11-20,79.18612670898438,79.18612670898438,78.96738050260596,78.96738050260596,3200
1996-11-21,79.40487670898438,79.40487670898438,78.96738427532607,79.40487670898438,5500
1996-11-22,79.51422119140625,79.51422119140625,78.74860970813273,79.51422119140625,34900
1996-11-25,79.95174407958984,79.95174407958984,79.18613230317791,79.2955054140939,1700
1996-11-26,80.27986145019531,80.93610009965195,80.06111523370977,80.27986145019531,57100
1996-11-27,80.27986145019531,80.49860766668087,80.27986145019531,80.27986145019531,400
1996-11-29,80.27986145019531,80.49860766668087,80.27986145019531,80.49860766668087,300
1996-12-02,80.38924407958984,80.38924407958984,80.38924407958984,80.38924407958984,400
1996-12-03,81.26419830322266,81.26419830322266,80.49858674451127,80.49858674451127,2300
1996-12-04,80.38924407958984,81.26422904916362,80.27987095839312,81.26422904916362,5200
1996-12-05,80.67422485351562,80.7838365720666,80.56461313496466,80.56461313496466,1800
1996-12-06,81.4415054321289,81.55111714872666,80.45499998274916,80.45499998274916,5100
1996-12-09,81.11263275146484,81.55107941498628,81.00302108558448,81.55107941498628,2200
1996-12-10,82.64723205566406,82.64723205566406,80.23577435642717,80.67422121083388,209800
1996-12-11,81.98957061767578,82.42801751937458,81.98957061767578,82.42801751937458,1100
1996-12-12,81.11263275146484,81.55107941498628,80.89340941970413,81.55107941498628,3300
1996-12-13,80.78382873535156,81.11266385910469,80.67421702743385,81.11266385910469,1700
1996-12-16,80.89344024658203,81.11266366188443,80.67421683127965,81.11266366188443,3100
1996-12-17,80.89344024658203,81.11266366188443,80.78382853893083,80.78382853893083,2100
1996-12-18,81.11263275146484,81.11263275146484,80.89340941970413,81.11263275146484,2200
1996-12-19,81.55113983154297,81.9895868198846,81.55113983154297,81.55113983154297,7800
1996-12-20,81.98957061767578,81.98957061767578,81.77034716682638,81.77034716682638,1000
1996-12-23,81.98957061767578,82.20879406852518,81.77034716682638,82.20879406852518,2600
1996-12-24,81.55113983154297,81.8799750727992,81.44152808445756,81.8799750727992,5600
1996-12-26,82.42801666259766,82.42801666259766,81.66073459260006,81.77034631688544,1400
1996-12-27,83.4145278930664,83.4145278930664,82.64724577052834,82.64724577052834,800
1996-12-30,83.74335479736328,83.74335479736328,83.41451963454641,83.52413135548537,600
1996-12-31,83.96258544921875,83.96258544921875,83.30491506710999,83.96258544921875,1600
1997-01-02,83.96258544921875,85.05870275273335,83.96258544921875,85.05870275273335,6100
1997-01-03,84.29139709472656,84.83945559339189,84.1817853949935,84.1817853949935,3900
1997-01-06,83.30489349365234,84.181787109375,83.30489349365234,84.181787109375,2100
1997-01-07,83.63374328613281,83.63374328613281,82.42801435278096,83.08568468006379,6500
1997-01-08,84.62024688720703,84.62024688720703,83.74335313708053,83.74335313708053,4400
1997-01-09,85.27792358398438,85.49714703792777,84.83947667609756,84.83947667609756,1700
1997-01-10,84.1817855834961,85.60673768321674,84.1817855834961,85.49712598323822,4300
1997-01-13,84.62024688720703,84.83947032473866,84.4010234496754,84.4010234496754,1300
1997-01-14,85.0586929321289,85.0586929321289,84.40102262595265,84.62024606134473,3300
1997-01-15,84.94908142089844,85.27791657478579,84.6202462670111,85.27791657478579,11400
1997-01-16,84.7298812866211,85.27794002715551,84.62026953851421,85.05871653094175,5000
1997-01-17,84.83944702148438,84.83944702148438,84.40100026685138,84.40100026685138,1500
1997-01-20,84.62024688720703,84.83947032473866,84.4010234496754,84.83947032473866,1500
1997-01-21,85.16829681396484,85.16829681396484,84.62023827590843,84.62023827590843,1900
1997-01-22,85.93558502197266,85.93558502197266,85.1683030128479,85.1683030128479,2900
1997-01-23,86.70287322998047,86.8124849534065,86.15481461285039,86.15481461285039,2000
1997-01-24,85.60675811767578,86.92209883139166,85.60675811767578,86.81248710524868,3400
1997-01-27,86.15481567382812,86.15481567382812,85.82598049950055,85.82598049950055,1400
1997-01-28,87.03170013427734,87.03170013427734,86.15480643015364,86.15480643015364,1400
1997-01-29,87.47017669677734,87.47017669677734,87.25095319628416,87.25095319628416,400
1997-01-30,87.57976531982422,87.57976531982422,87.25093015592,87.25093015592,400
1997-01-31,87.68939208984375,87.68939208984375,87.36055686950684,87.36055686950684,4100
1997-02-03,88.12782287597656,88.56626975595654,87.68937599599657,87.90859943598657,3900
1997-02-04,87.68939208984375,87.68939208984375,87.57978034973145,87.68939208984375,8400
1997-02-05,88.12782287597656,88.12782287597656,87.68937599599657,87.68937599599657,1000
1997-02-06,89.00470733642578,89.00470733642578,88.12781366808662,88.12781366808662,2200
1997-02-07,89.88158416748047,89.88158416748047,88.89507897539836,89.00469066340749,3000
1997-02-10,89.88158416748047,90.10080754349872,89.66236079146222,90.10080754349872,2000
1997-02-11,89.77197265625,89.77197265625,89.4431375915751,89.66236096802503,1800
1997-02-12,89.00470733642578,89.88160100476495,89.00470733642578,89.55276587913777,6300
1997-02-13,89.44317626953125,89.44317626953125,89.00472932703354,89.2239527982824,1000
1997-02-14,90.97770690917969,90.97770690917969,89.00469639789627,89.44314317818147,6000
1997-02-18,91.52581024169922,91.52581024169922,90.86813974894449,91.19697499532185,700
1997-02-19,89.22395324707031,91.19696449823404,88.01822414913693,91.19696449823404,7400
1997-02-20,90.100830078125,90.32005350897201,89.44315978558393,89.88160664727798,3800
1997-02-21,90.5392837524414,90.5392837524414,89.44316651572905,90.10083685775646,25400
1997-02-24,90.5392837524414,90.86811892345511,90.32006030509893,90.32006030509893,2400
1997-02-25,92.07383728027344,92.29306070236933,90.7584967476981,90.7584967476981,4300
1997-02-26,91.9642333984375,92.29306855957613,91.85462167805795,92.29306855957613,6500
1997-02-27,92.73152160644531,92.73152160644531,91.74501605744058,91.74501605744058,2800
1997-02-28,93.38919067382812,93.38919067382812,92.51229686468419,92.51229686468419,1600
1997-03-03,94.37568664550781,94.48529836054325,93.60840464025978,93.60840464025978,3500
1997-03-04,94.37568664550781,94.81413350564955,94.26607493047239,94.48529836054325,5000
1997-03-05,92.84113311767578,94.48530902885066,92.73152139026412,94.48530902885066,12000
1997-03-06,92.95074462890625,93.1699680832197,92.51229772027934,92.51229772027934,4600
1997-03-07,94.33445739746094,94.33445739746094,92.90681136001392,92.90681136001392,2300
1997-03-10,95.32281494140625,95.32281494140625,94.4442636516237,94.66390147406933,900
1997-03-11,96.42100524902344,96.42100524902344,95.32281612318035,95.32281612318035,3900
1997-03-12,95.54248046875,96.3112130702227,95.54248046875,96.20139412715517,1600
1997-03-13,95.98175048828125,95.98175048828125,95.65229367882492,95.65229367882492,3200
1997-03-14,95.76210021972656,95.98173806426722,95.76210021972656,95.76210021972656,4400
1997-03-17,95.65226745605469,95.9817241751915,95.65226745605469,95.9817241751915,7300
1997-03-18,95.76210021972656,95.87191914199688,95.76210021972656,95.76210021972656,2100
1997-03-19,94.2246322631836,95.98173496273014,94.2246322631836,95.76209712528683,8000
1997-03-20,90.82025909423828,94.33446500840469,90.49080228978518,94.224646073587,19900
1997-03-21,92.24788665771484,92.24788665771484,90.82024079277402,90.82024079277402,6900
1997-03-24,92.35773468017578,92.46755362747682,92.02827783827266,92.35773468017578,2700
1997-03-25,93.12645721435547,93.12645721435547,92.35772466659546,92.35772466659546,1900
1997-03-26,91.8086166381836,92.79698691299657,91.8086166381836,92.68716799357291,4600
1997-03-27,91.36933135986328,91.69878808351663,91.36933135986328,91.58896917563219,6800
1997-03-31,89.72206115722656,90.49079362736192,89.61224223292152,90.49079362736192,3000
1997-04-01,89.72206115722656,89.94169900583667,89.61224223292152,89.72206115722656,6800
1997-04-02,89.28279876708984,89.83189347045447,89.1729798264169,89.61225558910863,3800
1997-04-03,88.51406860351562,88.9533443782229,88.51406860351562,88.84352543454608,1700
1997-04-04,89.17296600341797,89.83187954531515,88.9533281561189,88.9533281561189,10300
1997-04-07,89.39260864257812,89.6122465016508,89.39260864257812,89.39260864257812,2000
1997-04-08,89.61224365234375,89.61224365234375,88.95333009607651,89.17296794816559,1900
1997-04-09,89.39260864257812,89.72206543118713,88.73369506536011,88.73369506536011,33200
1997-04-10,88.9533462524414,89.39262203640409,88.9533462524414,89.17298414442274,400
1997-04-11,87.63550567626953,88.73369497045837,87.63550567626953,88.73369497045837,2600
1997-04-14,87.8551254272461,87.96494433403015,87.19621198654175,87.41584980010987,2500
1997-04-15,88.07478332519531,88.29442118884917,87.41586973423375,87.41586973423375,4000
1997-04-16,87.96497344970703,88.51406816537312,87.96497344970703,88.07479239284025,1500
1997-04-17,88.07478332519531,88.07478332519531,87.52568866606069,87.63550759788761,1900
1997-04-18,89.61224365234375,89.61224365234375,88.51405439189837,88.51405439189837,3400
1997-04-21,87.52567291259766,89.61223224175619,87.41585400053668,89.61223224175619,4000
1997-04-22,88.07478332519531,88.51405905250303,87.52568866606069,87.52568866606069,2400
1997-04-23,88.29440307617188,88.29440307617188,87.855127438977,87.855127438977,400
1997-04-24,87.41586303710938,88.0747765775901,87.41586303710938,88.0747765775901,5500
1997-04-25,87.1961898803711,87.5256465171987,86.53727660671589,86.97655212248603,4400
1997-04-28,86.09803771972656,86.53731342237823,86.09803771972656,86.3176755710524,4000
1997-04-29,88.73368835449219,88.73368835449219,86.31767208741444,86.31767208741444,4600
1997-04-30,87.74532318115234,88.29441781933227,87.74532318115234,88.29441781933227,1400
1997-05-01,90.27115631103516,90.27115631103516,87.85513996207801,87.85513996207801,4000
1997-05-02,89.17296600341797,90.0515173926142,88.9533281561189,90.0515173926142,6300
1997-05-05,89.39260864257812,89.50242757211446,88.95333292443277,89.50242757211446,7300
1997-05-06,88.29440307617188,89.61222998775652,88.29440307617188,89.06313544126292,3700
1997-05-07,87.74532318115234,88.62387460224024,87.63550425351636,88.29441781933227,3100
1997-05-08,87.1961898803711,88.07474091191136,87.1961898803711,87.63546539614123,4000
1997-05-09,87.96497344970703,87.96497344970703,87.19624084777452,87.19624084777452,35100
1997-05-12,88.29440307617188,88.73367871336676,88.29440307617188,88.29440307617188,1000
1997-05-13,89.83186340332031,89.83186340332031,88.51403655632784,88.62385546024387,2700
1997-05-14,89.17296600341797,90.0515173926142,89.17296600341797,89.94169846896467,1800
1997-05-15,89.28279876708984,89.83189347045447,89.1729798264169,89.39261770776277,5300
1997-05-16,88.51406860351562,88.9533443782229,88.40424965983881,88.9533443782229,1500
1997-05-19,88.29440307617188,88.4042219854706,88.18458416687315,88.4042219854706,1400
1997-05-20,87.96497344970703,88.07479239284025,87.85515450657383,88.07479239284025,800
1997-05-21,88.29440307617188,88.29440307617188,87.63548962037954,88.18458416687315,152400
1997-05-22,87.8551254272461,87.8551254272461,87.41584980010987,87.8551254272461,3000
1997-05-23,87.74532318115234,87.85514210878833,87.74532318115234,87.85514210878833,4200
1997-05-27,87.63550567626953,88.29441925278283,87.63550567626953,87.85514353510729,3300
1997-05-28,88.51406860351562,88.73370649086927,87.41587916674744,87.41587916674744,2600
1997-05-29,88.9533462524414,88.9533462524414,88.51407046847874,88.51407046847874,1400
1997-05-30,89.17296600341797,89.83187954531515,88.51405246152079,88.73369030881985,2500
1997-06-02,90.49080657958984,90.49080657958984,89.3926171793521,89.3926171793521,45500
1997-06-03,90.82025909423828,90.82025909423828,90.49080228978518,90.49080228978518,1300
1997-06-04,89.83186340332031,90.16132011506843,89.17294997982408,89.61222559548824,6600
1997-06-05,90.44808197021484,90.88821862213803,90.00794531829166,90.22801364425325,257300
1997-06-06,90.77819061279297,91.32836146499172,90.66815644235322,90.66815644235322,3200
1997-06-09,92.53868865966797,92.53868865966797,90.99821108388277,90.99821108388277,3300
1997-06-10,92.97888946533203,92.97888946533203,91.9885817668847,91.9885817668847,4700
1997-06-11,93.63906860351562,94.29927355254159,93.30896612900264,93.30896612900264,2800
1997-06-12,94.07920837402344,94.1892425358644,93.74910588850055,93.74910588850055,600
1997-06-13,95.06951904296875,95.06951904296875,94.18924571849682,94.18924571849682,1000
1997-06-16,94.18922424316406,94.95946322646097,94.18922424316406,94.95946322646097,2100
1997-06-17,95.50962829589844,95.50962829589844,94.18921868812104,94.62935522404685,3400
1997-06-18,96.38990783691406,96.38990783691406,95.72970298871601,95.72970298871601,3600
1997-06-19,97.27017974853516,97.27017974853516,96.60997490861297,96.60997490861297,3600
1997-06-20,93.96918487548828,93.96918487548828,92.42870643490652,93.30897982952467,14400
1997-06-23,93.7491226196289,94.18925934554267,93.7491226196289,93.96919098258579,3700
1997-06-24,93.25396728515625,94.409326171875,93.25396728515625,94.1892578125,5200
1997-06-25,91.98856353759766,93.52904187435169,90.77818770157664,93.52904187435169,7100
1997-06-26,93.0888671875,93.30893543144208,92.42866245567376,92.42866245567376,5800
1997-06-27,92.86882781982422,92.86882781982422,91.5484179456087,92.42869119508572,9000
1997-06-30,92.4286880493164,93.52902957371303,92.4286880493164,92.86882465907506,6100
1997-07-01,93.3089599609375,93.3089599609375,92.09858430106685,92.48370382920751,5600
1997-07-02,92.48370361328125,92.48370361328125,92.42868653796104,92.42868653796104,1700
1997-07-03,91.54838562011719,92.53869267610403,91.54838562011719,92.53869267610403,7200
1997-07-07,91.98856353759766,92.26364895487517,91.54842686995366,91.54842686995366,3100
1997-07-08,91.98856353759766,92.42870020524167,91.76849520377566,91.76849520377566,1900
1997-07-09,93.0888671875,93.30893543144208,92.42866245567376,92.42866245567376,14600
1997-07-10,92.4286880493164,92.86882465907506,92.4286880493164,92.86882465907506,3400
1997-07-11,92.4286880493164,92.75879050663539,92.4286880493164,92.64875635419573,4400
1997-07-14,88.9075927734375,92.09858310812771,87.58718297977259,92.09858310812771,29200
1997-07-15,88.79756164550781,88.79756164550781,88.08233964960223,88.2473908794266,9500
1997-07-16,89.67784118652344,89.67784118652344,88.90760205976802,88.90760205976802,2500
1997-07-17,90.22798919677734,90.22798919677734,89.78785266411013,89.78785266411013,2500
1997-07-18,90.66814422607422,90.66814422607422,90.22800760361754,90.22800760361754,1100
1997-07-21,91.76850128173828,91.76850128173828,90.668159539751,90.668159539751,8800
1997-07-22,92.4286880493164,92.4286880493164,91.60343190601894,91.76848313467843,7800
1997-07-23,91.54838562011719,92.37364150010622,91.54838562011719,92.20859032410841,2700
1997-07-24,91.98856353759766,92.64876853906367,91.10829020230965,91.10829020230965,6000
1997-07-25,91.54838562011719,92.42865855877216,91.54838562011719,91.98852208944467,2800
1997-07-28,92.86882781982422,92.86882781982422,91.9885545703472,91.9885545703472,4700
1997-07-29,92.86882781982422,93.08889613219347,92.86882781982422,92.86882781982422,2300
1997-07-30,94.18922424316406,94.18922424316406,92.86881455751224,92.86881455751224,1500
1997-07-31,93.52902221679688,94.18922707950368,93.52902221679688,94.18922707950368,5600
1997-08-01,94.13421630859375,94.13421630859375,93.30896017497078,93.52902847727023,2200
1997-08-04,93.7491226196289,94.18925934554267,93.7491226196289,93.7491226196289,7100
1997-08-05,93.52902221679688,93.52902221679688,92.97885149787454,93.52902221679688,5300
1997-08-06,92.4286880493164,93.3089612688337,92.4286880493164,93.3089612688337,1300
1997-08-07,94.18922424316406,94.40929252410604,92.86881455751224,92.86881455751224,7500
1997-08-08,92.86882781982422,93.96916938167048,92.86882781982422,93.96916938167048,2900
1997-08-11,93.3089599609375,93.3089599609375,92.53872090465617,92.53872090465617,4000
1997-08-12,93.96918487548828,94.40932157279737,93.30897982952467,93.30897982952467,2400
1997-08-13,93.3089599609375,93.74909656452682,93.3089599609375,93.74909656452682,600
1997-08-14,92.86882781982422,93.14391321028579,92.86882781982422,93.08889613219347,600
1997-08-15,92.4286880493164,92.86882465907506,92.4286880493164,92.4286880493164,4900
1997-08-18,90.00789642333984,90.00789642333984,89.78782821692582,89.78782821692582,7100
1997-08-19,90.66814422607422,91.54841747098756,90.22800760361754,90.22800760361754,8300
1997-08-20,91.54838562011719,91.54838562011719,90.6681126814622,90.6681126814622,1000
1997-08-21,90.66814422607422,91.76848578221589,90.66814422607422,91.76848578221589,2700
1997-08-22,91.76850128173828,91.76850128173828,89.89792032035992,90.44809119135356,9800
1997-08-25,91.76850128173828,91.98856963013573,91.54843293334082,91.54843293334082,600
1997-08-26,91.76850128173828,91.76850128173828,91.32836458494337,91.76850128173828,3300
1997-08-27,92.48370361328125,92.64875483924189,91.65844748347803,92.09858408603975,7400
1997-08-28,92.70379638671875,92.86884765625,92.4287109375,92.4287109375,10000
1997-08-29,92.86882781982422,93.1989302883781,91.9885545703472,91.9885545703472,14900
1997-09-02,93.7491226196289,93.7491226196289,93.14393462149751,93.19895171223672,8700
1997-09-03,93.4739990234375,94.1342038429085,93.4739990234375,94.07918677461926,4300
1997-09-04,93.54016876220703,93.54016876220703,93.4850478613454,93.4850478613454,500
1997-09-05,93.87088012695312,94.3669681605072,93.815759234336,93.92600101957024,4700
1997-09-08,93.37477111816406,94.25670520192476,93.37477111816406,94.03622168098458,3500
1997-09-09,94.03624725341797,94.03624725341797,93.81576367251898,93.81576367251898,1000
1997-09-10,93.98111724853516,94.25672169794436,93.92599635865332,94.25672169794436,600
1997-09-11,92.60308837890625,93.70550609770275,92.38260483514695,93.70550609770275,3500
1997-09-12,93.26454162597656,93.37478340094817,93.04405807603337,93.04405807603337,1100
1997-09-15,93.59529113769531,93.92601654807586,93.48504933423513,93.48504933423513,5400
1997-09-16,94.14647674560547,94.31183940967854,93.48502608931317,93.48502608931317,3200
1997-09-17,94.09136962890625,94.14649052499817,94.03624873281433,94.14649052499817,800
1997-09-18,93.92599487304688,93.92599487304688,93.0440606488868,93.70551131700685,2300
1997-09-19,93.87088012695312,94.20160548265584,93.48503387863329,93.48503387863329,2900
1997-09-22,94.36697387695312,95.19378731629558,93.9260067093038,94.2567320850408,15800
1997-09-23,94.9181900024414,94.9181900024414,94.14649740079554,94.14649740079554,2900
1997-09-24,95.02840423583984,95.02840423583984,94.9181624675848,94.9181624675848,600
1997-09-25,92.60308837890625,95.24889090401786,92.60308837890625,95.02840736025856,17600
1997-09-26,93.15431213378906,93.15431213378906,92.60310318625184,92.60310318625184,2100
1997-09-29,94.36697387695312,94.36697387695312,93.04407237400518,93.04407237400518,4600
1997-09-30,94.58744812011719,94.75281079165586,94.58744812011719,94.69768990114297,5000
1997-10-01,95.24890899658203,95.46939258222227,94.80794182530155,95.0284254109418,12300
1997-10-02,96.57181549072266,96.57181549072266,95.63476020342684,95.63476020342684,3400
1997-10-03,97.45375061035156,97.45375061035156,97.01278341301966,97.01278341301966,4700
1997-10-06,97.89470672607422,97.89470672607422,97.45373957865947,97.56398136551316,2700
1997-10-07,98.5561294555664,98.5561294555664,98.33564594448012,98.33564594448012,600
1997-10-08,98.5561294555664,98.5561294555664,98.5561294555664,98.5561294555664,100
1997-10-09,98.77664184570312,98.77664184570312,98.11519111905778,98.33567469460624,1700
1997-10-10,97.67424011230469,97.94984462729427,97.45375650031303,97.89472372429636,6300
1997-10-13,97.89470672607422,97.89470672607422,97.45373957865947,97.45373957865947,1200
1997-10-14,97.89470672607422,98.11519029978159,97.89470672607422,98.11519029978159,700
1997-10-15,97.50887298583984,98.11520289134818,97.50887298583984,98.11520289134818,3000
1997-10-16,97.0678939819336,97.56398202613428,97.0678939819336,97.23325666333382,3400
1997-10-17,95.4142837524414,97.01278995048925,95.24892104229853,97.01278995048925,11500
1997-10-20,95.46937561035156,95.46937561035156,95.24889206390733,95.24889206390733,2100
1997-10-21,95.63473510742188,96.13082307051513,95.5244933378456,95.5244933378456,2600
1997-10-22,97.45375061035156,97.45375061035156,95.9103654196899,95.9103654196899,8800
1997-10-23,96.35131072998047,97.89469557004881,96.35131072998047,97.23324492430524,4600
1997-10-24,96.13082122802734,96.35130476295402,96.13082122802734,96.13082122802734,1600
1997-10-27,93.59529113769531,96.13085261727952,93.48504933423513,96.13085261727952,4100
1997-10-28,94.36697387695312,94.36697387695312,92.82358879018052,93.26455595782984,8300
1997-10-29,96.57181549072266,96.57181549072266,94.8079467146364,94.8079467146364,6400
1997-10-30,95.35912322998047,96.13081555669707,95.24888146902094,96.13081555669707,8600
1997-10-31,105.39114379882812,106.2730780565589,105.39114379882812,106.2730780565589,12300
1997-11-03,106.05259704589844,106.05259704589844,105.39114633667246,105.39114633667246,4700
1997-11-04,106.05259704589844,106.05259704589844,105.83211347615645,105.83211347615645,3200
1997-11-05,106.05259704589844,106.27308061564044,105.94235526102744,106.05259704589844,3700
1997-11-06,105.94234466552734,106.16282821321835,105.94234466552734,106.05258643937285,1900
1997-11-07,104.95015716552734,105.8320912593553,104.95015716552734,105.8320912593553,4900
1997-11-10,105.61160278320312,105.8872071745998,105.17063575696847,105.17063575696847,3300
1997-11-11,105.55651092529297,105.83211539246084,105.5013900318594,105.83211539246084,2100
1997-11-12,105.72185516357422,106.05258046648426,105.3911298606642,106.05258046648426,15300
1997-11-13,105.94234466552734,105.94234466552734,105.39113579629984,105.72186111783634,10400
1997-11-14,105.88720703125,106.60377844791124,105.88720703125,106.27305317868297,2500
1997-11-17,106.43842315673828,106.71402756677644,105.88721433666196,105.88721433666196,2100
1997-11-18,105.6667251586914,106.27305482835526,105.17063724714825,106.27305482835526,10900
1997-11-19,105.6667251586914,106.38329658647595,105.6667251586914,105.6667251586914,4900
1997-11-20,105.22578430175781,106.05259769333789,105.22578430175781,105.77699322947787,17300
1997-11-21,105.83209991455078,105.88722079992294,105.225770175457,105.225770175457,9700
1997-11-24,106.43842315673828,106.93451109480698,105.55648904461616,105.55648904461616,5900
1997-11-25,107.59597778320312,107.59597778320312,106.32819730727398,106.32819730727398,1800
1997-11-26,108.25743865966797,108.25743865966797,107.5959879142932,107.5959879142932,3300
1997-11-28,108.14720153808594,108.69841051636365,108.14720153808594,108.31256423156925,1800
1997-12-01,108.91886901855469,109.35983609960147,106.82427538358249,108.14717662672282,25400
1997-12-02,108.58814239501953,108.91886770180639,108.58814239501953,108.91886770180639,11000
1997-12-03,108.03694152832031,108.03694152832031,108.03694152832031,108.03694152832031,1900
1997-12-04,107.99278259277344,107.99278259277344,107.99278259277344,107.99278259277344,900
1997-12-05,107.99278259277344,107.99278259277344,107.99278259277344,107.99278259277344,300
1997-12-08,107.88235473632812,107.99277679849428,107.77193267416197,107.99277679849428,2600
1997-12-09,109.53868865966797,109.53868865966797,107.93756871454177,107.93756871454177,3500
1997-12-10,108.21363830566406,109.53870326450892,107.99279414585659,109.09701494489397,3200
1997-12-11,107.77191925048828,107.99276334731306,107.77191925048828,107.99276334731306,300
1997-12-12,107.77191925048828,107.77191925048828,107.77191925048828,107.77191925048828,0
1997-12-15,107.3302230834961,107.77191124433354,107.3302230834961,107.77191124433354,1500
1997-12-16,107.88235473632812,107.88235473632812,107.49587751874661,107.49587751874661,3200
1997-12-17,108.21363830566406,109.09701494489397,107.33026166643415,107.33026166643415,3400
1997-12-18,107.3302230834961,108.43444348558968,107.3302230834961,108.43444348558968,1600
1997-12-19,106.44685363769531,107.33023001643137,106.44685363769531,107.33023001643137,3400
1997-12-22,106.06037902832031,106.94375542834796,106.06037902832031,106.94375542834796,1200
1997-12-23,105.78429412841797,106.06034917572595,105.67387210949478,106.06034917572595,1700
1997-12-24,105.8947525024414,106.00517455927398,105.56348633194368,106.00517455927398,900
1997-12-26,105.12179565429688,105.2322177085556,105.12179565429688,105.2322177085556,2200
1997-12-29,105.67390441894531,105.67390441894531,105.23221620820782,105.23221620820782,700
1997-12-30,105.7291030883789,105.7843141082684,105.7291030883789,105.7843141082684,3800
1997-12-31,106.88855743408203,106.88855743408203,105.5634926725025,106.00518092636234,9900
1998-01-02,107.77191925048828,107.77191925048828,107.77191925048828,107.77191925048828,1100
1998-01-05,108.21363830566406,108.21363830566406,108.21363830566406,108.21363830566406,300
1998-01-06,108.87616729736328,109.09701145009628,107.88236861006483,107.88236861006483,3900
1998-01-07,106.88855743408203,108.65531044952141,106.88855743408203,108.65531044952141,7000
1998-01-08,106.5020523071289,106.66768535892848,106.5020523071289,106.55726332439542,500
1998-01-09,112.1888198852539,112.1888198852539,106.1156062103632,106.1156062103632,18900
1998-01-12,112.29920959472656,112.29920959472656,111.30541127972899,111.96794348972738,6000
1998-01-13,113.51388549804688,113.95557376846729,111.96797655157542,112.24403172058818,3000
1998-01-14,114.39725494384766,114.39725494384766,113.07219021476834,113.07219021476834,2600
1998-01-15,114.39725494384766,114.39725494384766,113.95556670082122,114.39725494384766,600
1998-01-16,115.7223129272461,115.7223129272461,113.95556005812783,114.61809238404719,5700
1998-01-20,114.94939422607422,115.2806604918554,114.83897213748048,115.2806604918554,900
1998-01-21,114.94939422607422,114.94939422607422,114.94939422607422,114.94939422607422,200
1998-01-22,115.7223129272461,115.7223129272461,114.94935854700685,114.94935854700685,1300
1998-01-23,115.7223129272461,115.7223129272461,115.7223129272461,115.7223129272461,400
1998-01-26,115.94316101074219,115.94316101074219,115.72231689453125,115.72231689453125,800
1998-01-27,115.7223129272461,116.60568936180523,115.7223129272461,116.60568936180523,400
1998-01-28,115.77751159667969,116.10877772428105,115.05976832021004,115.72230057541279,3600
1998-01-29,116.60565185546875,116.60565185546875,115.7774867144498,115.7774867144498,1700
1998-01-30,116.16400909423828,116.6056973417449,115.72232084673168,116.38485321799159,2300
1998-02-02,115.17021942138672,115.28064149178114,115.17021942138672,115.28064149178114,7900
1998-02-03,113.95555877685547,114.83893520148226,113.95555877685547,114.83893520148226,1800
1998-02-04,113.73469543457031,113.73469543457031,113.73469543457031,113.73469543457031,400
1998-02-05,113.07218170166016,113.40344785898924,113.07218170166016,113.40344785898924,1300
1998-02-06,112.1888198852539,112.85135228615108,112.1888198852539,112.85135228615108,4800
1998-02-09,111.74712371826172,112.18881195430228,111.74712371826172,112.18881195430228,3500
1998-02-10,111.74712371826172,111.74712371826172,111.30543548222117,111.30543548222117,8900
1998-02-11,111.74712371826172,111.74712371826172,111.74712371826172,111.74712371826172,0
1998-02-12,111.52627563476562,112.18880796526918,111.52627563476562,111.74711974493347,700
1998-02-13,111.30543518066406,111.74712341550797,111.30543518066406,111.74712341550797,1000
1998-02-17,112.1888198852539,112.63050815251869,111.96797575162152,112.63050815251869,5700
1998-02-18,113.51388549804688,113.51388549804688,112.18882068678563,112.18882068678563,2000
1998-02-19,114.39725494384766,114.83894318687409,113.51387845779477,113.51387845779477,4800
1998-02-20,113.95555877685547,114.17640288301216,113.73471467069876,113.95555877685547,3000
1998-02-23,114.17639923095703,114.17639923095703,113.95555513186426,114.17639923095703,500
1998-02-24,114.61808776855469,114.61808776855469,114.17639956906122,114.17639956906122,600
1998-02-25,114.83894348144531,115.94316409184383,114.83894348144531,114.83894348144531,5000
1998-02-26,114.50767517089844,114.67330825938093,114.45246414140426,114.67330825938093,1600
1998-02-27,115.50147247314453,115.72231658877196,113.07218720124283,114.50767395282111,116700
1998-03-02,115.39105224609375,115.55668533544221,115.28063018652811,115.28063018652811,4300
1998-03-03,113.95555877685547,115.1702013607173,113.95555877685547,115.1702013607173,10100
1998-03-04,115.7223129272461,115.7223129272461,113.51387184084827,113.51387184084827,3600
1998-03-05,117.84892272949219,118.29196379238502,116.07675847792088,116.07675847792088,8200
1998-03-06,117.40589141845703,117.40589141845703,116.96285031876474,116.96285031876474,1600
1998-03-09,117.84892272949219,117.84892272949219,117.46126179946097,117.46126179946097,900
1998-03-10,117.84892272949219,117.84892272949219,117.84892272949219,117.84892272949219,0
1998-03-11,118.07042694091797,118.07042694091797,117.84890644009073,117.84890644009073,500
1998-03-12,119.28881072998047,119.28881072998047,118.18120803053775,118.18120803053775,1600
1998-03-13,119.62107849121094,119.62107849121094,119.28879771762425,119.28879771762425,1200
1998-03-16,119.84262084960938,119.84262084960938,119.39957973741119,119.39957973741119,600
1998-03-17,120.28562927246094,120.28562927246094,119.95334852861436,119.95334852861436,2100
1998-03-18,120.50714111328125,120.50714111328125,120.06410015330594,120.06410015330594,700
1998-03-19,121.39324951171875,121.39324951171875,120.50716739849453,120.50716739849453,1800
1998-03-20,120.95018768310547,121.39322866362967,120.95018768310547,121.17170817336758,8200
1998-03-23,121.17174530029297,121.17174530029297,120.95022474215715,121.17174530029297,1100
1998-03-24,121.39324951171875,121.39324951171875,120.95020845510665,120.95020845510665,600
1998-03-25,121.44862365722656,121.61476404526655,121.17172301049327,121.3932435278799,1700
1998-03-26,121.670166015625,121.670166015625,121.39326531918526,121.50402559776116,2900
1998-03-27,121.17174530029297,121.5040261374967,120.95022474215715,121.5040261374967,2000
1998-03-30,120.89483642578125,121.17173710472257,120.83945628999298,120.95021656156952,4900
1998-03-31,119.84262084960938,121.39326474230302,119.84262084960938,121.06098390815438,9800
1998-04-01,120.4517822265625,120.4517822265625,120.11950144800646,120.1748815777658,800
1998-04-02,121.83627319335938,121.83627319335938,120.50715021306817,120.50715021306817,4600
1998-04-03,123.38694763183594,123.38694763183594,121.8363037657267,121.8363037657267,5300
1998-04-06,123.60845184326172,124.0514928892949,123.60845184326172,123.82997236627831,1200
1998-04-07,123.8299789428711,124.49454054721566,123.8299789428711,123.8299789428711,3600
1998-04-08,121.6147689819336,123.60845371934235,121.6147689819336,123.60845371934235,3400
1998-04-09,122.27933502197266,122.50085555643275,121.39325288413228,121.39325288413228,2600
1998-04-13,120.72869873046875,121.83630147111526,120.72869873046875,121.83630147111526,2100
1998-04-14,121.6147689819336,121.6147689819336,120.50716635003985,120.95020740279735,3700
1998-04-15,121.44862365722656,121.83628456265319,121.3932435278799,121.3932435278799,4600
1998-04-16,121.39324951171875,121.44862964379527,121.39324951171875,121.44862964379527,400
1998-04-17,121.00559997558594,121.00559997558594,120.95021983829734,120.95021983829734,700
1998-04-20,122.27933502197266,122.27933502197266,121.00559194882712,121.00559194882712,2700
1998-04-21,121.83627319335938,121.83627319335938,121.83627319335938,121.83627319335938,200
1998-04-22,121.83627319335938,122.39007443514737,121.83627319335938,122.27931418678976,1000
1998-04-23,121.83627319335938,122.05779369007458,121.83627319335938,122.05779369007458,500
1998-04-24,122.72239685058594,122.94391742251841,121.83631456285609,121.83631456285609,3100
1998-04-27,121.83627319335938,122.27931418678976,121.83627319335938,122.27931418678976,2300
1998-04-28,121.39324951171875,121.83629056833087,121.17172898341269,121.44862964379527,4600
1998-04-29,123.16536712646484,123.16536712646484,122.27928534857661,122.27928534857661,3200
1998-04-30,123.71922302246094,124.05150383630819,123.60846275117852,123.60846275117852,1600
1998-05-01,124.93756866455078,124.93756866455078,123.38692508183472,123.82996610546788,4900
1998-05-04,125.49139404296875,125.49139404296875,124.71607210272093,124.93759265707745,1700
1998-05-05,124.49456787109375,124.71608845449427,124.49456787109375,124.60532816279401,2400
1998-05-06,124.10688781738281,124.49454877888289,124.05150768002565,124.49454877888289,1400
1998-05-07,125.26988983154297,125.38065012317121,124.27304720688878,124.27304720688878,4800
1998-05-08,125.82369232177734,125.82369232177734,125.82369232177734,125.82369232177734,900
1998-05-11,127.59584045410156,127.59584045410156,126.266717116038,126.266717116038,2100
1998-05-12,128.26039123535156,128.26039123535156,127.59582962273316,127.59582962273316,2800
1998-05-13,129.36801147460938,129.36801147460938,128.48192920423534,128.48192920423534,1800
1998-05-14,130.14329528808594,130.25405553939495,128.92493252368683,128.92493252368683,2300
1998-05-15,130.03257751464844,130.47561866461317,130.03257751464844,130.14333780213963,1600
1998-05-18,129.81103515625,130.14331596296395,129.81103515625,130.14331596296395,800
1998-05-19,131.14019775390625,131.14019775390625,130.0325947323361,130.0325947323361,1600
1998-05-20,131.14019775390625,131.14019775390625,130.25411533665013,131.14019775390625,1600
1998-05-21,132.02622985839844,132.02622985839844,131.2509080387602,131.3616682987085,1100
1998-05-22,130.69711303710938,131.80471568996623,130.69711303710938,131.58319515939488,4500
1998-05-26,127.70655059814453,130.697076934788,127.59579036345404,130.697076934788,11100
1998-05-27,127.59584045410156,128.0388815667894,127.1527993414137,127.1527993414137,10300
1998-05-28,128.03892517089844,128.03892517089844,127.59588390733133,127.59588390733133,400
1998-05-29,129.86639404296875,129.86639404296875,128.26037040661646,128.26037040661646,2200
1998-06-01,130.3648223876953,130.3648223876953,129.86640123158264,129.86640123158264,1400
1998-06-02,131.8046875,132.24772846638655,130.6970850840336,130.6970850840336,5400
1998-06-03,131.8046875,132.02620798319327,131.8046875,132.02620798319327,700
1998-06-04,131.6047821044922,131.6047821044922,131.4937232166403,131.4937232166403,1400
1998-06-05,132.38221740722656,132.38221740722656,131.7158639639016,131.93798177834324,1200
1998-06-08,132.38221740722656,133.49280647943482,132.38221740722656,132.6043352216682,7000
1998-06-09,132.49327087402344,132.60432977668398,132.49327087402344,132.60432977668398,300
1998-06-10,132.10459899902344,132.4933052592139,132.04906953328194,132.4933052592139,2500
1998-06-11,131.49378967285156,132.0490843927538,131.49378967285156,132.0490843927538,2000
1998-06-12,132.04901123046875,132.04901123046875,131.49371681822961,131.60477570067744,1300
1998-06-15,131.49378967285156,131.71590756081247,130.82743600896887,131.71590756081247,3700
1998-06-16,131.0495147705078,131.27163259215274,130.60527912721795,131.0495147705078,2300
1998-06-17,132.38221740722656,132.38221740722656,131.49374614945992,131.49374614945992,6200
1998-06-18,129.93893432617188,132.38223052717683,129.49469865326188,131.49375918135684,13400
1998-06-19,130.1610565185547,130.1610565185547,129.38364406494557,130.1610565185547,5900
1998-06-22,129.93893432617188,129.93893432617188,129.93893432617188,129.93893432617188,500
1998-06-23,129.82781982421875,129.88334925955846,129.82781982421875,129.82781982421875,800
1998-06-24,130.10546875,130.60523367477592,129.6612332613103,129.7167626973965,800
1998-06-25,131.77139282226562,131.8269222756252,130.60527430171462,130.60527430171462,3300
1998-06-26,131.7158660888672,132.3822195429424,131.7158660888672,131.82692499787973,1200
1998-06-29,131.93800354003906,131.93800354003906,131.49376783788404,131.71588568896155,1300
1998-06-30,131.49378967285156,132.38226122469516,131.49378967285156,131.93802544877335,9700
1998-07-01,129.49472045898438,130.6053098282724,129.49472045898438,130.6053098282724,7100
1998-07-02,128.828369140625,129.49472277411098,127.93989762931035,129.49472277411098,15300
1998-07-06,130.38319396972656,130.6608413163401,128.82836882869063,128.82836882869063,5400
1998-07-07,131.49378967285156,132.38226122469516,130.60531812100797,130.60531812100797,2600
1998-07-08,131.49378967285156,131.71590756081247,130.60531812100797,131.49378967285156,7500
1998-07-09,132.43772888183594,132.43772888183594,131.7158460828993,131.7158460828993,1800
1998-07-10,132.38221740722656,132.82645303610985,132.38221740722656,132.43774686083697,600
1998-07-13,133.71495056152344,133.71495056152344,131.93800769691848,132.1601255549941,4300
1998-07-14,135.4918670654297,135.6584554265757,133.7149245465388,133.7149245465388,7200
1998-07-15,134.9921112060547,135.4918763236419,134.936581748545,135.4918763236419,4000
1998-07-16,135.7139434814453,135.93606122855078,135.04759024012887,135.1586491136816,4100
1998-07-17,136.04708862304688,136.15814747090243,135.93602977519132,135.93602977519132,2200
1998-07-20,135.9360809326172,136.047139822268,135.43631592918845,136.047139822268,3500
1998-07-21,135.04759216308594,135.93606316415887,135.04759216308594,135.93606316415887,3300
1998-07-22,134.15919494628906,135.0476664359996,134.15919494628906,135.0476664359996,4900
1998-07-23,133.49276733398438,134.15912058190776,133.49276733398438,134.15912058190776,1400
1998-07-24,133.27066040039062,133.6593664932251,132.82642486572266,133.6593664932251,1100
1998-07-27,132.82643127441406,132.82643127441406,132.32666627379962,132.82643127441406,3400
1998-07-28,131.7158660888672,132.82645517899255,131.29939518007018,132.82645517899255,2900
1998-07-29,132.1600799560547,132.1600799560547,131.6603149478175,131.7158443931772,3400
1998-07-30,132.88198852539062,133.27069471831905,132.3822234201969,132.3822234201969,5400
1998-07-31,134.15919494628906,134.38131281871668,132.88201717983017,132.88201717983017,5700
1998-08-03,134.15919494628906,134.15919494628906,133.7704886695407,134.15919494628906,4800
1998-08-04,134.15919494628906,134.4923717549305,133.93707707386142,134.15919494628906,3700
1998-08-05,134.6033935546875,134.6033935546875,134.1591579323948,134.1591579323948,6800
1998-08-06,135.3807830810547,135.49184196791364,134.38125309932417,135.49184196791364,5600
1998-08-07,134.1036376953125,135.10316791415954,134.1036376953125,135.10316791415954,6900
1998-08-10,134.04808044433594,134.04808044433594,133.7149037738032,133.7149037738032,2600
1998-08-11,133.04856872558594,133.4928043473742,132.93750982013887,133.4928043473742,4900
1998-08-12,131.2716522216797,133.27071291541085,131.2716522216797,133.15965398798133,6500
1998-08-13,130.60525512695312,131.38266735985164,130.60525512695312,131.38266735985164,1400
1998-08-14,130.82737731933594,131.160554001813,130.60525953101788,130.60525953101788,6100
1998-08-17,128.93939208984375,130.6052757085756,128.27303864235103,130.6052757085756,8000
1998-08-18,129.49472045898438,129.71683833284197,128.82836683741155,128.82836683741155,7000
1998-08-19,127.05139923095703,129.27257753919054,127.05139923095703,129.27257753919054,5500
1998-08-20,127.27349090576172,127.93984426128927,127.27349090576172,127.38454979834965,5100
1998-08-21,127.05139923095703,127.71775272342708,127.05139923095703,127.27351706178038,6700
1998-08-24,126.16294860839844,126.82930221020335,125.2744771393252,126.82930221020335,4800
1998-08-25,125.71865844726562,126.71818841725272,125.49654067615738,126.6071295316986,4900
1998-08-26,123.275390625,125.27445101351351,123.275390625,125.27445101351351,2900
1998-08-27,121.49847412109375,123.38647600414549,121.49847412109375,123.38647600414549,6100
1998-08-28,117.27815246582031,121.49838901288582,116.83391703981343,121.49838901288582,16300
1998-08-31,113.72431182861328,116.3897253870964,113.72431182861328,116.3897253870964,9800
1998-09-01,114.3906478881836,114.3906478881836,113.72429459951456,113.72429459951456,3400
1998-09-02,113.28009033203125,114.11303217270795,113.16903141994102,113.94644380457261,10700
1998-09-03,108.39348602294922,112.83584200749631,107.5050148260398,112.83584200749631,10100
1998-09-04,105.83911895751953,107.94923780347217,105.83911895751953,107.94923780347217,6400
1998-09-08,107.94922637939453,108.39346187889821,106.1722843813798,106.1722843813798,4000
1998-09-09,107.94922637939453,108.17134412914636,107.50499087989084,108.17134412914636,2000
1998-09-10,106.188720703125,107.4144037332765,106.07729497311124,107.4144037332765,3400
1998-09-11,106.52301025390625,106.80157461126478,106.07730728213258,106.18873302507599,3700
1998-09-14,108.64008331298828,109.19721194536258,106.96869741586539,106.96869741586539,6000
1998-09-15,108.08297729492188,108.75153179365334,107.86012579534471,108.64010604386476,6400
1998-09-16,108.08297729492188,108.30582879449904,107.63727429576755,108.08297729492188,1700
1998-09-17,106.96870422363281,108.30581302642823,106.74585275650026,108.30581302642823,3200
1998-09-18,107.35869598388672,108.30581473413378,107.19155738090194,107.86011179284104,6000
1998-09-21,107.63727569580078,108.08297870075234,106.96872118837345,107.19157269084923,5500
1998-09-22,108.9743881225586,109.19723963201169,107.86013057529317,107.86013057529317,5300
1998-09-23,110.42292022705078,110.53434597904578,109.19723695510571,109.19723695510571,4700
1998-09-24,110.31148529052734,110.53433677596276,110.08863380509193,110.53433677596276,700
1998-09-25,110.31148529052734,110.53433677596276,109.86578231965653,109.86578231965653,3000
1998-09-28,111.42574310302734,111.42574310302734,110.20005992889405,110.20005992889405,3200
1998-09-29,111.37004089355469,111.87145678552167,111.20290226289903,111.20290226289903,2300
1998-09-30,111.31431579589844,111.31431579589844,111.31431579589844,111.31431579589844,500
1998-10-01,110.75720977783203,111.37005148183412,110.31150672037597,111.37005148183412,6300
1998-10-02,111.42574310302734,111.42574310302734,110.31148567199708,110.31148567199708,3300
1998-10-05,110.31148529052734,111.20289123226898,110.31148529052734,111.20289123226898,3200
1998-10-06,109.92152404785156,110.3115142497446,109.86581116186684,110.3115142497446,6900
1998-10-07,110.31148529052734,111.4257427177044,109.92149519101538,109.92149519101538,8300
1998-10-08,106.46729278564453,109.642926322422,106.35586704751199,109.642926322422,10300
1998-10-09,109.86578369140625,110.0886351796241,106.13302126375706,106.13302126375706,7000
1998-10-12,109.42009735107422,109.8658003952741,109.42009735107422,109.8658003952741,300
1998-10-13,104.29447937011719,109.42006275796483,104.29447937011719,109.42006275796483,11700
1998-10-14,106.3001480102539,106.41157374192083,104.29448484024911,104.29448484024911,5000
1998-10-15,108.75151824951172,108.75151824951172,106.46729066332833,106.46729066332833,2500
1998-10-16,111.09146118164062,111.09146118164062,108.97437215210084,109.19722362889449,5800
1998-10-19,111.8714370727539,111.8714370727539,111.09145693380044,111.09145693380044,3100
1998-10-20,112.37285614013672,113.20854917043025,112.31714327145049,112.31714327145049,9000
1998-10-21,111.98286437988281,112.42856732268831,111.87143864418144,112.31714158698693,8100
1998-10-22,111.48146057128906,112.76285666980964,111.48146057128906,111.98287643592755,8900
1998-10-23,112.03858947753906,112.31715384719978,111.48146073821763,111.48146073821763,1500
1998-10-26,112.54000854492188,112.54000854492188,111.81574116319713,111.81574116319713,1600
1998-10-27,111.64859008789062,112.42857025816531,111.64859008789062,112.31714451955465,2100
1998-10-28,110.75720977783203,112.31717047892826,110.59007113128601,111.8714674214722,8900
1998-10-29,110.98002624511719,111.37001629718335,110.53432332847012,110.53432332847012,6000
1998-10-30,112.98568725585938,113.20853871001293,110.53432126017012,110.53432126017012,11800
1998-11-02,114.99136352539062,114.99136352539062,112.76284872838693,113.20855168778766,6100
1998-11-03,115.4927749633789,115.54848783118565,114.54565621066428,114.54565621066428,1400
1998-11-04,115.8827896118164,116.55134416726919,115.8827896118164,115.8827896118164,1700
1998-11-05,117.44270324707031,117.44270324707031,115.882743241891,116.10559467120234,3000
1998-11-06,117.66555786132812,118.11126073201497,117.21985499064127,117.4427064259847,4100
1998-11-09,119.22550201416016,119.44835341979409,117.21983936345465,117.66554217472255,8400
1998-11-10,119.44834899902344,119.44834899902342,118.61265625882504,119.00264620425095,1600
1998-11-11,120.33979034423828,120.33979034423828,119.00268156263563,119.44838448983651,6800
1998-11-12,123.9053955078125,123.9053955078125,120.5626240462708,120.5626240462708,6200
1998-11-13,123.9053955078125,124.01682122319723,123.9053955078125,123.9053955078125,900
1998-11-16,121.89978790283203,123.68260015735243,121.67693637101698,123.51546150849113,3900
1998-11-17,121.2311782836914,121.2311782836914,120.56262399168575,121.2311782836914,3300
1998-11-18,122.12260437011719,122.12260437011719,121.67690143445984,121.67690143445984,900
1998-11-19,123.4597396850586,123.4597396850586,122.34548210667359,122.5683336223506,900
1998-11-20,123.79401397705078,123.90543973220565,123.4597367115862,123.4597367115862,4000
1998-11-23,124.573974609375,124.573974609375,123.90542018392217,124.35112313422405,2500
1998-11-24,124.68539428710938,124.90824575142949,124.23969135846912,124.23969135846912,1200
1998-11-25,124.7968521118164,125.01970363344465,124.7968521118164,124.7968521118164,4700
1998-11-27,124.85257720947266,125.01971586704893,124.85257720947267,125.01971586704893,1600
1998-11-30,126.35681915283203,126.35681915283203,124.90828418899886,124.90828418899886,4100
1998-12-01,127.80532836914062,127.80532836914062,126.02251646512472,126.3567936971277,8100
1998-12-02,128.36245727539062,128.36245727539062,127.91675429873996,127.91675429873996,4900
1998-12-03,128.1396026611328,128.69673136835513,127.9167511782439,128.36245414402174,5900
1998-12-04,126.85819244384766,127.91673686915864,126.80247957935761,127.91673686915864,4000
1998-12-07,125.79962921142578,126.91388633464479,125.68820349910388,126.85817347848383,3000
1998-12-08,124.29541778564453,125.68823958960738,124.29541778564453,125.68823958960738,19200
1998-12-09,123.9611587524414,124.35114891480863,123.90544587210323,124.35114891480863,2900
1998-12-10,123.59234619140625,123.92758763677173,123.59234619140625,123.92758763677173,1400
1998-12-11,123.70411682128906,123.81586399095599,123.59236965162214,123.81586399095599,2700
1998-12-14,122.47489166259766,123.59236330185493,122.47489166259766,123.59236330185493,2400
1998-12-15,122.47489166259766,122.75425957241197,122.47489166259766,122.47489166259766,1800
1998-12-16,121.5809097290039,122.25139268706826,121.5809097290039,122.25139268706826,2300
1998-12-17,121.24568939208984,121.74855169832432,121.24568939208984,121.24568939208984,3800
1998-12-18,121.02217864990234,121.52504088805983,120.96630506788485,121.46916730604232,4500
1998-12-21,121.35741424560547,121.35741424560547,120.79867845257783,121.02217276978888,2200
1998-12-22,122.25141906738281,122.47491343496488,121.3015680051591,121.3574415970546,3400
1998-12-23,122.69839477539062,122.9218891192438,121.80441739997795,122.47490043153746,3300
1998-12-24,122.69839477539062,122.69839477539062,122.47490043153746,122.47490043153746,2400
1998-12-28,123.14533996582031,123.14533996582031,122.47485717108808,122.69835143599883,1800
1998-12-29,123.36888122558594,123.59237557563229,122.81014535047007,123.14538687553959,5100
1998-12-30,124.26282501220703,124.26282501220703,123.36884785384582,123.36884785384582,5300
1998-12-31,125.21272277832031,125.60383793202323,123.81588294366702,123.81588294366702,3600
1999-01-04,126.94481658935547,127.28005818246116,125.6038502169327,125.6038502169327,4300
1999-01-05,126.7213363647461,127.28007241573704,126.49784194434972,126.49784194434972,3400
1999-01-06,127.8387451171875,127.8387451171875,127.16826218825119,127.16826218825119,3300
1999-01-07,127.39175415039062,127.61524845591762,127.39175415039062,127.61524845591762,500
1999-01-08,127.72701263427734,127.83875980193638,127.39177113130023,127.39177113130023,4000
1999-01-11,129.6826171875,129.6826171875,127.838788507109,127.838788507109,6300
1999-01-12,130.07373046875,130.07373046875,129.6267417042526,129.6267417042526,2500
1999-01-13,129.2914581298828,129.62669959435095,129.1797109750601,129.62669959435095,8100
1999-01-14,129.1239013671875,129.17977497227932,129.06802776209568,129.06802776209568,3200
1999-01-15,129.62673950195312,129.62673950195312,128.50926760969492,128.9562563665982,4200
1999-01-19,129.4032440185547,130.0737271481845,129.4032440185547,130.0737271481845,2600
1999-01-20,130.5207061767578,131.41468361632465,130.5207061767578,131.41468361632465,5900
1999-01-21,129.5708465576172,130.74419186926443,129.40322579881044,130.74419186926443,6100
1999-01-22,128.78863525390625,129.62673917095987,128.73276165943602,129.57086557648964,3800
1999-01-25,130.96768188476562,130.96768188476562,128.7327385078925,128.95623284557982,5200
1999-01-26,132.19691467285156,132.19691467285156,131.41468440851517,131.41468440851517,2600
1999-01-27,129.96194458007812,132.08514057923676,129.9060710011529,132.08514057923676,11000
1999-01-28,130.63241577148438,130.63241577148438,130.18542718030736,130.18542718030736,2700
1999-01-29,130.29722595214844,130.5207203362859,130.29722595214844,130.5207203362859,800
1999-02-01,134.09657287597656,134.09657287597656,130.07367568969727,130.07367568969727,10600
1999-02-02,130.74417114257812,133.9848386324369,130.74417114257812,133.9848386324369,9300
1999-02-03,127.22415161132812,130.52069308917984,127.16827802695775,130.52069308917984,22700
1999-02-04,126.16252899169922,127.168253314928,126.16252899169922,127.168253314928,4100
1999-02-05,125.6596908569336,126.050805946306,125.40825972805133,126.050805946306,3600
1999-02-08,125.15685272216797,126.05083024161202,124.70986396244594,125.7155886718205,2900
1999-02-09,124.3187484741211,124.7098636378599,123.81588612074262,124.7098636378599,2900
1999-02-10,124.26282501220703,124.70981359138763,123.81583643302642,124.3186985846046,2900
1999-02-11,124.26282501220703,124.70981359138763,123.59234214343613,123.81583643302642,26800
1999-02-12,122.921875,124.70982954545454,122.69838068181818,124.70982954545454,7200
1999-02-16,121.13394165039062,123.36888522327605,120.68695293581354,123.14539086598751,5600
1999-02-17,119.56945037841797,120.91041617705444,119.23420892875886,120.91041617705444,4900
1999-02-18,119.2342529296875,119.2342529296875,118.45202259181701,119.12250573856315,1800
1999-02-19,118.89899444580078,119.56947749718687,118.67550009533875,119.23423597149382,14600
1999-02-22,118.89899444580078,119.23423597149382,118.45200574487671,118.67550009533875,2300
1999-02-23,118.00496673583984,118.89894375656591,118.00496673583984,118.67544950138439,1900
1999-02-24,118.00496673583984,118.45195524620287,118.00496673583984,118.45195524620287,2800
1999-02-25,116.66402435302734,117.55800155113484,116.66402435302734,117.55800155113484,2500
1999-02-26,117.55801391601562,118.00500256208413,116.21704797781013,116.21704797781013,10300
1999-03-01,117.78147888183594,118.0049731491639,117.11099607985206,117.11099607985206,3800
1999-03-02,117.66974639892578,118.00498784165777,117.55799925134845,118.00498784165777,1900
1999-03-03,117.78147888183594,117.78147888183594,117.55798461450797,117.55798461450797,3900
1999-03-04,118.28437042236328,118.4519911645773,117.55801387276917,117.55801387276917,2600
1999-03-05,118.67549896240234,118.84311972364868,118.00501591741703,118.67549896240236,35600
1999-03-08,118.45201110839844,118.45201110839844,118.45201110839844,118.45201110839844,500
1999-03-09,118.06086730957031,118.45198234561715,118.00499373299219,118.45198234561715,10600
1999-03-10,117.55801391601562,118.00500256208413,117.55801391601562,117.61388749677418,3500
1999-03-11,116.34747314453125,116.57164939336464,116.34747314453125,116.57164939336464,4200
1999-03-12,116.34747314453125,116.57164939336464,116.34747314453125,116.57164939336464,1200
1999-03-15,115.33866119384766,116.34745414889588,115.22657308773118,116.34745414889588,5400
1999-03-16,114.55403137207031,115.67491230526083,114.55403137207031,115.67491230526083,7000
1999-03-17,113.48920440673828,114.55404138635707,113.4331603551794,114.55404138635707,7300
1999-03-18,113.32108306884766,113.48921523957296,113.32108306884766,113.43317118266452,2000
1999-03-19,111.41561126708984,113.20902150881363,111.19143498687438,112.98484522859816,13800
1999-03-22,110.5188980102539,111.24747086731946,110.07054548282893,111.19142680139134,3600
1999-03-23,110.2947006225586,110.74305306411371,110.2947006225586,110.51887684333614,5300
1999-03-24,109.62217712402344,110.35074987587022,109.62217712402344,110.35074987587022,1600
1999-03-25,108.05293273925781,109.84634241127868,107.8287565302552,109.39798999327347,7500
1999-03-26,111.07933044433594,111.19141856789228,106.25954113141319,108.05295110831467,30000
1999-03-29,118.70132446289062,118.70132446289062,111.41559633249602,111.41559633249602,14400
1999-03-30,119.26174926757812,119.82218981864757,118.58922060629479,118.58922060629479,16800
1999-03-31,119.31779479980469,120.83098430642504,119.31779479980469,120.21449969261676,6900
1999-04-01,119.71011352539062,119.71011352539062,119.26176104027681,119.4298932221945,4300
1999-04-05,119.26174926757812,120.15845414928924,119.26174926757812,120.15845414928924,2000
1999-04-06,118.3650131225586,119.14962968681799,115.92709736932409,118.81336544499253,7200
1999-04-07,119.31779479980469,119.37383885560544,118.36504585119188,118.81339829759791,4900
1999-04-08,119.03758239746094,119.26175863549759,118.42109774286016,119.26175863549759,4400
1999-04-09,117.8045883178711,118.58920498602058,116.57161926792193,118.58920498602058,5100
1999-04-12,122.9606704711914,122.9606704711914,117.0199999744064,117.4683524647298,21200
1999-04-13,124.41780853271484,124.47385259061247,122.84857491158151,122.84857491158151,4200
1999-04-14,126.09916687011719,126.26729909261067,124.64202094184027,124.64202094184027,5300
1999-04-15,126.6595687866211,126.88374501456201,126.43539255868018,126.43539255868018,3800
1999-04-16,129.3497314453125,130.0222603783037,126.43543940235051,126.43543940235051,14100
1999-04-19,128.00462341308594,129.79803319820797,128.00462341308594,129.34968075192748,4100
1999-04-20,126.2112045288086,128.2287903916137,126.04307237357484,128.2287903916137,6800
1999-04-21,125.98705291748047,126.21122916822331,124.64199541302338,125.76287666673763,7000
1999-04-22,130.02227783203125,130.02227783203125,126.4354563745959,126.4354563745959,6200
1999-04-23,128.67713928222656,130.02219648726725,128.22878688054632,130.02219648726725,8900
1999-04-26,129.79806518554688,129.79806518554688,128.22883123684423,128.22883123684423,4700
1999-04-27,130.47059631347656,130.47059631347656,129.57389118417433,129.57389118417433,1700
1999-04-28,131.81561279296875,133.16067006636638,130.3024233603964,130.4705555195711,11300
1999-04-29,130.6947784423828,131.36730731944482,130.6947784423828,131.36730731944482,1500
1999-04-30,129.12550354003906,130.47056086858115,128.22879865434436,130.47056086858115,5600
1999-05-03,128.22882080078125,129.3497021014874,128.22882080078125,128.90134958120493,6000
1999-05-04,127.3321533203125,128.67721127792143,127.3321533203125,128.67721127792143,6800
1999-05-05,126.71563720703125,126.88376941031346,126.43541686822755,126.88376941031346,3100
1999-05-06,127.05189514160156,127.05189514160156,126.88376294688396,126.88376294688396,1500
1999-05-07,127.22003936767578,127.22003936767578,127.16399529746975,127.22003936767578,2900
1999-05-10,130.02227783203125,130.02227783203125,127.78051442113416,127.78051442113416,10800
1999-05-11,130.02227783203125,130.24645417312095,129.7420574056691,130.02227783203125,8500
1999-05-12,130.91896057128906,130.91896057128906,130.02225536189667,130.02225536189667,4200
1999-05-13,130.91896057128906,131.36731317598526,130.69478426894096,130.91896057128906,5100
1999-05-14,130.58265686035156,130.69474497782826,130.47056874287486,130.47056874287486,3400
1999-05-17,128.22882080078125,130.4705834021935,128.22882080078125,130.4705834021935,7600
1999-05-18,129.79806518554688,130.02224146393297,128.22883123684423,128.22883123684423,10800
1999-05-19,131.81561279296875,131.81561279296875,129.79802688287228,129.79802688287228,4500
1999-05-20,132.7123565673828,132.76840063687916,131.59147517745558,131.59147517745558,3800
1999-05-21,133.6090087890625,134.11340521486014,133.3848325998191,133.3848325998191,7700
1999-05-24,132.76837158203125,134.05738489836165,132.76837158203125,134.05738489836165,3000
1999-05-25,132.93650817871094,133.1606844151,132.71233194232187,132.76837600141914,3200
1999-05-26,133.1607208251953,133.1607208251953,132.71236822982428,132.71236822982428,12700
1999-05-27,131.36727905273438,132.71233651743813,131.36727905273438,132.71233651743813,4000
1999-05-28,133.6090087890625,134.50571354603608,131.42329094393943,131.42329094393943,9900
1999-06-01,133.6090087890625,133.8331849783059,133.1606564105757,133.8331849783059,2900
1999-06-02,130.2463836669922,133.21671857850276,130.02220744725554,133.1606745235686,6100
1999-06-03,128.45298767089844,130.02222137717467,128.22881142714468,130.02222137717467,5100
1999-06-04,126.88372802734375,128.22878521491276,126.43537563148742,128.22878521491276,5400
1999-06-07,126.43537902832031,126.43537902832033,126.37933497733259,126.43537902832033,600
1999-06-08,125.53871154785156,126.32332849502563,125.53871154785156,125.98706408909388,1700
1999-06-09,125.76286315917969,125.98703938584488,125.53868693251448,125.53868693251448,4600
1999-06-10,127.24664306640625,127.69627784755963,125.89773872294612,125.89773872294612,7100
1999-06-11,127.47148895263672,127.47148895263672,127.47148895263672,127.47148895263672,100
1999-06-14,123.87438201904297,124.09919940927718,123.87438201904297,124.09919940927718,11500
1999-06-15,123.199951171875,124.54885574674955,123.199951171875,123.87440345931228,5000
1999-06-16,123.199951171875,123.64958603016652,123.00323592137246,123.199951171875,20200
1999-06-17,123.705810546875,124.32405857777714,123.42478871464675,123.64960618042934,3200
1999-06-18,124.09919738769531,124.54883216083914,124.09919738769531,124.54883216083914,4900
1999-06-21,124.8861083984375,124.8861083984375,124.43647344470776,124.43647344470776,4000
1999-06-22,124.99845886230469,124.99845886230469,124.77364149025018,124.77364149025018,4300
1999-06-23,126.01013946533203,126.57218290630139,125.44809602436267,125.44809602436267,7100
1999-06-24,127.02183532714844,127.69628755012445,126.34738310417244,126.34738310417244,3600
1999-06-25,127.69632720947266,127.69632720947266,127.13428351576898,127.13428351576898,1300
1999-06-28,129.9445037841797,130.3941387453706,127.24669401703409,127.24669401703409,5900
1999-06-29,130.84373474121094,130.84373474121094,129.4948302593428,130.00066944004334,2300
1999-06-30,126.79703521728516,130.4503185901236,126.79703521728516,130.39411423054148,11200
1999-07-01,128.59552001953125,128.59552001953125,127.24661596338233,127.24661596338233,10800
1999-07-02,127.921142578125,128.03355131501263,127.69632510434974,127.921142578125,1100
1999-07-06,126.79703521728516,128.14593984725627,126.79703521728516,128.14593984725627,1800
1999-07-07,124.15541076660156,126.79701525099733,124.09920641586973,126.79701525099733,3000
1999-07-08,125.44810485839844,125.44810485839844,124.09920050508232,124.15540485313717,2700
1999-07-09,125.44810485839844,125.44810485839844,124.54883528952104,125.44810485839844,9500
1999-07-12,126.34740447998047,126.7970393713683,125.89776958859264,125.89776958859264,2400
1999-07-13,126.34740447998047,126.7970393713683,125.44813469720481,125.89776958859264,7000
1999-07-14,126.40361022949219,126.79704076377695,126.29120150541081,126.79704076377695,2900
1999-07-15,127.02183532714844,127.47147014246578,126.5722005118311,126.5722005118311,4400
1999-07-16,123.64958190917969,127.24666065562856,123.64958190917969,126.79702581232245,6500
1999-07-19,120.50212097167969,123.87438181976775,120.50212097167969,123.64956442989521,16300
1999-07-20,120.50212097167969,120.72693836155223,120.05248619193462,120.05248619193462,6000
1999-07-21,120.78315734863281,121.4014052457175,120.05250074298729,120.05250074298729,2800
1999-07-22,119.60286712646484,120.50213680410744,119.15323228764355,120.50213680410744,2800
1999-07-23,117.80432891845703,119.15323344805769,117.80432891845703,119.15323344805769,4800
1999-07-26,117.35468292236328,117.8043177228321,116.90504812189445,117.35468292236328,14900
1999-07-27,118.478759765625,118.478759765625,117.3546728608278,117.3546728608278,1700
1999-07-28,118.478759765625,118.70357714658444,118.42255542038514,118.42255542038514,700
1999-07-29,118.14152526855469,118.25393395101763,118.02911658609173,118.25393395101763,1300
1999-07-30,118.92839813232422,118.92839813232422,118.02912858122913,118.02912858122913,1100
1999-08-02,119.20948791503906,119.60291856822401,118.92846601990696,118.92846601990696,1800
1999-08-03,119.37803649902344,119.60285389356021,118.70358431541314,118.70358431541314,3300
1999-08-04,117.97293090820312,119.15322226078639,117.80431785783409,119.15322226078639,12900
1999-08-05,117.80432891845703,117.80432891845703,116.9050592320566,117.80432891845703,2800
1999-08-06,117.80432891845703,118.14155505085719,117.80432891845703,118.02914634005714,2500
1999-08-09,116.96128845214844,117.80435396237536,116.68026661540614,117.80435396237536,9700
1999-08-10,119.15323638916016,119.15323638916016,116.96126647445391,117.12987954481594,4900
1999-08-11,118.478759765625,119.15321190850332,117.86051196798654,119.15321190850332,5100
1999-08-12,117.916748046875,118.70360909199238,117.916748046875,118.25397420906816,1400
1999-08-13,117.916748046875,117.916748046875,117.86054368650947,117.86054368650947,5700
1999-08-16,118.70355987548828,118.70355987548828,118.31012951605247,118.31012951605247,700
1999-08-17,118.02912902832031,118.9283985828218,118.02912902832031,118.02912902832031,3700
1999-08-18,119.37803649902344,120.05248868263374,118.70358431541314,118.70358431541314,4900
1999-08-19,120.052490234375,120.052490234375,118.92840324716175,118.92840324716175,800
1999-08-20,120.27729034423828,120.27729034423828,119.60283824885003,119.60283824885003,1300
1999-08-23,119.60286712646484,119.60286712646484,119.60286712646484,119.60286712646484,900
1999-08-24,119.60286712646484,119.60286712646484,119.60286712646484,119.60286712646484,0
1999-08-25,119.37803649902344,119.82767128809697,119.04081040721829,119.82767128809697,2500
1999-08-26,118.70355987548828,118.98458156079957,118.25392517899022,118.9283772237373,5800
1999-08-27,119.60286712646484,120.50213680410744,118.4787800294116,118.4787800294116,4900
1999-08-30,119.15323638916016,119.82768867060824,119.15323638916016,119.82768867060824,4000
1999-08-31,117.1298828125,119.15323971329175,116.6802479456574,119.15323971329175,6800
1999-09-01,117.01750183105469,117.80436303452959,116.90509308770112,117.2423193177618,4900
1999-09-02,117.35468292236328,117.35468292236328,116.11818722107401,116.84884377183585,2500
1999-09-03,118.25396728515625,118.25396728515625,116.90506271536358,117.8043324285587,2300
1999-09-07,119.26564025878906,119.4342533223029,117.57950962365067,118.70359671374293,4000
1999-09-08,123.25615692138672,123.48097435307187,119.60287365650294,119.60287365650294,9500
1999-09-09,123.1659927368164,123.89878811694392,123.10962386142198,123.56057486457738,5100
1999-09-10,121.81307983398438,122.88408793988243,121.81307983398438,122.65861254916706,2400
1999-09-13,120.40387725830078,121.75672981176484,120.40387725830078,121.75672981176484,6100
1999-09-14,119.50199127197266,119.95294218243293,119.10740922531993,119.95294218243293,2300
1999-09-15,120.40387725830078,120.40387725830078,119.50197555599142,119.50197555599142,3500
1999-09-16,120.40387725830078,120.96756582224414,119.72745098156875,120.00929526354044,3600
1999-09-17,120.17842864990234,120.85485507757534,120.06569091195684,120.06569091195684,1200
1999-09-20,120.85480499267578,120.85480499267578,120.85480499267578,120.85480499267578,3500
1999-09-21,118.26187133789062,120.00930604307395,117.24723183165516,119.95293718161642,18600
1999-09-22,118.82552337646484,119.05099875289078,118.37457262361298,118.71278568825188,700
1999-09-23,122.2640609741211,123.10959389925333,119.50198675202246,119.50198675202246,7500
1999-09-24,122.2640609741211,122.2640609741211,122.20769211244561,122.20769211244561,2100
1999-09-27,122.20770263671875,122.20770263671875,121.86948943753963,122.20770263671875,6900
1999-09-28,123.10954284667969,123.10954284667969,121.7566907274854,122.2076414338835,11800
1999-09-29,122.54590606689453,123.56054558354775,122.54590606689453,123.56054558354775,700
1999-09-30,122.32042694091797,122.32042694091797,122.32042694091797,122.32042694091797,200
1999-10-01,120.85480499267578,121.86944421369638,120.85480499267578,121.86944421369638,5800
1999-10-04,120.85480499267578,120.85480499267578,120.85480499267578,120.85480499267578,0
1999-10-05,120.40387725830078,120.40387725830078,119.9529264071461,120.40387725830078,900
1999-10-06,121.30575561523438,122.15128829842607,120.85480485086548,120.85480485086548,5200
1999-10-07,119.05099487304688,120.8547978256688,119.05099487304688,120.8547978256688,4800
1999-10-08,118.31822967529297,119.05102480906086,118.26186081884929,119.05102480906086,6100
1999-10-11,117.98001861572266,118.14912518803376,117.81091204341153,118.14912518803376,1700
1999-10-12,117.24723052978516,118.26187002475446,117.24723052978516,117.81091913810144,1700
1999-10-13,115.44344329833984,117.2472470998764,115.44344329833984,117.2472470998764,4800
1999-10-14,115.33068084716797,115.89436941435844,114.09056599934895,115.89436941435844,9700
1999-10-15,113.18867492675781,115.44342940737052,113.18867492675781,115.44342940737052,1400
1999-10-18,109.58103942871094,112.73769488550508,109.58103942871094,112.73769488550508,9700
1999-10-19,109.13011169433594,110.0320134438759,107.77725907002598,109.80653800649091,6400
1999-10-20,113.18867492675781,113.18867492675781,109.13011686165494,109.58106775777748,12300
1999-10-21,117.24723052978516,118.60008318974423,113.86509887988751,113.86509887988751,29500
1999-10-22,121.30575561523438,121.30575561523438,117.69814950028317,117.92362488246762,19200
1999-10-25,117.69816589355469,120.85482168380328,116.34531341201956,120.85482168380328,17600
1999-10-26,116.57079315185547,119.0510227933843,116.3453177298983,117.6981702616413,31300
1999-10-27,114.09056091308594,116.34531508132875,114.09056091308594,116.34531508132875,4600
1999-10-28,113.69596099853516,114.31601829699024,113.18864139070828,113.86506753447745,31900
1999-10-29,114.09056091308594,114.5415117467345,113.75234778784952,113.75234778784952,6700
1999-11-01,113.6396255493164,114.31605189187187,113.6396255493164,114.09057644435339,16900
1999-11-02,108.22821807861328,115.4434326171875,108.22821807861328,113.4141535282135,38300
1999-11-03,108.67914581298828,113.63960475051057,108.22819500048625,108.45367040673727,29800
1999-11-04,111.49762725830078,111.61036500072576,108.90465918252634,108.90465918252634,11400
1999-11-05,110.59568786621094,111.83580261292686,110.59568786621094,111.83580261292686,6600
1999-11-08,111.3848648071289,111.3848648071289,110.25748763296768,110.59570078521605,5700
1999-11-09,110.03199768066406,111.38485011116403,110.03199768066406,111.38485011116403,22300
1999-11-10,110.03199768066406,110.25747308574739,110.03199768066406,110.03199768066406,700
1999-11-11,109.13011169433594,110.0320134438759,109.13011169433594,110.0320134438759,8100
1999-11-12,110.25750732421875,110.25750732421875,109.13012994871549,109.35560542381614,26600
1999-11-15,110.70845794677734,110.9339334212107,110.03203152347729,110.25750699791064,16800
1999-11-16,109.35559844970703,111.1594021354754,109.24286071934651,110.93392667475436,14700
1999-11-17,109.18651580810547,109.5810979509329,109.1301469305587,109.1301469305587,17800
1999-11-18,109.18651580810547,109.24288468565224,109.1301469305587,109.18651580810547,6100
1999-11-19,109.35559844970703,109.35559844970703,109.13012298898599,109.35559844970703,14900
1999-11-22,110.03199768066406,110.03199768066406,109.18646491160159,109.18646491160159,12400
1999-11-23,109.97565460205078,110.37023665341641,109.24285936380032,110.03202346653158,29700
1999-11-24,110.25750732421875,110.25750732421875,109.35560542381614,109.91929411156777,2800
1999-11-26,109.24284362792969,110.70843389331988,109.24284362792969,110.2574830424306,5300
1999-11-29,107.3262939453125,109.58104801979385,107.3262939453125,109.35557261234572,11300
1999-11-30,106.42440795898438,107.83362946267854,106.42440795898438,107.83362946267854,4600
1999-12-01,108.79190826416016,109.13012145047361,106.424415959966,106.424415959966,5300
1999-12-02,105.69159698486328,108.67914612630209,105.52249042968751,108.67914612630209,14600
1999-12-03,105.63521575927734,105.74795344952204,105.29700268854326,105.63521575927734,2500
1999-12-06,105.18429565429688,105.63524654670543,104.84608248499045,105.63524654670543,137000
1999-12-07,105.29702758789062,105.52250302169766,104.16965041885538,105.40976530479415,5500
1999-12-08,104.62061309814453,104.84608855740778,103.71871126109156,104.84608855740778,5700
1999-12-09,106.2835693359375,106.2835693359375,104.98259962080894,104.98259962080894,8100
1999-12-10,108.37643432617188,108.60268993019311,106.79264509802323,106.79264509802323,4200
1999-12-13,106.79265594482422,108.37644533383644,106.79265594482422,108.37644533383644,20500
1999-12-14,107.6976547241211,108.03703808984837,104.98258779830292,106.79263241551503,37900
1999-12-15,106.79265594482422,107.92393407983295,106.79265594482422,107.92393407983295,9300
1999-12-16,106.79265594482422,107.24516719882772,106.79265594482422,107.13203938532683,29600
1999-12-17,108.15021514892578,108.15021514892578,107.01893674778638,107.01893674778638,1800
1999-12-20,106.90579223632812,107.92394263857886,105.88764183407739,107.92394263857886,3500
1999-12-21,105.43511962890625,106.7926533580338,104.98260838586374,106.7926533580338,4100
1999-12-22,107.6976547241211,107.9239103012726,105.66135452975746,105.66135452975746,11500
1999-12-23,107.24516296386719,108.60269667227057,106.79265172773273,107.24516296386719,5100
1999-12-27,107.6976547241211,107.6976547241211,107.01888799266655,107.6976547241211,3000
1999-12-28,108.2633285522461,108.37645637727456,107.4714337770468,107.4714337770468,2800
1999-12-29,107.8108139038086,108.15019736835364,107.47143043926356,107.92394172532362,1200
1999-12-30,108.15021514892578,108.60272650938154,107.9239594686979,108.60272650938154,8400
1999-12-31,109.05519104003906,109.05519104003906,108.15016870775658,108.15016870775658,4700
2000-01-03,106.34015655517578,108.82896872987139,106.34015655517578,108.82896872987139,19700
2000-01-04,105.43511962890625,106.34014211499128,105.43511962890625,105.94419477732909,38600
2000-01-05,108.48956298828125,108.60269079118873,105.66136791559404,105.66136791559404,10300
2000-01-06,107.6976547241211,108.60267703272714,107.6976547241211,108.15016587842412,1800
2000-01-07,107.01890563964844,107.5845446757988,107.01890563964844,107.47141686856872,3400
2000-01-10,106.79265594482422,106.84921985157466,106.34014469082072,106.4532725043216,13200
2000-01-11,107.9239501953125,107.9239501953125,106.7926718913784,106.7926718913784,2200
2000-01-12,106.79265594482422,107.6976784528312,106.79265594482422,107.47142282582946,9700
2000-01-13,106.34015655517578,107.24517916415601,106.34015655517578,107.01892351191096,4000
2000-01-14,104.07759094238281,106.39671117533808,104.02102703426196,106.39671117533808,6600
2000-01-18,104.75631713867188,104.98257268324784,103.17252832664012,103.85129496036801,7100
2000-01-19,104.98262023925781,104.98262023925781,104.53010894512308,104.53010894512308,6000
2000-01-20,108.15021514892578,108.15021514892578,105.887658346647,105.887658346647,8400
2000-01-21,105.88765716552734,107.6977025871603,105.83109324610132,107.6977025871603,9200
2000-01-24,104.07759094238281,105.88763600225035,104.07759094238281,105.88763600225035,9700
2000-01-25,102.72007751464844,103.85135590137365,102.38069399863089,103.85135590137365,10900
2000-01-26,102.72007751464844,103.73822806270113,102.72007751464844,103.17258886933853,9100
2000-01-27,100.45750427246094,102.49380503474055,100.45750427246094,102.26754939448726,10800
2000-01-28,100.91000366210938,101.36251488929372,100.91000366210938,100.91000366210938,10600
2000-01-31,101.81501007080078,101.81501007080078,99.32619871351453,100.4574766031901,10800
2000-02-01,101.6453628540039,101.92818245014749,100.91003190403059,101.36254325786032,11600
2000-02-02,101.58879852294922,102.04130987494453,101.41910676595097,101.64536244194863,5600
2000-02-03,101.47564697265625,102.2675416536023,101.47564697265625,101.47564697265625,3500
2000-02-04,101.92813873291016,102.26752210272006,100.90998862348043,101.81501094297352,4200
2000-02-07,101.81501007080078,101.81501007080078,101.36249891493055,101.4756267038981,2300
2000-02-08,101.70191192626953,101.70191192626953,101.58878410432708,101.70191192626953,400
2000-02-09,101.92813873291016,101.92813873291016,101.4756275731636,101.4756275731636,5700
2000-02-10,103.73822021484375,103.96447587507242,102.49381408358609,102.49381408358609,11200
2000-02-11,103.05945587158203,103.79478678614326,102.9463280385726,103.79478678614326,3600
2000-02-14,102.38065338134766,102.83316455651384,102.26752558755612,102.26752558755612,10200
2000-02-15,102.3241195678711,102.60693913549926,102.26755565434546,102.3241195678711,5300
2000-02-16,100.51405334472656,102.2109703961288,100.45748944301315,102.2109703961288,7700
2000-02-17,99.55248260498047,100.91001645868475,98.64746003584428,100.45750517411665,7300
2000-02-18,98.64746856689453,100.45751386169994,98.64746856689453,99.32623555244656,11600
2000-02-22,98.64746856689453,98.64746856689453,97.74244591949183,97.74244591949183,3600
2000-02-23,98.64746856689453,99.09997989059588,97.51619025764116,99.09997989059588,21900
2000-02-24,98.4777603149414,98.6474520328879,98.42119640895925,98.6474520328879,2200
2000-02-25,96.38489532470703,98.02524859020967,96.38489532470703,97.96868468450269,4400
2000-02-28,96.10206604003906,96.83739673958027,95.93237434014493,96.83739673958027,8600
2000-02-29,99.77872467041016,100.00498028190769,96.61114610944476,96.61114610944476,6400
2000-03-01,100.57063293457031,100.91001639779158,100.45750511349655,100.68376075564407,8600
2000-03-02,99.09996795654297,101.24939648528077,99.09996795654297,100.9382949877003,3300
2000-03-03,96.38489532470703,99.55247404429835,95.93238407905113,99.09996279864244,14700
2000-03-06,94.80109405517578,95.93237202719459,94.80109405517578,95.93237202719459,4500
2000-03-07,93.10416412353516,94.6879530636682,92.76478077922093,94.12231415647783,17900
2000-03-08,92.31229400634766,93.66982774173512,92.31229400634766,93.21731649660597,8400
2000-03-09,102.21588134765625,102.21588134765625,92.27822621663411,92.675732421875,15900
2000-03-10,108.12165832519531,108.80309734825326,101.7615607766544,102.1022802881834,17500
2000-03-13,113.80033111572266,114.48177022420003,107.89452550891869,107.89452550891869,29700
2000-03-14,121.75044250488281,122.6590278967103,120.84185711305533,120.84185711305533,21300
2000-03-15,121.75044250488281,121.75044250488281,120.84185711305533,121.75044250488281,10700
2000-03-16,124.4762191772461,125.72552429672577,121.75046255292685,121.75046255292685,7100
2000-03-17,123.39727783203125,124.02193041194488,123.1133448411614,124.02193041194488,4800
2000-03-20,123.56763458251953,124.47622013092041,123.11334180831909,123.11334180831909,2600
2000-03-21,123.11335754394531,124.47623604074175,122.65906471167983,124.02194320847627,22600
2000-03-22,122.20471954345703,123.11330481887306,121.75042690574901,122.65901218116505,13600
2000-03-23,121.97761535644531,123.56764013762802,121.29617616450986,123.56764013762802,4200
2000-03-24,122.60224151611328,122.6590281031981,120.84185731648405,121.75044270984107,6800
2000-03-27,121.2394027709961,122.26156167023635,121.06904295445605,122.204775064723,2500
2000-03-28,118.1161117553711,120.84186818049504,116.75323354280913,120.84186818049504,10900
2000-03-29,119.70613098144531,119.70613098144531,118.57039918845248,118.57039918845248,5600
2000-03-30,122.60224151611328,123.56761349655511,120.38756461980554,120.38756461980554,7100
2000-03-31,121.86402893066406,123.51084013242979,121.75045574433538,123.51084013242979,10400
2000-04-03,121.6368637084961,122.20472955213987,121.29614420230982,121.75043687722484,3800
2000-04-04,120.84187316894531,121.97760505963089,120.84187316894531,121.75045868149377,5400
2000-04-05,120.84187316894531,121.52331230335666,120.84187316894531,120.84187316894531,6300
2000-04-06,120.61471557617188,121.2961546472237,120.61471557617188,121.2961546472237,3000
2000-04-07,119.70613098144531,120.38757005724102,119.70613098144531,120.38757005724102,8200
2000-04-10,117.32112884521484,119.47901988883447,117.26434223880379,119.25187346319031,6300
2000-04-11,117.6618423461914,118.11613517378288,117.09397631170206,118.11613517378288,7500
2000-04-12,117.20752716064453,117.4346735311109,115.84464893784634,117.4346735311109,9500
2000-04-13,114.4817886352539,117.43469191354419,114.25464222923158,117.15075890601628,16600
2000-04-14,114.8224868774414,115.84464551433258,113.57318187679664,114.02747460430383,27400
2000-04-17,115.39037322998047,115.84466603797252,114.48178761399636,115.39037322998047,3700
2000-04-18,119.70613098144531,119.70613098144531,115.84464288526966,115.84464288526966,9300
2000-04-19,119.47898864746094,120.38757411246064,119.47898864746094,119.47898864746094,6000
2000-04-20,119.02469635009766,119.251842717178,119.02469635009766,119.02469635009766,2900
2000-04-24,119.93326568603516,119.93326568603516,118.68396083513895,119.25182667645541,1600
2000-04-25,123.56763458251953,124.02192735671997,120.16043877601624,120.16043877601624,7100
2000-04-26,124.2491226196289,124.47626909608161,123.1133902373654,124.0219761431762,3900
2000-04-27,123.34049224853516,124.47622422135775,122.65905306484159,124.02193143222871,10300
2000-04-28,126.35018157958984,126.52054137497805,123.68121145184121,123.68121145184121,9700
2000-05-01,127.71305084228516,128.11055700319935,126.35017257629367,126.35017257629367,2500
2000-05-02,128.1105194091797,128.1105194091797,126.74764154312459,127.65622678716132,3300
2000-05-03,128.39451599121094,128.56487580897902,128.39451599121094,128.56487580897902,700
2000-05-04,126.52056884765625,129.0191797225651,126.52056884765625,129.0191797225651,7600
2000-05-05,128.1105194091797,128.79195834220724,126.5204952321154,126.5204952321154,5600
2000-05-08,125.38481903076172,127.88342955492546,125.38481903076172,127.65628314363784,4900
2000-05-09,125.15767669677734,125.83911595283966,125.15767669677734,125.83911595283966,800
2000-05-10,124.7033920288086,125.1576848959445,124.7033920288086,125.1576848959445,300
2000-05-11,124.7033920288086,124.93053846237655,124.36267237845665,124.47624559524063,5700
2000-05-12,124.7033920288086,125.38483132951247,123.68123307775278,125.38483132951247,5700
2000-05-15,126.0662612915039,126.0662612915039,124.70338279105522,125.15767562453811,1500
2000-05-16,130.04127502441406,130.04127502441406,126.0662142158075,126.0662142158075,4000
2000-05-17,130.38198852539062,130.83628116833623,129.92769588244502,130.83628116833623,800
2000-05-18,129.0191650390625,130.83633637764083,129.0191650390625,130.83633637764083,2800
2000-05-19,128.1105194091797,129.07589123096872,128.1105194091797,129.07589123096872,1000
2000-05-22,127.48592376708984,128.11057640024708,127.42913716407556,128.11057640024708,1800
2000-05-23,127.76985931396484,127.76985931396484,127.20199327256945,127.20199327256945,8800
2000-05-24,128.5648651123047,128.5648651123047,127.20198668355233,127.20198668355233,22400
2000-05-25,127.6562271118164,128.11051973499013,127.31550764443611,128.11051973499013,10000
2000-05-26,127.99699401855469,129.4734455910846,127.65627442489394,127.65627442489394,20700
2000-05-30,128.39451599121094,128.79202223266978,128.11058296159746,128.11058296159746,6000
2000-05-31,128.28091430664062,128.3377008999592,128.28091430664062,128.3377008999592,400
2000-06-01,130.38198852539062,130.38198852539062,129.0191105965538,129.0191105965538,12400
2000-06-02,131.2906036376953,132.1991891299977,130.38201814539292,130.38201814539292,10700
2000-06-05,131.74496459960938,131.74496459960938,131.2906716182314,131.2906716182314,5800
2000-06-06,132.65350341796875,132.65350341796875,131.74491777811966,131.74491777811966,7000
2000-06-07,133.56210327148438,133.90282292268714,133.10781040321402,133.10781040321402,8600
2000-06-08,134.470703125,134.470703125,134.01641020903716,134.01641020903716,2300
2000-06-09,135.43605041503906,135.9471298505675,134.47067814792976,134.47067814792976,14000
2000-06-12,135.3792266845703,136.28781209856072,135.1520803310727,135.3792266845703,5500
2000-06-13,136.287841796875,136.287841796875,135.49282938639323,135.83354899088542,12800
2000-06-14,140.14935302734375,140.3764994666101,136.28786355981563,136.28786355981563,8900
2000-06-15,145.75164794921875,146.66259574890137,140.74143505096436,140.74143505096436,28700
2000-06-16,147.57354736328125,150.98960170039425,146.6625995400511,146.6625995400511,26000
2000-06-19,146.49180603027344,146.89034572798502,145.7516608773805,146.89034572798502,4000
2000-06-20,145.52392578125,146.2071367004108,145.52392578125,146.2071367004108,1200
2000-06-21,145.75164794921875,146.20712184906006,145.29617404937744,145.29617404937744,7500
2000-06-22,145.75164794921875,145.75164794921875,145.75164794921875,145.75164794921875,900
2000-06-23,146.6626434326172,146.6626434326172,145.75169533676242,145.80862959275333,13600
2000-06-26,146.43492126464844,146.6626583117163,146.20718421758056,146.20718421758056,600
2000-06-27,145.75164794921875,146.20712184906006,145.75164794921875,146.20712184906006,1400
2000-06-28,145.75164794921875,145.75164794921875,144.84070014953613,145.75164794921875,3600
2000-06-29,146.6626434326172,147.11811748054456,145.86556384874427,145.86556384874427,4900
2000-06-30,145.75164794921875,147.57354354858398,145.75164794921875,146.66259574890137,25500
2000-07-03,146.6626434326172,146.6626434326172,146.6626434326172,146.6626434326172,1100
2000-07-05,146.6626434326172,146.6626434326172,146.6626434326172,146.6626434326172,0
2000-07-06,146.6626434326172,146.6626434326172,146.2071693846898,146.6626434326172,6800
2000-07-07,147.80126953125,148.48448033031588,146.2071110000963,146.2071110000963,6900
2000-07-10,149.8509063720703,150.30638025162068,148.4844847334192,148.4844847334192,5600
2000-07-11,149.39544677734375,150.76186854664874,149.39544677734375,149.90785494083312,7100
2000-07-12,148.02903747558594,149.8509333214393,146.6626155911959,149.8509333214393,11400
2000-07-13,147.57354736328125,148.93996909812643,147.57354736328125,148.48449518651137,1800
2000-07-14,148.48451232910156,148.48451232910156,147.5166301551772,147.57356440070217,2500
2000-07-17,145.75164794921875,148.4844913482666,145.75164794921875,148.0290174484253,3800
2000-07-18,145.2962188720703,146.4349039729486,144.840744831719,146.20716695277295,2800
2000-07-19,145.6947479248047,145.75168217565454,144.95460266375645,145.06847116545617,1900
2000-07-20,145.52392578125,145.7516627543036,145.2961888081964,145.2961888081964,900
2000-07-21,145.52392578125,145.52392578125,145.52392578125,145.52392578125,0
2000-07-24,145.63780212402344,145.63780212402344,144.8407226753384,145.06845966067698,3200
2000-07-25,145.75164794921875,145.75164794921875,145.29617404937744,145.29617404937744,2100
2000-07-26,144.84066772460938,145.75161532036165,144.38519392673325,145.75161532036165,6900
2000-07-27,146.6626434326172,148.94001367225408,144.84074724090766,144.84074724090766,18700
2000-07-28,143.01881408691406,145.75165766819268,143.01881408691406,145.75165766819268,4000
2000-07-31,143.01881408691406,143.01881408691406,143.01881408691406,143.01881408691406,100
2000-08-01,142.50643920898438,143.0757817547654,142.50643920898438,143.0757817547654,1700
2000-08-02,142.96188354492188,143.01881778767174,142.10786990367382,142.10786990367382,1300
2000-08-03,141.42465209960938,141.65238905951213,141.42465209960938,141.65238905951213,1300
2000-08-04,141.6524200439453,141.6524200439453,141.59548579151607,141.6524200439453,300
2000-08-07,142.10789489746094,142.10789489746094,141.48161811706348,141.59548662259027,5600
2000-08-08,141.19691467285156,141.6523885911511,141.19691467285156,141.6523885911511,4600
2000-08-09,142.10789489746094,142.10789489746094,141.19694685324643,141.19694685324643,6100
2000-08-10,144.7268524169922,144.7268524169922,142.10787711755015,142.10787711755015,2100
2000-08-11,143.07579040527344,145.7517005322324,143.01885614725305,144.84075240390595,3900
2000-08-14,148.48451232910156,153.03925197109854,148.37064383805165,150.30640818590035,11600
2000-08-15,148.08596801757812,148.48450772389225,148.02903377381895,148.48450772389225,800
2000-08-16,149.39544677734375,149.39544677734375,147.80128804648797,147.80128804648797,1600
2000-08-17,149.16775512695312,149.16775512695312,149.16775512695312,149.16775512695312,200
2000-08-18,148.93994140625,149.1676783197152,148.93994140625,149.1676783197152,300
2000-08-21,149.11080932617188,149.39548059254486,148.99694081962267,149.33854633927027,1700
2000-08-22,148.93994140625,149.39541523318044,148.02899375238914,149.39541523318044,6100
2000-08-23,148.48451232910156,148.93998629330127,148.48451232910156,148.8830520477763,500
2000-08-24,149.5093536376953,149.8509591677129,149.05387959767185,149.05387959767185,2100
2000-08-25,147.80126953125,147.91513799776098,147.57353259822804,147.80126953125,3100
2000-08-28,148.48451232910156,148.48451232910156,147.57356440070217,147.57356440070217,1800
2000-08-29,147.57354736328125,147.57354736328125,146.6625995400511,147.57354736328125,2200
2000-08-30,148.48451232910156,148.48451232910156,147.57356440070217,147.57356440070217,600
2000-08-31,148.48451232910156,148.48451232910156,148.2567753470017,148.2567753470017,1200
2000-09-01,149.39544677734375,149.39544677734375,148.2567619695896,148.2567619695896,600
2000-09-05,150.306396484375,150.306396484375,149.85092255563447,149.85092255563447,6200
2000-09-06,150.19252014160156,150.30638861782717,150.07865166537593,150.07865166537593,2000
2000-09-07,150.306396484375,150.306396484375,150.19252800218985,150.306396484375,11000
2000-09-08,150.07864379882812,150.07864379882812,150.07864379882812,150.07864379882812,400
2000-09-11,150.07864379882812,150.30638073934227,150.07864379882812,150.30638073934227,1600
2000-09-12,151.44508361816406,151.44508361816406,149.96479332715947,150.30639877892975,43500
2000-09-13,151.44508361816406,152.12829452170465,151.2173466503172,152.12829452170465,10000
2000-09-14,151.92445373535156,152.15273991677208,151.92445373535156,152.03859682606182,4100
2000-09-15,151.35374450683594,151.9244599838602,150.72595748210924,151.58203069764565,7100
2000-09-18,152.26690673828125,152.26690673828125,151.58204808728448,152.26690673828125,2300
2000-09-19,155.69117736816406,155.69117736816406,152.49517079462404,152.49517079462404,4400
2000-09-20,155.23463439941406,155.46292062647203,155.0063481723561,155.0063481723561,1200
2000-09-21,155.69117736816406,155.69117736816406,155.23460500051547,155.23460500051547,2100
2000-09-22,159.34375,159.34375,155.4628850286533,155.4628850286533,10400
2000-09-25,193.7008819580078,199.97875379518544,179.5471345432801,182.62899889971274,94400
2000-09-26,210.0233612060547,211.39307877913765,194.72818163996158,194.72818163996158,70000
2000-09-27,230.11253356933594,232.8519684927804,210.0233441307431,210.0233441307431,86300
2000-09-28,235.59136962890625,266.63829430868464,227.37306603720023,257.5068458734557,93200
2000-09-29,249.17445373535156,255.6806121700355,237.41771130074724,237.41771130074724,41800
2000-10-02,237.4176483154297,252.94110993605392,235.5913587130033,250.88653413332426,13000
2000-10-03,229.1993865966797,237.41769129536542,226.4599516971178,237.41769129536542,15600
2000-10-04,224.63363647460938,228.28621592948107,222.35077431531457,228.28621592948107,12800
2000-10-05,220.98106384277344,224.17707096446645,220.98106384277344,223.7204985185103,7800
2000-10-06,218.2416229248047,220.12498421050515,213.2193261629368,220.06791265639302,13700
2000-10-09,218.2416229248047,222.1224886044299,218.2416229248047,219.15476779059884,2800
2000-10-10,226.45989990234375,226.45989990234375,219.1547418409778,219.1547418409778,7900
2000-10-11,234.67822265625,234.67822265625,228.05792260077214,228.05792260077214,6800
2000-10-12,225.54676818847656,242.89651958759015,224.6336233779969,236.39036281292255,12400
2000-10-13,231.02561950683594,231.9387642479697,222.6075664245093,225.5467510600335,19200
2000-10-16,239.2439422607422,239.2439422607422,227.1447734250367,229.6559216739567,9500
2000-10-17,229.1993865966797,237.6459775369956,228.28624163015905,237.6459775369956,4000
2000-10-18,226.45989990234375,228.28618941768522,224.63361038700225,228.28618941768522,13600
2000-10-19,226.00335693359375,227.8296466865925,224.6336396188447,227.8296466865925,3400
2000-10-20,222.92149353027344,225.54678505674363,221.89420554165466,225.54678505674363,2600
2000-10-23,220.52455139160156,222.8074142424463,220.0679788214326,222.8074142424463,2300
2000-10-24,221.89419555664062,222.80734039432227,220.12497743363244,220.12497743363244,2000
2000-10-25,220.98106384277344,220.98106384277344,219.2118456146934,220.5244913968173,3200
2000-10-26,219.15480041503906,221.20937666893005,217.78508291244506,220.52451791763306,3800
2000-10-27,218.92648315429688,220.06791424477808,217.78505206381567,219.38305559048936,2900
2000-10-30,221.89419555664062,221.89419555664062,218.86940328182015,218.86940328182015,700
2000-10-31,240.1570587158203,240.1570587158203,222.69316613810145,222.69316613810145,13800
2000-11-01,236.5045928955078,244.72289921234014,236.5045928955078,239.70060090760927,5500
2000-11-02,235.59136962890625,235.59136962890625,233.76507994186048,235.59136962890625,2700
2000-11-03,234.67822265625,234.67822265625,232.85193298577337,234.67822265625,1900
2000-11-06,233.30848693847656,233.76505931996087,228.28619074214927,233.76505931996087,6300
2000-11-07,232.8519287109375,234.678218347886,232.8519287109375,234.678218347886,800
2000-11-08,241.0701904296875,241.0701904296875,231.93874382250237,232.8518884832209,3400
2000-11-09,245.6359100341797,245.6359100341797,241.07018679934365,241.07018679934365,5200
2000-11-10,250.20169067382812,253.85427009972344,247.3481129973474,247.3481129973474,4000
2000-11-13,247.00570678710938,247.00570678710938,240.61369219372762,246.54913431615353,7800
2000-11-14,248.37539672851562,248.37539672851562,246.0925346262315,246.0925346262315,6300
2000-11-15,255.6806182861328,256.1371908187866,248.37545776367188,248.37545776367188,8000
2000-11-16,255.6806182861328,269.37779426574707,253.85432815551758,256.59376335144043,19200
2000-11-17,260.246337890625,261.84434171977796,257.0503302323191,257.0503302323191,5900
2000-11-20,260.246337890625,264.69791998612254,260.246337890625,260.246337890625,2800
2000-11-21,259.732666015625,262.5291724174632,259.3331651010767,261.1594549961547,1800
2000-11-22,259.78973388671875,260.2463063540065,258.4200164848555,260.2463063540065,1600
2000-11-24,261.15936279296875,261.15936279296875,260.24621816781854,260.24621816781854,500
2000-11-27,255.6806182861328,260.2463436126709,255.6806182861328,260.2463436126709,3700
2000-11-28,256.5935974121094,257.50674188688555,254.767308462557,254.767308462557,1300
2000-11-29,260.246337890625,260.246337890625,257.50690275493423,257.50690275493423,900
2000-11-30,255.22401428222656,268.4646160965102,251.5714344713897,261.1594564748365,15100
2000-12-01,254.76742553710938,255.68057043150762,253.85428064271116,255.2239979843085,1800
2000-12-04,253.62596130371094,255.6805370478454,252.94110272233277,255.4522508540527,1900
2000-12-05,253.74014282226562,255.45228953496647,252.94114102300523,253.62599970808557,2900
2000-12-06,253.8542938232422,253.8542938232422,251.1148589978115,253.8542938232422,19200
2000-12-07,253.79718017578125,253.8542517251799,253.79718017578125,253.8542517251799,2600
2000-12-08,253.79718017578125,253.8542517251799,252.94110693480155,253.79718017578125,4300
2000-12-11,257.5067443847656,258.19160274749106,254.76731093386385,254.76731093386385,4400
2000-12-12,262.0724792480469,263.89876830204025,256.5936120860668,257.5067566130635,11800
2000-12-13,262.98577880859375,262.98577880859375,262.928707242012,262.98577880859375,700
2000-12-14,262.0724792480469,264.81191282903694,262.0724792480469,262.2436938468588,4000
2000-12-15,261.1024169921875,261.38777482496585,260.24634349385246,261.38777482496585,2700
2000-12-18,262.18670654296875,264.81199790147474,261.1594186200751,261.1594186200751,3700
2000-12-19,264.6979675292969,264.6979675292969,262.1868182038788,262.1868182038788,2200
2000-12-20,263.3282165527344,264.35550478375933,262.9857871423927,264.35550478375933,1100
2000-12-21,262.87152099609375,263.44223641293286,262.75737791272593,262.98566407946157,1800
2000-12-22,266.6382751464844,267.5514199243833,263.2139822293634,263.2139822293634,7500
2000-12-26,269.377685546875,271.20397494041316,267.09482380495234,267.09482380495234,4900
2000-12-27,277.5960388183594,278.5091836828934,270.06259368595323,270.06259368595323,9300
2000-12-28,284.1022644042969,285.8144114376695,276.2263880507828,277.5961056774809,20500
2000-12-29,291.2933044433594,292.2064495983542,284.9012883583954,284.9012883583954,16000
2001-01-02,288.3254089355469,290.3799842961327,283.987972063199,290.3799842961327,21000
2001-01-03,289.9235534667969,290.2659828606553,287.1841183159295,287.1841183159295,6100
2001-01-04,282.2188415527344,288.5537842043731,282.1617699973142,288.5537842043731,6900
2001-01-05,276.682861328125,282.9607315315272,274.856571814408,282.9607315315272,10300
2001-01-08,266.6382751464844,276.6828677033725,261.1594064790909,276.6828677033725,15300
2001-01-09,269.377685546875,270.2908302436441,266.6382514565678,267.5513961533369,5000
2001-01-10,268.4646301269531,270.2909201278168,266.6383401260895,268.4646301269531,6800
2001-01-11,273.0302734375,273.0302734375,265.7251156197742,267.55140507420566,4300
2001-01-12,274.85662841796875,276.6829183077891,272.11719358323813,272.11719358323813,4800
2001-01-16,275.7698059082031,277.59609601355544,275.7698059082031,276.22637843454123,2100
2001-01-17,272.0030822753906,275.3132330878062,270.29093530345153,275.3132330878062,6400
2001-01-18,268.4646301269531,271.20406512824854,268.00805762673724,271.20406512824854,3000
2001-01-19,265.2685546875,267.5514166039157,262.98569277108436,267.5514166039157,4500
2001-01-22,270.2909240722656,271.6606415929021,266.638344017235,266.638344017235,9300
2001-01-23,273.7151184082031,273.7151184082031,271.20397053289855,271.20397053289855,1200
2001-01-24,271.4322814941406,278.05258104277823,271.4322814941406,274.8565743641256,4900
2001-01-25,267.5514221191406,272.1171460460884,267.5514221191406,270.2908564753093,2400
2001-01-26,265.6111145019531,268.4646932997825,260.246386362034,267.5515480844771,12100
2001-01-29,268.9212341308594,269.377806684562,263.89893604013025,264.81208114753554,3000
2001-01-30,264.8121337890625,268.0081423003098,264.8121337890625,268.0081423003098,1800
2001-01-31,267.5514221191406,270.24521038282677,265.7251325483615,265.7251325483615,4000
2001-02-01,267.3231506347656,270.2908713506084,266.63829200803264,267.5605772094631,3600
2001-02-02,272.11712646484375,272.11712646484375,266.63825814675965,267.5514028664403,10300
2001-02-05,275.7605895996094,279.42230916988626,272.1171507602161,272.1171507602161,11300
2001-02-06,278.50921630859375,279.42236128009733,273.94349145107583,274.8566364225794,7800
2001-02-07,282.1617431640625,283.0748879639462,279.4223087644114,279.4223087644114,5500
2001-02-08,283.0749206542969,286.7275002756426,282.16177574896045,283.7597793332992,3600
2001-02-09,285.81439208984375,285.81439208984375,283.9881020445412,284.90124706719246,2000
2001-02-12,289.40301513671875,290.38008689705566,284.90121733296024,284.90121733296024,5100
2001-02-13,283.9881286621094,289.45785894302406,283.07498355387105,289.45785894302406,12600
2001-02-14,288.0151062011719,288.18860600366617,283.0749877483647,284.9012779919026,10300
2001-02-15,283.531494140625,288.01503898620894,282.20742287627166,288.01503898620894,5100
2001-02-16,283.0749206542969,283.08406102078095,281.7052032962922,283.0749206542969,3300
2001-02-20,280.3262939453125,283.065728156812,278.50914483578026,283.065728156812,2500
2001-02-21,276.79248046875,281.2486320851786,275.7697626289738,281.2486320851786,20600
2001-02-22,274.85662841796875,277.5960632526993,272.11719358323813,275.08491465419627,7900
2001-02-23,273.9434509277344,274.8657361299545,273.9434509277344,274.85659576416015,1000
2001-02-26,273.5872802734375,277.13942666348873,272.3454168118139,273.03027536205315,8300
2001-02-27,283.9881286621094,287.64070909506256,274.1718187485477,274.62839130266684,16000
2001-02-28,284.9012756347656,285.8144207489796,281.24869517790967,283.98813052055164,7300
2001-03-01,283.0749206542969,283.5406334734492,281.7052032962922,283.5314931069651,5700
2001-03-02,287.4124755859375,287.64076190490965,283.9881808013552,283.9881808013552,2200
2001-03-05,283.6228332519531,291.29324542646543,283.3032269390624,288.5538105164987,6200
2001-03-06,285.5860290527344,286.3074212294313,285.35774285844764,285.35774285844764,10000
2001-03-07,284.4446716308594,284.4446716308594,283.98809912422877,283.98809912422877,1100
2001-03-08,283.531494140625,284.44463904929046,283.08406205280966,283.08406205280966,2000
2001-03-09,289.01043701171875,289.01043701171875,282.8467073124167,282.8467073124167,3000
2001-03-12,287.86895751953125,291.06496497811446,287.6863173751085,287.6863173751085,1800
2001-03-13,283.1662292480469,287.86891974664405,283.07490918781815,287.86891974664405,2500
2001-03-14,279.1940002441406,281.7964682891472,277.59599697209734,281.33989592570623,5000
2001-03-15,279.5146484375,280.33916981586526,278.59850735967035,278.59850735967035,8100
2001-03-16,280.3392333984375,280.3392333984375,274.1461093609824,279.60633155331016,7500
2001-03-19,277.8198547363281,278.7359960545023,277.5908194067846,278.7359960545023,1700
2001-03-20,277.5816345214844,277.5908048808788,275.75852234041093,276.67466361064487,4200
2001-03-21,278.9650573730469,282.4005876362617,276.67470386423696,276.67470386423696,8100
2001-03-22,280.9804992675781,281.2553304266511,277.5907658608315,277.5907658608315,6700
2001-03-23,284.3703308105469,284.3703308105469,278.04895972318667,278.04895972318667,5400
2001-03-26,284.00384521484375,285.8361280871976,283.0877037786668,283.0877037786668,2800
2001-03-27,290.41668701171875,291.33282798020997,283.08755926378893,283.08755926378893,3700
2001-03-28,291.3329162597656,291.3329162597656,285.8360687831663,289.50063376756583,4300
2001-03-29,293.85235595703125,294.08139130851765,290.4168256847355,290.4168256847355,5100
2001-03-30,300.9523620605469,300.9523620605469,292.249021300805,292.249021300805,7700
2001-04-02,306.9073486328125,307.8234899720149,298.66207657999064,300.0362885887943,4600
2001-04-03,302.0976257324219,308.51061551294333,301.41051968450887,308.51061551294333,10800
2001-04-04,294.0813293457031,300.4943178361079,294.0813293457031,300.4943178361079,2600
2001-04-05,298.66204833984375,299.57818959241996,294.9974833295389,294.9974833295389,7300
2001-04-06,295.91363525390625,297.7459178251379,294.9974939682905,297.7459178251379,1000
2001-04-09,294.0813293457031,296.829752984448,294.0813293457031,296.829752984448,800
2001-04-10,290.3251953125,294.9517260180201,288.5845322966794,293.16523915853145,7500
2001-04-11,281.2554016113281,289.5922937002852,281.2554016113281,289.5922937002852,7400
2001-04-12,284.00384521484375,286.7522695233745,282.6296330605784,282.6296330605784,5700
2001-04-16,284.01300048828125,285.7444931722963,282.1715473526954,283.08768874020416,2300
2001-04-17,279.3313903808594,282.1714331241143,276.6745870242939,282.1714331241143,3300
2001-04-18,284.00384521484375,286.7522695233745,280.3392794701361,280.3392794701361,7300
2001-04-19,283.5457458496094,284.0038165214181,280.80649217888595,284.0038165214181,12900
2001-04-20,278.5161437988281,284.9199629585015,278.5069734385352,284.9199629585015,5600
2001-04-23,282.62957763671875,282.62957763671875,278.5527378618355,280.3392244954163,5400
2001-04-24,281.2554016113281,282.62961367131834,281.2554016113281,282.62961367131834,700
2001-04-25,281.3469543457031,282.6295463712653,281.2553346385038,281.2553346385038,3700
2001-04-26,283.99456787109375,286.7521615018756,282.40049131933915,282.53790689131677,3800
2001-04-27,284.00384521484375,284.8283669157194,282.17156234248995,284.8283669157194,2000
2001-04-30,287.6684265136719,288.5845679993842,285.01162179679,285.8361435422472,3100
2001-05-01,285.83612060546875,286.75226201766577,283.5457670749762,286.75226201766577,9300
2001-05-02,283.7748107910156,287.2103411880013,281.25542183322614,287.2103411880013,4600
2001-05-03,283.0876770019531,284.003818351474,282.1715356524322,283.0876770019531,7500
2001-05-04,283.0876770019531,284.003818351474,283.0876770019531,284.003818351474,800
2001-05-07,282.1715087890625,282.1715087890625,279.97277535121987,282.1715087890625,2400
2001-05-08,283.0876770019531,283.0876770019531,280.79732362815093,281.2553943029113,3200
2001-05-09,283.4540100097656,283.4540100097656,282.2630379342975,283.08755921411415,4300
2001-05-10,284.00384521484375,286.9813048824187,283.1793235139681,283.45415476145405,25700
2001-05-11,284.9200134277344,284.9200134277344,284.0038719054587,284.0038719054587,7000
2001-05-14,284.9200134277344,284.9200134277344,283.08773038318304,284.0038719054587,3400
2001-05-15,287.21026611328125,287.21026611328125,285.37798371383445,285.37798371383445,300
2001-05-16,292.24908447265625,294.0813671339268,286.7522364888445,288.12644848479744,14200
2001-05-17,295.8677978515625,295.9135937260511,293.1651702549113,293.1651702549113,9400
2001-05-18,296.82977294921875,299.4865770536866,294.5394197628822,295.91363167468415,8900
2001-05-21,297.28790283203125,297.28790283203125,294.081407732148,295.45561991781227,2300
2001-05-22,296.0052490234375,297.9291512762364,294.9974880378369,295.9136293050351,3800
2001-05-23,296.82977294921875,298.2039848610207,296.82977294921875,297.7459142237534,5500
2001-05-24,301.8684997558594,303.92981728074767,295.45551190065146,295.45551190065146,19100
2001-05-25,305.3773193359375,305.3773193359375,301.8685110089148,301.8685110089148,6400
2001-05-29,305.3498229980469,305.37730611321024,305.3498229980469,305.37730611321024,900
2001-05-30,310.1138000488281,310.1138000488281,305.578889869181,305.578889869181,2400
2001-05-31,316.98486328125,316.98486328125,308.281521659366,310.5718747177565,8600
2001-06-01,320.64947509765625,327.7953665021807,316.98490966796874,316.98490966796874,7500
2001-06-04,316.0687255859375,321.56557298743206,316.0687255859375,321.56557298743206,7600
2001-06-05,320.1914978027344,320.6495686150416,317.67210833504475,317.67210833504475,6900
2001-06-06,323.3978271484375,325.00107416687877,320.19133311155497,320.19133311155497,25300
2001-06-07,333.47540283203125,333.47540283203125,325.2301318828876,325.2301318828876,18900
2001-06-08,338.9264221191406,339.88835912197146,331.8721242370193,331.8721242370193,16700
2001-06-11,342.4078674316406,343.5530442457933,337.14005408653844,338.9723369891827,16100
2001-06-12,343.55291748046875,343.91936833409966,342.1787058105469,342.1787058105469,8400
2001-06-13,338.9722595214844,345.15621290464657,338.9722595214844,345.15621290464657,7000
2001-06-14,340.8045349121094,342.63681735787344,336.2238287976993,337.59804063202233,9000
2001-06-15,346.3013916015625,348.1336740968088,340.8045441158234,340.8045441158234,14500
2001-06-18,348.1336975097656,351.7982627467105,347.2175562005294,347.2175562005294,11500
2001-06-19,345.3852233886719,347.2175057408664,341.7206586842828,347.2175057408664,3700
2001-06-20,351.7982177734375,351.7982177734375,346.30137062072754,346.30137062072754,1600
2001-06-21,358.21124267578125,359.1273839613971,351.7982536764706,351.7982536764706,4200
2001-06-22,355.46282958984375,358.21125352997143,355.46282958984375,358.21125352997143,5100
2001-06-25,353.630615234375,357.295181195353,351.88995199459436,357.295181195353,3500
2001-06-26,350.8820495605469,352.7143318036829,350.8820495605469,352.7143318036829,1500
2001-06-27,348.36273193359375,350.88212052745934,348.32607845296343,350.88212052745934,2200
2001-06-28,338.51422119140625,346.75949315547297,334.14423711548017,346.75949315547297,23000
2001-06-29,344.6981201171875,346.3013671875,338.05609654017854,338.9722377232143,6200
2001-07-02,343.0948181152344,343.5528886334123,342.6367475970565,343.5528886334123,6900
2001-07-03,340.81365966796875,343.09484206101644,340.80448931027536,343.09484206101644,2600
2001-07-05,342.63677978515625,342.63677978515625,338.97221529547545,340.8044975403158,4300
2001-07-06,344.4691162109375,346.3013987439744,341.7206924113822,342.6368336779006,2500
2001-07-09,340.8045349121094,343.55295858075544,338.97225246634537,343.55295858075544,3600
2001-07-10,337.13995361328125,342.63680068306303,337.13995361328125,341.72065950476605,5600
2001-07-11,328.96795654296875,336.2238068563927,328.8946775516212,336.2238068563927,3700
2001-07-12,322.48175048828125,328.7115003938935,322.48175048828125,327.24569662204226,7100
2001-07-13,312.404052734375,319.7331800712518,297.75496841648106,319.7331800712518,15900
2001-07-16,319.73333740234375,320.5578590417841,309.65578235527846,310.66354345166815,7700
2001-07-17,318.8171691894531,318.8171691894531,316.98488660790457,318.8171691894531,1700
2001-07-18,320.64947509765625,320.64947509765625,318.8171923828125,319.6417140128091,4200
2001-07-19,323.4894104003906,327.97849595445473,318.90870514963007,318.90870514963007,4800
2001-07-20,322.48175048828125,324.3140331615101,322.48175048828125,324.3140331615101,800
2001-07-23,324.00250244140625,325.23012830309034,320.64942227065245,320.74104198298335,2100
2001-07-24,323.3978271484375,324.3139683018325,320.6494036882525,323.3978271484375,3700
2001-07-25,326.1463623046875,326.1463623046875,325.13860109914094,325.13860109914094,3400
2001-07-26,326.9250183105469,326.9708141907545,324.5888412932879,325.2301513666718,6500
2001-07-27,327.0624084472656,327.0624084472656,323.85591424680223,325.23012604700085,2600
2001-07-30,325.23016357421875,326.60437553298306,322.48173965669014,326.1463048800616,7400
2001-07-31,329.8107604980469,329.8107604980469,324.3139144897461,325.2300554911296,2300
2001-08-01,333.47540283203125,336.68189709003155,329.8108379657452,329.8108379657452,4200
2001-08-02,337.5980224609375,337.5980224609375,332.55924600629663,332.55924600629663,5800
2001-08-03,325.23016357421875,336.6911002570055,325.23016357421875,336.68192989725463,5600
2001-08-06,319.18353271484375,326.6042807298396,318.02004365917725,326.6042807298396,5600
2001-08-07,311.4879455566406,318.3590031792136,309.6556635239545,318.3590031792136,8400
2001-08-08,308.28143310546875,310.5717855059551,305.0749397447878,310.5717855059551,4900
2001-08-09,309.65576171875,309.65576171875,309.65576171875,309.65576171875,600
2001-08-10,309.65576171875,310.5719030256102,309.65576171875,310.5719030256102,1300
2001-08-13,305.0750427246094,308.73960780238247,303.24276018572283,308.73960780238247,4300
2001-08-14,304.158935546875,306.9073596632624,304.158935546875,305.9912182911333,2800
2001-08-15,299.57818603515625,306.81569625288586,299.57818603515625,304.6169628644937,9100
2001-08-16,299.57818603515625,299.57818603515625,297.1045934992076,298.6620447934585,4500
2001-08-17,310.5718688964844,310.5718688964844,298.6620332160882,298.6620332160882,15300
2001-08-20,310.5718688964844,313.32029251503735,310.5718688964844,311.4880101026687,11700
2001-08-21,309.1976623535156,311.4880154079861,307.8234505208333,311.4880154079861,900
2001-08-22,311.4879455566406,311.4879455566406,309.6556635239545,310.5718045402976,2000
2001-08-23,317.90093994140625,320.6493630532916,310.66343133845595,311.4879526803404,4900
2001-08-24,317.94677734375,318.8171226262371,316.06869915532127,316.06869915532127,5600
2001-08-27,316.2977600097656,317.9010071640512,316.06872470201057,316.5267953175207,3500
2001-08-28,319.73333740234375,320.74109849873344,315.15263056276865,315.15263056276865,8600
2001-08-29,320.1914978027344,320.420533208888,317.9011437411984,320.420533208888,2900
2001-08-30,319.73333740234375,323.3979028740039,317.9010546665137,320.6494787702588,5500
2001-08-31,309.65576171875,318.35910413392196,307.8234791050296,318.35910413392196,12200
2001-09-04,313.3203125,313.3203125,311.0299593384503,311.0299593384503,3200
2001-09-05,316.0687255859375,316.0687255859375,311.4880194180254,312.40416065160775,5900
2001-09-06,322.9398498535156,325.49589223815985,316.0687892183345,316.52685992734655,37400
2001-09-07,326.6044006347656,326.6044006347656,322.48176444161993,322.48176444161993,3800
2001-09-10,331.1942138671875,332.1011847076978,326.6043375125359,326.6043375125359,4900
2001-09-17,294.9975280761719,297.6543325199572,279.4231244199765,279.4231244199765,33100
2001-09-18,297.516845703125,297.745880996199,291.332892790127,293.2567948436306,18800
2001-09-19,301.41046142578125,302.25332365001026,297.52603159908284,297.52603159908284,9500
2001-09-20,294.0813293457031,300.4943178361079,293.16518813278816,300.4943178361079,18500
2001-09-21,294.9975280761719,294.9975280761719,287.66839694384464,294.9975280761719,19900
2001-09-24,293.1652526855469,299.52327633983805,293.1652526855469,296.73819861096854,10200
2001-09-25,289.0425720214844,293.16520775554676,288.5845013843663,293.16520775554676,14300
2001-09-26,291.97418212890625,293.16515438523317,285.83602552560234,289.0425194016908,12500
2001-09-27,295.91363525390625,295.91363525390625,292.249070111443,293.0735916768146,11600
2001-09-28,305.0750427246094,305.9911839940526,294.99748876073335,295.91363003017665,16500
2001-10-01,309.1976623535156,309.1976623535156,305.53309746636285,306.44923868815107,2100
2001-10-02,314.2364501953125,315.15259144952626,307.8234614158163,307.8234614158163,7900
2001-10-03,328.43670654296875,328.43670654296875,311.48808988733435,313.3203727690246,12800
2001-10-04,322.48175048828125,327.06245717135346,321.5656091516668,327.06245717135346,4200
2001-10-05,316.0687255859375,322.4817142210145,313.3203018851902,322.4817142210145,4100
2001-10-08,304.9834289550781,316.98488541057145,300.4943422389232,316.98488541057145,7700
2001-10-09,302.3265380859375,304.9833414653147,301.41039706143465,304.9833414653147,3000
2001-10-10,307.3653869628906,307.3653869628906,301.41046888462296,302.3266101274334,2800
2001-10-11,311.4879455566406,311.4879455566406,304.15881742589613,306.90724047492535,6500
2001-10-12,308.7395324707031,312.4040966543317,306.9164207360378,310.5718145625174,8900
2001-10-15,314.6946105957031,315.7481677469159,308.73969074454715,308.73969074454715,3400
2001-10-16,312.404052734375,314.694405027149,312.404052734375,314.694405027149,1000
2001-10-17,315.2442626953125,316.0687843671957,312.40421875134416,313.32036015530707,3800
2001-10-18,314.29144287109375,314.29144287109375,312.404193965337,314.23647662789034,5700
2001-10-19,315.15264892578125,319.73335603226064,314.29147375308975,314.29147375308975,16900
2001-10-22,316.98486328125,318.2674554022664,316.06872205789375,316.06872205789375,1500
2001-10-23,318.3591003417969,318.8171709897707,317.44295904584925,318.8171709897707,5600
2001-10-24,316.0687255859375,319.7332905202672,316.0687255859375,318.81714928668475,8500
2001-10-25,316.0687255859375,316.0687255859375,316.0687255859375,316.0687255859375,100
2001-10-26,316.0687255859375,316.98486681951994,314.46547842716825,314.46547842716825,2800
2001-10-29,315.62896728515625,316.0687251416859,314.32806239200823,316.0687251416859,1500
2001-10-30,314.2364501953125,316.06873270373995,314.2364501953125,314.2364501953125,4800
2001-10-31,317.90093994140625,317.90093994140625,314.2363757922258,314.2363757922258,5700
2001-11-01,315.1617736816406,317.90102718824187,315.1526033220611,317.90102718824187,1800
2001-11-02,324.3139343261719,324.3139343261719,315.1525237519862,315.1525237519862,10400
2001-11-05,333.47540283203125,333.47540283203125,325.2301318828876,325.2301318828876,11100
2001-11-06,337.13995361328125,338.05609479157823,333.47538890009344,333.47538890009344,10700
2001-11-07,336.6819152832031,336.6819152832031,331.64313831978103,335.7657740171264,12500
2001-11-08,338.963134765625,341.72072922158605,337.1400223955594,337.5980930781621,10800
2001-11-09,329.7192077636719,337.1399569735211,325.2301215369565,337.1399569735211,6800
2001-11-12,324.3139343261719,328.8946396132647,323.3061735713302,328.8946396132647,5300
2001-11-13,325.9540100097656,334.3916658596751,325.23025035667024,325.23025035667024,7000
2001-11-14,328.894775390625,329.8109168262535,323.39792677685415,327.96946359394656,7500
2001-11-15,323.3978271484375,329.81081522220256,322.93975657174,329.81081522220256,4400
2001-11-16,320.64947509765625,323.39789916992186,317.9010510253906,323.39789916992186,2500
2001-11-19,323.4435729980469,325.13843946137666,322.25260086619613,322.25260086619613,2800
2001-11-20,313.3203125,323.44366229068464,304.15889985380113,323.44366229068464,38400
2001-11-21,308.7395324707031,314.23637874614593,306.5407995522072,314.23637874614593,6100
2001-11-23,309.1976623535156,310.48025447233687,309.1793495941079,309.6557329644097,500
2001-11-26,308.7395324707031,309.65567351661025,304.1588272411675,309.1976029936567,5900
2001-11-27,310.5718688964844,311.4880101026687,308.73958648411576,311.4880101026687,4300
2001-11-28,316.0687255859375,318.7255295716442,311.4880194180254,311.4880194180254,7700
2001-11-29,312.175048828125,314.70360695974665,308.73952004424984,314.6944366029668,5000
2001-11-30,309.65576171875,313.32032694619085,306.9073377981694,313.32032694619085,8600
2001-12-03,308.7395324707031,310.5718145625174,304.61689776412106,310.5718145625174,4000
2001-12-04,319.7423400878906,321.8952488067599,305.99105642004974,307.8233381950201,5000
2001-12-05,323.37957763671875,326.1463143960605,314.6945477388955,318.3591130691883,12500
2001-12-06,327.9693298339844,327.9693298339844,317.9009485094389,321.56551275738633,6100
2001-12-07,323.8558654785156,329.8107823826467,319.73323069873254,327.9693299009869,7100
2001-12-10,320.65863037109375,324.7720959256885,320.64946001125804,324.7720959256885,4100
2001-12-11,323.4070129394531,325.18432909852464,317.90099539811433,320.65858934811496,4300
2001-12-12,324.3139343261719,324.3139343261719,320.64937009649765,322.49082256859896,2700
2001-12-13,327.0624084472656,327.0624084472656,321.56556124647125,324.31398484686844,10100
2001-12-14,321.5654602050781,326.146164766404,319.73317838054777,326.146164766404,8100
2001-12-17,319.73333740234375,321.5656201381738,317.2139486405774,321.5656201381738,4400
2001-12-18,320.1914978027344,320.1914978027344,316.06886049196953,318.8172853658128,10700
2001-12-19,318.3591003417969,320.6494535816659,318.3591003417969,320.6494535816659,1600
2001-12-20,314.3372802734375,317.90108394286665,314.3372802734375,317.90108394286665,7600
2001-12-21,322.48175048828125,323.3978918248957,312.40419578552246,314.33724058573983,6400
2001-12-24,318.9087219238281,321.56552551733256,318.8171022223126,321.56552551733256,3000
2001-12-26,324.3139343261719,327.886878858423,319.8248487365022,319.8248487365022,10900
2001-12-27,322.48175048828125,325.13855477278014,320.1913971467452,323.3978918248957,5300
2001-12-28,321.5654602050781,322.4816011173433,319.73317838054777,321.5654602050781,4700
2001-12-31,318.8171691894531,320.64945177100174,316.98488660790457,319.73331048022743,9200
2002-01-02,320.64947509765625,321.5656164550781,318.8171923828125,319.73333374023434,7000
2002-01-03,317.8093566894531,319.7332586800694,316.9848352530201,318.81711753771964,13000
2002-01-04,311.4879455566406,318.8170736873851,311.4879455566406,317.900932671042,17200
2002-01-07,311.4879455566406,312.8621570811552,310.5718045402976,312.4040865729837,6500
2002-01-08,311.4879455566406,311.4879455566406,309.6648338808075,311.4879455566406,2500
2002-01-09,310.1138000488281,313.3111239298188,309.655729443143,313.3111239298188,9700
2002-01-10,308.7395324707031,310.1137440395638,306.9072503788889,309.65567351661025,13200
2002-01-11,306.44921875,307.8234304932735,300.9523717769058,306.9072893310912,12700
2002-01-14,311.4879455566406,312.8621570811552,298.2039008196663,306.220134712668,6000
2002-01-15,306.9073486328125,312.40419666802705,305.07506595440765,312.40419666802705,23700
2002-01-16,305.9911193847656,309.6556836887748,305.9911193847656,307.82340153677023,4500
2002-01-17,308.28143310546875,310.5717855059551,305.0749397447878,306.9072216651769,7500
2002-01-18,305.0750427246094,308.2815371676608,302.32661891627953,308.2815371676608,6200
2002-01-22,305.0750427246094,305.9911839940526,303.24276018572283,305.0750427246094,2000
2002-01-23,304.84600830078125,306.90732616307054,302.3266198024277,305.99118489094195,8200
2002-01-24,302.3265380859375,304.84592590332034,302.3265380859375,304.84592590332034,4700
2002-01-25,305.0567626953125,305.07507545763764,302.3358217147861,303.2427927221563,17000
2002-01-28,305.9911193847656,306.2293250112164,305.08414866621354,305.9911193847656,6400
2002-01-29,304.158935546875,304.158935546875,304.158935546875,304.158935546875,300
2002-01-30,304.158935546875,305.0750769190042,297.7551163023854,303.2427941747459,5100
2002-01-31,305.5330505371094,305.5330505371094,302.3265567533616,304.15883891550317,9800
2002-02-01,307.8234558105469,311.48802076067244,304.1588908604213,305.0750320979527,5600
2002-02-04,307.3653869628906,307.8234575842958,302.3266101274334,306.4492457200802,5100
2002-02-05,308.7395324707031,309.65567351661025,306.9072503788889,308.7395324707031,3000
2002-02-06,302.3265380859375,308.28145474520596,300.9523265491833,307.82338423295454,9100
2002-02-07,302.3265380859375,304.1588201349432,300.03618552468043,302.3265380859375,4900
2002-02-08,299.486572265625,301.4104745030718,298.6712210826994,301.4104745030718,15700
2002-02-11,302.2808532714844,304.15893187833075,299.5782250729342,300.4943664340135,9400
2002-02-12,302.3265380859375,302.3265380859375,299.8071502685547,300.72329129305757,5800
2002-02-13,302.55560302734375,304.1588499775265,300.1278346658915,300.4942855199659,10200
2002-02-14,308.7395324707031,308.7395324707031,302.7846156723068,302.7846156723068,21300
2002-02-15,304.158935546875,310.571925151779,302.3266528026167,309.6557837796499,6100
2002-02-19,304.158935546875,306.9073596632624,302.3266528026167,305.9912182911333,2700
2002-02-20,305.5330505371094,306.9072621587156,302.3265567533616,303.2426978344324,9300
2002-02-21,303.33441162109375,304.89183516694436,303.0595524364738,304.89183516694436,3800
2002-02-22,302.78466796875,302.78466796875,302.23497765458296,302.41821707877557,10800
2002-02-25,301.41046142578125,302.3266026459204,298.8910730703986,302.3266026459204,8000
2002-02-26,301.41046142578125,301.41963178467427,301.3921486664065,301.41046142578125,1300
2002-02-27,303.05950927734375,303.2427487076617,301.410466238129,301.410466238129,5100
2002-02-28,300.4942932128906,302.3357458466482,298.8910462216633,302.32657548857895,6400
2002-03-01,302.3265380859375,303.24267911044035,297.929072351686,300.49425603693186,25100
2002-03-04,299.12017822265625,302.0976378833718,298.6621075056231,301.4105318078221,6500
2002-03-05,299.12017822265625,300.4943903737558,298.2040367885899,298.2040367885899,8100
2002-03-06,301.41046142578125,301.41046142578125,299.578178985503,299.578178985503,20900
2002-03-07,302.3449401855469,302.79386843192896,300.9524154818318,302.3266274246712,6500
2002-03-08,302.3265380859375,304.1496497780085,301.18136180530894,302.3265380859375,4400
2002-03-11,300.9523620605469,303.7007854583601,300.49429149424464,302.3265737594535,8800
2002-03-12,302.78466796875,304.1588797749622,300.4943149583964,300.4943149583964,2100
2002-03-13,302.78466796875,303.24273857082073,298.66203255011345,303.24273857082073,10800
2002-03-14,307.83880615234375,310.5955715805737,303.70365800999883,303.70365800999883,5100
2002-03-15,323.46044921875,323.46044921875,307.83877979625356,308.7577015269886,13800
2002-03-18,324.3609313964844,328.01822113415614,323.5522759640566,325.29822126047503,7600
2002-03-19,321.63177490234375,324.37014346494624,321.622576712022,324.37014346494624,1000
2002-03-20,318.8658447265625,320.7128864032906,312.8928533988315,320.70368821201816,6300
2002-03-21,321.62261962890625,321.62261962890625,317.0280107770647,317.94693254743305,2000
2002-03-22,319.3253479003906,321.61345436905356,319.3253479003906,320.70373069708296,1400
2002-03-25,308.7576599121094,318.8657975878034,308.7576599121094,318.8657975878034,9000
2002-03-26,306.9198303222656,310.48525080215296,306.9198303222656,308.75767361760853,4900
2002-03-27,313.8117370605469,313.8117370605469,306.91982482642067,306.91982482642067,1500
2002-03-28,317.3955078125,317.94686636861223,314.7306408417621,315.19010163131213,8000
2002-04-01,313.35223388671875,317.0279199147154,311.6062886320721,317.0279199147154,1700
2002-04-02,315.649658203125,317.94696284798033,311.97397077135645,311.97397077135645,4500
2002-04-03,316.1090393066406,318.8658041843148,316.1090393066406,317.02796093253204,2800
2002-04-04,322.0820617675781,322.54152262601974,316.10907060783705,316.10907060783705,6000
2002-04-05,324.37933349609375,325.2982551207286,321.6225686221893,322.0820294345067,1200
2002-04-08,323.46044921875,324.8388318148526,322.54152748801494,322.54152748801494,500
2002-04-09,327.5955810546875,328.9739635836694,321.62259009576616,324.8388159967238,9000
2002-04-10,327.5955810546875,331.73072864163305,325.29827683971774,326.21719852570567,6400
2002-04-11,324.37933349609375,328.0550199946331,323.93824102069453,326.6766375576808,7100
2002-04-12,332.64959716796875,332.64959716796875,325.2982248548645,325.2982248548645,2700
2002-04-15,329.8929138183594,334.48752264591315,329.8929138183594,334.48752264591315,6600
2002-04-16,329.4334411621094,330.811823761114,327.13613683043496,328.9739802957745,12900
2002-04-17,331.8684997558594,332.19012789497657,330.8117456215534,330.8117456215534,12100
2002-04-18,331.2712707519531,331.7307315990432,319.71124817820294,331.7307315990432,8000
2002-04-19,331.9237060546875,332.64966206434553,331.8042417443718,332.64966206434553,500
2002-04-22,333.5685729980469,335.4064163754466,330.82100612267897,331.92369532316013,2400
2002-04-23,331.7307434082031,334.4875085888807,331.7307434082031,334.4875085888807,7300
2002-04-24,321.62261962890625,330.8118373325893,316.1090890066964,330.8118373325893,14900
2002-04-25,322.5414733886719,322.5414733886719,319.7847086588542,321.622551812066,1900
2002-04-26,324.96746826171875,326.2171882545472,323.460423283382,324.379344940437,2800
2002-04-29,326.6766662597656,328.97397052319576,326.2172054070796,326.2172054070796,2600
2002-04-30,329.4334411621094,330.811823761114,327.59559769676986,327.59559769676986,2600
2002-05-01,340.0010070800781,340.0010070800781,330.81179067250844,330.81179067250844,5500
2002-05-02,340.0010070800781,341.83885036159205,338.1631637985642,340.9199287208351,3300
2002-05-03,339.09136962890625,339.5416323732273,339.08217143632174,339.08217143632174,600
2002-05-06,340.0010070800781,344.59561528386297,340.0010070800781,340.9199287208351,2300
2002-05-07,337.2442626953125,341.83887117889986,337.2442626953125,339.0821060887474,3000
2002-05-08,339.771240234375,340.000970619929,336.3252844510649,337.2442059932809,1300
2002-05-09,338.1632080078125,339.0821297687033,336.7848253664763,338.62266888825786,2000
2002-05-10,335.8658447265625,340.00099192565835,335.8658447265625,338.1631487260602,1500
2002-05-13,337.2442626953125,338.6226452403887,337.2442626953125,337.70372354367123,600
2002-05-14,340.2400207519531,340.2400207519531,339.0821702212537,339.0821702212537,800
2002-05-15,341.8388366699219,342.52802787288545,340.4604542639948,340.47882260049954,2400
2002-05-16,347.35235595703125,347.35235595703125,340.000983344184,340.000983344184,6600
2002-05-17,345.97393798828125,348.73070243440304,345.51447724726097,348.73070243440304,4100
2002-05-20,342.7577819824219,344.5864271269287,341.8388603149087,343.67670364993506,3600
2002-05-21,335.17669677734375,342.7578009539389,331.73074033343687,342.7578009539389,5200
2002-05-22,334.4874572753906,336.3253004472334,330.81177093170504,336.0955700507531,10800
2002-05-23,333.5777587890625,334.9469430804855,333.5685605986728,333.5685605986728,1600
2002-05-24,329.61712646484375,332.64955595096154,328.0549488245671,332.64955595096154,4400
2002-05-28,327.13616943359375,329.8929349063487,324.3794039608387,329.8929349063487,12100
2002-05-29,324.38848876953125,325.3074102725926,324.3792905806578,325.2982120837192,2600
2002-05-30,323.9290466308594,333.5685247780115,323.9198484414575,325.2982307752509,9800
2002-05-31,326.2171936035156,326.4469240215463,323.4604285871479,323.4604285871479,4100
2002-06-03,314.73052978515625,329.89273049013457,314.73052978515625,328.05488798044024,4500
2002-06-04,312.2035827636719,319.32522446026775,309.2538525711298,314.9603472913864,17700
2002-06-05,309.6765441894531,317.94683765445336,309.6765441894531,313.81169092195324,2700
2002-06-06,307.3792724609375,309.21711564456047,305.22899930129006,308.75765484865474,3200
2002-06-07,310.36578369140625,311.05497492092087,306.0009059044805,306.46036672415687,2400
2002-06-10,317.9468688964844,317.9468688964844,312.8928001712512,312.8928001712512,1800
2002-06-11,315.23602294921875,319.77549759840065,315.19008808954175,317.9468527084007,5000
2002-06-12,312.2035827636719,317.7171118191009,311.05493087712415,317.7171118191009,15400
2002-06-13,309.6765441894531,311.0549264336198,309.6765441894531,311.0549264336198,4700
2002-06-14,303.2440185546875,309.67646743312025,301.40617601799244,309.67646743312025,3500
2002-06-17,306.4603271484375,306.4603271484375,301.49815654539054,302.334378494405,3200
2002-06-18,316.93603515625,316.93603515625,304.16303129365775,305.0819528383516,3900
2002-06-19,312.4333190917969,319.7846913057215,312.4333190917969,317.02792672549975,3700
2002-06-20,312.4333190917969,313.1225102368523,312.4333190917969,312.4333190917969,5800
2002-06-21,313.35223388671875,314.2711553937179,311.5143908727204,311.5143908727204,2500
2002-06-24,309.6765441894531,312.52520643604936,307.8387011972308,312.52520643604936,8600
2002-06-25,300.48736572265625,308.75766019208714,295.8927576840835,308.75766019208714,6400
2002-06-26,299.56842041015625,300.01868298846335,294.05489120015335,298.64949887515576,6600
2002-06-27,295.6629638671875,300.4873012729458,294.0548513986014,300.4873012729458,9800
2002-06-28,290.8387145996094,297.2711664232974,290.8387145996094,294.9738622005517,9300
2002-07-01,295.8927917480469,296.81171346155014,292.21710489403387,292.21710489403387,9100
2002-07-02,294.5144348144531,296.8117392981852,293.3657825725871,295.43335660794594,3400
2002-07-03,295.8927917480469,296.2603548247951,293.13602660753713,293.59548746428874,4400
2002-07-05,295.6629638671875,295.89269421984267,294.97377280922206,294.97377280922206,2600
2002-07-08,296.35223388671875,297.7306163699128,295.8927730589874,295.8927730589874,2000
2002-07-09,297.0414123535156,299.4765490271116,296.3522211415585,297.2711427575013,4800
2002-07-10,292.2170104980469,296.8116175813495,292.2170104980469,296.8116175813495,5900
2002-07-11,288.44940185546875,290.37914227034645,284.8656142525551,289.4602209340479,14500
2002-07-12,289.4603271484375,289.4603271484375,287.6224838014633,287.6224838014633,4200
2002-07-15,288.58740234375,290.83877214480134,288.58740234375,289.4603893384279,9800
2002-07-16,279.35211181640625,289.0007867311176,275.6764261346114,288.08186531066895,11100
2002-07-17,276.59539794921875,282.56838827038126,272.00079000986295,275.67647636134757,7000
2002-07-18,268.78448486328125,278.43315867888623,268.3250242053953,272.9196307842548,13500
2002-07-19,264.64947509765625,267.40624046325684,259.1359443664551,267.40624046325684,29900
2002-07-22,262.8116149902344,265.1089193170721,260.0548497980291,263.73053672096944,8700
2002-07-23,261.8926086425781,263.04126043487014,261.43314792566133,262.8115300764117,6800
2002-07-24,261.8926086425781,262.8115300764117,260.0547657749109,260.982885396925,7100
2002-07-25,266.0278625488281,266.48732345133044,261.89271442630746,261.89271442630746,6100
2002-07-26,273.8386535644531,273.8386535644531,266.0278194862724,266.0278194862724,4700
2002-07-29,290.8387145996094,291.2981754441585,274.75758504038924,274.75758504038924,9400
2002-07-30,298.6495666503906,298.6495666503906,291.2981927020733,292.6765753173828,18100
2002-07-31,312.4333190917969,312.4333190917969,298.6494961906882,298.6494961906882,6200
2002-08-01,311.5143737792969,315.1900596056013,311.5143737792969,312.433295235873,4400
2002-08-02,296.7196960449219,307.8386499038304,296.7196960449219,307.8386499038304,3500
2002-08-05,278.525146484375,294.9738377469711,278.525146484375,294.9738377469711,13600
2002-08-06,277.97381591796875,283.0278852982955,274.29812909591294,280.2711201817536,17900
2002-08-07,277.4224548339844,278.0013799902637,276.3657004906365,278.0013799902637,4600
2002-08-08,276.59539794921875,277.51431953708993,275.7499777493423,277.51431953708993,5600
2002-08-09,290.8387145996094,290.8387145996094,275.6765067294876,277.054889263135,10300
2002-08-12,291.77593994140625,292.2170323499603,291.77593994140625,292.2170323499603,800
2002-08-13,291.298095703125,292.0332216358617,290.3791742655757,291.7759247550782,1100
2002-08-14,290.3792724609375,290.3792724609375,287.8522376531287,289.91981158679044,6400
2002-08-15,288.5414733886719,289.2306648060015,288.5414733886719,289.2306648060015,2400
2002-08-16,289.91973876953125,289.91973876953125,287.6224349757949,287.6224349757949,7400
2002-08-19,292.4468078613281,296.3522247769939,288.0819301320546,290.83869501370106,14200
2002-08-20,292.67645263671875,294.97375603261133,291.2980705991832,293.13591331589726,2500
2002-08-21,293.595458984375,294.5143806087392,293.13599817219284,293.13599817219284,3200
2002-08-22,295.43341064453125,295.43341064453125,294.0550277021773,294.0550277021773,1000
2002-08-23,296.8117370605469,296.8117370605469,293.1360499142863,295.43335438069914,3700
2002-08-26,297.7304992675781,297.7304992675781,296.36131551330567,296.36131551330567,300
2002-08-27,294.0549621582031,297.73064918518065,294.0549621582031,297.73064918518065,4200
2002-08-28,289.4603271484375,294.0365671779783,289.4603271484375,294.0365671779783,3300
2002-08-29,289.2305908203125,289.46032123399027,288.5413995792792,289.46032123399027,1200
2002-08-30,285.7846374511719,287.62248077883214,285.7846374511719,287.62248077883214,600
2002-09-03,278.4332275390625,285.7845998833282,275.0424048018092,285.7845998833282,4800
2002-09-04,280.73052978515625,280.73052978515625,273.37915748308995,276.59538286524395,2100
2002-09-05,280.2710266113281,280.2710266113281,275.6764196176998,278.89264451323965,4100
2002-09-06,279.35211181640625,279.35211181640625,275.6764261346114,279.35211181640625,2900
2002-09-09,278.45159912109375,279.3521523393403,275.676466124349,279.3521523393403,17700
2002-09-10,279.35211181640625,279.35211181640625,277.53263730834556,278.4331903959575,1100
2002-09-11,280.2710266113281,281.1899480100538,280.2710266113281,281.1899480100538,800
2002-09-12,283.25762939453125,283.25762939453125,278.8927510826934,278.8927510826934,1500
2002-09-13,291.06842041015625,291.06842041015625,286.7035427560181,286.7035427560181,1100
2002-09-16,288.1369323730469,289.46018115894776,285.78449631883416,289.46018115894776,5900
2002-09-17,280.2710266113281,288.5413191998591,280.2710266113281,288.5413191998591,2800
2002-09-18,279.35211181640625,279.35211181640625,269.70343690169483,278.4331903959575,10100
2002-09-19,277.97381591796875,277.97381591796875,272.0008248321281,277.5235532561117,4800
2002-09-20,276.59539794921875,277.51431953708993,274.29809397954085,276.59539794921875,4800
2002-09-23,270.62237548828125,275.6764436213391,267.40615031269897,274.7575221426013,7300
2002-09-24,266.0278625488281,268.7846279638419,264.64947984132124,268.7846279638419,6900
2002-09-25,268.78448486328125,269.24394552116723,261.892574994992,264.6493389423077,5000
2002-09-26,273.8386535644531,277.51434018947936,270.1629669394269,270.1629669394269,4900
2002-09-27,273.8386535644531,274.75757522070967,272.00081025194004,272.9197319081966,1500
2002-09-30,270.62237548828125,274.7575221426013,269.24399327017454,274.7575221426013,4100
2002-10-01,272.9197082519531,273.3791690402561,264.6494140625,270.16294352213544,4500
2002-10-02,270.1629333496094,272.9196979756258,269.2440118076039,272.9196979756258,14600
2002-10-03,268.78448486328125,270.1628668369391,267.2223074091678,270.1628668369391,20100
2002-10-04,265.5683898925781,267.4062334212465,263.73054636390975,267.4062334212465,8300
2002-10-07,265.5776062011719,271.0819389711814,265.5684080090557,266.48732983607664,3800
2002-10-08,265.1088562011719,265.66021471700117,261.90182909826575,265.66021471700117,3200
2002-10-09,261.4332275390625,263.730531823237,260.97376668222756,263.730531823237,6900
2002-10-10,280.2802429199219,280.2802429199219,260.51423338157286,260.51423338157286,7800
2002-10-11,287.62249755859375,289.0008801347531,282.10896725395617,282.10896725395617,3100
2002-10-14,280.2710266113281,289.4602405985848,280.0688627818783,286.7034764024078,4300
2002-10-15,293.3657531738281,295.43332700199136,282.10896233160605,282.10896233160605,4900
2002-10-16,290.8387145996094,291.2981754441585,287.6224886877653,291.2981754441585,3100
2002-10-17,296.8117370605469,296.8117370605469,291.29820634115595,291.7576672344385,2900
2002-10-18,293.13604736328125,298.1901171454068,293.13604736328125,295.8928126989861,9200
2002-10-21,294.0549621582031,298.64957094192505,294.0549621582031,294.9738839149475,6700
2002-10-22,294.28472900390625,296.81176414757755,294.05499853629976,294.9739204067257,2600
2002-10-23,298.6495666503906,298.6495666503906,295.2036101121169,295.2036101121169,4100
2002-10-24,290.8387145996094,297.7398254585822,289.46033206596195,297.73062726784656,6100
2002-10-25,292.68572998046875,294.97383580775045,289.91976696992293,289.91976696992293,5900
2002-10-28,294.0641174316406,297.73060573209,294.05491924157036,294.5235782429556,8300
2002-10-29,295.43341064453125,296.8117935868852,292.2171837790387,293.136105740608,3300
2002-10-30,289.4603271484375,294.5235945431959,289.4603271484375,294.5143963526166,5600
2002-10-31,295.9020080566406,298.4198447319579,290.37927924649324,290.37927924649324,6300
2002-11-01,297.2803649902344,302.7846969410541,296.352245109226,296.352245109226,10100
2002-11-04,292.67645263671875,297.5007897680932,290.3791492408261,297.2802576159289,11100
2002-11-05,291.252197265625,292.67651445461496,290.3792105734955,291.2981321259433,3600
2002-11-06,289.4603271484375,291.75763133215526,284.865718781002,290.3792488219246,12600
2002-11-07,288.5414733886719,290.838778113104,287.62255149889904,288.08201244378546,5700
2002-11-08,288.0819396972656,288.0819396972656,287.1630180395391,287.62247886840237,1200
2002-11-11,287.62249755859375,287.62249755859375,287.62249755859375,287.62249755859375,200
2002-11-12,284.4062194824219,287.6316430940141,283.02783715859755,287.6316430940141,7500
2002-11-13,285.55487060546875,287.6224440853153,283.30350159899854,285.7846009921184,9100
2002-11-14,287.1631164550781,288.5414994140625,285.3252725097656,285.3252725097656,6000
2002-11-15,289.91973876953125,292.2170425632676,283.94674890581666,285.78459194080574,6000
2002-11-18,289.4603271484375,289.9197879851811,286.70356212797617,288.08194463820683,3600
2002-11-19,293.6045837402344,296.81161043330354,292.2170034606518,293.13592485518217,8000
2002-11-20,291.7575988769531,292.44679005540263,287.62245180625615,292.44679005540263,9000
2002-11-21,290.3792724609375,293.5954985799669,289.00088983849633,290.83873333508456,10500
2002-11-22,291.298095703125,292.2170171406743,289.91971354680106,290.3791742655757,18700
2002-11-25,294.0549621582031,294.0549621582031,290.3792751312256,293.12684221004605,15700
2002-11-26,295.43341064453125,299.1090984908085,293.59556672139263,296.35233260610056,8400
2002-11-27,295.8927917480469,298.190096031805,293.145224798517,294.514409177792,10300
2002-11-29,296.8117370605469,296.8117370605469,294.97389348741655,295.43335438069914,4200
2002-12-02,296.21435546875,296.81164884383963,294.0548843034944,295.8927273303912,7100
2002-12-03,292.2170104980469,295.4332354563587,290.3791676647258,295.29540285251085,5300
2002-12-04,290.14947509765625,292.2262467436156,289.46028394540525,292.21704855440913,4000
2002-12-05,293.3657531738281,293.5954835991796,290.379257644259,291.75764019636784,3200
2002-12-06,292.2170104980469,292.67647120637713,289.4602462480653,292.2170104980469,4500
2002-12-09,289.82794189453125,293.595527036359,289.46037876824124,293.595527036359,3400
2002-12-10,290.3792724609375,294.97388120240805,289.4603507126434,290.14954202386394,15500
2002-12-11,290.8387145996094,294.9738622005517,289.9197929105111,290.37925375506023,13800
2002-12-12,290.287353515625,290.84791032371845,289.46032961110325,290.84791032371845,8900
2002-12-13,290.5814514160156,290.5814514160156,289.9198266012488,290.2873897109487,6100
2002-12-16,294.0549621582031,294.0549621582031,290.4711729155533,290.58143903944,5700
2002-12-17,291.298095703125,294.0548600157729,290.38837245379335,294.0548600157729,2800
2002-12-18,289.4603271484375,294.734928580409,289.4603271484375,293.1360138423859,17100
2002-12-19,292.2170104980469,292.2170104980469,289.4602462480653,289.4602462480653,14200
2002-12-20,294.0549621582031,295.4333447933197,290.83873600959777,293.13604040145873,13100
2002-12-23,307.3792724609375,307.3792724609375,294.97383097148264,295.8927525632941,22700
2002-12-24,304.6408996582031,305.5414529836245,303.2441488258529,305.5414529836245,17800
2002-12-26,298.6495666503906,307.37932321401746,296.82092135459186,306.0009405987079,9400
2002-12-27,295.8927917480469,297.27117431830175,290.37926146702733,297.27117431830175,10700
2002-12-30,297.271240234375,297.271240234375,292.67663064806317,294.5144744825879,16400
2002-12-31,296.8117370605469,297.27119795382947,294.0549717008514,297.27119795382947,15300
2003-01-02,297.271240234375,298.6496231102685,294.97393544121906,296.82097746876326,15100
2003-01-03,297.5008239746094,297.7305543406129,294.97378994857024,296.8116328765987,13900
2003-01-06,297.6111145019531,300.02788263768673,296.921923347349,297.73057878900613,15200
2003-01-07,295.9847106933594,297.28039376724263,293.1360475691437,297.271195575605,24400
2003-01-08,294.9737548828125,297.2710582697503,294.9737548828125,297.2710582697503,3700
2003-01-09,294.9922180175781,295.2495149578739,294.973849680151,295.2495149578739,3500
2003-01-10,295.8927917480469,297.73063517505335,295.065767814547,295.8008939680435,7300
2003-01-13,296.8117370605469,299.5685024202424,296.8117370605469,296.8117370605469,9800
2003-01-14,299.56842041015625,299.56842041015625,296.81165580515477,298.19003810765554,7500
2003-01-15,300.0279541015625,301.35120367704906,297.73064970568527,300.0279541015625,9200
2003-01-16,299.7981872558594,300.4690101535698,296.90358967721403,300.0279176675497,8400
2003-01-17,295.43341064453125,298.6496375100238,293.59556672139263,298.6496375100238,7400
2003-01-21,294.1467590332031,296.8116256049054,293.8251309200263,294.0548612804016,3500
2003-01-22,294.0549621582031,295.4333447933197,292.2171186447144,294.1560300906771,3800
2003-01-23,294.5144348144531,294.5144348144531,290.83874764048176,294.5144348144531,9300
2003-01-24,290.3792724609375,294.05495945411394,290.3792724609375,293.13603770581983,4000
2003-01-27,288.5505676269531,290.37921255495905,286.70352632008616,288.5413694375226,10000
2003-01-28,289.6900939941406,290.3792853359189,288.5414417578435,289.4419952066767,16700
2003-01-29,290.10357666015625,292.29058663486984,288.5413986349547,289.0008594608065,7700
2003-01-30,289.0009765625,291.29828162261526,289.0009765625,290.3793595985691,4500
2003-01-31,291.7575988769531,292.6765204482191,289.0100323527113,289.0100323527113,8200
2003-02-03,295.4609375,296.8117537238175,292.2171445330463,292.6766054521234,5000
2003-02-04,292.67645263671875,295.8926773909684,290.3791492408261,294.0548346742543,7500
2003-02-05,297.0321960449219,297.68465054359115,294.0548991647224,294.0548991647224,6000
2003-02-06,291.52789306640625,297.0138564311831,289.91978018109114,297.0138564311831,10000
2003-02-07,290.8387145996094,293.1360188223551,288.54141037686367,290.37925375506023,11100
2003-02-10,292.90631103515625,293.13604147518384,289.0008935546875,289.9198153147978,8600
2003-02-11,290.2414245605469,292.22629879778583,289.46033550687537,292.21710060694085,12500
2003-02-12,288.5414733886719,290.838778113104,287.62255149889904,289.4603952784447,31700
2003-02-13,286.47381591796875,288.5505877594137,282.1089382095153,288.5413895693414,28400
2003-02-14,286.42791748046875,288.0819653946147,285.14140461028194,287.3927740898429,10700
2003-02-18,290.3792724609375,291.75765508337867,286.42792016057933,286.43709030864125,12200
2003-02-19,294.9737548828125,295.89267623758764,291.7575301410996,291.7575301410996,29200
2003-02-20,297.7304992675781,297.8040006320699,294.0548140914352,296.35211732652454,12700
2003-02-21,300.94683837890625,300.94683837890625,298.1900734471911,298.1900734471911,6100
2003-02-24,296.37982177734375,303.24416816015423,294.97387266487726,303.24416816015423,9500
2003-02-25,294.0549621582031,297.2711883068085,292.2171186447144,297.2711883068085,18900
2003-02-26,294.0549621582031,295.4333447933197,292.67657952308656,292.67657952308656,6400
2003-02-27,295.71820068359375,296.8117197894371,293.7976576266187,294.06415278133045,3900
2003-02-28,297.7304992675781,297.7304992675781,294.97373538547095,295.8926566795067,6700
2003-03-03,295.43341064453125,297.7307155484545,293.136105740608,297.7307155484545,18600
2003-03-04,294.5144348144531,296.35227840143875,293.59551302096025,296.35227840143875,4800
2003-03-05,295.43341064453125,297.27125456766987,292.2171837790387,294.5236868764249,8900
2003-03-06,295.8927917480469,297.6111708653755,292.67656575078547,294.514409177792,10900
2003-03-07,293.1820068359375,295.9020357198908,292.68580922502684,295.9020357198908,7900
2003-03-10,291.7575988769531,293.74247283607895,291.29813809132014,293.74247283607895,8100
2003-03-11,291.5371398925781,293.5771474148623,290.37928944814803,291.29821125019913,12100
2003-03-12,291.2798156738281,293.1360274448312,289.0008797222552,293.1360274448312,6000
2003-03-13,295.9073791503906,295.9073791503906,292.2200597840306,293.1418896256206,8900
2003-03-14,295.4556579589844,296.82917526464246,292.68094144883224,294.0636860541023,7000
2003-03-17,304.20379638671875,304.20379638671875,291.7590956254439,294.0636698404948,8100
2003-03-18,312.961181640625,312.961181640625,304.6647143806379,304.6647143806379,12700
2003-03-19,310.6566162109375,312.50027565432583,310.6566162109375,312.50027565432583,6700
2003-03-20,308.35205078125,309.3107615963672,306.5083912848001,309.273880529475,4500
2003-03-21,312.961181640625,313.4220964884021,309.7347777061856,309.7347777061856,3500
2003-03-24,310.6566162109375,312.9335367488025,308.1215844762785,311.57844593263167,4300
2003-03-25,312.50030517578125,312.50030517578125,310.656645558225,310.656645558225,2000
2003-03-26,312.0393981933594,316.15075136792393,309.9745083715178,313.8830578577219,5600
2003-03-27,311.6706848144531,312.73078353902986,311.5877235019574,312.73078353902986,3400
2003-03-28,312.50030517578125,312.50030517578125,311.80893281919765,311.80893281919765,5000
2003-03-31,313.4221496582031,313.4221496582031,312.96123473223514,312.96123473223514,3800
2003-04-01,314.343994140625,314.57445161433515,313.4221642457845,314.1043093657214,5900
2003-04-02,313.4221496582031,314.25179089854254,311.58771725509536,313.4221496582031,9200
2003-04-03,315.7266845703125,315.7266845703125,313.4221102303832,313.4221102303832,1700
2003-04-04,315.9110412597656,315.9110412597656,313.4313171804371,314.3439195575548,1000
2003-04-07,316.6485290527344,318.03127372108696,314.0674169246145,314.0674169246145,2900
2003-04-08,316.4180908203125,317.1094631964676,314.804888609284,316.6485482790309,2000
2003-04-09,317.33990478515625,318.9438796153775,317.33990478515625,318.0312771267361,4000
2003-04-10,318.95318603515625,321.7186760874842,314.34403594794304,318.26181352207425,6700
2003-04-11,320.5663146972656,320.7967721485217,318.95311253847274,318.9623398387672,2200
2003-04-14,317.8009338378906,319.6445940777043,314.34407088823986,319.6445940777043,5000
2003-04-15,323.5622253417969,323.5622253417969,319.4139916835687,319.4139916835687,10400
2003-04-16,326.28167724609375,326.78867239615965,324.02318292595237,324.02318292595237,5500
2003-04-17,327.98699951171875,327.98699951171875,324.9449727220188,324.9449727220188,7100
2003-04-21,331.950927734375,332.3196540403332,327.24958997036975,327.24958997036975,10600
2003-04-22,342.45977783203125,344.7643523800261,333.70239454965093,333.70239454965093,12000
2003-04-23,336.2373962402344,341.5471445223785,333.70236446597625,341.53791722277407,27100
2003-04-24,334.6242980957031,336.46795814030753,332.3197230399476,336.24672793720134,11400
2003-04-25,337.8506164550781,339.1411725286405,334.50436983190446,334.50436983190446,5600
2003-04-28,349.3734436035156,349.3734436035156,337.85057277226514,337.85057277226514,10200
2003-04-29,349.3734436035156,353.0607622695158,346.1470397707655,350.2952732700157,13200
2003-04-30,347.0689392089844,351.21717354215946,341.0770451721759,350.2953436903428,13800
2003-05-01,352.12054443359375,352.148198201316,347.99073695099537,347.99073695099537,7000
2003-05-02,350.3690185546875,352.13894394948124,350.3690185546875,350.75619940517703,5400
2003-05-05,351.6781005859375,353.06084541130815,349.3735258769864,350.7562707023571,7900
2003-05-06,353.6600036621094,353.6600036621094,350.2953304564957,351.2171602734865,7900
2003-05-07,352.13897705078125,355.3653812907753,350.2953174850703,352.13897705078125,5700
2003-05-08,350.3045654296875,351.67808288484383,350.2953381290712,351.21716796625293,2600
2003-05-09,352.60906982421875,352.60906982421875,350.17542603518893,350.75618321811686,10400
2003-05-12,362.18695068359375,362.18695068359375,353.06084058724554,353.06084058724554,6700
2003-05-13,362.2790222167969,363.2008517898676,360.4353630706554,362.97039439659994,6300
2003-05-14,361.3572692871094,364.1227585928781,361.3572692871094,361.3572692871094,5800
2003-05-15,365.04461669921875,366.0125267785701,361.9104008691131,362.05789701937874,9600
2003-05-16,365.04461669921875,367.3584186002386,362.2791271787701,365.04461669921875,8900
2003-05-19,357.6607971191406,363.66191915999616,355.36544952136506,363.66191915999616,6900
2003-05-20,357.66998291015625,359.0527276894481,353.0608336458501,357.660755609383,5900
2003-05-21,361.1268615722656,361.3388925757623,358.59182935956943,359.0527443073324,3000
2003-05-22,366.4272766113281,369.6444530062518,359.5135544111144,359.5135544111144,11400
2003-05-23,363.9844970703125,364.12276591197787,359.5596972129341,364.12276591197787,4200
2003-05-27,364.7679748535156,364.7679748535156,363.63411434633997,363.9844140867035,6000
2003-05-28,363.661865234375,364.9524213603883,362.29754696858174,364.7680722749656,7100
2003-05-29,365.9664001464844,365.9664001464844,363.66182583825713,363.66182583825713,5700
2003-05-30,378.8719787597656,378.8719787597656,367.8100231755389,367.8100231755389,6500
2003-06-02,373.3503112792969,377.95023316360454,372.8801690601903,377.02840332662015,35300
2003-06-03,368.5474853515625,374.26284047366823,365.94794710101274,374.26284047366823,7600
2003-06-04,369.19281005859375,370.5755546655548,368.87016402390066,369.65372492758075,8400
2003-06-05,368.73187255859375,370.5755319213867,348.4516195678711,370.5755319213867,105400
2003-06-06,376.0143737792969,376.1065623866766,368.73192390850653,368.73192390850653,24400
2003-06-09,368.78717041015625,376.0143115467884,366.8882035668783,376.0143115467884,8000
2003-06-10,374.6316223144531,377.0191581029,372.41923643726795,372.41923643726795,11500
2003-06-11,381.1766357421875,381.1766357421875,374.26291199837516,374.26291199837516,21400
2003-06-12,384.8639221191406,387.16849650308757,381.6375179816149,382.5593477351937,20800
2003-06-13,384.21868896484375,385.52769979376825,382.55940640672935,385.3248960915973,13500
2003-06-16,387.62945556640625,391.7776899303749,383.02030627310774,384.21867383655945,30500
2003-06-17,385.1036682128906,388.5513030383164,385.094440911641,388.5513030383164,10500
2003-06-18,385.77655029296875,387.6294372234392,384.8639477783255,386.2466925008824,5700
2003-06-19,378.0515441894531,385.8502432820823,378.0515441894531,385.785708454912,4500
2003-06-20,371.0365295410156,381.6375732421875,371.0365295410156,378.87208358101225,6000
2003-06-23,368.0406188964844,371.40529269142615,367.81016140187165,371.2670238210622,4700
2003-06-24,368.7226867675781,369.8842012991353,368.0866219652504,368.9623715139661,5900
2003-06-25,368.73187255859375,369.65370223999025,367.98519276722334,369.65370223999025,2000
2003-06-26,368.73187255859375,368.73187255859375,368.0405002975464,368.73187255859375,7400
2003-06-27,368.73187255859375,372.4191912841797,366.62087471123317,369.65370223999025,11600
2003-06-30,364.122802734375,369.19286707624605,363.20097285403483,369.19286707624605,4300
2003-07-01,366.89752197265625,368.7227271426629,364.1228050132219,364.1228050132219,2400
2003-07-02,368.96234130859375,369.4232561634452,365.2750224697821,365.2750224697821,8900
2003-07-03,368.704345703125,369.6538294764996,366.88833948041605,368.9716842797117,7500
2003-07-07,367.782470703125,368.501496888847,365.044634816719,367.349209531471,6100
2003-07-08,364.8509521484375,365.96635810853167,364.5836136824289,365.96635810853167,8600
2003-07-09,362.9244384765625,364.860258737447,359.51365663516617,364.860258737447,31000
2003-07-10,361.7813720703125,363.200998061528,359.5136782842536,362.7400830893687,5300
2003-07-11,361.8182067871094,364.1227813526324,359.51363222158636,361.8182067871094,8500
2003-07-14,361.1268615722656,364.12280873272476,359.0527443073324,363.2009788371989,6500
2003-07-15,359.5137023925781,362.74010741405,359.4399683701758,362.04873490944885,10000
2003-07-16,352.13897705078125,357.66995574791395,352.13897705078125,357.66995574791395,23300
2003-07-17,346.6080322265625,353.5217562736349,346.6080322265625,353.06084133716337,4900
2003-07-18,337.3896484375,346.6079448428962,335.08507433615097,346.6079448428962,53200
2003-07-21,338.55120849609375,345.6861618749489,335.54603445995036,335.54603445995036,13900
2003-07-22,341.501220703125,341.9068282567569,335.3157477082778,336.6984930596521,13500
2003-07-23,335.5460510253906,342.4228935348264,333.74847164209217,342.4228935348264,5700
2003-07-24,333.7023620605469,338.54196814015427,333.7023620605469,334.6241917899959,6700
2003-07-25,333.7023620605469,337.6662186443734,331.8587026016488,334.6241917899959,9200
2003-07-28,344.3034362792969,345.68618100331014,335.546053027213,335.546053027213,5100
2003-07-29,341.0769348144531,346.6079121357686,341.0769348144531,345.686082582216,3600
2003-07-30,339.2333679199219,343.15114458747536,337.80454297632525,340.1644250243376,2900
2003-07-31,349.8343811035156,352.13895541908556,339.23333925189394,339.23333925189394,7700
2003-08-01,361.3572692871094,361.3572692871094,350.7562269483294,350.7562269483294,18700
2003-08-04,363.39453125,363.72640461913,357.7621644635066,359.97455044032216,8400
2003-08-05,368.4093322753906,368.4093322753906,360.43550886926437,363.3945751188221,13500
2003-08-06,368.27099609375,370.5755705373905,367.20167017605934,367.4874351565098,10000
2003-08-07,367.11871337890625,368.6397269039794,364.12276656539353,368.24334684649,7000
2003-08-08,371.46966552734375,371.46966552734375,365.0445122545528,365.0445122545528,8200
2003-08-11,368.96234130859375,370.5847705999141,367.8100541714651,370.5755433005738,2500
2003-08-12,367.71795654296875,367.8101451631474,363.9384481717811,367.8101451631474,5400
2003-08-13,367.81005859375,367.81005859375,366.06778691809876,367.72709729472047,5300
2003-08-14,365.5055236816406,366.888268411836,362.4542692275706,366.888268411836,4800
2003-08-15,360.4354553222656,363.66185965379486,354.6094841776497,363.66185965379486,2300
2003-08-18,371.0365295410156,372.41927437160325,362.07634191352713,362.7400605574898,97600
2003-08-19,370.34515380859375,371.03652621769504,368.75037799074124,371.03652621769504,4700
2003-08-20,367.3492126464844,370.2160901125787,366.7684553123197,368.73195748706087,6200
2003-08-21,362.82293701171875,366.65775182080824,362.82293701171875,365.9663795672178,3200
2003-08-22,359.5137023925781,361.90123873262496,359.5137023925781,361.90123873262496,2600
2003-08-25,352.13897705078125,361.3572748793357,352.13897705078125,359.5136153136248,4200
2003-08-26,349.3642883300781,350.29534548743413,341.07704692197535,350.29534548743413,13300
2003-08-27,355.82635498046875,356.7481849156513,349.36431813259355,349.36431813259355,6400
2003-08-28,364.122802734375,364.122802734375,355.8263338113133,357.20907863182356,7500
2003-08-29,367.0357666015625,367.0357666015625,362.002583632604,363.2009511526372,5900
2003-09-02,368.73187255859375,372.46527151544575,363.20089447021485,367.0357093206653,19700
2003-09-03,368.73187255859375,370.5755319213867,365.50546867370605,367.81004287719725,24600
2003-09-04,371.4974365234375,375.18475599265275,366.88828718691843,368.73194692152606,29400
2003-09-05,372.4192199707031,373.8019645993072,371.03647534209904,372.4192199707031,3500
2003-09-08,371.9583435058594,373.1106308153571,368.7319390392658,373.1106308153571,4300
2003-09-09,369.6445007324219,371.0364726506967,368.73189828640665,371.0364726506967,3600
2003-09-10,364.81414794921875,369.19283955442097,364.602116965021,368.73192464861023,2400
2003-09-11,363.2009582519531,365.04461793851124,359.51363887883684,363.2009582519531,10100
2003-09-12,365.9664001464844,365.9664001464844,357.76212123559753,364.1227406999026,6500
2003-09-15,362.3528137207031,365.96639859880617,360.87790867528355,364.12273916002124,59300
2003-09-16,369.6536865234375,370.34505875508984,363.2008790280159,363.2008790280159,7900
2003-09-17,374.2629089355469,374.2629089355469,369.19284489824264,370.57558963568925,11300
2003-09-18,375.0924987792969,375.18468737557,373.341027978147,375.18468737557,4000
2003-09-19,384.1725769042969,385.3248641775551,376.1065659914892,376.5674809007925,33300
2003-09-22,381.4070739746094,383.48119099320246,378.87204206299566,381.4070739746094,27900
2003-09-23,378.8904113769531,381.6098200883672,377.95015526454966,380.71564420550976,5500
2003-09-24,379.5633850097656,381.62827456835265,377.0283532944606,377.950183009117,11400
2003-09-25,377.0284729003906,380.7065656264392,373.34115287202496,379.563505419892,25300
2003-09-26,377.0284729003906,378.63244811048355,375.1848128862078,375.1848128862078,10100
2003-09-29,371.4974365234375,377.0284157272604,368.7411742224439,377.0284157272604,10200
2003-09-30,365.99407958984375,372.88014923121113,365.5055109275036,372.88014923121113,13700
2003-10-01,380.71575927734375,380.71575927734375,368.27105528159524,368.27105528159524,19100
2003-10-02,381.4070739746094,383.0202761001818,376.5674675978923,381.6375314211197,34600
2003-10-03,389.0121765136719,389.0121765136719,380.82632336932375,381.6375380963511,11200
2003-10-06,390.8558654785156,393.1604401570446,384.40305637863446,390.39495054280985,11600
2003-10-07,386.93817138671875,393.15129704831116,384.4031386974669,391.7777792480178,14100
2003-10-08,386.89202880859375,393.62137597407934,385.7858216514103,388.7817688924308,4600
2003-10-09,384.6335144042969,387.16854655435515,384.4122842370821,386.2467166816067,10800
2003-10-10,383.9422302246094,387.1686355206145,380.2456825832251,386.2468054360416,41000
2003-10-13,387.16845703125,387.85982927594864,380.7156494140625,384.8638828822545,5800
2003-10-14,391.7776794433594,392.23859436035156,387.9428639581427,388.55127502441405,16300
2003-10-15,388.09039306640625,393.1604575839009,385.85955230062143,390.39496784708564,7000
2003-10-16,392.699462890625,392.699462890625,386.2558821144518,387.1684845400528,23000
2003-10-17,382.5870056152344,392.69947924598057,382.56857914748883,390.85581971900416,10100
2003-10-20,389.0121765136719,389.0121765136719,383.49962416919993,384.86394240392895,13000
2003-10-21,401.2263488769531,401.9084938050241,389.01210620579945,389.01210620579945,21400
2003-10-22,392.2386169433594,400.99600087041443,392.2386169433594,400.99600087041443,4000
2003-10-23,394.54315185546875,394.54315185546875,388.0903432970849,393.1604071643865,10300
2003-10-24,395.00408935546875,396.37760682496196,391.7776848916551,395.00408935546875,7000
2003-10-27,391.7776794433594,397.30865844726566,390.855849609375,396.38682861328124,6300
2003-10-28,395.00408935546875,396.38683412567457,391.31676996825314,393.1604296618609,12600
2003-10-29,396.8478088378906,397.3087238307337,391.7777439166167,395.46506385936135,15600
2003-10-30,399.1522521972656,402.25881372363784,396.386763152019,396.386763152019,5000
2003-10-31,390.8558654785156,397.77881681506153,387.62946092857504,397.76958951410256,20300
2003-11-03,394.08221435546875,396.1563312731291,390.8558102613304,391.7776400025128,18300
2003-11-04,393.62127685546875,394.0821916995618,391.77761747909653,394.0821916995618,2400
2003-11-05,391.3166809082031,393.6212550007132,390.3948512711991,393.6212550007132,5600
2003-11-06,390.8558654785156,394.0822700284562,385.78580118575184,392.238610285633,13500
2003-11-07,391.5472412109375,392.69952855999856,389.0122090430032,389.0122090430032,7500
2003-11-10,390.3948974609375,391.77764208004356,388.0995503954651,389.93398258790216,6100
2003-11-11,389.0121765136719,391.7776659201672,387.1685169093417,391.7776659201672,24900
2003-11-12,391.3166809082031,391.52871185223694,388.0902771786891,389.01210681569313,6700
2003-11-13,389.93402099609375,390.9756932128793,389.93402099609375,390.855850832964,2800
2003-11-14,390.8374328613281,390.94804794303525,388.0995970610171,390.3949444024848,4100
2003-11-17,390.6253662109375,390.8558236541298,389.473078994976,389.473078994976,6700
2003-11-18,387.62945556640625,390.8558600717152,387.62945556640625,390.8558600717152,500
2003-11-19,387.62945556640625,388.09037049573607,387.1685406370764,388.09037049573607,2400
2003-11-20,385.3248291015625,387.8598608719675,385.3248291015625,387.62940343829433,4100
2003-11-21,383.02020263671875,385.3247766598037,383.02020263671875,384.4029470505697,6300
2003-11-24,390.3948974609375,391.77764208004356,383.72085910162934,383.72085910162934,9300
2003-11-25,391.7776794433594,392.11875198081134,389.4177973189205,389.4731048583984,8400
2003-11-26,402.2864990234375,409.18179571095436,393.16039008514366,393.16039008514366,9100
2003-11-28,402.8396301269531,404.6832897614014,402.8396301269531,403.2083564274401,900
2003-12-01,413.9938049316406,418.0406234781206,403.7614876323626,403.7614876323626,13600
2003-12-02,411.9012145996094,414.3625126479291,410.675193291774,413.07195649967764,6000
2003-12-03,410.2142333984375,411.90116944084514,410.2142333984375,411.90116944084514,3300
2003-12-04,406.9970397949219,410.22344374449125,406.9878124956799,410.22344374449125,3000
2003-12-05,410.1220703125,412.97974830440177,408.3705993277901,408.3705993277901,6200
2003-12-08,411.13604736328125,411.13604736328125,409.29238795806475,410.214217660673,10800
2003-12-09,415.7451477050781,417.1278920987757,412.0578293218845,412.0578293218845,7500
2003-12-10,420.35443115234375,420.8153460987827,414.82345179507604,414.82345179507604,9000
2003-12-11,416.6670227050781,422.4468847730432,415.745193008828,422.19800088257915,6000
2003-12-12,424.93585205078125,427.7289950092899,418.04978283774346,419.4325274336787,7300
2003-12-15,421.2762451171875,427.7290541233588,420.354415259163,426.80722426533436,1900
2003-12-16,424.0233459472656,424.0233459472656,419.89353768835883,420.354452658379,1600
2003-12-17,419.89349365234375,424.03250064680395,419.89349365234375,424.03250064680395,1000
2003-12-18,424.96356201171875,424.96356201171875,421.7371575278988,421.7371575278988,2200
2003-12-19,419.43255615234375,424.96353491479226,419.43255615234375,424.96353491479226,13100
2003-12-22,418.9717102050781,419.4510516491836,417.2202389351347,418.2803377459938,6000
2003-12-23,418.5107727050781,419.43260260090426,417.58894280925193,419.43260260090426,7400
2003-12-24,419.89349365234375,419.89349365234375,418.5107488872976,419.2021212698207,4700
2003-12-26,421.2762451171875,422.19807497521197,420.8153301881752,420.8153301881752,6200
2003-12-29,420.55718994140625,421.2762160557833,420.55718994140625,421.2762160557833,10300
2003-12-30,418.5014953613281,420.3543822326238,418.114342605304,420.3543822326238,14900
2003-12-31,423.9957275390625,425.1940953082617,418.5108276855302,418.5108276855302,20900
2004-01-02,418.5107727050781,423.99567183805016,417.3584853352954,423.99567183805016,2800
2004-01-05,426.7703552246094,426.7703552246094,417.4783223718688,417.5889374568276,7400
2004-01-06,424.50262451171875,428.65085862746844,422.2072773032481,428.65085862746844,8800
2004-01-07,425.74713134765625,427.72905994297173,423.3872491295666,425.88540020183825,4600
2004-01-08,426.80718994140625,429.1117644011331,425.42444526557017,425.7470913163344,3800
2004-01-09,428.6600341796875,429.5726365727384,422.197999035009,426.8071474960899,4000
2004-01-12,427.95947265625,429.66486336485826,427.95947265625,429.66486336485826,4500
2004-01-13,424.50262451171875,428.64163132718926,421.28544749974816,427.03765647134355,7600
2004-01-14,425.8853759765625,426.8072057946936,424.16155871777954,424.5026312493659,6000
2004-01-15,424.4565124511719,426.3462521538603,420.83370021470375,424.5025926850869,5300
2004-01-16,424.96356201171875,425.8853918642387,422.19807245415876,423.11990230667874,3200
2004-01-20,430.49456787109375,433.26005760045837,423.5808435476822,424.0417585025763,3500
2004-01-21,432.33807373046875,434.18173289349846,429.1116701951667,430.49441456743904,3600
2004-01-22,435.5645751953125,435.5645751953125,433.25077342324784,433.7209156177662,4500
2004-01-23,427.7289733886719,435.10361086089034,427.4063273728604,435.10361086089034,5200
2004-01-26,442.7087097167969,445.18843383958705,430.03355144796615,430.03355144796615,7500
2004-01-27,431.88653564453125,441.5565222976138,431.877308343282,441.5565222976138,4100
2004-01-28,425.8853759765625,430.0336101581524,425.8853759765625,430.0336101581524,3900
2004-01-29,419.43255615234375,426.34627960540433,418.1051189987951,424.5026200179215,4200
2004-01-30,418.0498962402344,420.81538618228666,417.37695022680833,420.81538618228666,4300
2004-02-02,425.60882568359375,432.15379469294703,416.20615056422156,416.20615056422156,9300
2004-02-03,424.0417175292969,429.572696453592,424.0417175292969,424.5026324396548,3100
2004-02-04,422.19805908203125,424.9635485520009,422.19805908203125,424.04171872867767,700
2004-02-05,424.96356201171875,426.3463067904987,423.11990230667874,423.11990230667874,3600
2004-02-06,424.0417175292969,424.38279006183956,423.119887708581,424.0417175292969,3400
2004-02-09,423.5808410644531,424.9635859210291,423.1199261122611,423.1199261122611,3400
2004-02-10,422.6589660644531,425.42445548254113,422.6589660644531,424.5026256765118,5500
2004-02-11,424.4933776855469,431.4163281936329,424.0416901048529,424.0416901048529,6700
2004-02-12,428.65087890625,428.65087890625,421.2762401293683,424.04172967069894,10500
2004-02-13,434.6427917480469,435.1037066915761,426.34632276452106,427.7290675951087,17500
2004-02-17,436.76300048828125,440.6346973664837,434.6151491741845,435.5646328570367,2800
2004-02-18,437.8691101074219,439.1965471338873,436.87354640357785,437.8691101074219,1800
2004-02-19,439.7773742675781,441.09558420432137,437.8691797221581,437.8691797221581,2900
2004-02-20,435.1036376953125,439.712786399712,435.1036376953125,439.712786399712,2400
2004-02-23,439.5837097167969,439.6482445493112,433.72088616173767,437.40820506640705,2500
2004-02-24,432.33807373046875,440.6345399641025,432.33807373046875,440.6345399641025,1700
2004-02-25,432.33807373046875,433.2599033119836,428.6507554044093,433.2599033119836,3100
2004-02-26,437.8691101074219,437.8691101074219,433.2599615799753,433.2599615799753,1500
2004-02-27,449.8805847167969,452.1575053901173,439.2518885186359,439.2518885186359,5000
2004-03-01,453.7707214355469,454.46209378918155,449.8529447649505,449.8529447649505,4700
2004-03-02,452.1667175292969,454.69252203006874,452.157490229597,454.69252203006874,2100
2004-03-03,444.7828674316406,449.3920163169426,442.4782929889896,449.3920163169426,2400
2004-03-04,449.65936279296875,449.65936279296875,445.2437902056838,445.2437902056838,4700
2004-03-05,455.3839111328125,456.3057409124336,448.93110267546496,448.93110267546496,6400
2004-03-08,457.23681640625,458.14941892258383,455.38392947234695,455.38392947234695,2900
2004-03-09,444.32196044921875,456.90493150358765,441.5564710688294,456.90493150358765,6300
2004-03-10,446.8569641113281,448.0092512802588,445.2437620748251,445.93513437618356,2500
2004-03-11,439.69805908203125,445.2404715914686,439.69805908203125,444.31673617322906,3500
2004-03-12,445.70233154296875,445.70233154296875,436.003109820272,438.77431602675676,4800
2004-03-15,441.5455017089844,445.2404431458796,440.62176634976055,445.2404431458796,2500
2004-03-16,450.3209533691406,454.01589452498996,443.3929387019231,443.3929387019231,6700
2004-03-17,456.2976379394531,458.1728199256549,450.78293573330564,450.78293573330564,5800
2004-03-18,458.1727294921875,458.6253507887765,456.3252588087513,457.7108618213285,1600
2004-03-19,455.4293212890625,458.63468466396836,453.5541393152235,457.2490813870379,4300
2004-03-22,454.477783203125,459.299682762277,452.6303125396977,455.40151853483866,6900
2004-03-23,457.2397766113281,457.9418245361604,455.0320636642818,455.4015521862372,7100
2004-03-24,455.4015808105469,457.24905172661397,453.5541098944797,457.24905172661397,4200
2004-03-25,454.84735107421875,457.239822618053,453.5541270221692,454.47786251508603,4800
2004-03-26,466.486328125,468.7956663830446,455.40150448638616,455.7709929696404,10600
2004-03-29,459.09649658203125,467.41011523241013,458.57920701011,467.41011523241013,2100
2004-03-30,471.1051330566406,471.1051330566406,460.0203063964844,460.0203063964844,6900
2004-03-31,484.49920654296875,486.80854499169595,472.0287789198418,472.0287789198418,13100
2004-04-01,494.66021728515625,496.96955536772,485.42286495490123,485.42286495490123,10500
2004-04-02,498.3091735839844,498.3091735839844,496.96974570703196,497.43161350044,6000
2004-04-05,508.7380065917969,516.8299374210657,499.2789654621734,499.74083314530213,7800
2004-04-06,511.56494140625,514.8626854074951,508.97849210538124,508.97849210538124,4400
2004-04-07,495.5838928222656,509.9017872094886,494.1982901396311,509.9017872094886,3400
2004-04-08,497.8934020996094,498.8171375394973,490.5035185805057,495.5840634998895,8000
2004-04-12,502.0502014160156,502.0502014160156,497.8933920206668,497.8933920206668,2400
2004-04-13,495.8148498535156,503.3155748834916,495.8148498535156,502.0500622177657,4600
2004-04-14,485.9033203125,493.7365785782645,484.0558494852661,493.7365785782645,3000
2004-04-15,481.26611328125,488.655996018774,481.26611328125,488.655996018774,5600
2004-04-16,489.3487548828125,491.42715922162574,483.1135418663727,483.1135418663727,5400
2004-04-19,490.9653015136719,493.0437058944917,489.5704522194693,490.50343387348966,3300
2004-04-20,489.57977294921875,492.12004535603074,489.57977294921875,491.4272437905366,4700
2004-04-21,476.6474609375,490.96535947341323,476.6474609375,490.96535947341323,3200
2004-04-22,485.884765625,486.808500920865,475.7236773704848,475.7236773704848,4100
2004-04-23,479.4833679199219,484.970358760984,479.4833679199219,484.9611123856084,1200
2004-04-26,476.41650390625,480.34237912021325,476.41650390625,480.34237912021325,1900
2004-04-27,486.808349609375,488.19395212249464,472.4904569738051,477.57099952191055,4900
2004-04-28,471.1051330566406,487.732373046875,471.1051330566406,487.732373046875,4300
2004-04-29,475.2618103027344,480.3423544361941,471.1050014662673,472.4906044117563,5300
2004-04-30,475.7236633300781,479.18767058733596,474.799928061476,477.10926623298127,4000
2004-05-03,476.6474609375,477.1093286322069,472.0287839904312,475.72372554808624,5700
2004-05-04,477.66351318359375,478.95676518850075,474.33808857144675,478.4948975267954,5000
2004-05-05,475.7236633300781,475.7236633300781,475.7236633300781,475.7236633300781,300
2004-05-06,467.8719177246094,473.8761970241354,459.09643259453276,473.8761970241354,11300
2004-05-07,467.4100646972656,469.25753530871725,467.4100646972656,469.25753530871725,800
2004-05-10,450.7828369140625,466.48633738033107,447.0878956278816,466.48633738033107,7000
2004-05-11,461.4058532714844,467.87200136537905,452.63036657262734,452.63036657262734,8100
2004-05-12,448.0116882324219,460.0202489479301,445.71159600853616,460.0202489479301,5200
2004-05-13,449.397216796875,452.6302902990108,442.4692021494412,446.16414329473923,8600
2004-05-14,447.0880432128906,450.3211179055458,445.2405719599448,450.3211179055458,2400
2004-05-17,439.79034423828125,445.2496227757477,437.859741009728,445.2403764026884,4400
2004-05-18,447.0880432128906,448.01177883936356,438.7744225746344,439.23629038787084,8900
2004-05-19,450.11773681640625,452.63029796537165,448.93535675749104,448.93535675749104,2800
2004-05-20,460.7130432128906,468.7957281815378,451.7066228192552,451.7066228192552,10700
2004-05-21,467.4100646972656,469.25753530871725,461.4057852100478,462.3295205157736,16100
2004-05-24,461.8954162597656,469.7194563155787,461.87695170001297,469.7194563155787,4800
2004-05-25,463.7152404785156,467.4101826337229,463.4843065938151,463.4843065938151,4400
2004-05-26,464.629638671875,464.629638671875,460.0202082565828,462.79141433041764,9700
2004-05-27,480.3516540527344,494.1984386685954,464.6389058884177,464.6389058884177,16000
2004-05-28,473.4143371582031,481.7279547863472,473.4143371582031,481.7279547863472,7000
2004-06-01,484.9610900878906,487.73229631696427,475.2618682861328,475.2618682861328,7900
2004-06-02,494.66021728515625,498.817025833771,484.9609973383885,484.9609973383885,11100
2004-06-03,492.1200866699219,492.8128882935773,491.38110954742416,492.8128882935773,1200
2004-06-04,484.0372619628906,492.8127466740499,484.0372619628906,492.8127466740499,4600
2004-06-07,478.4950256347656,484.03743905910653,478.4950256347656,484.03743905910653,5600
2004-06-08,477.5711669921875,480.3423729902079,476.7490290148288,478.9567699911977,27600
2004-06-09,472.0472412109375,475.7237181521069,472.0287766518964,475.7237181521069,4100
2004-06-10,462.7914123535156,472.04723045212626,462.7914123535156,472.04723045212626,7400
2004-06-14,462.33880615234375,464.4079643920337,460.943956701392,462.79142746973423,14700
2004-06-15,463.7152404785156,464.64822239356033,460.0202983233083,461.867769400912,15800
2004-06-16,461.0364074707031,463.71523486275254,461.0364074707031,463.71523486275254,22400
2004-06-17,462.3295593261719,465.5626331676136,460.02022086799917,462.88380619416665,13000
2004-06-18,456.7871398925781,464.63889052773874,448.94463563195916,460.48208136794784,12400
2004-06-21,455.41998291015625,463.2532686684024,453.5540476893033,458.17272434601716,10000
2004-06-22,452.6304016113281,464.6389632867307,452.6304016113281,457.2490791787907,12400
2004-06-23,460.0202331542969,460.9439685622372,452.630349890774,454.01595300268457,5500
2004-06-24,467.88128662109375,470.1721326658755,459.0965528169608,460.94402385445363,10000
2004-06-25,463.7152404785156,470.18138925012835,463.7152404785156,468.8050323181685,5500
2004-06-28,463.262451171875,468.3337484209066,463.2532047989835,465.10067520695554,1700
2004-06-29,471.1051330566406,472.02886861165365,461.86777750651044,464.6389841715495,16000
2004-06-30,471.1051330566406,483.1136952718099,471.1051330566406,471.1051330566406,13800
2004-07-01,479.41864013671875,483.5846955294726,469.25755142476515,471.1050220996658,12000
2004-07-02,474.79998779296875,479.4279110917264,473.87625240815754,479.4279110917264,2300
2004-07-06,475.2618103027344,480.3423544361941,472.02873676326,475.7236779512307,5100
2004-07-07,481.9588928222656,487.73223844783183,475.26181189660883,475.26181189660883,7200
2004-07-08,469.49774169921875,484.94256980996107,469.48849532479306,481.95892264773397,6800
2004-07-09,468.7957458496094,469.25761357951046,466.48640720010394,468.61098748158133,6900
2004-07-12,476.6474609375,477.57119632691376,469.2575778221899,469.2575778221899,5100
2004-07-13,474.79998779296875,476.6474585625912,474.79998779296875,476.6474585625912,2000
2004-07-14,474.33807373046875,479.88048549752386,474.33807373046875,474.8091877515209,5800
2004-07-15,472.9524841308594,476.6474254131317,466.4863368868828,475.2618224322796,4100
2004-07-16,477.5711669921875,479.88050532387115,473.87622566149355,473.87622566149355,1200
2004-07-19,472.9524841308594,479.41863137483597,472.9524841308594,479.41863137483597,4100
2004-07-20,479.41864013671875,480.34237547416905,472.96173914879387,472.96173914879387,7400
2004-07-21,473.987060546875,480.3423640275115,473.9685677988609,479.41862871207394,4100
2004-07-22,468.8418884277344,476.64746379107754,468.26917699329584,475.7237283961336,2800
2004-07-23,466.94818115234375,468.68480797843046,466.94818115234375,467.96429559209275,2500
2004-07-26,466.92047119140625,468.10285121734324,466.48631448398294,466.95742849570024,2300
2004-07-27,466.94818115234375,470.18125461235013,466.48631351520004,467.4100487894875,3700
2004-07-28,466.486328125,467.87193107982677,466.0244604733911,466.71726195080447,14100
2004-07-29,465.5719299316406,468.7957577473146,464.87912831920613,468.7957577473146,15700
2004-07-30,466.94818115234375,466.94818115234375,461.8676371437624,465.5625782409125,12200
2004-08-02,475.7236633300781,475.7236633300781,466.9481782783582,466.9481782783582,3000
2004-08-03,482.4208068847656,485.8848145933685,475.7237253148,475.7237253148,4800
2004-08-04,484.9610900878906,487.73229631696427,483.5754869733538,485.88482549758186,5100
2004-08-05,485.884765625,487.73223621673003,483.57542738533743,483.57542738533743,2400
2004-08-06,482.1898498535156,485.8847912317035,482.1898498535156,485.8847912317035,6100
2004-08-09,472.9524841308594,483.1135726571083,472.49061647057533,482.1898373365402,5500
2004-08-10,471.33599853515625,474.56907250844984,471.1974438600487,471.1974438600487,1100
2004-08-11,466.486328125,470.1812693378713,466.3939489566454,470.1812693378713,4800
2004-08-12,470.4214172363281,473.9315998714653,468.3337665735507,468.3337665735507,2700
2004-08-13,470.18133544921875,470.18133544921875,466.4863937168084,469.25760001611616,2800
2004-08-16,476.6474609375,476.6474609375,468.3338424327761,468.3338424327761,2400
2004-08-17,474.79998779296875,476.6474585625912,471.5669139461295,474.79998779296875,2400
2004-08-18,481.72796630859375,481.72796630859375,471.5668778533789,472.9524808245446,5600
2004-08-19,460.48211669921875,483.5755026921585,459.0965135396424,483.5755026921585,16100
2004-08-20,431.38446044921875,472.02882074850277,431.38446044921875,462.7914661350291,81300
2004-08-23,461.86761474609375,464.6388204345703,444.31664538574216,445.24038061523436,109900
2004-08-24,462.6990051269531,465.79352401326446,461.85840262295926,465.5625901887661,20500
2004-08-25,462.32049560546875,463.2350131655269,461.86787410969816,462.3297419838078,7900
2004-08-26,461.86761474609375,463.07770564151554,461.86761474609375,463.07770564151554,4500
2004-08-27,463.345703125,463.7059452883211,462.56052236163947,463.2533239428102,4200
2004-08-30,464.2693786621094,464.6388671530251,463.7151318306533,464.6388671530251,1400
2004-08-31,464.57427978515625,465.5626835177891,461.89545252199656,465.5626835177891,1800
2004-09-01,463.25335693359375,464.6389601946115,461.87700004850404,462.7914891799212,5400
2004-09-02,467.8719177246094,473.41432938571035,464.32477764432434,464.32477764432434,9200
2004-09-03,469.026611328125,471.1050158096381,468.79567749684577,468.79567749684577,2800
2004-09-07,469.71942138671875,471.56689207063897,467.87195070279853,467.87195070279853,1300
2004-09-08,469.2575378417969,471.1050084632213,468.3338025310847,468.3338025310847,3500
2004-09-09,469.71942138671875,469.71942138671875,466.9482153608384,469.2575537157387,3100
2004-09-10,468.1675720214844,470.1074219573696,467.41010224430227,468.3338376242317,1100
2004-09-13,467.8719177246094,470.18125591673476,465.10071189405886,469.2575206398846,3000
2004-09-14,470.18133544921875,470.18133544921875,465.5626582837058,465.5626582837058,4300
2004-09-15,468.3338317871094,474.2826898149242,468.3338317871094,472.0287732607749,2200
2004-09-16,471.7054748535156,472.4906555790215,466.4863754983497,466.4863754983497,3500
2004-09-17,471.1051330566406,475.2619430541992,470.1813975016276,475.2619430541992,3900
2004-09-20,474.33807373046875,475.6220793211152,472.02873549419576,472.4906031414503,4300
2004-09-21,471.79779052734375,476.1855330726299,470.2643865918558,476.1855330726299,4100
2004-09-22,471.1051330566406,471.7979347229004,471.1051330566406,471.7979347229004,700
2004-09-23,472.9524841308594,472.9524841308594,467.41007220745087,469.25754284858704,12700
2004-09-24,474.7076110839844,475.7329437742858,472.952491395813,472.952491395813,18200
2004-09-27,473.8855895996094,475.72381434681284,473.8763432231359,475.72381434681284,3900
2004-09-28,472.9524841308594,474.19031426776564,472.9524841308594,473.8947121995443,2200
2004-09-29,484.9610900878906,484.9610900878906,472.76777140389953,472.76777140389953,15400
2004-09-30,485.884765625,490.5034421043251,484.03729503326997,484.961030329135,15600
2004-10-01,484.9610900878906,485.88482549758186,484.9610900878906,484.9610900878906,17500
2004-10-04,481.72796630859375,484.7301060794527,481.2660986515385,484.03730459386986,2800
2004-10-05,484.9610900878906,484.9610900878906,482.17139110891594,482.4208177112398,1600
2004-10-06,481.26611328125,485.42292232110725,480.3423779390595,485.42292232110725,7100
2004-10-07,480.8042907714844,483.5754970583517,479.88055534252857,482.65176162939593,2900
2004-10-08,483.1135559082031,484.2682250188824,479.41861475402953,479.41861475402953,3800
2004-10-11,485.4228820800781,486.1156835292885,484.028032808149,484.49914681446427,6800
2004-10-12,485.6077880859375,485.88489747382727,484.49929415403494,484.96116192729903,4800
2004-10-13,478.6058654785156,485.4230384451279,478.49502172136295,484.73023677275137,3500
2004-10-14,472.0287170410156,478.6057075703783,471.1049817826183,478.6057075703783,25200
2004-10-15,469.8118591308594,472.0288185899211,469.4885460828325,472.0288185899211,15300
2004-10-18,471.289794921875,471.289794921875,468.3338304751566,468.3338304751566,13200
2004-10-19,463.7152404785156,471.01274559701574,457.24909170690285,470.6432570195293,26100
2004-10-20,468.3338317871094,468.3338317871094,461.876930582732,463.7151549450274,4000
2004-10-21,469.2575378417969,471.1050084632213,469.2575378417969,469.2575378417969,11700
2004-10-22,462.7914123535156,469.25755983150884,461.86767699951656,469.25755983150884,8100
2004-10-25,467.04058837890625,469.25754753236475,463.715135553636,463.715135553636,2700
2004-10-26,470.41229248046875,471.1050940894238,467.41015217499694,467.41015217499694,10300
2004-10-27,471.1974182128906,472.0287744084535,470.4122375097944,470.4122375097944,6500
2004-10-28,471.3821716308594,471.3821716308594,470.78174924833735,471.1974414617121,13300
2004-10-29,471.289794921875,471.5669042555571,470.64316888972843,471.33597041409996,5700
2004-11-01,484.5638732910156,486.2543248167647,471.7978436201758,471.7978436201758,11200
2004-11-02,483.5755310058594,486.3467374872683,481.2661922713519,483.3445971324086,4500
2004-11-03,485.884765625,491.8890450481226,484.03729503326997,484.49916268120245,4000
2004-11-04,486.808349609375,486.808349609375,486.30030663062655,486.5774158571884,1300
2004-11-05,489.57977294921875,495.5840531835016,488.1941698182304,488.1941698182304,5100
2004-11-08,485.4228820800781,487.73222024411274,485.016436307995,487.73222024411274,1600
2004-11-09,503.4359130859375,508.0545911876434,487.270539729967,487.270539729967,9700
2004-11-10,497.8934020996094,504.4149720500049,496.96966665972144,504.3595501788251,4600
2004-11-11,498.35516357421875,498.81703119569625,496.96956070978626,498.35516357421875,2600
2004-11-12,494.1983642578125,498.3551729291399,491.4364048503827,498.3551729291399,3500
2004-11-15,498.7710266113281,498.8172021132327,493.274788756419,494.198524315888,5000
2004-11-16,498.7247009277344,498.8170519037338,497.98566759843,497.98566759843,6000
2004-11-17,500.7569580078125,502.5120778908159,496.9696652670201,498.7247851500235,13900
2004-11-18,515.4444580078125,519.139400359123,501.1265563964844,501.1265563964844,35800
2004-11-19,581.0296630859375,588.4195475131037,516.3681743482338,516.3681743482338,95700
2004-11-22,556.088623046875,576.8726662670655,538.0665392159822,576.8726662670655,64300
2004-11-23,549.6224975585938,556.0886445886949,548.6895158948267,556.0886445886949,39800
2004-11-24,553.3173828125,554.241118009182,548.6987068290902,550.546177222454,24000
2004-11-26,560.707275390625,560.707275390625,554.241128886944,554.241128886944,2600
2004-11-29,575.2562255859375,575.2562255859375,559.7836574951074,560.7073929035151,6700
2004-11-30,569.94482421875,597.6568902261447,569.94482421875,577.3347084873886,33000
2004-12-01,562.3238525390625,571.3302715325012,558.527314063876,571.3302715325012,13800
2004-12-02,561.4002075195312,564.4392767869693,551.4331225278703,562.3239429494276,16800
2004-12-03,549.8534545898438,559.5526755443894,549.6225207575926,559.5526755443894,6900
2004-12-06,553.2249755859375,553.2249755859375,537.6138297974253,548.6986510303618,22300
2004-12-07,563.478515625,563.478515625,554.1488119348151,554.1488119348151,22500
2004-12-08,562.2963256835938,562.5549987225852,557.9455669493101,562.5549987225852,6400
2004-12-09,558.3980712890625,562.2962077680061,554.2505082005898,562.2962077680061,10100
2004-12-10,556.1165161132812,557.9362480053043,547.7751573959362,556.5506447403905,7200
2004-12-13,556.6428833007812,556.6428833007812,549.530166415222,554.2411940121937,8100
2004-12-14,554.2410278320312,556.0884979248048,552.3935577392579,555.164762878418,8400
2004-12-15,552.3936157226562,555.164821152703,549.6224102926095,555.164821152703,4500
2004-12-16,558.8599853515625,558.8692317275469,552.3938367607179,552.3938367607179,4700
2004-12-17,576.4109497070312,576.4109497070312,558.8599752768492,558.8599752768492,11900
2004-12-20,581.7222900390625,581.7222900390625,572.5680982615916,576.4108122022627,11300
2004-12-21,591.190673828125,591.190673828125,576.4109069824219,582.8770549774171,10100
2004-12-22,590.2670288085938,592.1144999472748,585.9254603566243,590.8212475980602,6200
2004-12-23,588.41943359375,593.9618458411009,587.9575659064708,591.1906397174254,2700
2004-12-27,595.3475341796875,600.8899472209258,588.2347595006967,588.2347595006967,7900
2004-12-28,598.11865234375,598.5805200289575,594.4237108620898,597.1949169733349,4200
2004-12-29,608.7415161132812,608.7415161132812,595.809222902984,595.809222902984,9100
2004-12-30,601.3516845703125,607.8178317162298,600.4279492637529,607.8178317162298,8600
2004-12-31,596.7330322265625,603.1991796345902,596.7330322265625,601.3609553208754,3800
2005-01-03,582.8863525390625,596.7331387977406,581.0296351451685,596.7331387977406,12100
2005-01-04,567.1737060546875,580.1060055412764,566.249970377074,580.1060055412764,14500
2005-01-05,554.2410278320312,569.0022958315909,553.3265391569585,567.6813614808955,15200
2005-01-06,552.8556518554688,554.2412549929511,551.4700487179864,554.2412549929511,9500
2005-01-07,555.6268920898438,555.6268920898438,552.3938179047823,552.3938179047823,3700
2005-01-10,554.0104370117188,556.0888421526548,550.0845606343952,556.0888421526548,28100
2005-01-11,557.6034545898438,559.7834558370756,553.7791778454239,554.7029129210625,9500
2005-01-12,562.0929565429688,563.9404272300451,557.4742798252779,558.5827735135899,14200
2005-01-13,560.8182373046875,562.5548643849727,558.8599227469762,562.0929966802231,10200
2005-01-14,561.6309814453125,566.1573063150097,558.8597759447599,561.169113861887,9600
2005-01-18,557.4743041992188,561.6311134268849,557.4743041992188,561.6311134268849,4400
2005-01-19,553.7980346679688,558.3982203272149,553.7887882902833,558.3982203272149,6000
2005-01-20,547.3133544921875,554.2413716376582,546.167931344992,554.2413716376582,7500
2005-01-21,547.0823974609375,549.1608025167199,547.0823974609375,547.7751991461982,2700
2005-01-24,537.6139526367188,546.3894381179023,537.6139526367188,546.3894381179023,10000
2005-01-25,545.0038452148438,545.0038452148438,538.5376978987355,538.5376978987355,5000
2005-01-26,546.2971801757812,546.3895311707582,545.0039279640699,545.6967295674141,6500
2005-01-27,544.77294921875,548.6988246476261,544.77294921875,546.8513538575668,3900
2005-01-28,543.6090698242188,544.0801839279306,540.3852421015949,544.0801839279306,3200
2005-01-31,545.9276733398438,545.9276733398438,544.0709559883412,544.3111362360456,5900
2005-02-01,544.9114990234375,548.3292746734428,543.0362892227253,546.8513206831882,6200
2005-02-02,581.953369140625,582.3136395194701,549.0684076587833,549.0684076587833,32200
2005-02-03,587.9669189453125,589.343275882239,581.0296560030224,582.2305009317296,17600
2005-02-04,588.5303344726562,588.6504245934359,580.1058715491216,588.6504245934359,5300
2005-02-07,617.9788818359375,618.9026170853186,589.7957103564689,589.8049567298148,40300
2005-02-08,606.4321899414062,634.606114988189,605.0465870702529,613.5911381090314,28700
2005-02-09,588.2344970703125,604.1227519763343,588.2344970703125,602.044348013113,7300
2005-02-10,593.9617919921875,599.5042037370602,591.1905861197512,591.1905861197512,1900
2005-02-11,596.7330322265625,598.5805029145704,586.3317632322248,592.1143555065427,2700
2005-02-14,609.1573486328125,617.0922045082951,598.5805665435906,598.5805665435906,5700
2005-02-15,609.6653442382812,616.8335397307845,609.6653442382812,610.5890796083393,2200
2005-02-16,613.3695068359375,616.1961346967076,611.5127897977229,611.5127897977229,4900
2005-02-17,608.5107421875,611.512882471537,606.89420511148,611.512882471537,3400
2005-02-18,607.81787109375,608.7416064601539,605.0466649945384,606.8941357273461,2400
2005-02-22,608.7139282226562,613.8222123723807,607.8179318901829,609.5730518140375,3000
2005-02-23,593.0381469726562,605.9704430125585,593.0381469726562,605.9704430125585,3600
2005-02-24,585.648193359375,600.4187121174125,583.8007227178628,591.1906052839116,9200
2005-02-25,606.89404296875,608.0487120002736,589.8049413022022,589.8049413022022,11300
2005-02-28,603.6610717773438,611.5128225196657,602.2754687051693,608.279748684592,7000
2005-03-01,603.1994018554688,603.8922036187024,600.428194802534,603.6797624530234,4200
2005-03-02,611.5220947265625,615.2077900333863,604.1229649877397,604.1229649877397,3800
2005-03-03,621.12890625,623.5029130347021,609.6653745450684,609.6653745450684,5100
2005-03-04,623.521484375,628.8791391868945,621.128984538714,621.128984538714,6700
2005-03-07,604.1229248046875,627.2163087804018,604.1229248046875,625.3688380623447,11000
2005-03-08,605.046630859375,607.8178368022424,600.6588881165017,604.1228955450858,6500
2005-03-09,599.0425415039062,606.8758014143202,596.7332024850015,605.0468229530587,11100
2005-03-10,618.0376586914062,618.0376586914062,598.5792016711371,599.5057948625785,6100
2005-03-11,628.2208862304688,629.1567543689393,619.890822787659,619.890822787659,3800
2005-03-14,620.9747314453125,643.9820483758521,620.9747314453125,628.2299694947161,6000
2005-03-15,615.2578735351562,619.8908394503306,614.3312803521214,619.8908394503306,9400
2005-03-16,604.3702392578125,612.4779274042377,604.3702392578125,612.4779274042377,2500
2005-03-17,607.24267578125,608.771576792353,600.4322401239647,603.2120190134275,7000
2005-03-18,602.2763061523438,612.0148097514272,601.3589879313796,607.2706570828825,6000
2005-03-21,593.9462280273438,605.5286427704666,592.093041668444,603.675456411567,4600
2005-03-22,599.5057373046875,604.1387028170885,588.3958950547108,592.0929924848459,12500
2005-03-23,584.448486328125,597.189139022555,580.9737628660077,597.189139022555,4000
2005-03-24,569.8548583984375,581.9005708523882,566.982441896709,581.9005708523882,14700
2005-03-28,566.1483764648438,570.7813419023629,563.8318937460842,565.6850799210919,5300
2005-03-29,564.295166015625,568.0015382062038,559.9957607014132,564.295166015625,6700
2005-03-30,560.5887451171875,562.4419310514593,555.9557802815083,562.4419310514593,12800
2005-03-31,563.8318481445312,563.8318481445312,558.2722900691538,559.6621795879981,14000
2005-04-01,555.9652099609375,562.3957692043958,555.9559349799259,562.3957692043958,5600
2005-04-04,555.9556274414062,562.4417764282226,554.1024420166016,555.0290347290039,17200
2005-04-05,555.4925537109375,559.430574316895,552.2494779177961,555.9558502528148,17500
2005-04-06,542.9927978515625,555.0292324241542,536.4973715752675,555.0292324241542,21300
2005-04-07,530.9378662109375,542.0569838279205,529.0846799414404,542.0569838279205,26200
2005-04-08,525.3782348632812,534.18086842801,525.3782348632812,532.7909789177896,70400
2005-04-11,533.9494018554688,538.8140167964513,523.0619303208887,523.0619303208887,25500
2005-04-12,536.960693359375,541.593658789568,531.4011348431434,531.8644313861627,16200
2005-04-13,531.8644409179688,536.4974064311915,526.3048823021015,536.0341098798692,19900
2005-04-14,533.7175903320312,541.3156645609027,531.1694594754114,533.4859420723385,9200
2005-04-15,536.4696044921875,543.4468780005237,531.4011671497022,533.7176500056294,6400
2005-04-18,540.194580078125,540.2038550592208,535.8025372006765,540.1760301159334,6600
2005-04-19,547.6165161132812,547.9779009914716,542.0569575740601,542.0569575740601,8100
2005-04-20,546.6897583007812,553.1759079755362,543.891429915014,547.6163511114605,9800
2005-04-21,548.5431518554688,552.2402495227603,544.8367792077967,547.6165586935507,6200
2005-04-22,542.056884765625,547.1531460753872,541.1302918002136,547.0605094007446,11000
2005-04-25,552.2402954101562,552.2402954101562,542.9836380021916,543.9102312411031,1400
2005-04-26,555.9556274414062,569.1595735931396,549.932774810791,549.932774810791,9000
2005-04-27,564.0634155273438,567.5381388262801,552.2493563109599,554.1025420703927,12400
2005-04-28,563.3684692382812,571.707805131611,562.9051727997629,565.2216549923546,7900
2005-04-29,580.98291015625,581.9002278998829,568.0013371060959,576.3406715823681,18900
2005-05-02,602.2853393554688,606.9090285273011,582.3635935152494,582.3635935152494,23700
2005-05-03,604.138671875,609.6982302051381,596.725927434816,606.6868027763132,28600
2005-05-04,606.001220703125,613.4046912358964,600.4323865874031,604.1387593441154,9800
2005-05-05,597.652587890625,605.528629746548,597.652587890625,604.1387400072674,5900
2005-05-06,611.5513916015625,611.5699415594339,597.6524963378906,598.5790893554687,4900
2005-05-09,611.0880737304688,611.5513702230619,605.0652193267567,610.1614807452822,5200
2005-05-10,608.7716064453125,611.5513854701769,608.7716064453125,611.0880889660328,3500
2005-05-11,620.8172607421875,627.7667076907941,610.6247385508979,610.6247385508979,17100
2005-05-12,611.2272338867188,618.9642645719637,609.7261574101916,618.9642645719637,6300
2005-05-13,605.9917602539062,616.6475786681568,599.5148848926118,609.6981318762543,7600
2005-05-16,616.1844482421875,616.1844482421875,607.3818132672991,607.3818132672991,4000
2005-05-17,620.8172607421875,624.0603359848706,614.3311102568214,616.1842961097831,3500
2005-05-18,618.45458984375,623.6064453336646,615.443162200883,620.8173909910483,5000
2005-05-19,620.8172607421875,621.7438536686684,618.0004386053935,619.4273713524661,5100
2005-05-20,620.807861328125,620.8171363042898,618.9732257989492,620.3538399339134,7300
2005-05-23,621.7439575195312,625.450329844536,621.7254075603852,621.7439575195312,4100
2005-05-24,620.8172607421875,623.5970395216301,620.8172607421875,623.5970395216301,3900
2005-05-25,610.0686645507812,619.8905246816929,609.6980048438774,619.8905246816929,6000
2005-05-26,611.0880737304688,615.2577421638077,608.7715912675026,611.5513702230619,4400
2005-05-27,611.5513916015625,613.8678741455078,610.6247985839843,611.5513916015625,3600
2005-05-31,615.7211303710938,620.8081175687396,613.3490542378739,613.4046475630761,12100
2005-06-01,621.2804565429688,624.5235312601953,614.3310107203405,616.6474926612166,7100
2005-06-02,613.4046020507812,619.8907534319828,611.5514159418665,619.8907534319828,5100
2005-06-03,614.7945556640625,616.1844453905073,614.331259088581,615.2578522395441,2400
2005-06-06,605.5286254882812,614.7945570183238,604.3240657003273,614.7945570183238,6700
2005-06-07,605.9917602539062,610.1707033068625,602.2853886315581,604.1385744427322,4900
2005-06-08,601.3587646484375,607.8541896296852,601.0252047928025,607.8449146523498,6600
2005-06-09,600.8942260742188,602.2884122136021,598.5148173321877,601.3682584383417,6900
2005-06-10,599.7788696289062,603.6639948877983,599.5000437451732,602.7531447577439,3500
2005-06-13,590.1868896484375,598.1058854932834,589.4247277109661,598.1058854932834,8800
2005-06-14,595.7821044921875,597.1762903841349,585.0933459872575,588.3464464018014,3400
2005-06-15,614.371337890625,614.371337890625,594.1556395560999,594.1556395560999,6300
2005-06-16,608.3297729492188,618.089074119527,607.270178064203,615.7654309837394,4100
2005-06-17,618.089111328125,625.5061625105994,610.6534528459822,610.6534528459822,7900
2005-06-20,610.1887817382812,617.1690158734364,609.2593243403554,617.1597122227247,3800
2005-06-21,600.197021484375,612.9770587207826,598.7377667887424,611.5828728404472,7600
2005-06-22,601.8235473632812,602.2882759712838,595.7820754592483,600.4293615392737,7700
2005-06-23,601.1265869140625,605.0767809525391,599.2676720724264,603.2178661109031,5900
2005-06-24,599.4998779296875,603.682435217569,599.4998779296875,602.0558851611707,1500
2005-06-27,602.9854736328125,604.1472953546483,596.7116363348989,599.500008467305,3600
2005-06-28,604.3610229492188,605.1882535899556,598.5705219232077,601.3588939197444,2500
2005-06-29,593.9232788085938,602.7531241116949,592.380404485066,602.7531241116949,6300
2005-06-30,586.3945922851562,593.0866389938654,585.5580580817839,593.0866389938654,6100
2005-07-01,592.9938354492188,593.9232928715529,580.9108889588742,586.3947104424776,7500
2005-07-05,597.1763305664062,599.4999738760032,592.9937726091318,592.9937726091318,3700
2005-07-06,594.8526000976562,597.640971660614,593.9231429100037,595.7820572853088,2000
2005-07-07,588.5787963867188,592.9937182703933,587.4169748383833,592.9937182703933,2700
2005-07-08,595.7821044921875,598.5704762760823,585.5580746179066,586.4875318792049,9700
2005-07-11,595.77294921875,601.1917022859265,592.9938803920784,594.8527953776336,3800
2005-07-12,586.4876098632812,596.711641097031,586.4876098632812,594.8527263272583,6700
2005-07-13,581.74755859375,586.9524986771979,580.446295208092,586.487769857976,25800
2005-07-14,579.5165405273438,581.8401834324253,579.2841762368356,580.9107262703927,32300
2005-07-15,581.6080932617188,581.8404576617435,579.5168136614968,579.7491780615215,45300
2005-07-18,586.4876098632812,586.4876098632812,580.9108655539632,580.9108655539632,16200
2005-07-19,584.154541015625,585.0933018554595,581.1431087928928,585.0933018554595,4600
2005-07-20,586.9617309570312,588.3466135931789,581.3849858044892,582.2958360259372,5600
2005-07-21,590.484375,591.1350066362404,584.6288037330113,588.3466339634278,4800
2005-07-22,587.8818359375,591.5996657299901,586.0229210412549,591.5996657299901,2500
2005-07-25,593.867431640625,593.867431640625,586.4875386317651,586.4875386317651,3100
2005-07-26,594.387939453125,596.0888621852537,592.5290248653123,592.5290248653123,16100
2005-07-27,598.5611572265625,600.1226385778205,594.8526319261289,594.8526319261289,6800
2005-07-28,599.4998779296875,599.4998779296875,597.4085992857467,598.1056921670604,4400
2005-07-29,593.9232788085938,601.3589380112053,592.9938214082673,599.5000232105524,6400
2005-08-01,592.9938354492188,594.8527502938872,590.31699353453,592.9938354492188,4400
2005-08-02,597.6409912109375,599.0351770380237,591.5995192935641,591.5995192935641,9700
2005-08-03,593.0030517578125,597.6410345354072,592.9937481082268,597.6410345354072,3100
2005-08-04,592.5291137695312,593.0031461372796,591.5996563361673,592.9938424862132,3000
2005-08-05,592.3431396484375,594.4808801419816,592.2966781282769,592.984467469458,4800
2005-08-08,582.7698364257812,592.519836255119,581.3756502142363,592.519836255119,1500
2005-08-09,585.5581665039062,587.4170813182044,580.9108794681609,582.3050655788845,10100
2005-08-10,586.4876098632812,590.2054394028266,583.6992377086223,586.9523385557244,7800
2005-08-11,584.3964233398438,593.9233630443899,583.6993301907306,588.3466178514848,6000
2005-08-12,598.105712890625,598.105712890625,585.5580405922203,586.0227691958648,4100
2005-08-15,605.07666015625,606.006117391513,599.4999167446716,599.4999167446716,8700
2005-08-16,608.3391723632812,608.9247350640445,603.2178530090757,603.2178530090757,3200
2005-08-17,617.8568115234375,621.7790945521778,608.8875248508598,608.8875248508598,7300
2005-08-18,627.3837280273438,631.1015575267651,617.6244255913629,617.6244255913629,8500
2005-08-19,634.4383544921875,634.8194070668942,627.3930514840886,627.3930514840886,2500
2005-08-22,637.607666015625,645.9727811674335,632.030922581086,636.6782087765351,14200
2005-08-23,639.001953125,639.4666818181819,634.3546661931819,634.3546661931819,2600
2005-08-24,638.5371704101562,645.5081002181274,635.7487984869678,637.1429844485621,2400
2005-08-25,627.77392578125,636.6781410690921,627.77392578125,636.6781410690921,2500
2005-08-26,635.2841186523438,638.5372194793857,628.3131883086824,628.3131883086824,3200
2005-08-29,629.1588745117188,636.4923057404415,629.1496275921684,635.2840226759982,3900
2005-08-30,613.2094116210938,627.3929381231188,612.5216223429939,627.3929381231188,7400
2005-08-31,613.348876953125,614.4734839461794,608.7945136250183,613.441799988568,8800
2005-09-01,609.723876953125,613.4417054711319,609.723876953125,611.2109856685032,5300
2005-09-02,607.7721557617188,612.5123653357662,606.0061641865243,609.7239934146626,11200
2005-09-06,608.7945556640625,610.6534703378459,606.4709123218332,607.818636806241,5400
2005-09-07,640.888916015625,641.8555314816753,611.1183623285647,611.1183623285647,17400
2005-09-08,652.9439697265625,661.7645133511876,643.6773046034936,643.6773046034936,36700
2005-09-09,612.5122680664062,641.3161363605077,578.1223531673819,628.3130397767688,243400
2005-09-12,590.4376220703125,612.5215318166848,589.6476062280791,612.5122281689664,23600
2005-09-13,596.8976440429688,600.4295713520636,588.3652306260424,588.8113520921553,15200
2005-09-14,596.246826171875,598.570469298032,595.3173689214121,597.6317083983336,11600
2005-09-15,590.1864624023438,598.1208898250667,590.1771296564295,598.1115570791525,6600
2005-09-16,587.3894653320312,588.321829562717,576.9003677368164,588.321829562717,78200
2005-09-19,593.916015625,596.7131083202512,579.2312789749313,583.1938269598705,21600
2005-09-20,587.3894653320312,593.9160149468316,578.0751557725999,592.517468600803,27000
2005-09-21,573.4132080078125,583.1936975230253,573.403875262447,583.1936975230253,23700
2005-09-22,554.8500366210938,576.2012043341424,544.1278459255556,576.2012043341424,32000
2005-09-23,578.0657348632812,579.9304630402596,545.2838385510769,554.8591790431088,29600
2005-09-26,584.7042846679688,586.4571340727653,579.9305840910334,579.9305840910334,16600
2005-09-27,580.86279296875,583.1937030528943,578.065700867777,581.7951570024078,15700
2005-09-28,561.0499877929688,580.8627210552879,558.1037428504421,580.8627210552879,20900
2005-09-29,565.0126953125,565.7679080250043,551.9782622348357,557.0875997511861,22600
2005-09-30,563.1478271484375,565.944919005135,559.3530990340137,560.8169172678562,39400
2005-10-03,570.6068725585938,574.8025113274069,563.1479591918147,563.1479591918147,27800
2005-10-04,574.2898559570312,578.0659203456297,569.6746408567416,572.4717340197043,6900
2005-10-05,562.3927001953125,574.3362819644296,562.2155487411543,574.3362819644296,10100
2005-10-06,561.0313720703125,565.4787665649905,559.4184005589353,562.6816745621958,10700
2005-10-07,559.4278564453125,562.2156163166223,555.6983996206583,562.2156163166223,18200
2005-10-10,561.2830810546875,566.877264586794,559.3717463959466,559.418353210652,6500
2005-10-11,568.7421264648438,568.7421264648438,565.0126698978612,565.0126698978612,27900
2005-10-12,558.4860229492188,568.742026709555,553.8242030581569,568.742026709555,14200
2005-10-13,559.3999633789062,560.3509932582386,557.087717923124,557.087717923124,8200
2005-10-14,557.973388671875,559.4185418569393,555.6890849112265,559.4185418569393,12300
2005-10-17,548.1648559570312,556.863829538655,539.8481835504555,556.8544967918988,22200
2005-10-18,537.9741821289062,548.1649167397006,535.0838756636302,548.1649167397006,18100
2005-10-19,534.2445678710938,536.1092958566821,523.056199957563,536.1092958566821,13500
2005-10-20,537.6665649414062,537.9742611287,533.3124391085207,537.0418967246642,1800
2005-10-21,540.7711791992188,540.7711791992188,538.9064509950836,539.8388150971512,10700
2005-10-24,538.440185546875,544.500551271645,538.0952154351003,541.2372774198458,25800
2005-10-25,529.5829467773438,538.9065902065223,527.7928231729024,538.9065902065223,10800
2005-10-26,547.4097290039062,550.8874296691353,528.6598963919645,528.6598963919645,17200
2005-10-27,551.4933471679688,554.6354095299594,543.5869180680027,550.0948010635698,10000
2005-10-28,556.621337890625,561.2831581409653,552.8918816903528,555.2227918155229,9000
2005-10-31,563.9871826171875,563.9871826171875,554.290571224059,556.6214819525034,8500
2005-11-01,569.6744384765625,583.6598993229593,565.9449822508567,565.9449822508567,23700
2005-11-02,562.2153930664062,569.6743037538545,559.7912698557745,569.6743037538545,52500
2005-11-03,559.4185180664062,566.877431640625,557.1342144029029,565.0127032470702,25700
2005-11-04,565.10595703125,565.10595703125,557.5538292638864,559.4185577898526,22200
2005-11-07,565.0126953125,568.742152047236,560.444088049651,567.809787863552,28100
2005-11-08,575.3619384765625,578.7650906487332,566.8774468214737,566.8774468214737,6400
2005-11-09,578.0657348632812,580.3966450845041,575.2686425978137,578.0657348632812,14800
2005-11-10,587.1563720703125,587.389463127109,578.9981850824361,578.9981850824361,9100
2005-11-11,582.6622314453125,595.771267093496,582.6622314453125,590.8856888071349,33400
2005-11-14,588.3218383789062,591.1189311128788,584.592381400276,584.592381400276,10400
2005-11-15,581.3289794921875,590.6526199010437,580.8627974717447,590.6526199010437,6000
2005-11-16,576.2009887695312,581.7858403808042,571.5391684720431,579.9304450075217,15500
2005-11-17,577.1333618164062,578.0657258904231,571.5391773723054,578.0657258904231,4500
2005-11-18,574.3363647460938,576.2010932030615,573.4040005176098,575.2687289745777,10400
2005-11-21,575.17529296875,578.065598196945,572.480747732384,576.2008704608259,10900
2005-11-22,573.4039916992188,575.7349022345815,572.4716274850737,574.1032648598275,30600
2005-11-23,573.5904541015625,575.2686982417767,572.7046967504236,575.2686982417767,12000
2005-11-25,578.0657348632812,578.0657348632812,574.3362785093246,574.3362785093246,2100
2005-11-28,569.6837768554688,578.0377224631854,567.8190487241768,578.0377224631854,11200
2005-11-29,567.3435668945312,568.742113074222,566.178111744789,568.742113074222,20900
2005-11-30,567.2504272460938,568.276005148863,565.4789124245864,567.1105498470811,13700
2005-12-01,563.381103515625,568.7421980050166,562.2156481918443,567.9963179791965,37300
2005-12-02,551.9782104492188,563.381005135646,547.9969975481605,563.381005135646,37800
2005-12-05,559.4185180664062,561.2832464599609,555.2228791809082,555.6890612792969,26300
2005-12-06,559.4185180664062,559.4278508134931,555.6890612792969,559.4185180664062,56900
2005-12-07,557.0874633789062,559.3251596347683,555.2227354680145,558.0198273343522,29900
2005-12-08,555.455810546875,559.4183572440202,553.82417367158,556.6212654578001,25600
2005-12-09,548.2021484375,559.1388191419793,542.6359615085173,558.2530617753002,24700
2005-12-12,554.1972045898438,554.7566002474676,549.1624160432915,549.1624160432915,14100
2005-12-13,551.0272827148438,558.9430462497392,550.4119473366783,558.0200147289916,26300
2005-12-14,553.5912475585938,555.2228849198191,548.2301533717106,552.8919744037829,17300
2005-12-15,556.1639404296875,560.3737599955977,552.6651217485797,556.631698159233,15400
2005-12-16,550.0924072265625,563.1802582448996,550.0830429368787,559.4381967283222,4500
2005-12-19,546.9117431640625,553.8252169237595,546.9117431640625,550.0831546472476,11300
2005-12-20,541.663330078125,547.2764215815253,540.7278148275583,546.3502706193553,15300
2005-12-21,542.3650512695312,545.8732340073678,541.6634147219639,545.8732340073678,37900
2005-12-22,540.727783203125,545.1714803834275,539.0719030346837,541.1955408010516,18000
2005-12-23,535.021240234375,541.6633762397265,533.3372669603879,540.7278609094334,15000
2005-12-27,528.0986328125,533.243969358946,525.0582066714182,531.3729378875111,12000
2005-12-28,520.6143798828125,527.6307461885108,519.2391994945765,525.7597151736579,10100
2005-12-29,519.8004760742188,525.0113042034095,519.2110967478015,522.9531587063442,11600
2005-12-30,522.5322265625,525.7597667999121,521.0821888034716,522.4854622024037,6400
2006-01-03,519.3046875,522.9344926013974,506.1139403599304,522.2515844841611,36100
2006-01-04,532.3082885742188,536.0503503568143,519.6881943483082,522.017618672081,39700
2006-01-05,531.3728637695312,537.9214730061276,525.7597701381629,533.2438949799873,22500
2006-01-06,526.2274780273438,530.2034189724392,523.8886892361111,527.1629935438368,27600
2006-01-09,517.994873046875,525.7596392168672,516.4044854941471,525.7596392168672,83600
2006-01-10,518.0416870117188,518.7433236081229,511.9608365095496,517.3400504153146,38500
2006-01-11,522.71923828125,524.8241479656041,514.533478397651,518.0416612049078,45800
2006-01-12,521.0820922851562,524.8241539891789,518.2755460071393,523.6547597066718,49800
2006-01-13,529.969482421875,530.8114691348278,518.5094185919227,520.1465705676302,26000
2006-01-17,528.846923828125,532.3083427491733,525.2919761927255,532.3083427491733,15700
2006-01-18,518.2755737304688,528.4727152591228,517.3400582544209,527.9113717138943,16800
2006-01-19,515.7307739257812,519.6786201037802,514.5332872314655,519.6786201037802,9200
2006-01-20,511.3526916503906,516.4044976190035,511.3526916503906,516.4044976190035,7600
2006-01-23,504.2617492675781,511.2593892419511,503.3075048713078,508.9205997211737,22900
2006-01-24,501.4268798828125,506.2073497754693,501.4268798828125,502.8395172438924,17600
2006-01-25,484.7373352050781,501.4268982359146,484.72797091503384,501.4268982359146,29300
2006-01-26,485.95355224609375,489.9856218861958,484.59704331116626,487.40358989404945,30400
2006-01-27,491.3232727050781,495.72957023427847,483.66140026982885,484.596915550815,51700
2006-01-30,512.6624755859375,517.340052917926,493.4844085247847,494.88768172438125,42900
2006-01-31,496.7588195800781,519.2111956062964,494.88778824455994,516.404648603019,32300
2006-02-01,503.3072814941406,507.9848584596996,497.6941891354699,499.5652199216935,12800
2006-02-02,510.7633361816406,510.7633361816406,503.77506326876664,505.17833642550414,9400
2006-02-03,504.7104797363281,512.1946017713432,500.50066109163214,512.1946017713432,8100
2006-02-06,493.25982666015625,507.0493136178569,492.08106819740357,507.0493136178569,15900
2006-02-07,492.0905456542969,494.41997024766806,487.4036035932546,491.3795446974222,18900
2006-02-08,496.0570373535156,500.500735472194,490.2100661447283,490.2100661447283,9400
2006-02-09,507.0493469238281,512.1946816250846,496.05704097114364,496.05704097114364,20200
2006-02-10,498.6578063964844,505.64607910145736,496.2909250015229,503.30729057647375,10800
2006-02-13,499.565185546875,503.2978825726536,498.6296702181355,502.3717315330934,6400
2006-02-14,507.98480224609375,507.98480224609375,499.5651646398049,499.5651646398049,23200
2006-02-15,509.8559265136719,511.5679357960171,503.7750760139675,503.7750760139675,18400
2006-02-16,509.8559265136719,515.4690192826297,506.64711533267086,510.79144197516484,22200
2006-02-17,502.38104248046875,509.8558000275506,502.37167819228375,509.8558000275506,5800
2006-02-21,500.5007019042969,506.11379388827027,497.6941559123102,502.3810968548199,7600
2006-02-22,506.99322509765625,506.99322509765625,497.51644939803003,500.5007458488402,5900
2006-02-23,516.404541015625,516.404541015625,503.3073243956635,508.9204172327898,22800
2006-02-24,514.4866943359375,514.5521872644167,507.9848510290519,513.597943305616,9300
2006-02-27,513.5979614257812,514.5241125481973,509.90266412680455,511.25917289469845,16600
2006-02-28,516.413818359375,516.413818359375,509.0513173955573,513.5979081242954,17000
2006-03-01,519.220458984375,529.5017650389012,516.4139125265716,516.4139125265716,18600
2006-03-02,507.2925720214844,515.4689671927881,498.6764549360615,515.4689671927881,14700
2006-03-03,503.7750244140625,513.1301780707768,501.5484932758184,507.04932819391246,10300
2006-03-06,515.9367065429688,516.4044642098255,504.2427648715506,505.6460378721208,8600
2006-03-07,512.9055786132812,515.9366387604072,512.8962143252825,515.8431100790533,9300
2006-03-08,507.0493469238281,512.9056824651509,505.1783161233712,512.9056824651509,7500
2006-03-09,521.1340942382812,523.9510352882179,505.1714282886402,505.1714282886402,11200
2006-03-10,524.8994140625,526.7679757872739,516.4391919483078,521.1340936932924,6400
2006-03-13,524.8994140625,529.3501717470155,524.4205249147816,524.4205249147816,9300
2006-03-14,534.2798461914062,541.7916893716018,528.6459638062596,528.6459638062596,14000
2006-03-15,538.9746704101562,548.3644730305423,536.1577296240405,536.1577296240405,15600
2006-03-16,538.9746704101562,540.8526309342335,535.2187493620019,535.2187493620019,4500
2006-03-17,536.1575927734375,537.8008078125855,529.5847326168455,537.8008078125855,6800
2006-03-20,543.6695556640625,543.6695556640625,538.9652555204528,540.3831248439861,8200
2006-03-21,543.9607543945312,546.9561042794988,541.7917118785766,546.9561042794988,6900
2006-03-22,538.9746704101562,548.3644730305423,538.9746704101562,548.3644730305423,16500
2006-03-23,529.3502197265625,539.7259420612567,523.1059769154388,539.7259420612567,9000
2006-03-24,526.29833984375,532.4017104217774,524.9180666222092,529.3594241033804,5500
2006-03-27,522.44873046875,524.1858213275958,521.3688800575864,524.1858213275958,3200
2006-03-28,515.3685913085938,525.8288431209843,515.0869087476524,524.8898630439826,7000
2006-03-29,513.12451171875,517.3687208048369,510.9367289914587,515.5095582420107,5600
2006-03-30,524.8900756835938,524.8900756835938,511.74434928006906,515.5002711096475,12300
2006-03-31,558.223876953125,558.223876953125,523.9510905632359,523.9510905632359,19200
2006-04-03,546.0170288085938,554.9373414030591,537.8009514189545,554.9373414030591,13600
2006-04-04,542.73046875,546.0168989240917,540.6271626083084,544.608428849481,13100
2006-04-05,543.143798828125,544.6086058894641,540.3831942920459,540.3831942920459,5900
2006-04-06,541.4629516601562,542.7305519974208,538.9746312223522,541.7915718036536,6300
2006-04-07,539.9136962890625,542.7306373131794,539.9136962890625,541.4630367766515,6400
2006-04-10,532.40185546875,542.6649037594833,531.6694232906614,538.5052277095734,11100
2006-04-11,519.4437866210938,533.1059351888741,519.2841760560829,533.1059351888741,10700
2006-04-12,513.6221923828125,519.2560738349092,510.8052516567642,517.378113350877,13200
2006-04-13,503.2934265136719,517.8476207505412,503.2934265136719,517.8476207505412,15400
2006-04-17,502.1197814941406,505.1714678706829,499.53758532937417,499.53758532937417,10300
2006-04-18,495.7816162109375,504.23243921453303,494.02572757172203,503.9976941310998,17800
2006-04-19,507.0492248535156,507.0492248535156,493.90350420916525,493.90350420916525,31400
2006-04-20,497.6595153808594,508.9272779932562,494.6453682501537,508.9272779932562,16900
2006-04-21,494.373046875,499.34963018670044,493.9504943471349,497.6594773860399,7200
2006-04-24,492.96466064453125,494.607876180013,491.09609900534156,492.96466064453125,10700
2006-04-25,492.96466064453125,498.5985424804688,492.0350793113311,495.78160156250004,12200
2006-04-26,485.4527282714844,493.9035494599628,485.4527282714844,492.02558919585647,26400
2006-04-27,470.4291076660156,491.0866732721081,466.6731866467261,483.57483123352904,67300
2006-04-28,489.67822265625,498.4858623868781,474.654537972645,477.00198870445826,17800
2006-05-01,503.2934265136719,504.9366419920281,495.78158432690066,495.78158432690066,12300
2006-05-02,495.3121032714844,501.42487413277274,492.9646525450792,501.42487413277274,7000
2006-05-03,490.99285888671875,495.7816358541665,485.2181066811374,492.0257143704228,11700
2006-05-04,489.67822265625,491.086693095338,479.02079060273684,491.086693095338,10500
2006-05-05,494.373046875,497.6594773860399,484.51375534188037,488.2696759259259,13200
2006-05-08,486.8612976074219,493.90365003183007,486.37300949987014,493.90365003183007,16100
2006-05-09,496.72064208984375,499.6596553887756,487.330837891548,487.70645298380646,30200
2006-05-10,498.1290283203125,499.5374987114161,492.0256566255302,496.7205579292089,6300
2006-05-11,491.7346496582031,497.6596137101307,488.2134731461031,494.84267250045076,24800
2006-05-12,497.6502380371094,498.48594438970594,491.08677388097414,491.5562641045697,8500
2006-05-15,497.6595153808594,497.6595153808594,492.96461429236075,497.6501164089537,7900
2006-05-16,497.6595153808594,501.4154362516583,492.96461429236075,497.6501164089537,25700
2006-05-17,488.26971435546875,497.65951655461237,481.6968528160682,497.65951655461237,32900
2006-05-18,475.1239929199219,493.4341072715789,475.1239929199219,488.36359114218277,8200
2006-05-19,480.7579040527344,480.7579040527344,471.3681012392044,475.1240223646164,24300
2006-05-22,478.8800048828125,484.98337749406403,471.3963299348001,483.57490689146755,6300
2006-05-23,484.0443420410156,485.3589373782537,476.06300953403473,482.16638145113774,11400
2006-05-24,474.27899169921875,482.6359112801873,474.27899169921875,480.2884603498362,3300
2006-05-25,480.3635559082031,483.5748813206921,478.4104893842575,478.4104893842575,7100
2006-05-26,494.84259033203125,499.06800144492337,482.63584711700963,482.63584711700963,14100
2006-05-30,504.23236083984375,507.6126665915441,497.65949952535794,497.65949952535794,17100
2006-05-31,500.06317138671875,504.32611982593147,492.26025011509415,504.32611982593147,12200
2006-06-01,502.54229736328125,504.2230515665214,499.58448632126465,500.06337547195426,6300
2006-06-02,498.3638610839844,505.1714691722724,497.56575064623604,505.1714691722724,8800
2006-06-05,496.72064208984375,498.44839127908944,493.00225899542465,496.72064208984375,10200
2006-06-06,479.349365234375,494.84253766604434,478.8892741318898,494.84253766604434,13800
2006-06-07,480.7579040527344,483.57484489679337,477.9409632086754,483.57484489679337,14600
2006-06-08,487.8002014160156,487.8002014160156,472.4009322612004,479.81886992027717,15900
2006-06-09,490.1477966308594,496.7206598040701,488.26983572422773,491.5562673108331,5400
2006-06-12,476.0630187988281,493.4341545932627,476.0630187988281,493.4341545932627,8100
2006-06-13,469.0206604003906,478.8799535619604,467.79999747112004,476.06301265865477,21700
2006-06-14,462.4477844238281,469.4901364708915,446.01562964734694,469.4901364708915,46000
2006-06-15,486.9608459472656,489.0821661861453,462.4478120757673,462.4478120757673,8800
2006-06-16,461.0335693359375,482.72761214309674,456.3195246597009,482.71817484662574,43900
2006-06-19,450.6627197265625,461.50502365303834,450.6627197265625,458.20519202324135,27800
2006-06-20,449.1542053222656,463.86203159056225,443.16736237147455,450.6627054883918,44200
2006-06-21,441.9416809082031,451.13406787109375,441.23457421874997,447.8342366536458,31600
2006-06-22,447.5984802246094,447.8247451307178,438.4155316699832,441.9416273939666,38100
2006-06-23,457.96942138671875,461.8349436160735,446.89141685497617,447.5985235272151,26800
2006-06-26,459.14788818359375,460.0906969888989,457.13026352956496,458.11079274330984,12400
2006-06-27,464.7859191894531,464.79532771286773,459.14791188468917,461.97633844660714,16600
2006-06-28,462.4195251464844,468.5760666825911,462.41008784949247,466.69044870801326,13700
2006-06-29,457.498046875,466.6904342156105,454.4716381760125,463.2963162123205,8100
2006-06-30,459.14788818359375,461.9763145995091,457.26227057298354,457.4979727743098,27800
2006-07-03,460.0624694824219,461.9763704376308,457.48859077483263,459.1479436798494,3600
2006-07-05,461.97637939453125,461.97637939453125,454.4339078942124,459.1479525819117,11400
2006-07-06,452.07696533203125,469.5283710528029,450.6627516761438,463.3906745791311,15600
2006-07-07,449.24847412109375,451.1340920607416,446.54261698125856,451.1340920607416,8700
2006-07-10,448.7771301269531,450.00277044403,444.1573713065669,449.95564149808484,15600
2006-07-11,447.2685546875,448.7770547436083,445.995756866026,447.8342458050713,12400
2006-07-12,446.4200134277344,447.8342267754463,442.6487778338359,445.4772045292597,5600
2006-07-13,438.40618896484375,447.8342790501092,437.9347844605805,447.8342790501092,3600
2006-07-14,443.1202392578125,444.22333847064766,438.40619415932514,441.7060257282663,7000
2006-07-17,431.97613525390625,443.1012965162889,429.9208189458627,440.29171589411817,24700
2006-07-18,424.5468444824219,430.3922712858927,421.4355865603374,430.3922712858927,29000
2006-07-19,429.9209289550781,437.9348059202495,424.2640746267218,424.2640746267218,26200
2006-07-20,432.24017333984375,432.24017333984375,424.26401786029874,428.978062503191,14800
2006-07-21,432.7398986816406,439.8204035602224,430.6751446461054,433.69214498971553,4100
2006-07-24,436.991943359375,438.88699853445974,433.2207076022283,434.62548371464686,3300
2006-07-25,428.51605224609375,436.04908562083676,428.0446478292064,435.106276787062,6900
2006-07-26,427.0924987792969,435.0969383903588,427.04536983579254,429.92092592353066,10000
2006-07-27,430.8636169433594,431.815863028185,424.26395541468645,428.0351905739281,9000
2006-07-28,445.005859375,450.66271351959745,435.1063646219544,435.1063646219544,28700
2006-07-31,462.4477844238281,480.83255872813936,449.47472422043666,449.48416151694204,28900
2006-08-01,458.7330627441406,480.7853751231827,458.7330627441406,461.0335185947363,18500
2006-08-02,451.4734191894531,461.03351446573777,449.719808589278,458.73305863574495,12300
2006-08-03,448.7771301269531,455.3767938052907,448.3528545244456,449.7199392238585,5600
2006-08-04,465.27618408203125,465.27618408203125,449.625550858967,449.625550858967,12100
2006-08-07,454.6790466308594,473.76149028621444,454.6790466308594,468.1046366708567,16500
2006-08-08,453.5005187988281,457.26231710770946,450.6626547989384,455.37669930520343,20400
2006-08-09,459.3554382324219,461.9764463075215,453.7928704496996,454.43397371474566,48100
2006-08-10,460.0907287597656,464.8047731118124,457.7337065837422,460.0907287597656,131400
2006-08-11,461.97637939453125,463.861997269611,457.7337391756019,457.7337391756019,82600
2006-08-14,455.37664794921875,461.03350071877423,451.4828430226161,461.03350071877423,12200
2006-08-15,462.9191589355469,465.559012284123,451.60545240351723,451.60545240351723,23100
2006-08-16,469.51885986328125,475.1757135965738,464.8048150855375,464.8048150855375,9200
2006-08-17,474.2329406738281,476.12799602558846,469.5188955379054,469.5188955379054,10500
2006-08-18,482.4825134277344,484.6038337114909,474.1292393654876,474.232934546459,9600
2006-08-21,488.37506103515625,492.3819992772401,478.1455776509164,479.6540778023856,12200
2006-08-22,487.44171142578125,490.02499899063736,485.54665604651893,488.37508316912005,13400
2006-08-23,494.0223693847656,494.87092031479466,487.9035495358677,488.3749539315545,12900
2006-08-24,491.684326171875,495.68182708715165,491.19404708224874,494.88046246248786,13200
2006-08-25,487.90362548828125,493.05138300655113,486.9608165501396,491.6842985373476,6000
2006-08-28,488.13934326171875,488.84644998783426,487.0268355846362,487.90364101968026,5100
2006-08-29,496.8602600097656,501.45173446929516,486.017958320748,486.017958320748,19800
2006-08-30,499.4530944824219,503.4600329468868,496.8603695936505,496.8603695936505,7800
2006-08-31,498.7458801269531,500.63149782119496,491.203409349986,498.7458801269531,18700
2006-09-01,503.69561767578125,506.28834195955926,500.6314889767709,501.1028933920033,8100
2006-09-05,499.68878173828125,505.1570625578387,499.68878173828125,503.7051573797498,5800
2006-09-06,493.0890197753906,497.8030639415033,486.0179535262215,497.8030639415033,20800
2006-09-07,497.80316162109375,500.631588675759,490.26068947531957,490.26068947531957,8800
2006-09-08,493.0890197753906,495.91744627505824,491.2034021089455,495.91744627505824,7600
2006-09-11,494.9747314453125,498.74596749441963,490.26068638392854,493.0891134207589,13700
2006-09-12,494.9747314453125,496.7660915864365,491.20349539620537,493.0891134207589,10800
2006-09-13,490.5057373046875,495.9174508501937,490.2605977986706,494.9746420082731,9100
2006-09-14,486.61590576171875,490.5057903276044,484.8176327726781,490.5057903276044,17000
2006-09-15,501.6076354980469,503.2923395550572,486.6159414134413,486.6159414134413,10800
2006-09-18,490.25970458984375,501.14384861066077,488.3668099775278,500.67062495758177,7700
2006-09-19,492.1526184082031,495.9384077805739,486.4739343496469,488.3668290358323,16100
2006-09-20,492.1526184082031,500.67064449603737,491.6793947366568,492.1526184082031,10100
2006-09-21,488.5182800292969,494.75539401000265,488.5182800292969,494.0455584375349,7800
2006-09-22,481.5050964355469,486.47394509655254,480.7952609125461,486.47394509655254,12600
2006-09-25,480.492431640625,488.3668813100149,478.9024068660224,478.9024068660224,35800
2006-09-26,480.3220520019531,484.58106527093594,477.00948612607755,478.90238091229213,11400
2006-09-27,472.0406799316406,482.2149903261572,470.39387056159796,480.7953191083177,28600
2006-09-28,472.0406799316406,475.58985797623944,470.3843968441612,471.33084432272085,13600
2006-09-29,470.34649658203125,472.277257384912,468.5482522804687,469.9111388609395,20600
2006-10-02,471.01849365234375,473.2237034015506,469.4379137743382,469.4379137743382,13200
2006-10-03,475.1166687011719,475.826504361582,470.3844309651044,471.01856353038374,14500
2006-10-04,478.6657409667969,480.7952474762883,474.6433397822019,475.11656345097776,10400
2006-10-05,482.9246826171875,484.8648878191249,479.84872922472135,480.79517642240324,11800
2006-10-06,483.3979797363281,486.47393359661805,478.9023548635967,478.9023548635967,14300
2006-10-09,483.6346130371094,483.6346130371094,479.8488235025723,481.2684945780237,5900
2006-10-10,491.2062683105469,491.67949207577857,480.80481919340485,482.2150167711438,26300
2006-10-11,489.3132629394531,492.15260489074586,489.3132629394531,489.3132629394531,8700
2006-10-12,495.84375,496.7901972740855,486.00067524288824,487.42981986940646,20300
2006-10-13,496.41162109375,497.5946802479296,494.04550278539085,494.04550278539085,5200
2006-10-16,495.46527099609375,498.5412254005585,494.43361779392023,494.51882348702765,5800
2006-10-17,494.6512756347656,496.88487760153237,492.1431669554847,495.4652065226709,12800
2006-10-18,499.7242431640625,499.7242431640625,493.0991111524177,493.0991111524177,14800
2006-10-19,505.4028015136719,505.87602511059475,499.4401957457536,499.7241183505969,31900
2006-10-20,507.7688903808594,509.18856109021874,503.50987825278133,503.50987825278133,18200
2006-10-23,518.1798706054688,520.5459887360873,507.76895083074703,507.76895083074703,35300
2006-10-24,546.1001586914062,548.9395009376354,520.546078475344,520.546078475344,45000
2006-10-25,543.2607421875,551.7787677618685,543.2607421875,546.1095577611325,13400
2006-10-26,544.2070922851562,549.8857749872623,534.7426211149797,539.4748567000679,32300
2006-10-27,539.9103393554688,549.8858729500299,539.4749528081189,540.4214000937471,16400
2006-10-30,541.3679809570312,544.2073235144982,539.47508591872,539.9198885247685,23600
2006-10-31,537.3455810546875,548.9395632086636,533.7964028442867,541.3679830264751,9500
2006-11-01,532.849853515625,539.4749849092474,527.1711694639487,537.3454783898687,13500
2006-11-02,545.1536254882812,547.0465200212267,531.9033637576633,537.1088237232632,15100
2006-11-03,543.9705810546875,544.6804165236584,539.4844301334409,543.2607455857167,11800
2006-11-06,543.1661987304688,546.1001626327878,536.9763956184132,544.2072677883068,11400
2006-11-07,544.6804809570312,547.2832113178164,539.0585810670729,541.3679150433047,14300
2006-11-08,546.1001586914062,548.9395009376354,544.2072638605869,544.2072638605869,9600
2006-11-09,535.9638061523438,548.4664001069185,535.698830855279,546.1002810382951,20600
2006-11-10,544.2070922851562,548.9393278702446,534.7426211149797,535.2158446734885,5500
2006-11-13,548.4661865234375,548.920462722404,540.4213848229211,542.3142793406897,5300
2006-11-14,543.35546875,548.4663081883222,542.3143996409121,548.4663081883222,9500
2006-11-15,544.6900634765625,547.0467087404218,536.6357852176801,541.3680231825626,12700
2006-11-16,540.9324951171875,544.6899211178936,538.5758504692545,544.6899211178936,4500
2006-11-17,569.7422485351562,569.7422485351562,544.207122390711,544.207122390711,29100
2006-11-20,566.9219970703125,569.7613392927013,562.1897600329977,569.7423918592511,7800
2006-11-21,566.4486083984375,569.7611733598319,565.975384832524,569.7611733598319,3300
2006-11-22,563.0509033203125,566.9218979573725,561.2526882204477,566.4581480514419,4600
2006-11-24,560.2969360351562,562.2276681944463,560.2969360351562,561.2433835622427,1100
2006-11-27,558.4038696289062,563.136105812202,553.444495351461,563.136105812202,7200
2006-11-28,553.5770874023438,557.0978438754195,548.8542665227536,556.5110511299068,8200
2006-11-29,565.0289306640625,565.0289306640625,556.5109065836998,556.5109065836998,11500
2006-11-30,567.6318359375,568.8148952037308,560.7700921933618,561.7165396063464,23400
2006-12-01,569.998046875,570.7078825498132,561.2434068856372,567.8685398505604,26400
2006-12-04,563.609375,570.7077298488665,561.2432567170446,567.86838790932,14200
2006-12-05,567.7737426757812,568.8148115703686,563.6093515643171,563.6093515643171,14500
2006-12-06,565.0289306640625,569.3825643096288,565.0289306640625,565.0289306640625,12600
2006-12-07,563.04150390625,567.8683618755696,563.04150390625,563.6093491615028,10700
2006-12-08,563.04150390625,563.1361255266065,558.4038891776435,561.2432309870212,5800
2006-12-11,561.271728515625,563.1362021629024,554.6181755755642,563.041580529669,4600
2006-12-12,563.1361083984375,567.8588708884074,558.4038721934086,559.3503194344144,9100
2006-12-13,555.3375244140625,563.1362422915499,554.6182150972239,563.1362422915499,5200
2006-12-14,562.2132568359375,564.1126259468697,552.3365142734318,557.93967633634,5100
2006-12-15,557.464599609375,562.6878624677252,557.464599609375,562.2130203896934,4000
2006-12-18,553.6755981445312,564.1126220629822,553.191249750315,561.2635684161994,14000
2006-12-19,552.3270874023438,560.3139093173716,547.9870218609166,556.5151709491182,5400
2006-12-20,554.6157836914062,560.3138910580988,541.5101483408425,548.9176763247137,10600
2006-12-21,548.91748046875,558.4143226913927,546.0684278019572,557.9394805802606,8900
2006-12-22,542.9155883789062,554.615707520655,542.9155883789062,546.0685476444805,9800
2006-12-26,546.0971069335938,550.8075049658223,541.3201660663951,541.3201660663951,4600
2006-12-27,549.8768310546875,551.7666939334844,546.0971052970937,546.0971052970937,7300
2006-12-28,543.2194213867188,550.8168958117078,541.3295588977635,549.8672115085842,5200
2006-12-29,550.2755737304688,550.2755737304688,540.3703733158924,545.1187948740286,9200
2007-01-03,550.8170166015625,560.2948494766292,546.5434363003435,547.9679630674165,16400
2007-01-04,550.1521606445312,552.7163201141767,546.0685293224254,550.8169513165335,6600
2007-01-05,547.0182495117188,550.8169873555502,547.0182495117188,550.3421451250713,5800
2007-01-08,539.4208984375,550.3422722614987,538.3477501115749,550.3422722614987,6000
2007-01-09,539.9429931640625,543.2004033331865,536.6095920215463,542.2697312746166,6300
2007-01-10,539.2496337890625,547.0085366729637,538.6608342829129,542.2696222779285,11400
2007-01-11,537.7684326171875,544.1692978057697,534.6819575423729,537.5215053369383,7000
2007-01-12,541.3200073242188,545.9354587384353,538.717881826429,539.4206388774671,7000
2007-01-16,550.2471313476562,553.694490148798,541.7949175119484,541.7949175119484,22600
2007-01-17,550.8170166015625,560.6937587055924,549.8673320901805,550.8170166015625,18700
2007-01-18,547.0182495117188,550.8169873555502,544.1691961288452,550.3421451250713,5300
2007-01-19,549.1549682617188,551.7666001903305,541.3295785935214,545.1188098265916,5800
2007-01-22,548.91748046875,550.8168489132786,548.7655564974027,549.8671646910143,6200
2007-01-23,548.8226928710938,550.8170071250278,542.2698466696394,550.8170071250278,13900
2007-01-24,540.7503662109375,547.0182605945943,537.5404280307338,547.0182605945943,25400
2007-01-25,537.8062133789062,553.8938679154145,533.0103192042818,540.3703726097751,13800
2007-01-26,541.5480346679688,542.2698041018058,536.5812036973114,540.3704352608187,13500
2007-01-29,540.3705444335938,541.3297351663425,538.4711752088712,539.4208598212324,33000
2007-01-30,547.8159790039062,548.860608666268,541.3201121538402,542.2697965611277,14600
2007-01-31,550.5320434570312,551.7666215509794,544.169146555441,545.1188309298833,14400
2007-02-01,547.5880737304688,555.5084681703153,547.5880737304688,550.6270758021938,8300
2007-02-02,549.8673095703125,552.7163629877753,548.917625097825,550.8169940428,14700
2007-02-05,550.7885131835938,551.2918738110683,546.5434511253571,550.3421892739261,8300
2007-02-06,545.1189575195312,550.8170650894218,538.5851228689249,550.5321713037569,23300
2007-02-07,544.64404296875,545.831148554994,541.7949895617644,545.1188852032476,15600
2007-02-08,549.8673095703125,549.8673095703125,540.3704648454367,542.2698337904118,10200
2007-02-09,547.0182495117188,548.4427762031555,541.3201427459717,547.0182495117188,11500
2007-02-12,539.4682006835938,549.8672562416118,536.9325596179294,549.8672562416118,10400
2007-02-13,540.0855102539062,542.7446148844856,537.5308569921401,540.655297687554,11900
2007-02-14,549.2024536132812,550.721983367258,537.5308536998348,542.269769380404,12200
2007-02-15,546.0684204101562,551.76652566661,541.6143991494632,550.7788749559094,12700
2007-02-16,550.8170166015625,551.9851100020368,547.9774691867931,548.9081414594218,6900
2007-02-20,547.255615234375,549.8672472376627,546.0685097783352,546.5433519607511,6100
2007-02-21,542.801513671875,549.639251689102,533.5325863556479,548.395167672116,23000
2007-02-22,540.1804809570312,548.917589124153,537.844294404865,546.0685358934048,20400
2007-02-23,545.9735717773438,550.7219936645562,541.5954827445918,542.2697795196643,9600
2007-02-26,550.8170166015625,553.6185975029679,547.9679630674165,547.9679630674165,4800
2007-02-27,542.269775390625,546.4008792153903,535.7549545223679,543.2194597608362,9200
2007-02-28,545.9356079101562,545.9356079101562,536.5717328204706,538.945944027641,8400
2007-03-01,538.3380737304688,542.269780975025,536.0303476427861,542.269780975025,6300
2007-03-02,543.323974609375,548.9081239957715,530.3892766130042,539.8291426743752,9900
2007-03-05,537.5214233398438,545.1188992881101,535.6315604719751,538.9459500801437,8400
2007-03-06,536.8090209960938,539.3731800576311,533.7415594246365,536.571599934176,8200
2007-03-07,533.67529296875,539.4208734256118,531.7759236961247,539.4208734256118,10700
2007-03-08,533.7227783203125,536.5718322971113,530.8737243435137,532.7730936613796,7100
2007-03-09,535.612548828125,539.3068354234642,532.7539892251541,539.3068354234642,6200
2007-03-12,535.527099609375,539.4207827782803,530.8831286068091,532.7729914412241,5200
2007-03-13,529.9143676757812,535.6219799634832,528.0245050703842,535.574507338228,5300
2007-03-14,517.4832153320312,531.8139249706345,505.56462599605965,531.8139249706345,18200
2007-03-15,524.2506713867188,524.2506713867188,518.5315731534091,521.3911222700639,8700
2007-03-16,518.0549926757812,524.2506825605882,514.7188519685775,523.2974995013872,18300
2007-03-19,523.29736328125,525.2037289034039,520.4378148480191,521.3909976590961,2900
2007-03-20,526.6334838867188,530.8179702371629,524.2505269460548,526.156892498586,9100
2007-03-21,525.2037353515625,529.0164666426809,520.4378212376645,528.5398752312911,6700
2007-03-22,533.2010498046875,538.5388513083111,525.2038305099614,528.0633794964041,13300
2007-03-23,525.5565185546875,532.8293096718645,523.3070205838311,529.0165775811893,10200
2007-03-26,531.3995361328125,533.6871986625708,527.1292948001169,528.0633955472254,7200
2007-03-27,533.782470703125,537.5761203601957,526.1570068359375,528.5399642944336,26600
2007-03-28,533.782470703125,540.4547515869141,533.782470703125,533.782470703125,6600
2007-03-29,535.6889038085938,537.4427863160394,533.8397262619338,535.2123122571626,3000
2007-03-30,539.978271484375,539.978271484375,531.8762144541594,537.5953135343116,8000
2007-04-02,539.7398681640625,539.7398681640625,533.7824744757174,539.2060880166937,5200
2007-04-03,543.3142700195312,550.6918965882115,539.501538300096,541.1886907028002,7100
2007-04-04,546.1643676757812,546.1739088150792,540.4548102934554,544.2675426412046,7300
2007-04-05,543.32373046875,546.5645170423824,543.32373046875,546.1737376973489,2300
2007-04-09,534.2589721679688,548.080123098273,534.2589721679688,542.8376175729852,13000
2007-04-10,537.5474853515625,538.8342589410634,534.5449360725074,534.7355842799763,7200
2007-04-11,542.45654296875,544.2676143435948,538.3102192654031,538.3102192654031,3000
2007-04-12,537.594970703125,545.2204312804743,537.594970703125,544.2672487083056,5900
2007-04-13,548.0801391601562,548.2707873658318,538.5483106530231,540.4546763544497,3500
2007-04-16,541.5986328125,552.2171061906854,540.0830461307748,547.6036745268675,5100
2007-04-17,546.2120361328125,550.4441715281539,540.8646927727547,540.8646927727547,9700
2007-04-18,541.884521484375,552.607829957021,541.884521484375,547.1270278487797,6200
2007-04-19,547.34619140625,550.7872258485086,542.1704153033957,542.1704153033957,4400
2007-04-20,549.9866333007812,552.560239234258,545.2207179342233,548.080267154158,11300
2007-04-23,548.4137573242188,549.986532377648,546.79339293907,549.986532377648,5800
2007-04-24,545.6973876953125,548.0803457201829,544.9825002878514,547.1271625102347,7500
2007-04-25,540.4547729492188,547.0412420266664,540.4547729492188,543.3143220124421,7700
2007-04-26,546.1738891601562,549.9866213706983,543.3143400022497,543.3143400022497,12500
2007-04-27,545.2205810546875,552.8460437267811,541.8939822724128,549.0333123907343,11600
2007-04-30,546.1738891601562,552.846170528605,539.5016077917076,548.0802552654272,14800
2007-05-01,546.1738891601562,546.1738891601562,542.3611569496142,546.1738891601562,8100
2007-05-02,538.1384887695312,545.697222352854,535.707883956157,545.697222352854,10200
2007-05-03,535.6889038085938,538.5484531171805,535.6889038085938,536.642086911456,10700
2007-05-04,533.8490600585938,539.5967216841129,533.7823302859891,538.0716525829301,7200
2007-05-07,534.3544921875,536.6230729151923,532.4481257391998,533.7826055240847,19100
2007-05-08,545.2111206054688,546.8410844368111,533.2772511406584,533.7824660427314,10400
2007-05-09,546.6504516601562,550.463183668248,540.4547621470072,541.417486287478,8400
2007-05-10,534.6403198242188,543.3142610720206,533.7824319304062,543.3142610720206,10600
2007-05-11,534.2780151367188,540.8454000875122,532.4478623637015,536.5370536063056,12000
2007-05-14,532.2192993164062,540.4548152253401,530.9992552063859,537.5952659384336,9600
2007-05-15,529.4932250976562,537.1091489458975,529.4932250976562,534.7261911371771,10300
2007-05-16,525.2037353515625,527.9012590297743,524.2505525287829,526.8718052914269,15100
2007-05-17,538.54833984375,542.3515303158127,529.0165108199668,529.0165108199668,8300
2007-05-18,536.546875,551.8168311128213,534.7358035528987,534.7548858347699,11600
2007-05-21,538.9104614257812,543.4094560268805,523.068568963818,536.5465868508076,11700
2007-05-22,533.4964599609375,536.6419517727403,533.3916238086659,535.6887689099113,10700
2007-05-23,533.0103759765625,538.4053658737575,532.4479724380575,533.8587227644471,6400
2007-05-24,541.2935791015625,541.4079564099703,536.0224490654562,537.5952243225762,5600
2007-05-25,544.2675170898438,546.3930966570687,538.5484188367105,538.5484188367105,10600
2007-05-29,545.230224609375,547.9753963412043,541.407951418573,544.2675004577557,6400
2007-05-30,553.7040405273438,553.7326057656014,543.0379201883626,543.3143223206681,14300
2007-05-31,572.6245727539062,572.6245727539062,552.941324468496,556.6587606962651,37600
2007-06-01,571.9097290039062,582.4138229767979,571.9001878666629,571.9001878666629,18400
2007-06-04,569.9080810546875,570.35604909388,567.5632301690184,569.0501931708002,12100
2007-06-05,567.0390625,568.0970816928599,562.3779835550123,565.2375326239361,15100
2007-06-06,561.5392456054688,567.6205586801354,560.9196532946947,564.2844176971288,12100
2007-06-07,559.4326171875,563.9793187814522,557.7264405362839,563.2835137980395,14100
2007-06-08,558.4699096679688,560.9005145374905,552.8461070322624,555.7056558617395,18400
2007-06-11,560.9481811523438,561.043476178837,553.4180123738773,553.7993088351941,11500
2007-06-12,576.1895141601562,576.5517283114962,564.2842692077636,564.2842692077636,37600
2007-06-13,576.6758422851562,580.488575126711,569.3554022106935,580.488575126711,18000
2007-06-14,573.7110595703125,576.6757040205064,569.6848284177033,576.6757040205064,10100
2007-06-15,573.768310546875,574.6863636589629,567.1121336311369,569.0248221088136,12600
2007-06-18,569.9813232421875,578.3780559883921,569.9813232421875,576.6757347567769,17700
2007-06-19,576.6757202148438,576.8956607661734,569.101488293113,572.8503423029708,21800
2007-06-20,572.8502807617188,574.0552840138068,569.0249032608058,572.8502807617188,32500
2007-06-21,573.78759765625,575.7098595853605,569.0345931510996,569.9909377231434,34800
2007-06-22,573.8065795898438,577.6223840048165,559.7196467395127,569.9812023925781,325400
2007-06-25,573.3284912109375,573.3284912109375,558.6199090686861,571.8939745523613,24100
2007-06-26,566.2037353515625,573.7588800603482,566.2037353515625,573.3285133720138,16100
2007-06-27,573.8065795898438,573.8065795898438,563.2963650796563,569.9620568279922,21700
2007-06-28,573.8065795898438,574.7629238891602,570.7271789639443,570.9375466918946,16600
2007-06-29,579.5639038085938,581.7634844512203,571.415830113147,571.415830113147,12400
2007-07-02,579.9271240234375,582.3753627468723,575.8626613290616,576.6755305196906,18500
2007-07-03,575.9202270507812,580.79756052289,575.9202270507812,576.6757181722717,4900
2007-07-05,570.7177734375,573.567661606058,563.28695737552,573.567661606058,12300
2007-07-06,574.7056884765625,576.0254486074502,566.6341382483762,573.8067222768366,6400
2007-07-09,579.544677734375,579.6498616042212,571.8939229127991,573.7970388353658,9400
2007-07-10,572.6590576171875,581.0748772886913,569.9813047722502,581.0748772886913,11200
2007-07-11,568.5468139648438,573.5963410201496,562.8469796440462,570.9376752514916,15300
2007-07-12,566.5384521484375,568.804983731752,560.111787356923,565.1995466254381,19900
2007-07-13,560.4752807617188,566.1559696842545,556.8889887240229,562.3305915107122,10000
2007-07-16,559.3658447265625,565.5533647755403,555.6265055565536,561.3741445530326,19100
2007-07-17,550.0894165039062,560.5518285898407,549.8981359129388,556.3630346414091,10400
2007-07-18,544.2651977539062,551.1222297622079,541.9700060042559,549.8980807992194,11300
2007-07-19,549.4197387695312,549.8979108659364,539.9328207206257,547.0288782875054,12400
2007-07-20,550.3760986328125,558.0746579300078,548.9415823027531,554.6796476229908,27200
2007-07-23,557.89306640625,558.543373606866,547.9853522317444,554.1728726064059,12000
2007-07-24,552.9105224609375,561.3167684840944,550.8543587112466,556.4585227266846,16600
2007-07-25,547.3159790039062,553.7234992182103,546.8091467407742,548.4636041479165,15700
2007-07-26,539.0914916992188,547.0387134179826,532.2057985346149,542.840346389141,11700
2007-07-27,530.2546997070312,541.5873567009503,527.6247527921818,536.3944139790136,8300
2007-07-30,524.2392578125,530.7615331821644,518.3386296088827,530.7615331821644,9100
2007-07-31,525.5112915039062,530.8763700251394,518.8455984994592,529.814841661809,14800
2007-08-01,515.5652465820312,530.1973627089442,513.1648711512479,530.1973627089442,21800
2007-08-02,516.4259033203125,523.6176308747795,513.5568705240886,523.1203131781684,16400
2007-08-03,512.1223754882812,532.6646324875308,512.1223754882812,516.4259248621323,29900
2007-08-06,516.6649780273438,519.6105346438138,506.86244952242885,506.86244952242885,12100
2007-08-07,529.8148193359375,533.6401970928757,513.5569638689502,516.6650832964625,19500
2007-08-08,556.5924682617188,556.5924682617188,521.2077237158707,532.2056848584991,31400
2007-08-09,566.8637084960938,573.8067798718462,550.4815202611011,552.7863435144803,41400
2007-08-10,516.9041748046875,566.8635994927624,509.73159143551976,566.8635994927624,57100
2007-08-13,520.5191650390625,524.9278987733087,516.9041551406204,521.2077049984053,29400
2007-08-14,515.4696655273438,521.2077323050136,515.2305794116074,516.4260099902887,29100
2007-08-15,512.6005859375,519.2949965747434,512.6005859375,517.8604800096199,16700
2007-08-16,512.6005859375,529.6330769525757,509.7315528072528,511.7303382377349,33000
2007-08-17,513.5568237304688,525.032953869697,510.2574246413173,517.3822004435449,18400
2007-08-20,509.7314758300781,519.2949181533442,499.7472397097636,510.68782006240474,14900
2007-08-21,512.0267333984375,513.509055307761,502.1285354156254,510.6878281038496,22300
2007-08-22,496.4862976074219,516.4164853870911,492.660919398741,514.5133690675747,29700
2007-08-23,493.7127685546875,504.8542035323078,488.7397662820452,503.8978591864392,30500
2007-08-24,511.64422607421875,511.64422607421875,485.8229286835573,488.7206508899856,24300
2007-08-27,488.9310302734375,506.95809723453596,488.9310302734375,506.95809723453596,26300
2007-08-28,492.7564392089844,495.3768134571319,488.69197561531496,493.47369749022016,18900
2007-08-29,497.2990417480469,499.76642641434086,488.6919429485614,488.6919429485614,12900
2007-08-30,495.94110107421875,501.10532587201163,484.86661644940835,492.612982831413,19400
2007-08-31,499.2119140625,502.07137526543204,492.51750142181515,500.168258725455,19300
2007-09-04,513.5951538085938,514.8479625847042,492.99551731854444,502.08078873372614,20800
2007-09-05,507.4650573730469,513.5282484650368,503.04675070807696,509.2534168150284,17600
2007-09-06,507.13031005859375,514.8766759472171,498.6474819710648,511.644227373785,35600
2007-09-07,503.1136474609375,512.6005669837266,497.2990575215258,506.7764042616009,19500
2007-09-10,510.59222412109375,510.6878351989124,499.35517905819637,506.86245815622397,13700
2007-09-11,509.7314758300781,513.4229505579101,495.6827767223756,513.4229505579101,19000
2007-09-12,505.66705322265625,513.5090882280828,504.00302346482624,505.4279671454824,13400
2007-09-13,507.8077697753906,510.6204906742576,499.38882533636337,508.7773543068863,19900
2007-09-14,511.6187744140625,511.6187744140625,504.1117616145739,508.30684838601843,10500
2007-09-17,503.0751037597656,511.8300748440894,503.0751037597656,511.618908377385,11500
2007-09-18,507.00140380859375,510.26528489730606,500.33917242555754,508.30695624407866,14100
2007-09-19,508.4988708496094,511.18678966838564,502.0670253456633,510.7068020724529,12300
2007-09-20,503.98712158203125,508.30701119559154,502.07677977212836,503.98712158203125,16500
2007-09-21,505.4271545410156,508.7870691486007,503.98719113776485,504.23679416909005,17900
2007-09-24,506.77105712890625,508.75815472427496,504.4670926409341,507.807788415468,9600
2007-09-25,505.9070739746094,508.7773912624373,504.0830971400768,504.9567076316566,5900
2007-09-26,504.755126953125,513.4525029973474,503.98715823997264,505.90710931898207,35300
2007-09-27,501.97125244140625,507.68306024837295,499.1872998323605,505.04312741272105,39400
2007-09-28,498.947265625,503.9871369949495,498.2272840007215,503.0271614959115,55300
2007-10-01,497.2673645019531,499.0913415924362,491.51711998990663,499.0913415924362,51500
2007-10-02,519.4140014648438,519.4140014648438,493.52342923724603,496.307381895615,35900
2007-10-03,529.916015625,539.4101861368682,516.9467389463134,522.0154370457759,35700
2007-10-04,528.8504638671875,537.5862164475614,525.1161455515105,534.1398790293888,34300
2007-10-05,543.826171875,543.826171875,525.1642440569053,526.9593937232867,15800
2007-10-08,533.7465209960938,539.9863634178107,527.5066785743768,539.9863634178107,7500
2007-10-09,538.2103881835938,538.2103881835938,524.780279209012,537.8071562117464,14100
2007-10-10,536.3958740234375,543.2884904947255,532.7863570764122,534.2263202036456,17200
2007-10-11,533.2665405273438,542.8951256300124,531.8265768715544,531.8265768715544,12500
2007-10-12,534.9464111328125,540.4662709156993,526.0666366994728,528.7065696391144,24000
2007-10-15,536.6264038085938,539.4583437761262,530.8857680057477,539.4583437761262,11000
2007-10-16,532.306396484375,533.6983726300615,529.3496556400016,532.7863842179046,10700
2007-10-17,526.930419921875,536.2421326507529,522.7641017005093,536.2421326507529,51300
2007-10-18,516.94677734375,523.8393940105965,513.5868632848769,523.2346047926193,48700
2007-10-19,506.9630126953125,518.3771348801797,506.9342438997273,513.2988858330013,38800
2007-10-22,503.1520690917969,506.1279703294054,500.1473404588566,503.92003793450874,51300
2007-10-23,498.13140869140625,508.64309561704744,491.93955377601424,503.9872369601318,103500
2007-10-24,499.6673278808594,501.10729136178406,492.48672873883953,495.8274252650603,19200
2007-10-25,489.5970764160156,499.66720926055086,480.61169119417514,499.66720926055086,28500
2007-10-26,494.5218200683594,499.18728719034266,486.7076050105841,489.58753166745146,324300
2007-10-29,502.9695129394531,502.9695129394531,489.5874535325404,490.5474289316238,34600
2007-10-30,509.50701904296875,511.13898918322525,499.1872819639072,505.9071107595752,27900
2007-10-31,516.0923461914062,516.0923461914062,498.1312444624838,509.5069291950843,19100
2007-11-01,508.7869567871094,511.3789020590027,504.9566643551133,511.3789020590027,10100
2007-11-02,508.23980712890625,510.7069511231089,503.02714734682155,510.7069511231089,21600
2007-11-05,494.6753845214844,518.3867921008448,493.41781890655966,518.3867921008448,47900
2007-11-06,491.5074768066406,494.38740342855453,488.6275501847267,494.38740342855453,21400
2007-11-07,479.9974365234375,494.6658340605636,479.9974365234375,490.6723611172573,26900
2007-11-08,480.94775390625,493.3890582142833,477.10785167945363,493.3890582142833,47700
2007-11-09,486.477294921875,491.5075582132005,472.3080442204974,483.5685697238258,26900
2007-11-12,488.2819519042969,504.94711250584686,474.2278965359094,504.94711250584686,17700
2007-11-13,497.2673645019531,497.2673645019531,484.97007931809526,488.6275840376335,11800
2007-11-14,492.4674072265625,500.1472108480294,484.6436131464183,496.3073090372959,27400
2007-11-15,484.8453369140625,490.45159162777696,482.8677892659286,488.627643611049,19500
2007-11-16,492.4674072265625,494.0225627725294,488.1475176894874,489.58748086851244,24000
2007-11-19,485.7476806640625,488.59880952676207,478.0678754361722,487.9652220799253,18600
2007-11-20,485.2676086425781,491.49784017798635,483.9140396904731,488.5315194389112,12200
2007-11-21,480.6405334472656,484.7780255700243,478.06780610012675,479.98775712864136,11400
2007-11-23,488.62750244140625,488.62750244140625,479.29653992627937,480.46771114326884,2100
2007-11-26,483.8276672363281,491.5074714781746,482.34929671685677,488.62754488748214,25400
2007-11-27,480.4678039550781,483.80852970201244,476.4934907753047,479.02784050666133,22400
2007-11-28,484.3076477050781,488.94431655594246,479.02778236835275,479.02778236835275,25000
2007-11-29,480.15093994140625,487.36033574300234,479.0277557600501,482.74285611233205,18400
2007-11-30,494.38739013671875,498.45767694483106,479.9973665441992,479.9973665441992,34500
2007-12-03,506.5790710449219,508.7390158686561,491.5362717227903,494.38737076583794,17300
2007-12-04,489.5874938964844,506.61744950549564,489.5874938964844,494.38737128762637,20300
2007-12-05,501.10736083984375,501.16495704337586,483.05982776176745,483.05982776176745,26100
2007-12-06,494.0994873046875,502.0672736188084,494.0994873046875,499.6673344523705,10800
2007-12-07,491.47869873046875,497.84331221538474,487.66759450706246,487.66759450706246,27200
2007-12-10,498.7073669433594,501.62567192426843,490.5763717426204,491.50754932627524,18400
2007-12-11,496.787353515625,508.748670115707,492.46746348505434,501.8752122776232,19100
2007-12-12,499.1777038574219,500.6464946526147,491.00833140661825,495.82739838155123,11300
2007-12-13,504.4586181640625,509.5083615504615,498.10798634654304,499.1776593134172,15800
2007-12-14,499.611328125,506.6076692717546,499.5438633227728,501.1146697816054,10100
2007-12-17,491.4778747558594,502.64697626034786,491.4489654690082,500.63285477582144,9200
2007-12-18,491.4778747558594,496.29628529268155,491.4778747558594,491.4778747558594,6800
2007-12-19,492.89447021484375,493.39557430462344,489.5601384825263,491.4778563935749,9000
2007-12-20,493.164306640625,493.164306640625,486.4281782823245,489.62758045117624,4700
2007-12-21,494.368896484375,502.07835295976486,493.41486065650315,502.07835295976486,6700
2007-12-24,493.9834289550781,494.03166011565145,486.177627345704,486.6594684035293,6400
2007-12-26,490.5141296386719,496.2480492046275,489.5504476550989,496.2480492046275,2300
2007-12-27,481.84100341796875,491.2465492156446,480.1545599060059,488.5867774658203,41600
2007-12-28,489.8878173828125,492.92341021489693,481.84106570371154,481.84106570371154,39400
2007-12-31,495.3807067871094,495.3807067871094,485.7053609463938,489.8877371828924,16600
2008-01-02,490.5141296386719,494.33033146827404,488.74095831800634,494.33033146827404,16400
2008-01-03,489.55047607421875,492.70170575610956,481.8410197580893,481.8410197580893,26200
2008-01-04,489.55047607421875,490.5141581137349,487.8062139354338,489.79139658409775,25100
2008-01-07,481.84100341796875,489.55045947265626,481.84100341796875,489.0300629543774,11000
2008-01-08,481.84100341796875,483.7009026329443,480.45329897538574,481.84100341796875,22900
2008-01-09,480.4051513671875,483.74912927940625,478.97889133632805,481.8410282203265,19100
2008-01-10,484.03826904296875,486.6305763787657,480.22209596420913,481.8410749177138,19900
2008-01-11,467.3857727050781,484.03819658508735,465.8631680763317,484.03819658508735,19900
2008-01-14,463.53106689453125,473.1678874120891,463.53106689453125,469.313159205066,44800
2008-01-15,456.1107177734375,469.30352783241693,456.1107177734375,463.57925391100946,21600
2008-01-16,452.9305725097656,461.61335736394244,452.9305725097656,453.8942545789353,25100
2008-01-17,443.4865417480469,452.92096891877634,443.2937935523694,448.5940454317999,15600
2008-01-18,444.2574157714844,450.43462111207975,433.0401428273259,442.33005171173824,23200
2008-01-22,446.60888671875,455.33984520744826,438.47540649606134,438.47540649606134,14000
2008-01-23,448.12176513671875,466.42207645269735,438.4752991445812,439.4389811207231,13500
2008-01-24,443.2937316894531,461.7000642566679,443.2937316894531,461.7000642566679,17700
2008-01-25,445.2210998535156,452.9305561280354,437.5212898102964,444.40196424249956,17500
2008-01-28,462.56744384765625,462.56744384765625,439.95946826419095,447.1485290527344,17800
2008-01-29,456.78533935546875,462.51925991487366,452.5644068306288,461.8928429896271,16700
2008-01-30,451.96685791015625,465.2849502057266,451.96685791015625,452.42943585739096,16300
2008-01-31,467.3857727050781,467.3857727050781,452.9305426214159,454.85790663257086,18800
2008-02-01,477.5045166015625,477.9188928776294,462.15306664774744,464.06113852789076,10800
2008-02-04,470.2768249511719,491.4778293547083,470.2768249511719,491.4778293547083,28100
2008-02-05,463.53106689453125,478.9403334911487,463.53106689453125,474.13156946384487,17100
2008-02-06,462.9336242675781,477.50449330326,454.06773694708914,467.38583098300927,18200
2008-02-07,471.8476867675781,471.8476867675781,457.74901247778325,464.59116149351064,8800
2008-02-08,452.9305725097656,472.20421389315993,452.9305725097656,472.20421389315993,24300
2008-02-11,453.89422607421875,457.74895410881936,450.06840732350804,454.8579080828689,23600
2008-02-12,464.8802185058594,470.7586849365574,455.8216130501364,457.74897716451335,14100
2008-02-13,467.3857727050781,470.0840705569987,461.2663860878129,469.12038855142123,9500
2008-02-14,465.45843505859375,470.6623123016239,460.15818372769877,470.27684535940733,9400
2008-02-15,467.3857727050781,467.3857727050781,455.91796272055427,466.93284098608706,7400
2008-02-19,468.3494567871094,470.084072641143,462.6733556326571,468.3494567871094,6700
2008-02-20,481.8314514160156,481.8314514160156,461.6037715476726,463.77205648709275,12900
2008-02-21,479.43182373046875,484.2502340192172,475.3361749850326,481.841028874843,16200
2008-02-22,480.8774108886719,481.78327449639227,466.7401802777882,468.8795559074103,8500
2008-02-25,477.0129699707031,478.91142479135226,465.78607993587383,478.91142479135226,15700
2008-02-26,481.84100341796875,482.67940205843746,469.55405783081056,472.20418334960937,12200
2008-02-27,481.67724609375,481.93745910156883,477.9092746891651,481.8410850027191,14400
2008-02-28,477.03228759765625,481.84105188450553,477.03228759765625,481.84105188450553,10400
2008-02-29,475.4807434082031,480.52081139072135,471.24054803979607,480.52081139072135,9600
2008-03-03,464.6971435546875,473.6497586205784,452.9402394196215,463.9647651469682,16600
2008-03-04,460.6400146484375,464.25382229473803,459.19449158991733,460.1581736289308,7100
2008-03-05,462.8083190917969,469.30352690245013,455.1181255032147,456.7853060895611,8000
2008-03-06,460.6400146484375,470.2190164689707,460.6400146484375,467.3857889215318,10800
2008-03-07,460.6400146484375,463.4732421958765,457.87425190194756,461.60369668745096,9000
2008-03-10,436.48052978515625,462.5095929133323,436.48052978515625,452.99805522010934,41300
2008-03-11,462.56744384765625,462.56744384765625,435.59398918924853,439.43907165527344,30900
2008-03-12,446.184814453125,459.67636391823027,443.29376813917384,457.74899970892955,43300
2008-03-13,461.14801025390625,461.5932485135042,441.3939222992955,444.12330312829954,18900
2008-03-14,464.67095947265625,469.4134815229447,461.6705787349374,464.5741672804401,16800
2008-03-17,445.2169494628906,456.8216165851478,443.4457732905816,454.89557879904044,21000
2008-03-18,452.4759216308594,460.7027565696023,442.4101530249405,449.0884013619652,29200
2008-03-19,446.1848449707031,454.8956120091767,445.21698196642825,454.8956120091767,21800
2008-03-20,464.5741882324219,464.5741882324219,440.764755178144,445.2169303894043,13300
2008-03-24,456.92816162109375,467.4778631851935,450.5499475290951,462.14492821342554,21100
2008-03-25,463.5095520019531,467.34228094049547,451.04347271796416,456.9280958822878,23100
2008-03-26,459.75421142578125,468.4456306609733,457.7410696455925,467.4777677877068,13700
2008-03-27,459.73492431640625,462.81272156298945,456.99588502668627,458.28312981856493,16300
2008-03-28,462.5416564941406,464.5741744145705,459.74454817817144,464.09024298288864,11600
2008-03-31,464.5741882324219,465.34846673141004,457.7120438714919,462.299704528501,26200
2008-04-01,465.54205322265625,469.4038167279562,460.8866350533762,464.5741903261435,25600
2008-04-02,454.9439697265625,465.05814941089807,454.9439697265625,461.67062907179684,36700
2008-04-03,451.7016296386719,462.74491939378754,451.14025261307097,454.9439467413903,20700
2008-04-04,446.6687316894531,456.60867311350825,446.6687316894531,454.89556640095986,20100
2008-04-07,444.9750061035156,455.8634646541726,444.61690152596526,455.8634646541726,21800
2008-04-08,445.2169494628906,449.57233266415807,445.2169494628906,445.2169494628906,18200
2008-04-09,456.831298828125,457.78947366837224,444.2587689329255,444.2587689329255,13700
2008-04-10,461.67059326171875,461.7673854569805,453.6760364297614,453.6760364297614,8600
2008-04-11,460.7027282714844,465.542042644084,457.7991396479246,464.11928303706645,12400
2008-04-14,454.4116516113281,465.164594727369,454.4116516113281,459.25096632497383,9400
2008-04-15,456.831298828125,456.831298828125,451.47901805510776,453.15343154212303,10500
2008-04-16,463.60638427734375,469.41356236850044,456.8313431709942,456.8313431709942,39600
2008-04-17,464.5741882324219,464.5741882324219,457.7894599066582,460.70273666381837,13800
2008-04-18,460.21875,464.57413249211356,460.21875,464.57413249211356,7400
2008-04-21,453.9277038574219,460.7027442135028,450.06594030624194,460.18008997286364,44000
2008-04-22,451.02410888671875,459.28966627697275,449.95945379528507,454.4116290178422,12000
2008-04-23,446.620361328125,453.15343611242537,446.23319252625595,453.15343611242537,7400
2008-04-24,463.1224060058594,463.1224060058594,446.4267706796293,447.1526678677263,18800
2008-04-25,455.86346435546875,464.57423119028664,449.5142855588149,464.57423119028664,10100
2008-04-28,452.50494384765625,453.4437720491673,448.21731825735435,451.12090697912066,9500
2008-04-29,461.67059326171875,464.18704265436895,450.05623871425416,450.05623871425416,14500
2008-04-30,460.7994689941406,471.7072717382991,459.81223006883494,460.70267681013434,16700
2008-05-01,467.9617004394531,467.9617004394531,461.67059174688546,463.60631749844475,7900
2008-05-02,469.41351318359375,469.41351318359375,456.82160722352177,467.46809927510844,10000
2008-05-05,454.89556884765625,467.47778670939994,446.8913531950219,467.47778670939994,21700
2008-05-06,448.18829345703125,450.6369854850328,443.4651176393446,450.26919284625404,20400
2008-05-07,440.8616027832031,450.35633658557623,440.8616027832031,445.71060593409874,19000
2008-05-08,445.2459411621094,453.68570630948926,438.4418665774904,441.8293865179346,17600
2008-05-09,451.8662109375,454.4020073661848,440.94871707178027,454.4020073661848,14200
2008-05-12,449.57232666015625,461.6512665436177,445.22663159804785,454.8955727239471,18600
2008-05-13,458.12823486328125,458.29278455727206,444.2490840181156,444.2490840181156,10000
2008-05-14,459.580078125,464.57425490969956,457.31528217673554,461.91263157427943,18500
2008-05-15,457.7991943359375,463.6063722767739,456.3764345589592,463.6063722767739,10600
2008-05-16,451.99200439453125,457.93469717388683,451.0144533486578,457.46042423626324,13500
2008-05-19,455.1085205078125,457.79917834494154,447.34627023129144,451.99200060695074,6000
2008-05-20,457.31524658203125,457.4797962807119,451.62420767645045,453.9277262369792,11900
2008-05-21,451.99200439453125,460.2188395922904,450.05627846564676,454.1309732756352,12100
2008-05-22,462.2513732910156,464.4290650343431,445.2847361344753,448.69160325077604,17800
2008-05-23,452.92120361328125,463.9645250216043,452.92120361328125,463.2192810750932,22100
2008-05-27,463.60638427734375,463.60638427734375,452.2339938488285,452.92116831930156,47100
2008-05-28,469.4037780761719,469.4037780761719,459.802595473974,463.60628925522485,50300
2008-05-29,468.4456787109375,477.88234269323425,468.4456787109375,475.2207195187403,35900
2008-05-30,461.67059326171875,472.29773830590807,459.7639022087034,472.26870360101265,100500
2008-06-02,448.8948059082031,461.5835040192913,445.0330423485307,457.799156496224,20100
2008-06-03,467.9617004394531,469.88773811046866,447.2687874293916,451.99196298908913,28000
2008-06-04,451.75006103515625,469.65552676445543,449.30136879527146,465.5421089617786,16100
2008-06-05,458.4573059082031,458.4573059082031,447.21074337977774,455.86344034286276,14100
2008-06-06,445.2169494628906,454.21806293077685,445.2169494628906,453.6857501320217,11300
2008-06-09,442.31341552734375,447.15273079569545,440.3293080820541,447.15273079569545,12500
2008-06-10,445.7977294921875,450.63704477209217,439.409827415346,439.409827415346,13000
2008-06-11,432.5862731933594,445.9911488145832,432.5862731933594,445.9911488145832,6400
2008-06-12,438.6335754394531,447.12098025927224,432.74193436579276,432.74193436579276,7000
2008-06-13,435.2016296386719,442.35710616959,421.8628603273895,442.35710616959,14400
2008-06-16,435.794677734375,439.30435403757633,429.7669424935219,436.5141061910756,6300
2008-06-17,435.3570861816406,437.9820738528137,422.9127683151475,435.79459401670084,14000
2008-06-18,429.71832275390625,437.49602995307197,429.71832275390625,430.690536153802,12300
2008-06-19,429.71832275390625,431.4877582624201,426.004460445601,429.71832275390625,6500
2008-06-20,428.01690673828125,434.5696149076473,427.7738534124787,431.1085379217867,14900
2008-06-23,418.63507080078125,428.7655172046476,418.63507080078125,420.9683768865565,16300
2008-06-24,423.6419982910156,423.6419982910156,414.1629174342459,414.1629174342459,13000
2008-06-25,427.7738952636719,430.47664732423567,422.93226185895037,428.62944780133495,10500
2008-06-26,419.0239562988281,428.5613669444982,417.1475916430657,424.85723643291857,22700
2008-06-27,422.7183837890625,427.773905448567,393.73670406849,420.9684114982489,40300
2008-06-30,417.0794982910156,424.69191524016696,413.2100787446975,420.9683514219342,18600
2008-07-01,416.3990173339844,422.36842228120446,411.7518381341592,413.1907247508182,15200
2008-07-02,419.0336608886719,424.9058078159817,414.88229113923427,417.62393974605624,23900
2008-07-03,421.00726318359375,423.63222133825013,418.05172639184826,418.06145801929085,6300
2008-07-07,418.0613708496094,422.8057755953811,412.21836053734665,413.1905736518216,15200
2008-07-08,426.99609375,429.3099364843695,416.1753549606324,420.9683594147907,19000
2008-07-09,427.7738952636719,438.4682426452637,427.7738952636719,428.26000196283513,31800
2008-07-10,419.9961853027344,431.98356337029344,417.1184419701846,430.6808009854932,23400
2008-07-11,404.4407653808594,416.76842389724555,404.4407653808594,415.62121923153217,21600
2008-07-14,408.32965087890625,415.0865462553377,404.4407970610119,407.84354415166945,23800
2008-07-15,392.783935546875,405.6754647377958,392.783935546875,405.412977807321,15700
2008-07-16,402.7296447753906,402.89493409793954,378.4534764702371,395.52554036012833,43700
2008-07-17,415.1351318359375,415.1351318359375,394.65058788201776,394.65058788201776,28400
2008-07-18,408.32965087890625,413.66709324969423,400.7172325850021,413.66709324969423,33000
2008-07-21,398.51025390625,408.32961486428684,397.63526780831745,403.95465470502666,32900
2008-07-22,421.23089599609375,421.9114572550151,393.8436606871065,395.10752625984736,24000
2008-07-23,422.91278076171875,428.1238297499288,410.9837343854252,419.5586330464602,25400
2008-07-24,410.37127685546875,420.9683968467917,408.5046140965827,420.9683968467917,26900
2008-07-25,417.4197998046875,424.64333773687787,411.2851360566189,414.96980322081725,15300
2008-07-28,415.1837158203125,421.9406107403298,411.5573788686215,420.9489637648064,21800
2008-07-29,423.9335632324219,423.9335632324219,413.1906190061004,413.1906190061004,30100
2008-07-30,428.74609375,431.7113326439241,419.0239601048753,423.42808545933286,17900
2008-07-31,424.37109375,436.3876355652956,423.4474792726261,432.63490657216494,9700
2008-08-01,429.5238342285156,429.72802038845236,423.7294511309906,424.3711154845146,16700
2008-08-04,419.510009765625,432.6348884025565,416.33088317684405,432.6348884025565,21100
2008-08-05,417.9544677734375,424.37108111947197,410.6142696471123,410.6142696471123,35500
2008-08-06,413.19073486328125,422.8059405583319,413.142136056432,418.05180233226105,21800
2008-08-07,405.8990478515625,419.73365362465915,402.6615906562545,413.43370083563343,29900
2008-08-08,431.1085205078125,431.1085205078125,402.4962912707874,402.4962912707874,26900
2008-08-11,433.4613342285156,434.43354759241515,426.77250153775145,427.6766528454746,19100
2008-08-12,430.2530517578125,435.75578346215093,425.0614354791384,428.74613277350073,41500
2008-08-13,414.172607421875,431.66271561666696,408.4365250777785,431.66271561666696,33100
2008-08-14,431.56549072265625,431.56549072265625,412.50040158619476,413.2003963697183,24700
2008-08-15,435.87237548828125,435.87237548828125,427.7738517584757,433.41267702745387,10500
2008-08-18,424.37109375,438.4681862113402,422.89334025579626,437.4959729381443,17700
2008-08-19,423.8850402832031,428.736375630705,422.9128268880582,422.9128268880582,17300
2008-08-20,421.94061279296875,425.73223909382466,420.5795199759433,420.9683993994366,11800
2008-08-21,432.6349182128906,435.06545146127763,419.0044984369905,419.9961453212781,11600
2008-08-22,440.41265869140625,440.41265869140625,425.8294580724855,434.579378443838,21300
2008-08-25,438.8084411621094,439.82925317150637,428.7362968118783,435.97929714199523,30000
2008-08-26,446.2070007324219,446.2070007324219,434.99738274927773,443.3292577178801,37900
2008-08-27,453.17779541015625,453.17779541015625,443.3876002475409,443.5917567353671,18800
2008-08-28,459.3708190917969,461.76245568370814,452.13754921760903,452.5653254756221,22700
2008-08-29,459.7596740722656,459.84716971090023,448.96810026338625,455.57916865520957,21700
2008-09-02,461.80133056640625,463.4152082504214,451.69031789423997,459.43885930126436,33300
2008-09-03,463.2596740722656,465.797136744455,460.16804265456443,461.80135400698043,15300
2008-09-04,448.3167419433594,460.7027303930086,448.1903494621023,459.17634832945186,31800
2008-09-05,463.24993896484375,463.26940222077724,446.7514768967168,446.7514768967168,28200
2008-09-08,468.1206970214844,479.767822864153,458.0971804204071,475.41229666356355,27600
2008-09-09,455.48199462890625,465.1749637696928,454.90839226219083,460.0125127996546,31300
2008-09-10,463.0166015625,465.10685430230114,455.62777427031295,456.9402682086614,24000
2008-09-11,451.9916687011719,462.76377853003396,445.2931051215717,458.398550502026,16900
2008-09-12,461.0819091796875,466.6624042698097,448.9000771883448,448.9000771883448,13800
2008-09-15,450.91253662109375,466.66240464572564,419.0336824658422,453.0514178435586,41900
2008-09-16,469.57904052734375,469.9193211283118,447.93756220876924,452.0792005076912,65200
2008-09-17,445.2737121582031,469.6762730597445,437.7196251460937,464.71797906467486,47200
2008-09-18,481.24560546875,482.59699625884645,435.5515782828283,435.5515782828283,52400
2008-09-19,495.8287353515625,510.4119334501379,472.49561839384194,472.49561839384194,50100
2008-09-22,462.7735595703125,481.2456134187073,462.7735595703125,481.2456134187073,11900
2008-09-23,458.8361511230469,467.6346710070018,456.0945020642145,457.9222681034361,8400
2008-09-24,467.0318603515625,473.43874285731096,449.3667304803936,452.1569780867796,6000
2008-09-25,468.6068420410156,476.3845489628582,466.662415310555,471.5137505087831,10200
2008-09-26,449.1625671386719,466.66240741680195,443.32928704596185,465.690194068017,14600
2008-09-29,393.74639892578125,454.9958387586806,393.74639892578125,454.9958387586806,15700
2008-09-30,456.69720458984375,461.79159286470724,403.4685256089093,403.4685256089093,31900
2008-10-01,439.4403076171875,461.256771280422,437.5056131022562,447.2180121767837,22600
2008-10-02,403.4783020019531,442.35710727692117,403.4685703734556,442.35710727692117,16600
2008-10-03,403.56573486328125,422.91277302884276,401.97129085689363,418.0517066721894,17600
2008-10-06,380.13543701171875,398.60749149566414,380.13543701171875,393.47420596269905,18800
2008-10-07,364.8230895996094,393.56171621621985,364.8230895996094,378.19102426182025,19100
2008-10-08,337.3580322265625,370.4132861046695,337.3580322265625,349.9968057681917,22300
2008-10-09,301.38616943359375,345.6510466155566,301.38616943359375,341.246920874811,73400
2008-10-10,288.7474365234375,301.1917586202423,257.63660161182133,272.2198054766414,76300
2008-10-13,348.0523986816406,348.0523986816406,293.1223413478063,293.1223413478063,25300
2008-10-14,347.3232421875,356.4620423461275,330.55256079426175,330.55256079426175,58100
2008-10-15,306.2471923828125,338.2816327872021,306.2471923828125,332.49695172991073,34900
2008-10-16,308.2402038574219,314.01515302615746,298.46947241020246,299.44168567538225,45100
2008-10-17,324.7192077636719,329.580273748158,298.4694514474469,298.4694514474469,51100
2008-10-20,330.6498107910156,333.6247816690286,311.8860728077146,315.969381295372,38600
2008-10-21,322.920654296875,335.41360162463957,322.794261815794,324.7192549061728,15300
2008-10-22,294.5806579589844,326.66369991491337,294.5806579589844,308.1916454554391,33700
2008-10-23,297.497314453125,307.21944891237746,282.7488234238151,304.3028085746017,28900
2008-10-24,295.5528259277344,309.04715049025407,281.9418405231677,281.9418405231677,17500
2008-10-27,279.9974365234375,300.122264141398,279.9974365234375,294.12369489458956,11200
2008-10-28,303.943115234375,307.2194700251653,273.40588523892643,287.5807452000197,39600
2008-10-29,311.15692138671875,316.94160362751563,298.4695469743782,303.9431137718915,38800
2008-10-30,322.28875732421875,323.00818577993147,302.25145244510736,312.08051614200366,38700
2008-10-31,334.9275207519531,338.46639181640006,309.9999546032015,322.2887463839549,16900
2008-11-03,335.4135437011719,342.2870979348225,326.3914066689791,330.55247785043025,19800
2008-11-04,344.1635437011719,344.1635437011719,328.60812929659915,328.60812929659915,29900
2008-11-05,337.3580322265625,348.48988694452845,336.3858188772064,338.3302455759186,31000
2008-11-06,320.8304138183594,339.64274856253724,312.3721455862181,337.42610325384885,34000
2008-11-07,325.6914978027344,340.128873116865,312.1388402668676,326.6637112290112,29900
2008-11-10,314.0248718261719,330.5524966591283,314.0248718261719,324.71921730632016,18000
2008-11-11,312.3721923828125,318.7888075543747,308.0944588249717,309.1638996318324,18200
2008-11-12,299.4417724609375,314.0249756652039,299.4417724609375,309.26113521906416,22300
2008-11-13,338.3302001953125,338.3302001953125,289.7681380408206,297.4972449993265,41400
2008-11-14,310.1360778808594,341.966335439313,308.4541380000111,330.55255949684073,30600
2008-11-17,272.2197265625,311.10825892857144,262.49759347098217,311.10825892857144,62700
2008-11-18,265.8226623535156,276.6920035583227,258.43383287094576,275.6225626370972,42100
2008-11-19,237.12281799316406,267.35865756436186,237.0450539837673,266.3864442641278,35600
2008-11-20,206.59536743164062,242.95614616568912,201.75374838628093,242.95614616568912,71800
2008-11-21,205.86618041992188,217.7271805279234,189.58160652602015,211.9425139624225,67300
2008-11-24,250.83103942871094,254.87545044651768,208.860591704478,209.02586619059244,64800
2008-11-25,257.150390625,257.150390625,233.3311672967864,243.0532992674858,87800
2008-11-26,257.1990051269531,262.6239717129367,249.49909275081353,252.775446677927,45800
2008-11-28,262.49755859375,262.49755859375,250.83100043402777,250.83100043402777,26000
2008-12-01,230.46316528320312,257.6365239983318,229.02429375574823,257.6365239983318,50100
2008-12-02,248.88662719726562,251.24909860816115,235.42146584661896,238.19227993488312,42900
2008-12-03,254.7198944091797,257.63653442149854,241.10890768502506,241.10890768502506,55700
2008-12-04,243.53944396972656,259.23098166690704,240.72974798398673,254.71989748530282,27400
2008-12-05,257.63653564453125,260.55317567069574,238.19226880343456,242.14918422630092,36500
2008-12-08,252.77549743652344,261.49625328486746,249.0227677544507,257.68516349966205,40000
2008-12-09,252.63934326171875,256.664320714327,244.99776068185759,254.52543950720238,42900
2008-12-10,243.15057373046875,252.77548031628461,243.03389803650563,252.77548031628461,21000
2008-12-11,234.3034210205078,253.74768832511427,234.3034210205078,243.05334130758072,90100
2008-12-12,251.31716918945312,252.42550673018744,232.19373298913953,238.19228801321475,28800
2008-12-15,244.0255889892578,249.1588750927657,241.5172763740527,244.99780249120704,16600
2008-12-16,264.4420471191406,272.21975438735063,250.7727289688294,257.63655325945683,44300
2008-12-17,266.4837951660156,268.44765626258794,262.49771285175234,267.35878160826627,23900
2008-12-18,253.26162719726562,277.08085892982996,253.26162719726562,277.08085892982996,24400
2008-12-19,261.52545166015625,263.17822660540395,255.70190184050998,260.55323808521143,30600
2008-12-22,246.35882568359375,262.4489723853884,243.4421860038284,262.4003439223031,16100
2008-12-23,242.0811309814453,250.73382410670195,239.47560625062158,246.3102651072094,17600
2008-12-24,244.9977569580078,244.9977569580078,233.47702316713466,240.13669035169812,6900
2008-12-26,236.49087524414062,242.2463759570598,233.87561920394725,242.2463759570598,9800
2008-12-29,241.08946228027344,241.9352979820891,230.41456385539976,240.4283643232481,13900
2008-12-30,252.77549743652344,255.1574322609768,238.20201245532817,241.86726132190176,19900
2008-12-31,259.6878662109375,260.8545339753824,249.8879697340563,255.692084006462,33700
2009-01-02,256.0809631347656,260.4462207858615,245.10468211163794,257.1504036395862,21400
2009-01-05,267.9809265136719,269.808662856162,246.0186136566147,256.0810138473686,36600
2009-01-06,278.052978515625,279.8418472646052,267.980863884925,267.980863884925,17900
2009-01-07,256.7615661621094,273.532247396249,256.7615661621094,273.1919667706221,23300
2009-01-08,267.3003845214844,272.2003489140296,257.6949103060226,258.9296107813196,17300
2009-01-09,267.35870361328125,270.2656123873862,261.5254228071733,269.7892372824929,25200
2009-01-12,264.4322814941406,268.8169728971493,263.33367573661207,263.33367573661207,37800
2009-01-13,277.518310546875,280.33772330683973,267.2517400213339,267.2517400213339,21100
2009-01-14,252.77549743652344,273.19197992178107,252.77549743652344,273.19197992178107,25600
2009-01-15,254.7198944091797,272.2197344830928,247.963014680934,253.26157440302026,47200
2009-01-16,267.4267272949219,276.0988535670459,259.09485195197334,259.09485195197334,35000
2009-01-20,239.26171875,275.9433105885631,237.72561982943648,261.52539921790185,62700
2009-01-21,267.35870361328125,267.35870361328125,243.54919044915587,246.94222079190342,49000
2009-01-22,263.4698181152344,267.0281225401681,250.26717386356592,262.49760476425564,53400
2009-01-23,261.0976257324219,261.51567036955856,253.9907482227056,259.7365329198849,25500
2009-01-26,257.63653564453125,271.0044690977852,257.63653564453125,265.8711838385196,18500
2009-01-27,265.41424560546875,268.05866711476864,258.8226402530399,265.41424560546875,31500
2009-01-28,269.98370361328125,276.1086368588589,258.6282272668083,276.1086368588589,84200
2009-01-29,240.13668823242188,264.4420210494686,239.35891461531682,264.4420210494686,39800
2009-01-30,234.78952026367188,252.33795908220713,234.78952026367188,245.35747446173775,23500
2009-02-02,231.9895477294922,242.08112717576194,223.49241243855786,237.94922038661738,33300
2009-02-03,224.97988891601562,235.27562445905843,217.7757846232607,235.27562445905843,63500
2009-02-04,222.39382934570312,226.0396298267802,217.77581540300545,222.63688271110826,47600
2009-02-05,224.58128356933594,225.67988940059848,220.3132675615617,224.58128356933594,59700
2009-02-06,230.60899353027344,235.07144905053875,219.97297757458216,227.86735971771483,72100
2009-02-09,223.85214233398438,228.01321462902212,220.93550204298782,226.52572926739785,46800
2009-02-10,216.1813507080078,224.58127305484922,213.88692671890402,223.85211307739843,50600
2009-02-11,225.97154235839844,227.96458269760853,217.07579611861485,218.74800427138442,46700
2009-02-12,221.90769958496094,225.42710720364164,216.86190986924225,219.57439345314586,70800
2009-02-13,217.77578735351562,227.98402738571167,217.77578735351562,224.0951740401132,36100
2009-02-17,208.05368041992188,224.57159244425586,208.05368041992188,214.85917463926512,39300
2009-02-18,211.94252014160156,218.79662754433338,209.99809335131164,209.99809335131164,34400
2009-02-19,203.67869567871094,219.7202158634304,201.51066407415604,212.33138851109484,32800
2009-02-20,202.2203826904297,207.19811044028924,195.91071252460935,203.67870275790875,62300
2009-02-23,194.44264221191406,209.53139540130155,194.26765095462557,206.1092007446289,54200
2009-02-24,198.98292541503906,200.87873867923494,187.8510843580326,189.58162311558576,110200
2009-02-25,189.0955047607422,194.92878511325864,181.8136211134898,194.92878511325864,60100
2009-02-26,196.9218292236328,198.53570704508599,189.7274410865183,194.4426820604028,60000
2009-02-27,192.50796508789062,198.24403290260088,190.2913197791602,196.3871017955683,53400
2009-03-02,186.75245666503906,195.23015816503758,186.18857114843385,189.58160104092443,100400
2009-03-03,181.41500854492188,190.38853319128333,179.27612740728622,186.80106372428267,58800
2009-03-04,177.7983856201172,186.266355754251,177.1372728152868,181.6094602453552,74200
2009-03-05,159.24855041503906,175.36784961089958,155.59301870828463,174.02619043471432,95800
2009-03-06,160.4152069091797,162.9138024041655,151.66528653231532,151.66528653231532,50100
2009-03-09,145.8319854736328,153.44441689553204,142.04035978523703,150.89722296306087,69200
2009-03-10,149.71112060546875,153.7069175735532,143.84867601624364,146.81391449945562,120800
2009-03-11,150.362548828125,153.46391237720204,146.80424373098202,150.59587058216636,57800
2009-03-12,160.05984497070312,161.1753803219497,145.6655105040385,148.73812646668887,106000
2009-03-13,167.72181701660156,170.62808317188916,159.01281351070563,159.01281351070563,51600
2009-03-16,161.8505859375,169.62019957056373,159.9620100187743,160.48063526750946,93900
2009-03-17,172.58518981933594,172.9276849799954,157.93643677858154,159.52168260263136,38000
2009-03-18,180.00247192382812,181.7638473201974,167.19338392500015,169.28745941531173,69700
2009-03-19,174.1215057373047,184.9050266478671,173.73987552470211,179.07291847104088,69500
2009-03-20,169.80613708496094,179.57196739982868,169.58107694369323,177.71274636417738,54900
2009-03-23,181.4409637451172,183.49590460939945,173.02552505201234,176.13727643532565,102400
2009-03-24,165.3831024169922,178.5738373438779,165.2852573388805,178.485757362834,66300
2009-03-25,177.76162719726562,177.76162719726562,167.33038444319195,167.33038444319195,108000
2009-03-26,174.0138397216797,176.1372705808096,171.7436188449276,175.64800038475178,87900
2009-03-27,170.74551391601562,174.87495545691465,169.708248585259,170.26602376117552,38900
2009-03-30,163.6804656982422,166.3225219341723,161.55703470771775,163.41625559524647,86800
2009-03-31,168.2209014892578,168.8960968254832,162.49643357297933,168.78845677287708,142900
2009-04-01,176.50912475585938,176.56783479171813,164.43392469240362,164.43392469240362,59600
2009-04-02,177.5072479248047,181.50949007990334,173.73987580585583,178.09437822114813,97300
2009-04-03,180.74620056152344,180.7755555784814,173.95512792020722,174.95322835946106,31400
2009-04-06,175.21742248535156,177.70292319126074,171.24455128456407,173.20163187067337,32800
2009-04-07,171.04888916015625,175.6969567192293,170.26605374288573,171.24459428163797,44300
2009-04-08,173.69093322753906,175.99050930196182,172.22312252420775,175.99050930196182,29200
2009-04-09,185.97157287597656,187.3219482340989,171.99801964783154,176.1372406216658,105700
2009-04-13,197.4498748779297,199.58310065113733,180.7266235200404,181.02996864605433,50600
2009-04-14,176.83206176757812,193.01711519984235,176.40150155505026,191.89179958819804,84800
2009-04-15,190.6490478515625,190.74689294298494,176.1372904109441,176.1372904109441,43200
2009-04-16,193.19325256347656,194.97420352178708,187.8797845730646,189.249735363039,32700
2009-04-17,191.7743377685547,193.74121347074095,187.5470511292338,191.598207668781,47900
2009-04-20,184.01451110839844,191.5003386223515,182.72283071231377,190.2478082008187,88900
2009-04-21,190.95237731933594,191.77434769015403,180.32542774097044,181.0299780391979,111600
2009-04-22,182.98703002929688,193.67268795903303,181.37244456039772,190.81535216958764,84600
2009-04-23,185.92263793945312,190.02272376513207,180.0611767680801,187.8797183388158,73900
2009-04-24,182.87939453125,188.594066251653,181.02995397706226,185.9226554359018,56200
2009-04-27,181.02020263671875,185.7954698639985,179.11203682030163,180.05144221906124,50200
2009-04-28,184.74844360351562,191.53951684996528,180.73642170655745,180.73642170655745,41000
2009-04-29,190.36524963378906,190.81538480362917,185.5312724277578,188.95616394987422,50800
2009-04-30,187.21435546875,193.87821316720462,187.21435546875,190.64902687863844,47000
2009-05-01,197.59664916992188,208.3410331517056,182.0280832765133,184.76799929077887,103200
2009-05-04,203.53640747070312,208.22360951526207,197.60645491129253,197.87066500561195,91900
2009-05-05,202.6557159423828,206.74600750867546,201.33468047463012,203.5363962999906,64100
2009-05-06,211.67787170410156,213.05760235423497,203.291773102689,209.23152064390075,74600
2009-05-07,203.63426208496094,216.98155246979988,203.5364020729662,215.59202690125502,46700
2009-05-08,222.0895233154297,224.41843918368403,205.55218252281617,207.7049682959788,64900
2009-05-11,209.50550842285156,220.1715929533902,209.45657841592688,220.1715929533902,56500
2009-05-12,210.81675720214844,217.49039531524352,208.34105105504224,209.42723155316196,44000
2009-05-13,205.8653106689453,214.2709681634871,204.3681452220745,207.45054115825795,64700
2009-05-14,212.0007781982422,215.2788946114534,207.85177633088034,207.93984138606294,63600
2009-05-15,207.68544006347656,212.53899255781138,207.68544006347656,209.10432079515877,41100
2009-05-18,221.8253173828125,224.966423587983,207.74412214981004,207.74412214981004,61300
2009-05-19,214.7211151123047,221.2969078654741,214.7211151123047,221.2969078654741,41300
2009-05-20,210.01437377929688,220.91531520575302,208.67377796733757,215.57249201888067,43600
2009-05-21,212.78363037109375,213.18483556269393,205.00423632268303,205.88491680690188,47400
2009-05-22,216.5118408203125,220.92506752516488,213.7034346854729,214.39820493057212,23000
2009-05-26,219.2517547607422,219.77037996670518,211.51149678529592,211.98120691741957,42000
2009-05-27,208.07681274414062,220.03457663161174,208.07681274414062,218.34170606125548,40000
2009-05-28,214.62330627441406,214.62330627441406,207.87136734282538,207.87136734282538,34600
2009-05-29,215.2788848876953,217.55888577849413,210.62103802631714,215.2788848876953,32900
2009-06-01,213.61537170410156,220.9935597295127,212.2747612065684,217.72523838624784,54700
2009-06-02,212.12799072265625,216.43356259141262,210.83632513456607,213.61537633951505,41200
2009-06-03,208.5661163330078,212.92061846234247,208.09642108558387,212.12800306626997,38000
2009-06-04,210.01437377929688,211.36476455308284,203.37008983373912,211.36476455308284,55900
2009-06-05,208.1844940185547,215.75840296001272,208.1844940185547,214.30037222121493,28600
2009-06-08,209.2510528564453,209.2510528564453,204.51492141766312,205.59132171344996,16800
2009-06-09,205.41522216796875,209.14345912387844,203.72235126561637,207.45058822152606,42400
2009-06-10,205.22927856445312,207.45056950359282,204.72044829548219,206.17846396848165,30500
2009-06-11,206.47201538085938,210.66994694369444,204.52471469463867,206.43288033635915,24700
2009-06-12,206.02186584472656,208.1648714663228,203.04710993641157,206.37414094596622,23800
2009-06-15,201.1683349609375,204.0060961164806,199.56352932024268,201.6967402012035,40600
2009-06-16,198.7219696044922,202.86119096955034,198.6632595744168,200.99217537833553,34100
2009-06-17,200.11151123046875,201.57932182629125,198.0370103664022,198.72198565818442,47800
2009-06-18,204.36814880371094,204.36814880371094,196.8235964775011,200.60076265449294,66900
2009-06-19,208.76181030273438,208.76181030273438,202.67528767590062,203.5364080263492,63400
2009-06-22,205.6011199951172,212.63682772167232,202.75356390363382,207.24506066772125,75200
2009-06-23,205.78709411621094,208.24322568213535,204.80855350218363,207.4506101737884,35200
2009-06-24,212.99888610839844,212.99888610839844,208.41932422425134,208.41932422425134,33100
2009-06-25,215.484375,216.73690544161585,210.3861732550528,212.99887417301747,62500
2009-06-26,212.34326171875,217.0011085360075,212.34326171875,216.3552832352813,55700
2009-06-29,221.16970825195312,221.5513384156399,213.20438989009085,214.53520544857275,41900
2009-06-30,223.9977264404297,224.63377184116965,215.9443267635924,218.70381835008837,50600
2009-07-01,222.8136444091797,225.55356049473323,221.9720990742884,225.55356049473323,25900
2009-07-02,215.2788848876953,223.84111326391047,215.2788848876953,220.4162219134244,28300
2009-07-06,222.37332153320312,224.16405238285537,214.10465755817103,215.27890313445408,26400
2009-07-07,218.7135772705078,223.06809435080538,218.23410199145272,220.17160796073117,21900
2009-07-08,217.57846069335938,222.74515273440838,214.78961462208505,215.28866484341842,33800
2009-07-09,221.54151916503906,221.54151916503906,215.91491240911566,219.3398034779386,20800
2009-07-10,217.5099639892578,219.67254489347386,216.02257836580023,219.67254489347386,23700
2009-07-13,224.08575439453125,224.6141596473306,214.86790550333816,217.50996163001844,48500
2009-07-14,221.6100311279297,224.2423070212534,220.46514072636649,224.23251206183366,28200
2009-07-15,225.0642852783203,229.95698713219684,218.48849279220298,222.61793435138205,48100
2009-07-16,233.8711395263672,237.23732066002898,223.2931209183941,225.79818178121016,44300
2009-07-17,233.7733154296875,235.33898617511522,232.40336472594538,235.33898617511522,19000
2009-07-20,232.89259338378906,234.60503892337576,231.62048799668523,233.88091371992522,22700
2009-07-21,232.41311645507812,234.50719223657475,230.72024580630318,233.8124369397553,21000
2009-07-22,232.89259338378906,233.88091371992522,227.06048657632132,228.97843215044807,23300
2009-07-23,236.35662841796875,241.01449001733943,233.3818723382481,234.8496828560987,46400
2009-07-24,238.2256622314453,238.2256622314453,233.95922540355195,236.51321649667022,15500
2009-07-27,241.5037841796875,241.60162926512587,235.3389764060668,235.3389764060668,17500
2009-07-28,237.19815063476562,240.4860464721204,236.80674050728928,238.08862584581445,15400
2009-07-29,233.40147399902344,236.05331027610765,232.33485355300644,233.56782408496275,10500
2009-07-30,234.36044311523438,237.66791468962936,233.87117287908566,236.80679429597797,21900
2009-07-31,252.4634246826172,261.9943986785302,239.69346940135603,239.74239940791168,54400
2009-08-03,267.32745361328125,267.32745361328125,250.52590184666218,253.05055279560972,38800
2009-08-04,272.52349853515625,274.1772341827864,263.8340550964728,266.49568615100037,27000
2009-08-05,274.5784912109375,274.5784912109375,268.1299124077137,272.8268952208148,19800
2009-08-06,274.5979919433594,277.90546314900695,270.3413353908998,277.90546314900695,19300
2009-08-07,281.7218322753906,281.7218322753906,273.0128269231401,279.86261111117585,19200
2009-08-10,281.8685607910156,283.78652154770367,273.10084684145676,277.523838863906,17900
2009-08-11,274.412109375,282.64163868729105,274.412109375,280.18549243929203,21500
2009-08-12,284.0213928222656,290.3525513348095,275.1069028028299,275.94843333636146,22800
2009-08-13,296.4977722167969,296.4977722167969,282.79820518367757,283.22876539373334,15700
2009-08-14,294.5504455566406,299.92262261778177,290.01000391767064,299.92262261778177,18800
2009-08-17,288.7672424316406,297.4664499871593,287.69084215173433,290.9689580603529,25500
2009-08-18,299.4333801269531,299.4333801269531,287.6419795539559,288.8162101858624,18100
2009-08-19,301.4393615722656,302.5353519169081,293.767608335869,293.767608335869,22500
2009-08-20,305.2067565917969,305.2067565917969,300.2455494048707,302.3689952945788,17000
2009-08-21,307.7510070800781,310.16800346532585,303.50414461995194,305.20679564360347,32600
2009-08-24,301.26324462890625,311.4890043126441,301.26324462890625,311.42049931385753,20500
2009-08-25,305.2948303222656,307.1344911757183,303.8368145845055,303.8368145845055,17800
2009-08-26,305.30462646484375,305.30462646484375,301.69380974360047,305.2948315040901,13500
2009-08-27,302.1634826660156,307.6726696077616,300.2944670162951,307.6726696077616,14600
2009-08-28,305.30462646484375,305.30462646484375,297.81879784617547,301.89929488063075,9800
2009-08-31,305.30462646484375,305.4514015627225,299.85414888302626,305.4514015627225,26800
2009-09-01,303.3475341796875,304.6000647392124,300.1281277940999,303.3475341796875,35100
2009-09-02,300.411865234375,303.7486911646366,297.691524457053,302.1145157614049,11400
2009-09-03,305.2948303222656,305.2948303222656,294.540680160825,298.5918520227072,19300
2009-09-04,305.30462646484375,305.44163646465404,302.73106025219056,305.2948315040901,11300
2009-09-08,302.69189453125,307.26169142547076,299.7856282936418,307.26169142547076,16800
2009-09-09,308.24017333984375,308.24017333984375,302.8777621133992,304.27709734197407,16500
2009-09-10,304.8251037597656,307.26165959347776,304.81530880053606,306.625614359849,13600
2009-09-11,307.8390808105469,308.2402860362119,302.68218264869955,305.54929941208627,21000
2009-09-14,304.7664794921875,307.51617616821454,302.35924813339886,304.5414044053349,14000
2009-09-15,305.30462646484375,307.26170740372095,303.0442003694554,307.26170740372095,19500
2009-09-16,305.67645263671875,306.86047815028445,303.9346519322938,305.1284724058446,22500
2009-09-17,302.809326171875,307.26167286222625,302.809326171875,305.7938623230755,11000
2009-09-18,294.10028076171875,306.7625948713317,294.10028076171875,305.30457935291565,25300
2009-09-21,294.5602111816406,300.19661326420714,287.33860834170497,293.56211075563704,19500
2009-09-22,295.0299072265625,298.5624234566147,293.0728265816102,298.5624234566147,18200
2009-09-23,287.69085693359375,297.07505511195353,287.69085693359375,293.0728287469773,17100
2009-09-24,285.25433349609375,294.3449526913451,285.25433349609375,290.6265109608258,20100
2009-09-25,284.75531005859375,289.070677619293,284.75531005859375,285.254375312695,16300
2009-09-28,297.9263916015625,297.9263916015625,286.22305718061716,286.22305718061716,21900
2009-09-29,300.411865234375,302.37874074848156,295.8323039020797,297.2218143732229,16400
2009-09-30,300.4217224121094,305.2067698321663,296.9283257304038,303.8368191322873,22000
2009-10-01,296.44879150390625,301.762258088322,295.0494561996903,298.4645821034748,16200
2009-10-02,291.6833190917969,301.2925933096735,288.49329758724963,294.5406702953729,12000
2009-10-05,300.5096740722656,302.6135293384622,291.3114030010445,291.3114030010445,30000
2009-10-06,303.3475341796875,304.7859898104663,300.4510628600395,301.6644434406993,62200
2009-10-07,304.32611083984375,304.69796102661695,301.54705926328535,303.34757029051946,20100
2009-10-08,312.0565185546875,312.0565185546875,305.7840711887275,305.7840711887275,39800
2009-10-09,315.09002685546875,316.64590259710246,310.6865948031408,310.6865948031408,19800
2009-10-12,320.7851257324219,320.7851257324219,315.2074334267156,315.3835635342179,11800
2009-10-13,312.0565185546875,320.87317685953946,312.0565185546875,317.85925579167775,13800
2009-10-14,318.3191833496094,319.98271399127344,312.94700605608983,315.09001194247725,23500
2009-10-15,318.3191833496094,322.722615193526,315.1976370534627,318.2898283318239,15800
2009-10-16,305.30462646484375,317.8592875481595,305.30462646484375,316.4502167458383,30600
2009-10-19,309.12091064453125,309.3361907300033,304.32606859103555,305.3046090045116,7200
2009-10-20,305.5981750488281,308.0738812289431,301.948238229191,306.68437049277253,5400
2009-10-21,302.3689270019531,308.6218133216127,302.3689270019531,306.7332080074866,14800
2009-10-22,309.2187194824219,312.44789036738837,301.49802256379087,301.49802256379087,11700
2009-10-23,313.1329345703125,316.0489957740647,309.8254631708842,311.80213393247686,19100
2009-10-26,301.0968322753906,316.4892505496794,298.84617189187685,314.8453101764068,23500
2009-10-27,295.5191650390625,302.55487205268236,295.5191650390625,302.55487205268236,12100
2009-10-28,293.56207275390625,295.63657329000534,290.6558070391354,294.54061299641927,18200
2009-10-29,300.411865234375,300.685855317606,294.43299847210267,297.33923442851057,21800
2009-10-30,302.7701110839844,316.0684681253019,300.4020307838399,304.33578129491104,39400
2009-11-02,305.30462646484375,308.1717428732544,301.4393796654872,302.77021023252,13900
2009-11-03,308.612060546875,308.612060546875,298.46460188929325,302.36896833208635,13400
2009-11-04,308.38702392578125,313.1329511897885,306.6256630204128,313.1329511897885,18500
2009-11-05,305.2067565917969,307.0268573347872,299.9226441999624,302.77999541805536,14700
2009-11-06,311.5672302246094,311.62594025447635,304.3162429092383,304.3162429092383,9500
2009-11-09,316.9296875,317.0373126160145,307.8390383070073,309.7178491211168,20100
2009-11-10,311.5574951171875,315.09001165915396,311.5574951171875,313.6222010458349,12100
2009-11-11,310.0505065917969,313.5439027038008,309.04261125596537,312.3304923994886,8800
2009-11-12,316.5577392578125,316.5577392578125,308.905548100056,309.20889315824417,15200
2009-11-13,307.26177978515625,315.3543006231961,305.245988332269,315.3543006231961,17400
2009-11-16,312.0565185546875,312.0565185546875,307.5748167919952,311.17583819271624,19700
2009-11-17,314.0038146972656,315.9315104415561,309.7373634131685,313.5634596122906,5300
2009-11-18,309.2187194824219,313.38731050998257,308.9740844195402,312.1543402370018,6000
2009-11-19,312.5751953125,313.51461572538494,309.21880845110417,309.21880845110417,15200
2009-11-20,307.35955810546875,312.8393905407386,307.2616980889545,308.5533786365001,7200
2009-11-23,308.77838134765625,311.12690197018054,305.3045752094161,307.750925972312,10900
2009-11-24,307.291015625,311.7335970412287,307.2616606098948,308.63161108593783,5000
2009-11-25,306.28314208984375,310.1190335584727,305.7058068432283,310.1190335584727,1600
2009-11-27,289.8925476074219,307.1637769606955,289.6870625175033,305.3045564675633,11400
2009-11-30,318.8378601074219,320.961306279402,293.5621703775018,293.5621703775018,61700
2009-12-01,313.1329345703125,321.95935841294704,310.54957352601923,321.4505281448364,21300
2009-12-02,308.6707458496094,313.5438871556956,305.25564985571276,313.1133270469163,13800
2009-12-03,303.8367919921875,308.9154190202986,302.40813138012004,304.32606218863225,17100
2009-12-04,308.24017333984375,309.189358560191,303.3670322298116,303.6410223004955,22300
2009-12-07,309.2383728027344,312.1544343823281,305.8428359113407,311.17589383567497,6900
2009-12-08,309.79608154296875,311.1562669447642,305.4709499788246,309.7080164962072,9600
2009-12-09,311.518310546875,311.518310546875,306.34182399717236,309.21873486882714,20200
2009-12-10,310.999755859375,314.0332374500177,307.4965640676198,310.999755859375,17300
2009-12-11,322.0278015136719,322.0278015136719,309.4633485125265,310.19725368686454,20500
2009-12-14,330.82489013671875,330.82489013671875,319.6108267059526,321.9691124028671,29600
2009-12-15,319.00421142578125,332.5570036812851,319.00421142578125,332.5570036812851,22100
2009-12-16,319.4934387207031,322.4877699380755,316.7143875845718,321.9299947463124,15900
2009-12-17,317.047119140625,326.5096188298668,315.09003815827543,315.09003815827543,11800
2009-12-18,323.89678955078125,323.89678955078125,314.25816310369873,315.10948825590987,21800
2009-12-21,323.4075927734375,326.6269989571507,319.023721158651,324.4350482184164,17500
2009-12-22,326.83245849609375,329.52344430706455,324.4350228285205,324.4350228285205,18700
2009-12-23,324.8753967285156,332.70371954125096,320.9318803061075,326.83247743169943,14800
2009-12-24,325.8538818359375,326.3920669929983,321.27432093393423,323.79894147344584,3400
2009-12-28,325.8343811035156,327.6446568864824,322.0571997704811,324.87540079638245,3800
2009-12-29,323.8870849609375,324.8754203439463,323.0847045099446,324.82650526788365,6500
2009-12-30,322.9183349609375,328.64280232596354,321.1569741698603,321.1569741698603,12600
2009-12-31,325.521240234375,326.0496603911266,322.1354989451956,323.4075894700504,11800
2010-01-04,328.3003234863281,329.76813417255613,325.4136171916725,327.81105325758546,12000
2010-01-05,326.7835998535156,329.27886609130286,325.9420395259936,329.27886609130286,18600
2010-01-06,328.9559631347656,329.4452333700561,323.8968957622808,323.8968957622808,22000
2010-01-07,327.79144287109375,328.44704815384614,326.4214625508082,327.8110029266737,10300
2010-01-08,321.9397888183594,327.7131711559393,321.9397888183594,325.83439032727495,9600
2010-01-11,322.9183349609375,324.03388536125425,321.6070943964363,322.07680454330915,14100
2010-01-12,321.1080017089844,325.844133298946,321.09823661235635,321.95932701379235,14900
2010-01-13,326.1573486328125,327.8502345364441,322.0866163575291,322.91838179833513,15400
2010-01-14,323.06512451171875,327.8599667577881,320.05123305674755,323.99474988693055,21700
2010-01-15,314.1114501953125,319.4934220833942,307.42803279023815,319.4934220833942,24600
2010-01-19,324.8753967285156,326.9498974958614,314.42459294055755,314.42459294055755,18300
2010-01-20,324.38616943359375,326.3432503954857,319.1705618097333,323.70117915185733,13800
2010-01-21,326.3432312011719,332.05790369025806,324.27852524190337,325.609325883628,36200
2010-01-22,321.4505310058594,328.77978926481995,321.4113810271382,327.4783436335096,8200
2010-01-25,320.9612731933594,324.2785397107577,318.7008471034819,320.5502730576157,13400
2010-01-26,318.61273193359375,321.6559779733981,317.12533154549294,318.13322687352843,11600
2010-01-27,323.89678955078125,323.89678955078125,318.4952586749991,319.49335887713016,8300
2010-01-28,318.9062805175781,322.9183017543347,318.1821702454594,322.9183017543347,5200
2010-01-29,313.5928039550781,318.54421537068976,313.5928039550781,318.12345021836734,14200
2010-02-01,313.3873291015625,317.5950404876765,310.2951381397738,316.55779014853806,11000
2010-02-02,317.781005859375,317.781005859375,312.35988349486445,312.5458085662911,5400
2010-02-03,310.177734375,315.83369646697525,310.177734375,315.08999623656985,14400
2010-02-04,314.1505432128906,319.31723409418436,308.35757229135476,308.35757229135476,24200
2010-02-05,318.0256652832031,318.0256652832031,311.7630120009327,313.36780290638023,16000
2010-02-08,310.39306640625,318.7302209268341,310.39306640625,318.36816571069426,22300
2010-02-09,317.1448974609375,319.8358831184293,312.0662712310568,312.0662712310568,19200
2010-02-10,320.7165832519531,321.65597357818876,315.0899765282346,317.3797572461915,13100
2010-02-11,319.9925231933594,321.9398091393896,317.878872230685,318.7595526661281,10200
2010-02-12,322.9183349609375,324.337230499021,317.04709250710226,317.04709250710226,17800
2010-02-16,326.83245849609375,326.83245849609375,323.89683761139827,323.89683761139827,14600
2010-02-17,326.0985412597656,330.1105622935618,322.77151035223176,327.81098671274265,17100
2010-02-18,324.4839782714844,327.69358934820923,320.92207714859126,327.69358934820923,33100
2010-02-19,325.8538818359375,326.832422021631,318.67140045646835,324.87534165024397,18200
2010-02-22,334.3966369628906,336.7744830767873,327.32177879619127,327.32177879619127,16100
2010-02-23,331.2359313964844,334.7195328945346,331.2359313964844,332.2144718141992,11200
2010-02-24,333.29083251953125,334.6509880094353,331.4903219490703,331.7251620652712,5900
2010-02-25,336.2557678222656,341.51052382632145,330.2573117231619,330.2573117231619,24300
2010-02-26,339.20123291015625,339.21099800679247,334.768416565576,337.5964124415646,13600
2010-03-01,342.9784240722656,346.148885540441,340.1406627700248,342.48915385247636,13700
2010-03-02,342.3912658691406,344.77890673570215,341.03111029782116,342.48912587764204,13100
2010-03-03,342.0977783203125,343.46772910202816,341.2268629067331,342.37176847665563,5700
2010-03-04,343.2720031738281,344.0059085653309,342.4891827012999,342.4891827012999,11900
2010-03-05,342.068359375,343.62423495734095,341.0800240594944,343.62423495734095,17100
2010-03-08,343.154541015625,343.96674627240964,342.06837550346347,342.06837550346347,15400
2010-03-09,341.08984375,342.9686246464262,339.88622827442293,342.2640743445954,9800
2010-03-10,344.4266357421875,344.4266357421875,340.16018437927477,340.2873994000701,41300
2010-03-11,344.9355163574219,346.1684869081205,344.25052608199263,344.4266860625819,17000
2010-03-12,345.4247741699219,347.38185504340584,343.3013282826107,344.93550395155086,16000
2010-03-15,343.4676818847656,345.41496773312485,342.0585813136596,343.4676818847656,12200
2010-03-16,347.56781005859375,347.56781005859375,345.326943903851,345.4248039284927,6800
2010-03-17,348.3114929199219,349.10410831315073,347.22529746751013,347.22529746751013,9000
2010-03-18,347.8698425292969,350.80391144889114,347.8698425292969,349.4791842429716,13700
2010-03-19,350.2740783691406,350.32313125473536,347.899325759386,350.2740783691406,25200
2010-03-22,346.6922912597656,350.1562692026569,346.57454038641407,348.3605084904172,6300
2010-03-23,347.968017578125,349.332005209696,346.486249118948,348.5568019288905,11400
2010-03-24,351.3437194824219,352.46238291424004,348.24281619305026,350.8138105163926,11900
2010-03-25,348.36053466796875,351.579188550972,347.86988602759135,351.25537362492213,7200
2010-03-26,345.6619873046875,348.6843699290767,343.6012569055585,348.3507324277805,13600
2010-03-29,346.6432800292969,346.8886043605278,345.41665837314224,345.45591865124817,15700
2010-03-30,346.9670715332031,350.72545680400975,345.31849932592434,345.31849932592434,11500
2010-03-31,348.36053466796875,348.36053466796875,344.01339490146074,344.01339490146074,18500
2010-04-01,351.45159912109375,351.45159912109375,348.36051881673086,348.36051881673086,15700
2010-04-05,353.9146728515625,353.9146728515625,351.0198339602012,353.13943963222306,12100
2010-04-06,353.5810852050781,354.1502245186259,351.54979240644883,353.2474476837818,16700
2010-04-07,354.2483215332031,354.8468985053662,353.11001308368895,353.414212847709,15200
2010-04-08,351.304443359375,354.24833534283346,351.304443359375,352.5114498534474,9400
2010-04-09,350.00909423828125,352.87449537092607,350.00909423828125,351.96189612010596,8400
2010-04-12,353.2669982910156,353.2669982910156,349.5380808433363,349.5380808433363,15700
2010-04-13,352.1875915527344,352.923564520571,350.95117733060414,352.923564520571,4800
2010-04-14,353.2669982910156,353.74782434459775,352.1385124802822,352.1385124802822,14000
2010-04-15,356.1127014160156,356.2108371125712,353.13937248592356,353.13937248592356,15700
2010-04-16,355.7202453613281,356.573969158705,353.77726606788053,355.11184587109705,21100
2010-04-19,353.1492614746094,355.22960686698076,350.61749778252295,355.22960686698076,9800
2010-04-20,352.2857666015625,354.83714583093786,349.4890630221861,354.83714583093786,20900
2010-04-21,352.118896484375,354.77823372532197,351.74602866622865,352.923567456473,15600
2010-04-22,353.07073974609375,353.26701117547304,348.95910185916733,348.95910185916733,13100
2010-04-23,353.384765625,354.4445834394516,352.5310417975237,353.87541425659015,14500
2010-04-26,348.63531494140625,353.75768821270566,348.63531494140625,353.3847904350267,13500
2010-04-27,347.3793029785156,348.4096533391298,346.1526811459644,346.1526811459644,23300
2010-04-28,349.34185791015625,352.0894785217334,346.4764564608098,347.3792632027958,23000
2010-04-29,341.0400695800781,350.22499786770226,337.56626877789455,349.34183629340254,25000
2010-04-30,337.1737365722656,341.3344272735441,335.5643947293545,341.0400500812141,18300
2010-05-03,339.2442932128906,340.5690506041729,334.6616514298049,339.577930713089,21600
2010-05-04,325.5943603515625,337.64468733999485,323.8378601336662,337.64468733999485,37600
2010-05-05,321.3159484863281,329.2153787444377,320.01080647698353,324.6523528827094,31200
2010-05-06,312.0525817871094,332.61077486156086,312.0525817871094,321.316031893768,62300
2010-05-07,315.93841552734375,318.6075449182895,310.0506327485057,310.0506327485057,48800
2010-05-10,325.15283203125,326.2813178177984,317.7931030579162,326.2813178177984,35300
2010-05-11,323.2491455078125,327.2528252944197,322.846810023284,325.15286465567084,26000
2010-05-12,332.6499328613281,332.6499328613281,323.48462047975534,323.48462047975534,21000
2010-05-13,327.9495849609375,331.68832545287074,326.52669183073135,331.13880133494166,24100
2010-05-14,319.4613342285156,325.85941199460575,317.9697730657823,325.0056881078589,31600
2010-05-17,325.1627197265625,326.35011124319465,319.95203248542845,319.95203248542845,21500
2010-05-18,318.921630859375,328.9603132823568,317.04734937362946,326.42854941177825,28300
2010-05-19,321.0215759277344,321.10006652604704,315.78142259925437,316.18375803928893,21900
2010-05-20,305.1834716796875,317.9403370553657,305.1834716796875,317.9403370553657,29900
2010-05-21,313.13201904296875,313.13201904296875,303.52510872180494,306.1648012307258,24900
2010-05-24,306.6553955078125,313.2398917750478,306.6553955078125,310.0899359375,17100
2010-05-25,306.9595947265625,308.93201180999387,300.28678531073086,302.2395572829219,13600
2010-05-26,304.09423828125,312.3174845975385,304.09423828125,306.9596096610461,22400
2010-05-27,321.75762939453125,322.1010595383188,308.3236651529696,308.3236651529696,18500
2010-05-28,320.6878967285156,327.5569767803843,319.9715689747807,322.55238527147276,30600
2010-06-01,320.5898132324219,323.8673423482848,318.3524567723256,318.9215959824035,31100
2010-06-02,328.243896484375,328.243896484375,320.050059297271,321.2570655719225,23500
2010-06-03,318.23468017578125,327.7336601356555,317.26320549964095,326.1831937397711,34600
2010-06-04,313.5245056152344,318.9118185231057,312.0525595794821,312.0525595794821,28500
2010-06-07,314.41741943359375,319.26502968879845,314.39780427169524,317.1748619943431,25500
2010-06-08,317.2926330566406,319.88327203912974,314.015104002235,317.9402928022629,33800
2010-06-09,312.150634765625,319.03933009608755,312.0819367767101,318.9314017822038,38600
2010-06-10,318.6075744628906,322.32669931483986,314.01511065677084,315.9777050983757,32200
2010-06-11,316.3702392578125,317.08659705799164,313.52448311561005,316.939408454343,43700
2010-06-14,327.517822265625,330.07899404617837,314.7413112458495,316.91000001162416,36700
2010-06-15,333.44476318359375,335.4662329386268,327.75325163100206,328.7247262369881,31600
2010-06-16,337.3699951171875,339.50924596132046,332.41445579913005,332.41445579913005,33300
2010-06-17,332.7775573730469,338.98918645896947,331.56075822435866,337.06582206332934,30200
2010-06-18,335.3583068847656,335.8195177512141,329.0583658948535,329.0583658948535,22500
2010-06-21,334.357421875,338.0667242721612,333.1798531994377,338.0667242721612,12400
2010-06-22,331.678466796875,334.7891922212432,330.942493867592,333.1013597722149,30300
2010-06-23,326.507080078125,332.62054344070367,326.3795066303402,332.169155042004,31300
2010-06-24,324.5640563964844,329.2153956489363,322.8958391392278,322.8958391392278,39200
2010-06-25,333.64105224609375,338.5279231451397,324.0635818692253,324.0635818692253,58400
2010-06-28,331.53125,335.2798123215273,329.7158442728258,329.7158442728258,19300
2010-06-29,324.2010192871094,328.5383367504121,323.41596344869794,326.77201352091816,41300
2010-06-30,318.1365966796875,324.70147801327806,316.5174321770254,324.1715690861011,49600
2010-07-01,319.41229248046875,319.41229248046875,314.3095342009779,319.3239793111892,17600
2010-07-02,317.3515319824219,323.34727389059685,316.96884161843667,321.9538185868489,17200
2010-07-06,318.921630859375,320.1580750727653,315.4478299412131,320.1580750727653,34700
2010-07-07,319.520263671875,321.1296059416727,315.85022061552496,321.1296059416727,35900
2010-07-08,322.2677917480469,322.79770057955767,319.3140778249288,319.9028620880729,23700
2010-07-09,325.4963073730469,325.69254885349216,321.5220355721359,321.88511076043415,33200
2010-07-12,322.04217529296875,325.64354994711965,321.76741321735,325.64354994711965,15900
2010-07-13,326.7719421386719,327.63548839887653,323.82805076805323,323.82805076805323,29300
2010-07-14,324.92706298828125,325.4962320274969,322.85654065999705,323.9752036853522,30200
2010-07-15,321.6397705078125,325.7219704286134,321.6397705078125,325.08413324185375,16100
2010-07-16,314.8492736816406,321.86554403324527,314.8492736816406,321.2865821665599,19300
2010-07-19,320.69775390625,321.9636357518693,315.8305279005567,315.8305279005567,24400
2010-07-20,320.0206604003906,320.0206604003906,316.3702333638273,317.9599301472504,18400
2010-07-21,312.4254455566406,322.4346602533045,312.4254455566406,322.4346602533045,20400
2010-07-22,321.97344970703125,323.82811601870173,314.5646669101789,314.9964401272826,25800
2010-07-23,322.84674072265625,324.03410180950806,321.8654436383929,322.74860502486786,14400
2010-07-26,325.5943603515625,325.5943603515625,322.98413646244535,323.7299018821315,20300
2010-07-27,324.5640563964844,326.24206626213356,324.0047097923297,325.5944065015569,13100
2010-07-28,319.3631896972656,324.64254354371064,319.08842767571525,324.564052943331,10800
2010-07-29,319.80474853515625,320.88418143454345,317.3515055578279,320.19726142216604,22600
2010-07-30,308.1764221191406,315.44783910764886,308.1764221191406,314.01515335557326,22800
2010-08-02,314.01519775390625,314.01519775390625,308.7456350080902,311.395120271045,25900
2010-08-03,312.543212890625,315.8796179650857,311.8072398618402,313.6226459888732,34400
2010-08-04,314.7020568847656,315.67353163124153,311.1105051640627,311.1105051640627,11000
2010-08-05,314.01519775390625,316.67450557477423,312.34698003710946,314.1329486615723,17200
2010-08-06,314.50579833984375,315.9090463526884,312.40580765196296,312.93571660213763,27200
2010-08-09,317.4495849609375,317.4495849609375,314.30942252819557,314.7215804518812,18400
2010-08-10,310.335205078125,317.2827753069137,310.335205078125,315.4870148066947,13500
2010-08-11,303.2208251953125,307.83293386794696,303.2208251953125,306.8712518615558,16300
2010-08-12,301.50360107421875,305.6642921211954,299.3447349950416,301.16014102342,18000
2010-08-13,300.5516662597656,304.20209256845953,299.7862557408529,299.7862557408529,14300
2010-08-16,301.1601257324219,301.2582614486413,299.77649299013103,300.27696418007895,6700
2010-08-17,302.7302551269531,304.1433258124324,302.66155712007634,302.7302551269531,12700
2010-08-18,302.4161682128906,303.4563408639497,298.3339682091732,298.3339682091732,6800
2010-08-19,300.7185974121094,303.8391159278524,300.7185974121094,302.2886492800522,12000
2010-08-20,298.02984619140625,300.46347469755864,297.3331333729034,300.46347469755864,12800
2010-08-23,297.51953125,301.25827157312636,297.43121808647936,300.64987203766157,7100
2010-08-24,291.6611328125,296.3419093198578,291.6611328125,295.125110467328,13900
2010-08-25,296.3125305175781,296.7050434564206,289.39439638667494,289.7770867693306,15200
2010-08-26,293.50604248046875,298.31439349146086,293.4079067564039,296.11629701713724,16000
2010-08-27,300.198486328125,300.198486328125,296.35178769534735,296.35178769534735,20400
2010-08-30,295.9200134277344,301.35640889223725,295.9200134277344,299.59005577199724,19000
2010-08-31,297.9022216796875,298.3143797230096,294.3891905161279,295.8316987475296,36100
2010-09-01,306.361083984375,306.8320876068863,295.3705402745018,299.19759444151794,23100
2010-09-02,306.16473388671875,307.2932197049511,300.34564853565865,305.8997944170932,23300
2010-09-03,310.6296081542969,311.6599881541007,305.9292162570316,308.4315120696165,14400
2010-09-07,305.19329833984375,309.4913855233963,305.19329833984375,309.1086651825069,13800
2010-09-08,306.33154296875,309.03011011783036,304.72220127628304,304.8890349675509,7700
2010-09-09,306.1254577636719,310.08990672847267,304.3100520039052,310.08990672847267,13100
2010-09-10,304.82037353515625,307.54837872786857,304.82037353515625,307.1460432565025,11700
2010-09-13,305.07550048828125,308.1273204018673,301.3269380018894,306.1647260044031,25800
2010-09-14,302.4554443359375,304.3297257064476,301.2582604742908,303.57410764613616,14000
2010-09-15,303.8096618652344,306.79281415816854,303.22087747301055,303.22087747301055,20200
2010-09-16,303.583984375,305.6643301573618,302.2396116730108,303.2209091135076,11700
2010-09-17,307.2441711425781,307.2441711425781,303.7114950971577,304.20214371605454,29600
2010-09-20,309.9918212890625,311.0222014560845,305.0362817395971,305.6741190162385,20100
2010-09-21,307.3030090332031,311.7286686178833,307.3030090332031,309.2557807148319,11300
2010-09-22,304.26104736328125,309.0203453971887,304.26104736328125,308.4806138982734,13300
2010-09-23,300.5223388671875,303.4564086089815,300.2868370662417,302.3966205579042,19100
2010-09-24,303.2208251953125,304.20212236422935,301.74887944193716,303.2208251953125,22600
2010-09-27,300.64007568359375,304.1629297095385,300.64007568359375,301.7587690793212,12900
2010-09-28,306.0077209472656,306.0077209472656,299.3349118418521,301.189548012012,18200
2010-09-29,304.74188232421875,305.9587114110813,303.50546801788414,304.95776894069286,6800
2010-09-30,302.6909484863281,306.4591264215513,302.6909484863281,305.7035383020906,21500
2010-10-01,305.53668212890625,305.67407811151696,301.7292741443498,305.4189312562765,21500
2010-10-04,303.2502746582031,304.9577222152723,301.5918799827545,304.9577222152723,16900
2010-10-05,304.92828369140625,306.59650091749774,301.5428263045464,305.5465057216262,17300
2010-10-06,301.8077697753906,304.03530367794383,301.699841455952,303.8096244839124,14900
2010-10-07,302.7302551269531,304.3886501682889,302.0138972269966,303.2209038386662,17400
2010-10-08,305.9095764160156,307.85255563299484,302.7301831035166,303.220831698498,11700
2010-10-11,305.19329833984375,307.3815722639021,305.19329833984375,305.2129135059848,7000
2010-10-12,307.29327392578125,307.29327392578125,304.69284181271786,305.18349051128905,15200
2010-10-13,305.6446838378906,307.87221801993087,304.34936416121764,307.87221801993087,29000
2010-10-14,306.488525390625,308.37262909342576,305.8114579088381,305.9095636662946,24900
2010-10-15,312.346923828125,312.346923828125,307.1460600299864,308.1862327896141,21700
2010-10-18,315.2417907714844,316.79222749190745,313.0240490573158,313.52452031591986,16800
2010-10-19,312.2684631347656,313.89742042964497,311.56192780140617,311.56192780140617,19400
2010-10-20,313.62261962890625,314.43708320237204,311.62076477375797,313.03383526600186,8000
2010-10-21,311.5618591308594,315.35947448058624,310.58056193674645,310.58056193674645,10600
2010-10-22,314.01519775390625,314.4960239424836,311.3166296482086,311.3166296482086,5300
2010-10-25,315.4870300292969,317.84213717234604,314.06413719974006,314.06413719974006,12000
2010-10-26,315.85015869140625,320.13842312171397,313.02401766220856,313.03384021823763,24700
2010-10-27,313.89739990234375,316.9590428310787,312.2488275479201,315.97774548485245,9800
2010-10-28,311.4146728515625,313.60294644470883,310.31562477749213,313.60294644470883,8900
2010-10-29,313.2301025390625,317.4496688479596,312.33711842411026,313.63240806910267,18800
2010-11-01,315.7815246582031,316.03667159210517,312.5628700444877,315.52640767112433,11800
2010-11-02,318.03839111328125,319.06874107340343,315.96783869240085,316.6154983618644,9800
2010-11-03,312.40582275390625,317.7244677851238,310.0997978445079,317.7244677851238,15200
2010-11-04,319.79498291015625,319.79498291015625,313.19084147710333,314.8295911540144,29300
2010-11-05,318.72528076171875,318.921552157155,316.95895799003404,318.921552157155,8400
2010-11-08,312.3076477050781,316.9589867197814,312.3076477050781,316.9589867197814,11300
2010-11-09,307.3324890136719,312.08196412381454,307.3324890136719,312.0623489596113,14000
2010-11-10,314.3389892578125,314.8198453572759,307.3423638110835,307.3423638110835,14300
2010-11-11,312.2389831542969,314.5253926344984,312.2389831542969,313.03383155340504,11200
2010-11-12,314.07391357421875,314.84914658475844,313.1416694509869,313.69122331881306,15400
2010-11-15,316.4193420410156,316.4880100958369,314.015151558171,314.5058002324806,12400
2010-11-16,312.36651611328125,316.14451613181336,311.6697735747684,314.31928785966426,21800
2010-11-17,312.5726623535156,314.3880685487318,311.55210466349445,313.13200906363664,7700
2010-11-18,313.2301025390625,315.359500858181,312.7590690656367,314.7707165031028,12500
2010-11-19,315.977783203125,316.0759189388258,312.21942709504356,312.21942709504356,5700
2010-11-22,314.9964294433594,316.0660398936456,313.72075494770485,313.72075494770485,10500
2010-11-23,312.9357604980469,315.7324643064428,312.2979231251761,312.2979231251761,16100
2010-11-24,316.3506164550781,317.05715168235014,314.45671992461826,314.45671992461826,14900
2010-11-26,314.50579833984375,315.9777443539148,313.5441161631294,315.0160621772004,2800
2010-11-29,315.64410400390625,315.64410400390625,312.572638557425,314.16233544679176,9700
2010-11-30,311.5618591308594,313.2693066656355,308.931989837872,311.80718342938763,38000
2010-12-01,309.10858154296875,314.88843574374914,308.9123101473919,314.88843574374914,19000
2010-12-02,314.1623229980469,314.1623229980469,308.2941843400374,308.2941843400374,14400
2010-12-03,310.5805969238281,313.14176851450975,309.95255227437565,312.0525428808131,14700
2010-12-06,307.86236572265625,310.5314951691556,307.450207742962,310.18803517721244,14600
2010-12-07,309.09881591796875,310.05067546288706,308.1371637642353,308.88292932179706,18400
2010-12-08,308.97119140625,310.07026931668275,307.862350835432,309.5305379420682,17400
2010-12-09,309.6581726074219,311.05162794558964,308.02921550098455,309.6287348863882,19300
2010-12-10,311.6795959472656,311.6795959472656,308.2548784772318,309.6973864853995,22500
2010-12-13,314.5155944824219,315.3202354762896,311.56188014593135,311.56188014593135,10000
2010-12-14,318.3819274902344,318.6076067078977,314.40765537567563,314.40765537567563,12800
2010-12-15,317.2142028808594,318.4800549482845,316.00719631408464,316.6646787399261,16800
2010-12-16,317.9403381347656,319.55947275627346,317.233802852149,317.233802852149,25300
2010-12-17,320.8841857910156,323.05284422730875,318.65665191821245,319.0393422555281,48400
2010-12-20,323.5337829589844,325.79075512722136,322.2973385824463,322.2973385824463,20000
2010-12-21,325.2412109375,325.2412109375,324.08328719883986,324.80943768803013,8500
2010-12-22,329.87286376953125,329.87286376953125,326.3401879305931,326.68364793310894,18100
2010-12-23,328.17523193359375,329.9513775592841,328.17523193359375,328.9406425902624,9400
2010-12-27,329.9121398925781,329.9121398925781,326.1144944665023,326.1144944665023,5700
2010-12-28,330.3046875,330.6285024425282,329.10750355868413,329.10750355868413,9000
2010-12-29,331.678466796875,331.678466796875,330.1966983829377,331.187818177353,2700
2010-12-30,330.81494140625,332.31632507929135,330.5205641946015,332.31632507929135,5700
2010-12-31,329.3233642578125,332.0219317048871,328.73457991636036,329.5196057404195,16800
2011-01-03,337.3306884765625,337.3306884765625,332.551776563922,332.551776563922,14900
2011-01-04,337.7723083496094,338.6358546963321,335.06394838112345,336.5849470962729,13400
2011-01-05,338.39056396484375,340.4120340466834,336.16302983107767,336.16302983107767,16700
2011-01-06,336.53594970703125,339.2835704025686,336.53594970703125,337.83123949388767,7800
2011-01-07,339.38165283203125,340.46108577390817,338.05689558276487,338.05689558276487,9900
2011-01-10,338.351318359375,339.0971139373018,337.76256389976845,338.4494540849157,3200
2011-01-11,343.6895446777344,343.6895446777344,338.2139191129709,338.6849525812537,8800
2011-01-12,345.7404479980469,345.7404479980469,343.86619659787823,345.0535578889863,15000
2011-01-13,342.5119934082031,345.4068022674639,342.5119934082031,345.0339045287217,12700
2011-01-14,340.92230224609375,342.51199899248996,340.8633968602871,341.56013946637654,16600
2011-01-18,338.8910217285156,341.66807985506335,338.8910217285156,340.5297714163392,10100
2011-01-19,334.13165283203125,339.0381381893298,334.13165283203125,338.54748965359994,16100
2011-01-20,341.48162841796875,341.48162841796875,333.6410727903761,333.6410727903761,13700
2011-01-21,336.4966735839844,342.816230833009,334.8677164101731,342.816230833009,13900
2011-01-24,336.7321472167969,337.5466407090335,335.60366136239753,335.60366136239753,20700
2011-01-25,335.7115478515625,337.51716092977495,334.6321449625339,335.70175524406295,27800
2011-01-26,337.1835021972656,338.3316330491024,334.4849350118744,334.4849350118744,5800
2011-01-27,336.3200378417969,339.0872734964539,336.00601551535635,336.00601551535635,10700
2011-01-28,334.8677062988281,336.80086319313654,334.30835964612584,336.5849765875401,10900
2011-01-31,333.64105224609375,336.4770155646564,333.64105224609375,333.64105224609375,8300
2011-02-01,337.00689697265625,337.3699721524531,333.9845147125937,334.5929141973143,27200
2011-02-02,335.1130065917969,336.53589956483654,334.74010885007255,334.74010885007255,22800
2011-02-03,340.6867980957031,340.6867980957031,334.1317391521426,334.1317391521426,7400
2011-02-04,344.3077392578125,345.4166098707628,339.5288267479657,339.7348907721558,5800
2011-02-07,353.4927062988281,354.15015866221296,343.4638475705064,343.8956207405566,14300
2011-02-08,356.57403564453125,356.97637117688646,352.51147993304835,352.51147993304835,8200
2011-02-09,356.7309875488281,356.8879987022058,353.3160623431994,355.76930546444595,9300
2011-02-10,358.1735534667969,358.3011269211667,355.6221742198611,355.6221742198611,13000
2011-02-11,359.2038269042969,361.1075458618042,357.3884510476964,357.3884510476964,11000
2011-02-14,357.682861328125,358.67398117157654,356.83896003526587,358.2716456900449,12500
2011-02-15,357.0940856933594,357.83005867704185,355.1903665131554,356.2305392676812,14600
2011-02-16,358.8309326171875,358.8309326171875,356.632806694937,357.08422493381664,10200
2011-02-17,361.3626708984375,361.3626708984375,356.4071323325945,357.3000863745596,6100
2011-02-18,363.32525634765625,364.0612291829317,359.9692070422031,361.362662120255,8100
2011-02-22,358.7623291015625,363.81600463306245,358.7623291015625,360.1361394479674,17700
2011-02-23,356.3384704589844,362.2164313255623,356.3384704589844,360.1557011385243,10100
2011-02-24,356.7997131347656,358.8996738365985,355.3081220357412,357.18240351892945,12200
2011-02-25,371.4209899902344,371.75462744442825,357.1921805982703,357.95759121596546,17800
2011-02-28,372.6475830078125,372.6475830078125,366.0238274178119,371.37190872475924,18900
2011-03-01,368.614501953125,372.89294345620414,365.28789000413684,371.91164623658256,18000
2011-03-02,363.6392822265625,367.1817504677714,363.21733165071095,367.15231275194014,12900
2011-03-03,371.8724365234375,374.1196158470114,365.042615331379,365.3468151150763,8500
2011-03-04,366.5144958496094,371.77423434730474,366.5144958496094,371.77423434730474,9700
2011-03-07,368.01593017578125,368.01593017578125,365.5332491712292,367.1327685832545,7500
2011-03-08,365.8276062011719,369.29158432780315,365.8276062011719,368.57525649464685,14200
2011-03-09,365.2093505859375,367.57425021591456,365.0425169043039,367.024726242126,6700
2011-03-10,360.1361389160156,361.9613376706534,360.1361389160156,361.4510738132623,6800
2011-03-11,356.7309875488281,356.7309875488281,353.2670094595006,353.2670094595006,23000
2011-03-14,356.7505798339844,359.1547699173478,355.5043431891678,355.5043431891678,6900
2011-03-15,348.36053466796875,354.25814090828663,347.55586371051385,354.25814090828663,23700
2011-03-16,344.6119689941406,347.3497967697214,344.0035694766374,346.8885858537405,13200
2011-03-17,346.8951110839844,350.08358419679155,345.91101147807234,347.38716088694036,15300
2011-03-18,357.72021484375,357.72021484375,350.3296170257637,350.3394676323934,13300
2011-03-21,357.8677978515625,359.8458475712309,354.2758404754314,359.6588662528376,15100
2011-03-22,354.2757873535156,357.8677441910504,353.9313465537891,357.8677441910504,16700
2011-03-23,354.60052490234375,354.60052490234375,352.2288717680023,353.82310799673957,12800
2011-03-24,357.1592102050781,357.1592102050781,354.54150203470294,354.54150203470294,5300
2011-03-25,361.2333679199219,363.0933001379811,355.063045564501,356.02747377199864,16300
2011-03-28,359.4029541015625,361.9812898724355,359.4029541015625,360.4362765502932,7800
2011-03-29,358.90106201171875,360.6921000892531,358.22203102536713,360.18037921457613,15500
2011-03-30,356.2440185546875,359.19631705099704,354.60055917751515,359.19631705099704,13600
2011-03-31,358.4090576171875,358.4090576171875,355.1221387880795,355.1221387880795,40800
2011-04-01,361.17437744140625,361.17437744140625,357.7890726619392,357.7890726619392,9100
2011-04-04,364.0872497558594,364.0872497558594,360.45592063173785,360.45592063173785,7100
2011-04-05,362.1977844238281,365.1599333284946,362.1977844238281,363.1326908984233,18300
2011-04-06,366.9411926269531,367.06913037300734,362.26671978708237,362.2962415721461,18800
2011-04-07,364.98284912109375,366.6755015632828,363.772395852301,366.54756381548333,23300
2011-04-08,364.6876220703125,365.5930069302361,364.10700690141005,364.96316876118715,8700
2011-04-11,369.106201171875,369.106201171875,364.3628344448066,364.3628344448066,12700
2011-04-12,369.0274963378906,369.0274963378906,367.06914776045454,367.6103905230382,10500
2011-04-13,364.94342041015625,369.8442462676099,364.94342041015625,368.9782339844617,18500
2011-04-14,366.01611328125,366.57705719397785,364.00857196043376,364.00857196043376,9300
2011-04-15,363.01458740234375,365.15991686250317,363.01458740234375,365.15991686250317,8000
2011-04-18,364.0872497558594,364.6678647876724,361.77461020044825,361.77461020044825,8500
2011-04-19,360.1508483886719,366.54749430696563,359.5407115831766,365.5437237591181,6900
2011-04-20,364.5596618652344,364.62852600378665,361.57784166268783,362.05019018913794,11100
2011-04-21,362.483154296875,365.88812967002576,359.8162534429879,365.88812967002576,9300
2011-04-25,357.9563293457031,362.1387520667764,357.25762713547095,362.1387520667764,4400
2011-04-26,354.2757873535156,360.38703627631116,353.56723457751536,359.45215985686,12700
2011-04-27,349.26678466796875,353.53777323060433,345.44847350194675,353.3212701222525,47600
2011-04-28,354.2659912109375,354.68917684657134,347.800479922354,349.2667786573044,10900
2011-04-29,351.825439453125,355.64375050928453,350.8314892980624,353.4393470970369,12000
2011-05-02,347.21002197265625,352.86859457312715,344.4348539417081,352.86859457312715,25000
2011-05-03,346.4916687011719,347.6627497769478,344.18887894769006,345.2025004635261,21000
2011-05-04,340.99053955078125,345.20248498520874,340.99053955078125,345.20248498520874,24000
2011-05-05,353.57708740234375,355.02371474441503,341.4824971768544,341.4824971768544,37200
2011-05-06,348.29254150390625,358.7731961729732,346.7573185075998,354.8564689774236,35300
2011-05-09,344.8874816894531,348.7648358896431,344.14940710869104,348.7648358896431,9000
2011-05-10,347.92840576171875,348.80426883179973,343.785354804824,344.44471475900133,18200
2011-05-11,343.4802551269531,348.6369270143572,342.9390124025274,347.6528274918856,14000
2011-05-12,344.0412292480469,344.8678693155707,341.12830281501,342.2107883588367,13000
2011-05-13,343.4605712890625,346.4030191424544,343.4605712890625,344.6513232583115,11200
2011-05-16,341.5908203125,346.4129326970101,341.39401839889734,342.00415538604085,13900
2011-05-17,338.1661071777344,341.0593620349243,338.1661071777344,340.1244555213541,35400
2011-05-18,388.896484375,391.3665840553736,359.8655453049776,359.8655453049776,87900
2011-05-19,389.7034606933594,390.4120136413681,386.90862129630773,389.85106963412414,32100
2011-05-20,386.3082580566406,393.3937866776521,385.5603628366641,388.1190276182702,65600
2011-05-23,384.3302001953125,389.64433111629495,381.2696353480622,385.9047652913932,32100
2011-05-24,388.31585693359375,393.63983936488415,383.8185145610892,384.6845270128658,62800
2011-05-25,385.7670593261719,388.15841424637665,382.99189113040114,387.68606563932644,79200
2011-05-26,395.6080322265625,398.4914367959756,385.8457511524156,388.6996639679784,51600
2011-05-27,400.72528076171875,404.0810332292247,395.3127341553378,395.6276231333202,33500
2011-05-31,402.98870849609375,403.323298691698,394.91908131913715,399.05231085510627,248200
2011-06-01,399.7806091308594,407.3975604042091,397.3597325406437,402.4967336184365,43900
2011-06-02,399.40667724609375,401.3945777981767,395.8245700677383,400.21364618243757,36400
2011-06-03,399.5444030761719,400.81389985953143,388.71930841154654,388.71930841154654,18800
2011-06-06,388.65045166015625,397.57624232810497,388.65045166015625,397.57624232810497,32600
2011-06-07,395.53912353515625,396.2870488008777,388.72917149117086,389.06376173311605,27000
2011-06-08,396.2181701660156,397.14322617863905,393.63983405810876,395.4112012984359,31600
2011-06-09,395.9623107910156,397.3695960796672,394.7026644720179,396.336273453776,10000
2011-06-10,396.5921325683594,397.30068547051934,394.14173421321004,394.14173421321004,16700
2011-06-13,396.2574768066406,397.2710980098545,395.3225703429492,397.2710980098545,16800
2011-06-14,395.6080322265625,399.6625177019197,395.6080322265625,397.5762313918688,18400
2011-06-15,393.5414123535156,396.39529510234723,393.2658656749871,393.2658656749871,18800
2011-06-16,398.5406188964844,398.5406188964844,393.54137671151784,394.1416930121468,25800
2011-06-17,390.9925537109375,401.53225050934424,388.7291369678332,400.32182739528656,31500
2011-06-20,390.5989685058594,391.9767019135233,389.12281913357606,390.69738447047877,18400
2011-06-21,392.1735534667969,393.63985230628987,389.07361560401495,392.01609392199384,20400
2011-06-22,391.8191833496094,395.3127543571133,390.9433504708122,391.62238148235434,23500
2011-06-23,395.3520812988281,401.30590065740205,388.22721129006084,389.7132109867132,41800
2011-06-24,396.5921325683594,399.5345807157771,394.6042622192358,396.8184862844438,35800
2011-06-27,399.5935974121094,400.49898218321607,395.19467136380223,395.19467136380223,6000
2011-06-28,400.4104309082031,401.2961144993883,399.86915813468136,400.62693401114484,3700
2011-06-29,416.8646240234375,416.992561785038,401.9062971052662,402.98881274303386,12800
2011-06-30,413.479248046875,421.43075876424444,410.65488729713735,416.87437329034714,30700
2011-07-01,423.65484619140625,423.65484619140625,411.3831238936975,415.88046593791466,21900
2011-07-05,409.18853759765625,422.1786622966394,408.1453945875751,422.1786622966394,23700
2011-07-06,408.40130615234375,413.430040349928,406.2854981630816,406.2854981630816,8300
2011-07-07,412.3376770019531,413.4398636006992,408.70634756323955,409.53298751229914,6100
2011-07-08,410.1136474609375,411.8653435039376,408.4013238100092,409.464138137263,6800
2011-07-11,409.62158203125,412.3967499357941,407.14166200746655,408.5095447482872,15200
2011-07-12,410.1136474609375,410.96980928640164,407.43689541443143,408.2832366661294,6100
2011-07-13,409.7298278808594,412.0916606458556,408.29305103727273,412.0916606458556,10200
2011-07-14,409.8971252441406,412.0326344375309,409.8085598903596,410.3695038299738,4500
2011-07-15,409.4936828613281,412.3377452091999,408.8442035336082,412.3377452091999,5500
2011-07-18,414.52239990234375,415.67380955187815,408.755561113819,409.8774489791261,6600
2011-07-19,417.55340576171875,419.9250891601708,415.8509328477193,415.99854176622597,7700
2011-07-20,415.8215026855469,422.4149527677487,415.8215026855469,419.2264792961269,7500
2011-07-21,424.4618225097656,424.4618225097656,414.34528039912215,415.31952933729815,7900
2011-07-22,420.04315185546875,423.80241893382373,420.04315185546875,422.32626976997733,3700
2011-07-25,419.5019836425781,420.82067352582067,415.98874080121345,415.98874080121345,8400
2011-07-26,418.69500732421875,420.28924387072993,417.25823031755687,417.25823031755687,5800
2011-07-27,413.13482666015625,419.3740141576262,413.13482666015625,415.5360319471743,10700
2011-07-28,414.42401123046875,419.2264219965419,413.33167510980184,413.81387429470857,6800
2011-07-29,414.689697265625,420.82061784928453,411.8456353325162,414.55190892191746,14900
2011-08-01,417.2582092285156,421.1454144642152,416.3134820695048,418.24230877858287,7700
2011-08-02,418.6261291503906,431.28163516433534,415.8804829498741,415.8804829498741,34300
2011-08-03,414.3255615234375,421.5193264805236,411.35359183901573,420.5057051947495,13300
2011-08-04,398.56024169921875,414.5912287188395,397.6548570717513,413.99091249107397,14900
2011-08-05,396.7397155761719,401.06974745873794,390.25450334170495,400.8729455740914,13000
2011-08-08,371.0054931640625,398.4913836328871,371.0054931640625,391.6715816426973,29700
2011-08-09,406.8169250488281,406.8169250488281,374.16447934316534,374.16447934316534,36600
2011-08-10,384.78289794921875,405.35057114259536,384.78289794921875,401.5125891644022,17500
2011-08-11,404.7109680175781,405.01603649665793,385.33404413106143,387.7253989957205,15900
2011-08-12,398.56024169921875,414.84707413103297,398.56024169921875,408.4012353214217,10200
2011-08-15,402.7821350097656,407.25977619146863,399.61333308611324,399.6625260533395,12900
2011-08-16,396.5921325683594,404.53382342333254,396.0213680235558,399.43619478319215,8200
2011-08-17,403.50048828125,407.67309081180287,400.5285184400919,400.5285184400919,17300
2011-08-18,394.7321472167969,400.1545452258227,393.62996055073256,397.08415950397654,20900
2011-08-19,401.5716552734375,402.8805244777359,391.4354420399295,391.4354420399295,10700
2011-08-22,391.5240478515625,409.1295747975438,388.7488796584975,409.1295747975438,15900
2011-08-23,395.44073486328125,396.45435626487915,392.16369636136557,392.7443115300152,20200
2011-08-24,397.2809753417969,399.50501976282067,392.3702984744029,395.5292794543476,11300
2011-08-25,389.4573669433594,396.5920881318353,389.38847277240046,396.5920881318353,7500
2011-08-26,388.5323791503906,392.4786283444054,385.8162545148754,388.4733355741697,11900
2011-08-29,393.63983154296875,398.38319872082207,389.70343322753905,390.018352300534,43400
2011-08-30,391.671630859375,395.37185487181097,391.671630859375,392.10463707497223,41600
2011-08-31,393.63983154296875,397.83210535924877,392.66558257024735,393.55126618475185,24600
2011-09-01,389.8116760253906,395.9229561315135,389.7034394854994,393.9449063358986,16200
2011-09-02,387.44000244140625,389.72309055865065,385.7670212038638,387.08571098879275,16800
2011-09-06,385.6784362792969,387.1349143419884,384.2908523889421,384.8025733141581,21000
2011-09-07,386.5542907714844,389.8412096930652,386.35748888111726,388.38473154914124,17900
2011-09-08,384.2908935546875,387.7352421524888,384.2908935546875,387.3908012862414,19900
2011-09-09,383.9464416503906,386.82002561217183,382.8147331501157,383.7988327211957,22800
2011-09-12,387.4891662597656,389.68371888920666,380.6004699707031,380.6004699707031,16800
2011-09-13,387.7352294921875,389.7034286266656,387.1053913536335,389.7034286266656,8100
2011-09-14,395.9228820800781,397.3301370294758,387.24311807083274,388.7192671867317,12400
2011-09-15,401.80780029296875,403.9531599552265,393.8464392102095,398.56028406536905,17600
2011-09-16,400.5481872558594,406.8070759985869,397.7435275696434,400.75486978424135,22600
2011-09-19,393.63983154296875,398.0682796478271,389.70343322753905,389.70343322753905,7900
2011-09-20,396.5921325683594,403.7957487349299,392.7935225875683,393.6398338147487,31600
2011-09-21,390.95318603515625,398.70789467186154,390.68748998962417,395.21435356272104,12600
2011-09-22,387.7548828125,389.4180134071196,383.80866415161626,387.735211633702,26900
2011-09-23,387.2431945800781,391.82910234340744,386.05244246704365,388.03046225116907,18000
2011-09-26,399.4853515625,399.4853515625,386.3968402867038,388.2272509326152,12900
2011-09-27,392.0849609375,403.94334865365937,390.80561348674433,403.94334865365937,22000
2011-09-28,389.7034606933594,395.5391643995165,389.3294980218634,395.5391643995165,13800
2011-09-29,398.4619140625,399.49523664123075,390.4415084894115,396.4248207234903,13200
2011-09-30,399.29840087890625,399.8003012703953,393.6398283464264,396.59212705902456,27300
2011-10-03,397.4777526855469,400.90242950423783,394.37784549597484,399.0621683803341,21100
2011-10-04,407.86004638671875,408.145413616059,389.08341126519366,397.0841449386475,28100
2011-10-05,400.2628479003906,407.86009814238713,394.6239462852223,406.9153408871,13000
2011-10-06,405.891845703125,405.891845703125,394.6534163396877,397.221931619324,14000
2011-10-07,391.8782653808594,401.9554649887253,388.74883608362995,401.9554649887253,13200
2011-10-10,399.6034851074219,400.8828025870819,393.7579310232868,394.5747505174366,19500
2011-10-11,394.46649169921875,399.4066610253419,391.34691269328107,398.47178439715935,10600
2011-10-12,399.5640563964844,400.23326686132486,394.5845154759019,395.60798733477634,15900
2011-10-13,404.5830078125,405.22266652242104,397.31052765376313,397.31052765376313,19500
2011-10-14,413.7646789550781,415.47700260785194,406.9251748854239,408.89337403843683,17300
2011-10-17,408.18475341796875,415.24075942504857,408.18475341796875,410.4088277022129,14700
2011-10-18,410.3695068359375,415.2900045198216,408.18480466299957,408.18480466299957,18400
2011-10-19,407.26953125,411.6586060415909,406.4822337327291,409.3754882899995,13000
2011-10-20,408.40130615234375,409.34603329487146,406.7283249334847,408.40130615234375,11200
2011-10-21,414.0599060058594,414.0599060058594,408.16515902208914,411.3634827167274,44700
2011-10-24,416.8743591308594,417.2581723369718,412.8297247532068,412.89861892338064,17900
2011-10-25,408.40130615234375,416.26425180984546,407.9289275649127,415.3391958463354,7200
2011-10-26,411.3536071777344,412.81008530665486,410.4777441727684,410.8320356235153,15500
2011-10-27,428.9197692871094,428.9197692871094,411.8456371066858,415.0439604533924,14300
2011-10-28,422.7101135253906,427.0991889474562,418.23244271863797,427.0991889474562,7000
2011-10-31,413.32183837890625,425.99704622769997,413.32183837890625,419.26580846369535,6300
2011-11-01,409.04095458984375,415.38840843086865,404.1204570486876,408.2044640013805,20800
2011-11-02,417.7994689941406,417.7994689941406,410.3695291012844,413.695790521236,15200
2011-11-03,423.3891296386719,424.1960683868349,417.5533969039479,421.2437699499962,10300
2011-11-04,417.7895812988281,422.1294633981239,417.6714941721531,418.8327242942328,4300
2011-11-07,421.1847229003906,424.4913127391154,416.5594734069967,416.5594734069967,11100
2011-11-08,421.53900146484375,422.8380199344337,419.226361772543,420.73203271564404,10500
2011-11-09,419.7184753417969,420.9977927964928,416.81536953693205,417.17951161257383,18500
2011-11-10,422.6707458496094,423.15294500635514,418.1045096395786,423.15294500635514,7700
2011-11-11,422.1590270996094,424.1468973381385,420.83048672793024,423.17264841399646,6600
2011-11-14,416.27410888671875,423.1332839389351,416.2249159222429,423.1332839389351,7900
2011-11-15,414.8274841308594,416.27411167769935,407.3680227197512,416.2249187128937,19400
2011-11-16,412.2392578125,417.55338889035545,411.7472080824702,415.0439472801363,19500
2011-11-17,414.42401123046875,417.3861605830923,412.5443774246791,413.54817821916856,12100
2011-11-18,416.46112060546875,418.3407544836173,416.323332243142,416.68747432971827,5300
2011-11-21,409.3853759765625,417.88800973928744,409.3853759765625,413.32177382249097,11100
2011-11-22,406.7381591796875,416.19537092726375,406.7381591796875,413.3217871925556,20100
2011-11-23,400.9615783691406,409.8775191195502,400.9615783691406,406.5709585909152,11400
2011-11-25,405.44903564453125,406.6299671787606,399.25904074469037,402.4770656609139,10900
2011-11-28,410.9599914550781,412.5837497589323,406.4429779775189,412.5247061865984,18600
2011-11-29,405.17352294921875,410.07435018538393,401.315838975124,410.07435018538393,20600
2011-11-30,417.6518249511719,417.6518249511719,405.12425744215113,411.2551781528103,37500
2011-12-01,415.7918701171875,418.24226814846406,411.6980127827251,411.8357710895378,10700
2011-12-02,418.8130798339844,420.2105144310976,415.7919169927432,417.42552587520805,10000
2011-12-05,423.8516845703125,431.0257486051307,418.68516197703127,418.7835479053213,12200
2011-12-06,427.00079345703125,429.067408541335,422.7494761462924,425.1113391182597,16800
2011-12-07,431.50799560546875,431.50799560546875,428.5753680389346,428.5753680389346,9400
2011-12-08,430.31719970703125,433.00380229198345,427.44364583720113,427.44364583720113,16800
2011-12-09,433.0037536621094,433.0037536621094,428.5064120129047,432.0196542219682,13500
2011-12-12,430.0711975097656,432.60034069616813,429.2150356606911,432.60034069616813,8500
2011-12-13,431.960693359375,431.960693359375,429.5594878631202,431.0454879125822,7500
2011-12-14,430.0514831542969,433.702483904288,427.09918464294014,429.5594334024041,18000
2011-12-15,422.82818603515625,433.24979592088954,422.82818603515625,431.0847650527016,14500
2011-12-16,420.26953125,426.83348814769687,415.3490337361543,426.83348814769687,21300
2011-12-19,415.7820739746094,424.00913207607687,413.3907191947764,419.03944119298336,26200
2011-12-20,432.6987609863281,434.3815629145073,418.50803136104315,418.50803136104315,14500
2011-12-21,438.1309509277344,438.1309509277344,430.55340243494265,430.55340243494265,14600
2011-12-22,441.2898864746094,441.2898864746094,433.77135229701594,439.1051845047553,7400
2011-12-23,440.6305847167969,442.3527589730881,437.74718016973844,442.0968834732346,6600
2011-12-27,445.50189208984375,445.50189208984375,441.2702458744389,441.2702458744389,6800
2011-12-28,440.6797180175781,445.33451918885197,439.89245047708425,445.33451918885197,5400
2011-12-29,442.84478759765625,444.8129866536458,440.75850140348075,441.11276281803845,5200
2011-12-30,446.2497253417969,446.5744949763314,442.8447496755665,442.8447496755665,5000
2012-01-03,448.5919189453125,450.22552774275096,445.9053164599287,448.7493784714633,12100
2012-01-04,445.51165771484375,450.2255025329301,445.51165771484375,446.0726016142838,9100
2012-01-05,445.541259765625,447.0272598269111,443.3467367971873,445.3542784321253,7700
2012-01-06,438.07183837890625,444.812925221135,434.5782975499466,444.812925221135,11000
2012-01-09,444.2323303222656,446.0430696819042,436.4579507788432,437.92424932917237,6500
2012-01-10,452.6661071777344,452.6661071777344,446.0135848245839,446.0135848245839,6500
2012-01-11,452.6661071777344,452.6857783564575,450.53059800908676,452.6857783564575,5600
2012-01-12,455.4805908203125,455.4805908203125,450.6191370815071,452.016571530031,8900
2012-01-13,446.2596130371094,453.39433459710153,445.8955010178418,450.7175826864042,12800
2012-01-17,432.94476318359375,449.6843063232517,429.5988306833203,448.13926280502574,17400
2012-01-18,441.99847412109375,443.3368350566879,431.04544162628446,431.25209411703537,7900
2012-01-19,442.5200500488281,448.10972818636674,440.73880226503286,441.97877728648484,8600
2012-01-20,443.1400451660156,444.94096428178693,439.45952221174144,441.8607276778786,7400
2012-01-23,441.8607177734375,443.5238484901382,440.87661817928733,441.88038895367947,3600
2012-01-24,441.4178161621094,442.4806604340763,438.29823758323704,439.8924739588542,4000
2012-01-25,439.50872802734375,440.7191814023062,434.6473034109116,440.0696720327413,13600
2012-01-26,446.5351867675781,448.1589450766294,439.8826639615307,441.6146888417646,9200
2012-01-27,449.89093017578125,450.7175701503429,443.5238052214907,443.5238052214907,9100
2012-01-30,447.41107177734375,453.5419932731799,446.6434452321915,448.3557990164226,6100
2012-01-31,444.0650634765625,447.94241803756256,437.08780139436385,447.94241803756256,9300
2012-02-01,446.1710205078125,447.78492801454354,440.94545474819296,445.13769804955876,8300
2012-02-02,451.18994140625,451.18994140625,445.70850008269014,445.70850008269014,5300
2012-02-03,464.987060546875,465.4495885597177,457.39966104732304,457.39966104732304,18300
2012-02-06,464.9968566894531,466.4631553099332,463.9832354224569,464.97715547908456,5500
2012-02-07,465.1937255859375,465.4791228864022,453.67977798637384,455.6381266308757,10200
2012-02-08,460.656982421875,465.7644612346218,460.01732375269546,462.5267654672974,8600
2012-02-09,467.30950927734375,468.34283184940807,459.87956950684475,459.87956950684475,10000
2012-02-10,459.60400390625,467.3587130350161,458.19674878117553,465.508601106955,14000
2012-02-13,460.55853271484375,464.50478103499,457.3011660078445,461.45406679900236,13500
2012-02-14,458.265625,460.0566632561279,455.2050599540765,458.83638949281,8900
2012-02-15,463.2156677246094,470.1535575021308,460.5782581201172,461.56235766486265,11900
2012-02-16,470.96051025390625,471.37381523047804,465.2133727127302,466.0596838767902,9300
2012-02-17,473.3518981933594,475.3200973542465,466.8863567420845,470.330705273637,12500
2012-02-21,476.17626953125,476.7470641184185,473.0862123983256,474.0112684266307,10700
2012-02-22,474.0998229980469,478.57746407153326,469.41549938959776,472.5449288444345,10500
2012-02-23,488.260986328125,496.0156955968612,485.2201223187554,485.2201223187554,34500
2012-02-24,490.5244140625,491.31168165963703,487.42447657198034,487.42447657198034,9000
2012-02-27,490.39642333984375,492.03003195813034,488.6840699509505,488.6840699509505,4800
2012-02-28,488.1723937988281,490.0815492244982,487.96574131363013,490.0815492244982,11100
2012-02-29,488.329833984375,490.0913804222896,488.16252386237994,490.08152981736873,11000
2012-03-01,490.7015686035156,490.7015686035156,487.48354382033875,487.48354382033875,4200
2012-03-02,489.04827880859375,490.21935966472074,488.2708317623158,489.9930059586986,3800
2012-03-05,490.27838134765625,490.49488443825834,489.0974499384932,489.1073005438084,5200
2012-03-06,488.41845703125,490.00287296175657,488.2806987077435,488.41845703125,10600
2012-03-07,490.5736083984375,490.5736083984375,488.6939747202525,489.3926769670925,8100
2012-03-08,490.08154296875,490.08154296875,489.1761582293604,490.08154296875,7800
2012-03-09,490.8491516113281,491.06565470447515,489.12697747158296,490.0815551960493,11400
2012-03-12,489.2648010253906,490.18982700012805,489.2648010253906,490.1111122480165,12300
2012-03-13,491.8529357910156,491.8529357910156,489.8847367201715,490.5244254440634,18400
2012-03-14,491.134521484375,491.85289486476444,489.7567882558899,489.7567882558899,17100
2012-03-15,490.9180603027344,491.73484970465614,490.21935804014254,491.73484970465614,4700
2012-03-16,490.7704772949219,491.0460239786875,490.0914461755823,490.27842750017356,7600
2012-03-19,491.9514465332031,491.9514465332031,490.4064027571532,490.7115013016638,8100
2012-03-20,490.78021240234375,491.65607529999073,490.57355993359084,491.65607529999073,15400
2012-03-21,491.1837158203125,491.84307567025564,491.12467225552143,491.8037032829509,3400
2012-03-22,491.5584411621094,492.53464588904035,491.2231792366242,491.2231792366242,6400
2012-03-23,498.3624267578125,498.3624267578125,492.05155115827614,492.05155115827614,3200
2012-03-26,504.5056457519531,504.5056457519531,497.96796253787335,497.96796253787335,6100
2012-03-27,495.5028076171875,511.5758219764749,495.5028076171875,502.4644963973939,23700
2012-03-28,503.1448974609375,508.5880521126438,494.0335717597818,499.20059645193453,23800
2012-03-29,495.5028076171875,499.87111370390033,494.0236947586288,499.4471085733442,9300
2012-03-30,494.7336120605469,498.58916940372404,493.4221453873266,495.99578701465254,60300
2012-04-02,504.1308898925781,504.9887704062797,493.7771014449066,493.7771014449066,20700
2012-04-03,500.9261779785156,504.29856824424434,496.4198073047859,502.75042303101765,26500
2012-04-04,494.082763671875,501.12335399508305,494.082763671875,498.95397684133263,21300
2012-04-05,502.4053039550781,502.78988771954363,495.0097401088306,495.84791002993063,16600
2012-04-09,502.9377746582031,503.60829853360843,498.2144662945131,498.2144662945131,11100
2012-04-10,498.2440185546875,505.46206531822224,497.1199086041251,501.91221908055286,10500
2012-04-11,503.8252868652344,506.59615588955086,499.4964021057263,499.4964021057263,14200
2012-04-12,508.1541748046875,508.1541748046875,502.8983768768283,502.8983768768283,5600
2012-04-13,508.0751953125,510.2445725697097,505.8565263373362,507.96674149595145,10500
2012-04-16,514.2874755859375,514.3959294065307,509.31767856291447,510.68833744759297,6900
2012-04-17,515.7174072265625,517.6796875402872,514.7313318781369,514.7313318781369,7700
2012-04-18,517.24560546875,520.6278353412595,515.8157847473377,517.4428324967446,22100
2012-04-19,512.4632568359375,518.6755181147101,512.3350622542831,516.2300710528408,6400
2012-04-20,510.5601501464844,517.0583516872475,506.12281196738473,514.2776125394483,13700
2012-04-23,510.7868347167969,513.9718376122214,504.09137724119716,508.0258368364568,25900
2012-04-24,514.662353515625,515.0568077705906,509.3572627682653,513.6565372951513,17300
2012-04-25,511.3786315917969,519.9082070957315,509.8009351702099,517.6895376486658,18100
2012-04-26,515.3919067382812,516.871019534855,511.27999001567713,512.650648984963,5100
2012-04-27,523.3297119140625,524.3355277056344,513.9423185386181,515.5693062297121,14700
2012-04-30,515.7174072265625,524.4244694050337,515.4018558928348,521.3479191327671,16000
2012-05-01,518.8038330078125,518.8038330078125,513.6466781438776,517.4923359295751,4700
2012-05-02,516.0328369140625,518.4782839423999,512.9858383241915,515.7172856547207,6200
2012-05-03,516.1610717773438,519.4841403627046,515.0862233355363,517.9261247060009,11000
2012-05-04,516.4470825195312,518.3107793334177,508.81486911248584,516.1611423411816,9500
2012-05-07,521.9000854492188,521.9000854492188,511.55616533726817,515.0172390326503,12000
2012-05-08,533.4666137695312,533.4666137695312,520.1348595413725,520.6476378379159,21700
2012-05-09,532.0367431640625,536.4346592394173,529.6208474271855,532.3917157122328,14000
2012-05-10,540.043701171875,542.321532110522,533.082013785709,536.2768872907988,14400
2012-05-11,531.5142822265625,540.36921840761,529.8182015585857,538.3082947245068,6000
2012-05-14,527.5601196289062,532.0270091346081,527.5601196289062,531.4551288332947,6600
2012-05-15,530.8733520507812,536.3165069415039,530.8733520507812,531.2874868230398,11000
2012-05-16,531.474853515625,535.3797334260174,529.2660544417605,530.6564543383387,6700
2012-05-17,525.8837280273438,530.9915900062389,524.2271290221818,530.0055148708865,4500
2012-05-18,517.7879638671875,529.561701898324,517.2949263620063,529.413826757915,11000
2012-05-21,516.1314086914062,518.4092397504381,504.89018873440034,507.82867325434046,12300
2012-05-22,518.7742309570312,520.8745763215888,513.4198488904983,516.7034967426646,11000
2012-05-23,511.7730712890625,515.9244698924165,507.7893488170123,514.7904592441657,12000
2012-05-24,522.6198120117188,522.6198120117188,506.5467996416156,508.1244957547213,8300
2012-05-25,514.0112915039062,530.015268155637,512.6701838753279,523.7635266971901,6100
2012-05-29,516.6638793945312,524.5721599797076,514.0310158074483,518.1824132299835,4800
2012-05-30,509.9488525390625,514.7411639310883,509.081101482244,514.731293548697,6900
2012-05-31,507.8485412597656,511.81252320366,506.7244009268312,506.7244009268312,21200
2012-06-01,506.349609375,510.5305585452621,505.4818583941622,507.55259221623913,6500
2012-06-04,505.4128112792969,505.95514058030915,496.70578085624703,505.95514058030915,7700
2012-06-05,505.1860656738281,505.6100707976589,498.7568359579872,503.74637418097416,4300
2012-06-06,510.7868347167969,510.7868347167969,500.93595539118274,505.18593610660986,6500
2012-06-07,507.5329284667969,511.7532991178496,507.5329284667969,508.3611979489894,3000
2012-06-08,504.8902587890625,507.6315166335693,501.51786825993497,507.53293318461976,8400
2012-06-11,500.2556457519531,506.84262044523706,497.9679442117602,506.84262044523706,5700
2012-06-12,505.9058532714844,505.9058532714844,497.9778305817174,499.10194062588545,5400
2012-06-13,498.8751525878906,503.82523900217876,493.1263176177531,503.7956579514158,11500
2012-06-14,494.31951904296875,502.316605102185,494.28993798867987,498.96395521472226,4900
2012-06-15,495.38446044921875,501.91227341436525,493.1263398305153,493.89547727762204,10200
2012-06-18,496.78472900390625,499.44714437722394,493.28417369142403,493.28417369142403,5300
2012-06-19,502.8096008300781,502.8096008300781,496.9917632613196,496.9917632613196,3200
2012-06-20,501.91229248046875,504.7620643419607,499.50626650989085,504.42677228197397,5400
2012-06-21,493.5700988769531,501.8334140325645,493.5700988769531,501.8136732688896,4400
2012-06-22,494.0236511230469,497.9383706799625,493.47145144536927,493.6193566996355,8300
2012-06-25,488.156494140625,494.01378297707333,488.156494140625,493.0572888716567,5200
2012-06-26,493.62921142578125,495.9760750277951,489.2510354825978,489.2510354825978,3600
2012-06-27,501.0050354003906,501.0050354003906,493.04743202583563,494.2109934490879,5300
2012-06-28,500.5712585449219,500.5712585449219,496.01556557397663,499.92044526335826,2900
2012-06-29,514.4848022460938,514.4848022460938,500.0880964426266,500.5515530503676,21900
2012-07-02,517.7289428710938,517.7289428710938,511.47725930535523,512.7394043662665,5800
2012-07-03,515.8258056640625,519.3559718841141,515.2834763177343,517.0880108633963,2900
2012-07-05,513.3013916015625,521.604127258841,497.04102250485386,503.1448299041436,5500
2012-07-06,514.366455078125,514.7214277358133,512.167526454642,513.686060724926,3100
2012-07-09,513.5972900390625,516.7428726173878,511.09268047248827,512.8183122276923,2500
2012-07-10,515.3524780273438,516.5554608624323,512.2068957842029,514.7312458468463,4500
2012-07-11,527.5995483398438,528.6152347321558,514.7312784164831,514.7312784164831,8700
2012-07-12,526.4359130859375,530.0646622610981,522.6296776135691,528.4474846395406,11500
2012-07-13,527.2445068359375,531.3071315040806,525.1540324022425,526.6134043164544,10500
2012-07-16,523.6355590820312,525.9725525659089,521.6436678550826,524.0102122995728,6200
2012-07-17,527.25439453125,527.25439453125,522.6691210114828,522.6691210114828,800
2012-07-18,527.5502319335938,528.8321176563817,524.365228297276,526.5740271153572,10900
2012-07-19,526.5641479492188,529.4040492923044,520.7956322002807,526.8106667450751,6900
2012-07-20,521.6337280273438,526.633136007794,521.6337280273438,525.2624771739999,2300
2012-07-23,523.5468139648438,528.9702280296456,515.1257527018265,519.7109666636399,7400
2012-07-24,515.20458984375,524.52301321908,515.20458984375,521.8605979425203,8300
2012-07-25,518.054443359375,521.5353185129454,510.9842993847677,513.1141958300562,4500
2012-07-26,525.518798828125,526.1400308763008,520.963137264996,522.6197359983847,4800
2012-07-27,520.5786743164062,526.7416443306439,517.7880646420883,526.7416443306439,6600
2012-07-30,503.57879638671875,519.5729088327416,502.7997884752948,519.5729088327416,14200
2012-07-31,503.4801330566406,507.69066332980174,501.86298537584383,504.05207352485223,7000
2012-08-01,506.0340270996094,509.7909709308802,503.9632633117328,506.3988700822466,2100
2012-08-02,505.84674072265625,506.8525567525568,500.92623477839163,502.8983853090152,4400
2012-08-03,503.68719482421875,508.3809223564819,503.68719482421875,507.2371016180265,4400
2012-08-06,509.30780029296875,510.7277508754453,505.3931109492396,506.3298341665356,2300
2012-08-07,509.76153564453125,511.72381596539964,504.22963727155695,510.7179998470598,5400
2012-08-08,508.2725524902344,508.2725524902344,503.39146745823894,506.7244069645563,3100
2012-08-09,506.42852783203125,508.78520186467597,501.92215685891597,507.8287377911568,4700
2012-08-10,515.7174072265625,516.1019910569115,504.0817301521936,507.40479926156667,5600
2012-08-13,516.3977661132812,517.2556467925966,512.7591459203974,514.7312964816297,3500
2012-08-14,509.3276672363281,517.6895670795863,509.3276672363281,517.6895670795863,1400
2012-08-15,508.25274658203125,510.6489021592968,506.8130550851892,509.80089190928624,1100
2012-08-16,510.6686706542969,512.7591454323929,507.84850979888085,511.7730701527152,2800
2012-08-17,515.7174072265625,517.6895579234135,509.1994636179327,509.7220522562615,8200
2012-08-20,522.6198120117188,522.6198120117188,514.336756954792,514.336756954792,6700
2012-08-21,514.8101806640625,522.6198797511129,514.8101806640625,522.6198797511129,2800
2012-08-22,512.7590942382812,515.8356439888908,512.7590942382812,515.8356439888908,2100
2012-08-23,508.3019714355469,510.7868999377666,508.3019714355469,510.7868999377666,1200
2012-08-24,504.6338195800781,507.8286933806387,504.1013305824431,506.9116507293852,4300
2012-08-27,506.3298645019531,507.0792912688891,503.39137972289075,504.7718789572784,4100
2012-08-28,504.7621154785156,508.8148706432461,503.89436437267517,508.8148706432461,2000
2012-08-29,505.2353515625,505.4621296019807,503.57875242855454,505.22548118073917,3800
2012-08-30,509.35711669921875,509.35711669921875,504.88035709698556,504.88035709698556,1500
2012-08-31,513.0943603515625,515.7172937195633,508.7161843607589,508.7161843607589,4100
2012-09-04,521.0125732421875,522.4325240047317,515.2243163593442,515.2243163593442,4000
2012-09-05,520.2631225585938,522.3437267890564,519.6616311302095,520.8153222639595,3300
2012-09-06,522.3733520507812,522.7678062160969,521.9099255825282,522.7678062160969,5900
2012-09-07,521.5648803710938,522.6199883244717,520.6774485775533,522.6199883244717,3400
2012-09-10,520.115234375,520.8843417165037,512.157600476707,520.8843417165037,5800
2012-09-11,527.1361083984375,527.4417893094819,522.4522510995371,522.4522510995371,5200
2012-09-12,527.1854248046875,530.3605582754655,524.7004958725948,527.5995595649503,9000
2012-09-13,515.3131103515625,523.5172037705908,513.0648298098631,522.9255826729114,8300
2012-09-14,521.6337280273438,521.6337280273438,513.745127225418,516.0525694414903,4300
2012-09-17,522.7578735351562,524.2468565816802,520.5983666357091,522.2549655991517,2800
2012-09-18,526.120361328125,526.120361328125,519.9377113329062,522.5113529178406,3900
2012-09-19,519.9180297851562,526.4852642645282,519.9180297851562,526.0908702879403,3100
2012-09-20,517.6893920898438,521.6040810801585,517.6893920898438,520.1447092912595,3500
2012-09-21,513.9917602539062,520.8646763414216,513.9917602539062,519.8884714048257,8300
2012-09-24,512.7590942382812,516.6343624782749,511.4081760548199,516.6343624782749,3700
2012-09-25,508.4302673339844,515.0961459437121,507.1779926379624,515.0961459437121,4000
2012-09-26,502.5039367675781,509.19939591915363,502.5039367675781,507.85834806805224,4500
2012-09-27,509.30780029296875,511.7335667587305,503.8843871243118,503.8843871243118,2500
2012-09-28,506.19189453125,510.8264000508549,505.077624685658,509.53464388276905,4000
2012-10-01,507.4244079589844,510.54037876749055,505.2747112958931,508.66681201901554,3900
2012-10-02,508.7655334472656,509.22895992235607,505.876340208731,505.876340208731,4100
2012-10-03,506.8327941894531,511.04335465052384,505.53116767299264,506.3496269598723,4700
2012-10-04,515.4214477539062,515.6284849986943,506.7636798070316,506.7636798070316,3800
2012-10-05,517.5908203125,519.1586459458157,511.989861038503,513.2421956173142,5200
2012-10-08,516.0328369140625,516.0328369140625,512.7393195451979,516.0328369140625,500
2012-10-09,504.81134033203125,514.711513674058,504.0914946026333,514.5241569786343,4600
2012-10-10,509.82061767578125,509.82061767578125,504.02249070187804,504.24926873793515,10500
2012-10-11,506.37921142578125,512.266051307419,505.74810887191416,512.266051307419,4400
2012-10-12,507.3356628417969,509.96846663091327,507.3356628417969,508.361159327401,2800
2012-10-15,509.0613098144531,509.60363912442045,505.87630625397475,509.60363912442045,6100
2012-10-16,506.1129150390625,512.3153057462681,504.9296128829869,512.3153057462681,10900
2012-10-17,503.86468505859375,509.5050360540096,502.41515340142456,507.6314692169287,23100
2012-10-18,511.9011535644531,516.5258480290274,504.3576853319525,504.3576853319525,12700
2012-10-19,506.9510803222656,511.42790001652963,506.60597809427423,510.24459780087943,6500
2012-10-22,505.3634948730469,509.140179403675,505.3634948730469,507.31590433542317,5500
2012-10-23,505.8664245605469,508.518969133147,504.47605498180434,506.3988834772032,2400
2012-10-24,507.4934387207031,511.23070226766595,506.03406667601826,509.9093350109414,4000
2012-10-25,506.8426208496094,507.24688517461357,504.39714367442184,506.03403201435077,4200
2012-10-26,505.166259765625,505.3634868219221,503.5885636857434,503.5885636857434,1600
2012-10-31,505.5607604980469,508.2724672627587,502.14891868375474,505.16630634907847,6700
2012-11-01,507.1779479980469,507.1779479980469,503.8844303280892,506.813044801348,2400
2012-11-02,506.8426208496094,509.7515545432865,501.73475885782966,505.91570781263005,8000
2012-11-05,504.37750244140625,509.73188395477024,504.37750244140625,507.1483715527845,6400
2012-11-06,509.30780029296875,509.80083785375575,503.4110602326114,504.09145447390745,1600
2012-11-07,501.9024353027344,509.26844876697885,501.78411108674516,507.7695951174389,2600
2012-11-08,507.5821533203125,511.87155589399083,500.92614645307185,504.8014143402134,5900
2012-11-09,510.46148681640625,511.6645297504107,504.8901985399615,507.1877102195195,2200
2012-11-12,506.2509765625,509.1105582195954,504.8901881200332,505.66916577641746,1300
2012-11-13,503.0758056640625,505.8565447698225,501.823501074683,501.823501074683,6300
2012-11-14,503.68719482421875,505.8467018969111,502.0108850574295,503.19415722940545,6800
2012-11-15,506.57635498046875,506.8426145236423,501.9122388959804,502.24750082754645,8100
2012-11-16,501.5770263671875,505.88620036800035,500.46275655076613,505.88620036800035,4700
2012-11-19,501.67559814453125,502.63209223458625,499.02305360899584,502.63209223458625,3200
2012-11-20,502.4053039550781,502.4053039550781,498.42155180396406,499.4273677463346,2500
2012-11-21,507.0201416015625,508.2034438844194,498.1652055213953,503.11529221633816,3400
2012-11-23,509.49517822265625,509.49517822265625,505.4621043257043,505.4621043257043,1200
2012-11-26,507.7301025390625,510.54039255240735,506.70454589736556,509.2092152166648,4300
2012-11-27,510.65875244140625,510.65875244140625,507.6314943941105,507.6314943941105,3400
2012-11-28,504.07177734375,509.80087177387605,504.0619069622377,509.80087177387605,4700
2012-11-29,504.9296875,505.95518408801155,503.1941854393215,504.2591635556936,3700
2012-11-30,508.0850830078125,508.81476897709314,501.4783675751297,506.6946833655886,40700
2012-12-03,509.9191589355469,512.2167308066352,502.77011434784936,506.4580256503459,7100
2012-12-04,509.77130126953125,512.956365304027,506.85255700134076,510.7869876822247,3900
2012-12-05,510.1459655761719,510.45164647173186,506.8426378278538,510.45164647173186,6500
2012-12-06,511.7830810546875,511.7830810546875,507.9669734893725,509.4164756595622,6200
2012-12-07,512.7590942382812,512.7590942382812,508.6274368215281,511.4870789211888,2000
2012-12-10,512.68017578125,514.1396079310571,506.8623685000798,506.8623685000798,5200
2012-12-11,512.7590942382812,512.7590942382812,511.4772085397361,512.7590942382812,5400
2012-12-12,512.1771850585938,512.7589957853179,509.86980328129494,510.92491074485133,3600
2012-12-13,507.8287353515625,511.2799986015246,504.4366342070467,511.0038686526053,3000
2012-12-14,511.2701721191406,512.7591554501856,508.88388674757215,509.948864922303,2900
2012-12-17,512.3646850585938,512.7098475134677,510.1460157061138,511.043377903528,5100
2012-12-18,512.7788696289062,516.8020133066133,511.32930771828217,512.7591288646677,10000
2012-12-19,517.3739624023438,518.675588973329,513.1437211855848,516.0131737229162,12100
2012-12-20,515.6187744140625,517.6895083734535,510.6193656538251,517.6895083734535,11700
2012-12-21,507.4836120605469,512.9957385760697,507.46387129779833,508.0456219463586,7700
2012-12-24,506.29046630859375,509.0120435612622,506.29046630859375,509.0120435612622,1000
2012-12-26,505.85650634765625,508.80486115072557,504.9295933828063,506.4876088312233,3500
2012-12-27,504.96905517578125,507.62159971008475,504.3478531153176,507.62159971008475,3200
2012-12-28,505.12689208984375,506.19187015878634,504.02249267955295,505.34379974514013,3800
2012-12-31,507.8287353515625,508.61758348593145,504.091501863525,504.091501863525,4900
2013-01-02,516.21044921875,517.2655570726226,507.8584198366491,511.6646562689468,3400
2013-01-03,523.1819458007812,525.5781014048428,516.683683506402,516.683683506402,8700
2013-01-04,527.5304565429688,529.4730558555431,524.0003508925137,524.5919718995034,7900
2013-01-07,528.4376831054688,529.5815037679718,524.6018364280699,527.5501914196351,4900
2013-01-08,528.033447265625,530.5381170200945,526.7219502784171,528.526484910488,8000
2013-01-09,532.0861206054688,534.1076227873848,526.8106426891394,529.522349319734,7200
2013-01-10,534.4528198242188,536.0995487456049,530.1830968656319,530.1830968656319,6800
2013-01-11,536.6714477539062,536.8785452203749,533.4667032335568,534.4527784705874,6600
2013-01-14,536.5825805664062,537.4109101020166,533.9596473765907,535.5472137858277,2600
2013-01-15,534.018798828125,536.8488293917418,532.6580104515486,536.8488293917418,14400
2013-01-16,526.0415649414062,535.0346271083529,522.6692042445891,535.0346271083529,5500
2013-01-17,521.37744140625,530.1929569434801,517.6993998183041,527.7376390906551,8700
2013-01-18,525.5681762695312,526.3472141442899,515.7172953062282,517.6894455750856,13100
2013-01-22,536.3460693359375,536.7602643022841,523.6059930977486,523.6356042461709,6900
2013-01-23,538.18994140625,541.3552643453423,535.261327061827,538.6731687916049,5000
2013-01-24,536.4150390625,540.3692102488889,534.4626294234367,539.1859079704172,3700
2013-01-25,536.9475708007812,539.3338559918215,536.0403382610012,538.5844291916794,2300
2013-01-28,539.1859741210938,540.8031520939021,536.592591208987,537.4110505782545,6300
2013-01-29,544.7374877929688,544.8262610379629,537.8645728876421,538.8900693767648,3500
2013-01-30,536.4840087890625,542.6174271192513,535.0246369213137,542.6174271192513,5900
2013-01-31,542.9920654296875,543.7907838199533,531.5043271051295,534.975330571591,15300
2013-02-01,554.4207763671875,554.6672951650387,545.319321609805,546.2856560381003,7100
2013-02-04,547.518310546875,554.4109672670265,546.591397357089,550.4765364480738,4200
2013-02-05,548.2577514648438,551.1568146443879,546.2856012797184,549.6875723861091,9400
2013-02-06,545.9306640625,547.8732032317897,542.4399194900994,545.2995615179104,2600
2013-02-07,548.8001098632812,550.0130232174924,545.526333159946,545.526333159946,3900
2013-02-08,554.4207763671875,554.4207763671875,545.6644238526952,545.7728776792889,4700
2013-02-11,556.2252807617188,556.5703829859601,550.7722563590038,553.5628658517489,4100
2013-02-12,559.5977783203125,560.4852702366885,555.1703094924073,557.1424602530076,7700
2013-02-13,559.2032470703125,564.9520825975007,559.2032470703125,560.0907388644468,2900
2013-02-14,555.1603393554688,559.8343261886077,555.1603393554688,557.1324897617048,2000
2013-02-15,556.6493530273438,559.6075787987086,555.160369759449,559.6075787987086,4000
2013-02-19,556.146484375,558.1975379068379,554.3912414041816,556.8860408701795,3800
2013-02-20,555.1702880859375,564.9915599764647,553.1981374013802,556.6395307162907,9000
2013-02-21,558.11865234375,559.7752517221147,554.9829399291386,554.9829399291386,2900
2013-02-22,559.43994140625,562.7432693168447,558.138314894527,560.090724569484,4700
2013-02-25,549.3523559570312,560.0907296369618,546.729422331441,559.4300760859165,5000
2013-02-26,543.3275146484375,550.4469497445599,538.0618458289498,549.214355564323,9300
2013-02-27,554.765869140625,557.4775758707005,535.9515981431554,542.5977351901364,11700
2013-02-28,557.1323852539062,559.8144804143536,552.8527931936349,552.8527931936349,15000
2013-03-01,558.9567260742188,559.5878286726803,556.1464357125399,556.9156032891505,7800
2013-03-04,557.1323852539062,559.1045352902032,554.9827489365716,558.0592981783756,6100
2013-03-05,561.8163452148438,562.0628640148502,559.1046384147721,559.2229626239549,3200
2013-03-06,564.5279541015625,566.6282987281485,562.0627665290666,563.048841558065,2000
2013-03-07,544.0275268554688,561.8163003775659,537.4109411246571,561.6388140779565,23800
2013-03-08,552.2415771484375,553.967208885325,541.8483653826768,544.609364124645,17700
2013-03-11,541.7594604492188,552.2020215889894,533.4665958565058,549.2437964733341,12600
2013-03-12,536.720703125,540.3691932919413,534.4823534145249,537.8152321195067,4700
2013-03-13,547.1732177734375,549.8651841310204,535.4388974206846,539.3042958135428,6500
2013-03-14,556.7255859375,560.1139221820991,546.9754595230272,547.7064627550417,8800
2013-03-15,572.2745971679688,572.6894796173309,554.7302729250675,563.0282836758186,28300
2013-03-18,564.8853149414062,574.3785899351301,564.8853149414062,567.6710741318478,6400
2013-03-19,566.7623291015625,570.9804914727587,564.5594305824941,564.8063944628889,3500
2013-03-20,555.3130493164062,569.0047106970151,554.7400763018128,565.922606670919,7500
2013-03-21,559.3731079101562,561.65505142206,552.4186277533802,556.162577930981,6000
2013-03-22,563.2257690429688,569.7159258311423,560.4597257437524,562.8306027733929,4500
2013-03-25,558.5432739257812,560.607918162518,556.0440312117383,559.2743375408393,1600
2013-03-26,560.6572875976562,560.6572875976562,553.3866867471268,557.1504131904336,2500
2013-03-27,559.3336181640625,565.4978261075064,555.7871908094572,562.0897129770713,4700
2013-03-28,560.2325439453125,568.0168492419143,560.2226557443873,564.2630108187494,5700
2013-04-01,562.0897827148438,564.1840315633085,559.1459926020597,562.5837104676688,3600
2013-04-02,564.0753173828125,566.8116961144003,560.1337840133131,562.4749964702926,1800
2013-04-03,559.4225463867188,563.9864338817969,559.4225463867188,562.1885296725368,5000
2013-04-04,569.3209228515625,569.3209228515625,559.1262462500372,559.4719715780309,3700
2013-04-05,569.6469116210938,572.9562035065392,565.0335829157232,567.0092939622974,5700
2013-04-08,571.9683227539062,576.7890623184195,565.5472621357709,569.7258715209051,7800
2013-04-09,572.98583984375,575.5443517582405,569.9234516963,572.9561752384351,2200
2013-04-10,571.988037109375,578.883248315741,568.155153440359,571.2273691784594,4600
2013-04-11,574.8331298828125,576.4037863367579,566.1498415960026,569.1529608535117,2700
2013-04-12,573.914306640625,575.6035610328778,571.9682604984845,574.2107114874078,2600
2013-04-15,572.412841796875,575.890051915625,570.5852730723959,574.516978689319,13800
2013-04-16,580.0291748046875,581.6196678897055,568.510806880104,572.4128479348487,6200
2013-04-17,564.0654296875,581.8468267704685,560.6178240112164,579.683421046951,9800
2013-04-18,561.2006225585938,563.4825660961807,554.9672574637024,560.8548972898928,6800
2013-04-19,561.1019287109375,565.0533507441131,558.3062807401694,563.0776397275253,6700
2013-04-22,563.6505737304688,567.3945241415498,562.079857051846,564.5494956513771,4900
2013-04-23,570.8817749023438,570.8817749023438,562.5837637513923,562.5837637513923,3400
2013-04-24,574.9320068359375,577.8659092699437,568.2639809834589,572.4228751098551,4600
2013-04-25,572.9561157226562,578.843755445199,570.4173201815129,578.843755445199,6900
2013-04-26,573.9440307617188,573.9440307617188,568.0168979139213,570.496424802276,6400
2013-04-29,569.0046997070312,574.3292546835081,568.0168443255955,573.9439766142103,15600
2013-04-30,571.28662109375,573.943954378619,567.11790048667,567.9476652103414,8200
2013-05-01,566.604248046875,575.0503999418199,565.0533077815061,572.9561512469817,7500
2013-05-02,558.1680297851562,569.9432506248594,557.1900021798125,566.1894117319983,9700
2013-05-03,562.9293823242188,566.63384011865,555.6192884528866,560.2819370557343,18800
2013-05-06,569.3603515625,572.7981295215434,560.4597643286228,560.4597643286228,5900
2013-05-07,574.5861206054688,575.9098130839706,564.7272826607997,568.9948252469288,8600
2013-05-08,585.4822387695312,586.7862153722956,575.3863836683487,576.4137317672298,13800
2013-05-09,581.4813842773438,586.2922357097812,581.3628464415727,582.22227589787,6200
2013-05-10,587.26025390625,587.26025390625,580.5230729002469,584.2867995304989,7800
2013-05-13,578.5770874023438,585.9168464964976,578.2807428125631,583.8225976701617,5200
2013-05-14,581.5405883789062,587.5862585050597,578.8832549843719,579.8711103683042,9100
2013-05-15,600.8629760742188,602.5620582204418,577.589108011156,577.589108011156,28900
2013-05-16,599.193603515625,607.53110598348,598.5020926370239,602.0584084581526,3300
2013-05-17,599.4306030273438,602.5522596391157,596.6646201582388,602.5522596391157,4500
2013-05-20,599.4306030273438,602.0978244808717,595.8249672441209,597.6722518903038,7800
2013-05-21,600.0233764648438,600.6160655698828,596.8128465090837,599.6282101988797,13000
2013-05-22,594.4420166015625,600.6161131595347,586.786136869677,599.3812938479402,9700
2013-05-23,596.931396484375,598.6403670169569,587.5171056659532,593.602328639823,7000
2013-05-24,594.7186279296875,596.9610187350612,591.6760163513062,596.664674167601,5900
2013-05-28,603.085693359375,603.085693359375,592.7823692568251,592.8515263668442,6500
2013-05-29,598.146484375,601.0112893425857,597.0993599933007,599.667760086099,6800
2013-05-30,592.7132568359375,597.7315792927767,592.7132568359375,595.6965995227297,3100
2013-05-31,583.9905395507812,595.6768874082684,583.9905395507812,594.6791436712211,20700
2013-06-03,591.4192504882812,592.703450663708,582.4396168751313,585.877395240421,4300
2013-06-04,585.7587890625,592.7132697214231,583.8719513892962,592.7132697214231,3800
2013-06-05,577.9251098632812,590.1448771044618,575.9296225360296,590.1448771044618,3900
2013-06-06,580.8787841796875,581.81719862719,573.558741490566,573.558741490566,5300
2013-06-07,586.31201171875,589.8484909733946,580.7503804675663,589.8484909733946,12700
2013-06-10,583.733642578125,584.8104315574424,578.2016761269033,582.8347206400185,17400
2013-06-11,575.9296875,583.822643884508,575.9296875,582.0938966310429,24000
2013-06-12,569.8443603515625,577.2631640132591,569.4492543700022,574.9318397521561,20200
2013-06-13,567.6217041015625,572.9561475236573,566.0411595363028,572.9561475236573,10400
2013-06-14,561.743896484375,565.3594200700034,560.1139112494234,565.3594200700034,6700
2013-06-17,568.016845703125,568.016845703125,563.2553755177881,565.695409668684,9100
2013-06-18,568.5108642578125,569.0146802311147,558.1383810697898,568.0169364869543,46500
2013-06-19,567.3846435546875,568.0168855151911,565.5373586809598,565.7448300319127,19900
2013-06-20,567.1771850585938,568.0168380059093,561.2203882337348,563.077561153684,13100
2013-06-21,568.016845703125,570.4667077609766,563.9764906539347,567.1771927444313,34800
2013-06-24,563.5517578125,570.9409575782361,560.2720704832856,563.996304823775,19100
2013-06-25,567.8193359375,568.194725855374,561.6255228804093,564.0654970526751,11900
2013-06-26,570.407470703125,570.9903319414539,566.584474977721,568.9948446606292,9000
2013-06-27,570.86181640625,571.869448090093,569.004643648607,570.2888434591725,12100
2013-06-28,567.95751953125,572.4621372156168,563.3442522361535,567.3252776788016,44700
2013-07-01,580.8589477539062,581.8468031072292,567.0091964062683,570.5062429451314,16200
2013-07-02,579.87109375,581.8468044612437,577.9447637477563,578.8931265949594,7700
2013-07-03,579.87109375,580.651477775135,576.1666361664182,576.8383705729724,3700
2013-07-05,583.0520629882812,583.0520629882812,580.5133273304181,580.5824241589914,3300
2013-07-08,586.9837036132812,588.7321667097729,581.9950457926451,581.9950457926451,7300
2013-07-09,592.68359375,593.5035306396846,587.7739812010448,587.7739812010448,12200
2013-07-10,591.468505859375,592.7132132542338,589.7891396963735,590.7375025433864,3700
2013-07-11,586.2527465820312,594.6890108440091,586.2527465820312,594.6890108440091,10100
2013-07-12,591.725341796875,593.2071247896886,587.0132525856785,587.0132525856785,6300
2013-07-15,589.9274291992188,592.7131884200614,589.8582720919679,592.7131884200614,3200
2013-07-16,590.7376708984375,592.5948443194247,587.7741039875758,591.2315987169145,6800
2013-07-17,593.1480102539062,593.7012069701083,592.3676260470612,592.7133513844675,4500
2013-07-18,596.6844482421875,596.6844482421875,591.2413552477492,591.2413552477492,8000
2013-07-19,597.099365234375,598.6404173623631,595.1038778824482,596.5955492955093,3200
2013-07-22,597.2078857421875,597.948777187644,596.6645774076328,596.6645774076328,2500
2013-07-23,593.947998046875,597.8994192397024,592.7922242302657,596.6646001169438,6400
2013-07-24,595.7361450195312,596.812934061208,591.7254540366489,595.9139517771272,6100
2013-07-25,595.7261962890625,600.3691288009327,591.8044392304029,594.1851442525598,16400
2013-07-26,595.4298095703125,596.6646287523331,592.9502830057904,594.7876794780997,3200
2013-07-29,591.7353515625,593.3949416201266,588.4951564781456,590.9845717115439,2800
2013-07-30,593.8493041992188,595.5088940537562,587.803633909865,592.0514001166592,6200
2013-07-31,590.7376708984375,608.4005345106873,590.7376708984375,601.7028443510567,7100
2013-08-01,591.3500366210938,597.3364383574685,591.3500366210938,593.7011374631799,8500
2013-08-02,588.682861328125,592.5849028018152,583.9213903511207,588.7619066542682,7200
2013-08-05,589.749755859375,591.577264486096,585.38345126613,588.7619003219221,5700
2013-08-06,582.2024536132812,590.698046368833,581.8468401339924,584.0695148204126,7500
2013-08-07,577.2039184570312,582.6963922624029,574.82321338864,580.2663064810571,8900
2013-08-08,575.6530151367188,577.8954664115479,574.536733600308,577.8954664115479,3300
2013-08-09,569.4986572265625,574.0032755900934,564.8952774372782,574.0032755900934,6400
2013-08-12,566.8807373046875,571.8891708890205,565.0532291252524,566.2090029388978,14100
2013-08-13,565.6558227539062,567.177158541365,563.7097767061882,565.0532454766446,2800
2013-08-14,565.0533447265625,569.7357701389835,564.0556010267846,567.8785969796558,5400
2013-08-15,559.3829956054688,563.7690758925041,558.4642973398346,562.5836373809445,2200
2013-08-16,557.6443481445312,559.7089923667145,557.6443481445312,559.1261311776876,1300
2013-08-19,551.9642333984375,558.6322576945261,551.2628343222259,558.6322576945261,3700
2013-08-20,553.7423095703125,557.604857789578,552.2408104241047,552.2408104241047,2800
2013-08-21,553.198974609375,557.9406680472462,553.198974609375,555.885912116404,1800
2013-08-22,562.5836791992188,563.0677187230579,554.1869078678872,554.1869078678872,1600
2013-08-23,563.0281982421875,568.8861735388381,561.1018681501438,566.0411451585078,2400
2013-08-26,559.6695556640625,567.0290916475399,558.1383916042857,561.3785867833526,6200
2013-08-27,554.680908203125,561.694658703976,554.680908203125,561.694658703976,2400
2013-08-28,553.2188720703125,560.1041961592147,552.9126392683971,555.2538520461833,4100
2013-08-29,553.93994140625,557.2690094361282,552.9520859601398,553.7028657462093,2600
2013-08-30,552.9522094726562,557.0913271281656,549.8108356876091,549.9787542686605,2600
2013-09-03,549.0697631835938,558.0395065672919,548.763530439465,552.4580997698911,3300
2013-09-04,557.5455932617188,559.7780957442947,549.7415117447251,551.6875578766726,6500
2013-09-05,559.126220703125,563.077642757564,552.6656673499268,556.6862465255884,6000
2013-09-06,551.5690307617188,561.8921316061876,550.5811753755286,558.1382931974465,5800
2013-09-09,567.95751953125,568.0167884365483,551.2232486045111,551.2232486045111,14400
2013-09-10,566.6832275390625,569.9925187382656,566.6832275390625,569.0046634198285,3900
2013-09-11,565.3496704101562,569.0047476884654,562.8701435466406,567.9872276187083,4800
2013-09-12,565.5966796875,568.0169378292079,563.2851314790149,567.9181763923699,2300
2013-09-13,565.1422729492188,567.7699420193248,561.408150261584,565.5966478858269,2900
2013-09-16,568.9849243164062,569.8740182788414,566.6042193722349,566.6042193722349,4400
2013-09-17,567.2759399414062,569.9134968678084,567.2759399414062,567.7995322227841,10100
2013-09-18,569.6171264648438,569.9925163077614,568.0069174791449,568.0069174791449,4800
2013-09-19,569.3209228515625,577.4410666033709,566.1399965995639,570.1111952397754,3800
2013-09-20,560.1436157226562,569.3899267944643,560.1436157226562,568.0167934666779,12300
2013-09-23,563.522216796875,564.3816463113791,555.2439823726862,558.8792836016744,3500
2013-09-24,564.1642456054688,566.5054582906995,563.0875168871363,563.0875168871363,1400
2013-09-25,566.8314819335938,567.6020381756737,561.1315966170813,565.0533540669912,3100
2013-09-26,567.77978515625,567.77978515625,559.2446999424455,566.8808029684695,2900
2013-09-27,565.5472412109375,567.2266075230972,562.6133394858202,566.7227916000581,1300
2013-09-30,560.7265014648438,566.00167605727,560.6079636352531,562.0996350004979,2600
2013-10-01,564.0654296875,565.0433968800379,561.1018635070053,561.1018635070053,1800
2013-10-02,569.153076171875,569.153076171875,563.5420028308831,563.6803170971168,4200
2013-10-03,568.016845703125,568.016845703125,566.041134935462,566.041134935462,5000
2013-10-04,571.9683227539062,572.4325858882929,565.2608057524629,568.0169008350538,10800
2013-10-07,568.016845703125,571.9682672384511,566.0016424259154,571.9682672384511,5400
2013-10-08,564.5692749023438,569.2517000636506,564.5692749023438,569.0047362024516,2400
2013-10-09,561.1315307617188,565.6954178777363,559.4224999230325,565.6954178777363,1300
2013-10-10,569.91357421875,571.7608591674045,567.6119143313573,571.7608591674045,6900
2013-10-11,569.8345336914062,569.8345336914062,566.0411424378954,568.9948204276751,8200
2013-10-14,570.832275390625,570.9409853187781,569.0047668369265,569.0047668369265,3200
2013-10-15,567.0092163085938,570.7235622144885,560.6079326884224,570.7235622144885,7600
2013-10-16,563.779052734375,571.849815553684,563.779052734375,568.0169312635575,8800
2013-10-17,568.2144775390625,571.7905095115137,565.5472557153342,565.5472557153342,17500
2013-10-18,570.7827758789062,571.5730480540306,567.4635965670429,570.9803589961629,6100
2013-10-21,569.8938598632812,571.4744045396019,567.9971338989989,570.7828936334937,2700
2013-10-22,570.0321044921875,571.9683229388603,569.5184606424318,569.5184606424318,6300
2013-10-23,570.5852661132812,570.5852661132812,569.1331475878771,569.9333080658142,3600
2013-10-24,570.5557861328125,571.9684124550732,570.111239038441,570.8817953745413,4600
2013-10-25,571.9683227539062,571.9683227539062,569.1035177451728,569.99261179448,3200
2013-10-28,573.1241455078125,573.8947017885772,567.0784742815001,569.9926602531901,11700
2013-10-29,574.0428466796875,574.9517172142372,570.6051285957095,570.6051285957095,8600
2013-10-30,570.1209716796875,574.3292451820091,570.0814791708901,572.8573503350455,8000
2013-10-31,576.9767456054688,584.2967280328189,569.3208657924856,575.4751860126124,15700
2013-11-01,581.6690673828125,581.8468741328467,576.9075967632979,580.3650909219821,7000
2013-11-04,581.2542114257812,583.5756477775798,575.7024682331963,582.8347561384207,8700
2013-11-05,582.8545532226562,584.3066719458498,582.0839969495117,582.716238974566,6900
2013-11-06,580.8787841796875,584.3165018704356,580.8688959781075,584.3165018704356,2700
2013-11-07,584.8302612304688,585.7983403741329,578.132571669259,578.132571669259,8800
2013-11-08,587.9221801757812,588.7618331692807,584.3164837577677,584.3164837577677,20100
2013-11-11,586.7960815429688,590.530144147753,585.7983377961542,588.0210127709289,22400
2013-11-12,587.8134155273438,588.514814519442,585.9760190788609,587.8233037276966,4800
2013-11-13,589.3545532226562,590.2436472691626,585.8081858262498,586.1934639326633,20500
2013-11-14,592.535400390625,592.6638264090128,589.2557134093062,589.3544748262636,18600
2013-11-15,593.5728149414062,594.6890966406742,592.2194575350236,593.7012409984139,4200
2013-11-18,595.1928100585938,595.1928100585938,593.0195159614957,594.4914109676923,5600
2013-11-19,594.9556884765625,595.4298397724591,590.8461762657631,593.2071651320808,13800
2013-11-20,593.7603149414062,596.7831498023029,592.9898191463051,595.1828290108813,18400
2013-11-21,596.6646728515625,596.6646728515625,592.7132511770488,594.1950343049915,17200
2013-11-22,594.531005859375,597.9390592437558,594.155615929944,596.170819529586,7000
2013-11-25,594.8668823242188,597.5439927256135,594.3828427237053,594.3828427237053,8500
2013-11-26,597.059814453125,598.5415975198083,596.1806086963552,597.5141893388072,5700
2013-11-27,598.9465942382812,599.1342891726143,597.3264969412916,598.1464337906315,3000
2013-11-29,595.509033203125,599.5691054188442,595.509033203125,599.5691054188442,1200
2013-12-02,596.3584594726562,598.6305149505899,596.3584594726562,598.5811342368349,2800
2013-12-03,587.0825805664062,598.8183101087275,587.0825805664062,596.6647921009845,6600
2013-12-04,582.55810546875,587.2504190047446,580.1280195729503,587.0331197399455,4100
2013-12-05,574.941650390625,578.3892556062239,574.941650390625,577.0556751207636,4600
2013-12-06,587.42822265625,587.42822265625,576.5618135350434,579.8711049225752,7400
2013-12-09,590.8857421875,593.701106010251,584.7017576259584,589.7397961384315,110000
2013-12-10,586.99365234375,591.9823106788033,585.3834430168796,589.7497475485944,7600
2013-12-11,580.918212890625,590.6980049425707,580.918212890625,587.7442668084369,15400
2013-12-12,586.7761840820312,590.7769861524489,584.9091230178681,588.5148191284115,15300
2013-12-13,593.6912841796875,594.5309975549138,585.7983281572763,591.7155731235079,16700
2013-12-16,586.5885620117188,594.4914057176197,586.5885620117188,593.355408111244,9700
2013-12-17,579.87109375,583.8422915736496,578.5177367363107,583.2199378760954,10600
2013-12-18,588.228515625,588.228515625,580.0194380238786,585.6897195048803,26000
2013-12-19,581.234375,590.6486057699141,581.2047103964173,588.1196983144897,12000
2013-12-20,589.749755859375,592.8417485151159,581.3529837910254,581.3529837910254,26400
2013-12-23,591.6068725585938,594.6099313996642,590.6980624332809,590.6980624332809,7000
2013-12-24,593.7010498046875,595.074183175771,593.7010498046875,593.7010498046875,5600
2013-12-26,592.2686767578125,594.688934480176,592.2686767578125,594.4419706369533,3100
2013-12-27,594.68896484375,594.68896484375,588.2876809946326,590.9647306037504,5600
2013-12-30,594.6593627929688,595.2817165986447,591.5871465737852,591.5871465737852,4900
2013-12-31,595.755859375,596.1707417661797,592.7132478205598,593.4640275814913,11400
2014-01-02,593.5628051757812,596.5461478984715,588.7717304096046,596.5461478984715,9900
2014-01-03,586.6082153320312,594.4813927809954,585.2153056565376,590.8066001698799,10700
2014-01-06,581.8468627929688,586.2032788186848,579.8612636820823,586.2032788186848,12000
2014-01-07,587.4677124023438,587.9418636858978,579.5944737505413,581.8468129352369,9500
2014-01-08,589.4829711914062,589.4928593930631,580.9676619231446,588.7915206023782,22000
2014-01-09,582.7064208984375,590.4907284237146,581.8469912866046,589.739948465349,11500
2014-01-10,583.3680419921875,583.6150058150014,578.9819620872572,581.8467665494588,12100
2014-01-13,581.8963012695312,591.7254760778552,580.6417657174442,591.7254760778552,5200
2014-01-14,583.2791748046875,586.6477348533423,578.4189436038066,586.6378466533032,9900
2014-01-15,585.5314331054688,586.1142942423056,580.6712020741988,582.7555622169992,6000
2014-01-16,583.526123046875,587.6158583562308,581.4417628869984,585.5314379024531,10000
2014-01-17,585.5810546875,586.8355902635956,580.7504264717251,584.7413412752693,6300
2014-01-21,585.7093505859375,589.0977478511296,581.4615841933603,586.7861395599057,9600
2014-01-22,586.5391845703125,586.7564838323593,584.0201651837825,586.7564838323593,6800
2014-01-23,587.6257934570312,587.6257934570312,581.8468631611954,584.8005413254631,13500
2014-01-24,581.3233642578125,585.6501766708569,580.8788774666282,582.9830147480644,16500
2014-01-27,580.51318359375,582.8049548012353,580.51318359375,581.3330600704505,11400
2014-01-28,581.7677612304688,584.7807080171061,580.8688393829577,580.8688393829577,8300
2014-01-29,568.016845703125,583.1804017273757,566.2486062718733,581.7480596559462,25100
2014-01-30,566.3474731445312,570.1803575709794,565.0533847625137,568.0169514658137,12800
2014-01-31,557.842041015625,567.0784662884358,557.1999107907053,567.0784662884358,13500
2014-02-03,554.78955078125,560.7265723888248,554.6117440143742,559.7288286186442,8200
2014-02-04,552.4680786132812,556.943032691939,552.1519576168463,553.2089702410119,19300
2014-02-05,556.1626586914062,560.2622832238383,550.4923776441368,553.1990921264431,29400
2014-02-06,559.0569458007812,562.000735317093,555.6686093382183,557.8221266689185,12000
2014-02-07,572.6498413085938,577.7965891277568,560.1139551389656,560.1139551389656,20100
2014-02-10,574.9320068359375,582.5187312372643,573.0550569228546,581.7086823428773,31400
2014-02-11,573.4402465820312,585.6402985457829,572.511659972691,577.2039737370762,46700
2014-02-12,576.3742065429688,577.8954823462412,570.9804936685939,574.5861904537909,12300
2014-02-13,576.5026245117188,576.7199237831792,572.8870395748723,574.9319077190398,17300
2014-02-14,571.553466796875,577.5991377891127,570.674260908685,576.6606629811524,10100
2014-02-18,570.9013671875,579.1598840290445,567.6414564759494,571.9682678855393,17400
2014-02-19,572.0967407226562,573.9440256201582,567.0290373596744,569.9629391519729,20000
2014-02-20,578.3892822265625,582.8346311078939,572.33372437137,572.33372437137,12400
2014-02-21,576.6704711914062,580.8787447931031,573.7463975358745,577.905290426932,12700
2014-02-24,572.1560668945312,579.3279079408313,572.1560668945312,579.3279079408313,14400
2014-02-25,571.6422729492188,573.9439929357134,568.0168604785459,571.5830040364034,13200
2014-02-26,569.7456665039062,572.9858615241063,569.4987026259245,571.6423322045098,9400
2014-02-27,572.47216796875,573.4007545789199,570.7335325885242,571.1780796359095,8200
2014-02-28,572.521484375,572.9561431712311,570.2988096816633,571.9682877519704,7700
2014-03-03,570.98046875,571.9683242322664,570.4173838898384,571.4250157758026,21900
2014-03-04,571.1384887695312,572.7684744033602,570.5063070956874,571.7905071406278,18200
2014-03-05,573.8255004882812,573.8255004882812,570.38778268532,570.38778268532,10300
2014-03-06,572.1263427734375,574.9318788144999,571.0397258829338,571.3558468660051,51400
2014-03-07,574.9021606445312,577.6385393130374,570.1505787273586,572.9363381055754,38100
2014-03-10,578.863525390625,578.863525390625,570.0913640484596,573.4303203396578,25200
2014-03-11,574.9812622070312,578.7153848114111,573.3018958552294,578.7153848114111,31500
2014-03-12,576.2951049804688,576.7890326949575,571.178021093634,574.912083262336,22500
2014-03-13,569.8630981445312,576.8888917991941,568.527227367114,575.4540900002827,37700
2014-03-14,571.7431640625,574.7315688849984,570.0510090490208,571.1889571736938,13800
2014-03-17,571.3671264648438,572.950384889328,570.9218161587584,572.9404797095914,8800
2014-03-18,577.1560668945312,582.6777826541172,570.0609976512792,570.9219028549712,19900
2014-03-19,573.7914428710938,577.8981059680249,572.5149431129734,575.2856753771689,30600
2014-03-20,577.1361694335938,583.2120308487036,573.0592216091565,573.6727387790274,29200
2014-03-21,580.7877197265625,581.8564525711419,573.6233744299245,581.8564525711419,61300
2014-03-24,578.4721069335938,586.3093389069405,575.9487623646211,579.0658137507268,23900
2014-03-25,584.9141845703125,590.7228486509213,579.4419342702367,579.4419342702367,30400
2014-03-26,589.7728271484375,592.6623012694911,585.8146202548238,585.8146202548238,25700
2014-03-27,583.8948974609375,588.7832854738789,577.8091300991622,587.4572595670115,27800
2014-03-28,586.3489379882812,588.5061534297135,582.8558519212756,586.8041535097997,18700
2014-03-31,593.6321411132812,593.6915118045966,585.9037440735814,587.793761411661,19100
2014-04-01,588.9317016601562,593.1372962655163,585.6265725013052,593.1372962655163,15800
2014-04-02,591.445068359375,592.3257837342948,587.2493794507942,590.5841633426347,15900
2014-04-03,591.42529296875,592.7414135193993,588.8821380870929,590.7524051226308,23300
2014-04-04,589.7728271484375,592.6029305819847,586.1312840540062,589.1593099117229,21900
2014-04-07,587.8926391601562,590.7623632410748,584.3500875702628,589.7728115438535,18500
2014-04-08,588.783203125,590.7623063287815,584.3599364553179,587.1999447209495,27100
2014-04-09,588.8327026367188,590.3467456658327,586.7942286349786,588.8821681401831,26900
2014-04-10,579.7882690429688,588.7833214872907,577.4133809594725,588.7833214872907,21500
2014-04-11,586.4281005859375,586.4281005859375,579.1549200356221,579.1549200356221,26100
2014-04-14,585.7848510742188,588.0608681475954,579.9366274992799,586.8535837489189,16000
2014-04-15,584.9239501953125,588.5753981624997,581.4605194556069,586.2598811476623,23100
2014-04-16,590.2379150390625,591.920165126919,585.1120441200846,585.1120441200846,27300
2014-04-17,592.1575927734375,593.7310065155779,588.8821791367242,588.8821791367242,12200
2014-04-21,592.7909545898438,595.8189804821142,592.0586959697603,592.1576269842519,17700
2014-04-22,593.0284423828125,597.639787328255,591.2571665057334,593.7310458634979,18100
2014-04-23,595.80908203125,595.80908203125,592.0487974764211,595.0570734382405,12800
2014-04-24,591.5540161132812,594.7205937501755,591.5441109323232,593.2362661451417,9500
2014-04-25,583.8355712890625,589.7629770017782,581.8564676575742,586.804226736295,29600
2014-04-28,581.7080078125,584.6964736082623,579.0857317523826,583.182490744431,20600
2014-04-29,585.3594970703125,585.3594970703125,579.9071169479985,582.282005220383,22600
2014-04-30,590.0302124023438,591.7421178239897,581.0945299537944,582.3611853483316,23000
2014-05-01,591.2176513671875,598.6788503374014,586.418288807831,590.0796426166571,16900
2014-05-02,593.34521484375,596.036827484567,589.8817831086438,593.6816890728983,13600
2014-05-05,588.1796875,591.7519548726568,585.7058080899973,591.7519548726568,13300
2014-05-06,586.3984375,590.129006141663,585.5276272182072,589.4264631261398,11600
2014-05-07,591.6627807617188,592.9987116831677,585.784841740681,586.8140140767491,35000
2014-05-08,589.7233276367188,592.6128015911576,588.22909495695,590.653508618979,20000
2014-05-09,585.9827880859375,589.1988309726777,583.2516158477615,589.1988309726777,11600
2014-05-12,588.783203125,590.0201426273635,583.9839020148045,584.9239277186514,8800
2014-05-13,585.003173828125,587.7343462167223,581.7871307642588,587.7343462167223,13500
2014-05-14,581.5396728515625,585.4879740435337,579.3725524472745,582.5786899445914,16800
2014-05-15,583.776123046875,584.0630712922406,578.016924996605,579.2934249262621,15600
2014-05-16,583.1329345703125,586.3391330047144,581.5694862765774,581.5694862765774,9200
2014-05-19,587.496826171875,587.496826171875,583.9344039965196,584.4390850011696,5400
2014-05-20,581.9256591796875,584.8745038359732,581.6683660812978,581.6683660812978,7500
2014-05-21,583.073486328125,585.5374602177852,582.1037450600501,582.1037450600501,10300
2014-05-22,583.2713623046875,585.6562153604438,582.4896383240197,583.934344931265,10300
2014-05-23,582.94482421875,585.5770653010068,581.5100227146866,582.8260828583783,12500
2014-05-27,582.9153442382812,586.5074224625027,582.9153442382812,585.7751637210281,5900
2014-05-28,583.8355712890625,584.8152179230573,583.8355712890625,584.3204420151852,6100
2014-05-29,586.1213989257812,588.6645541896287,582.8954505335278,582.8954505335278,4600
2014-05-30,584.3500366210938,588.8129240500355,583.8354504562236,587.942113800611,8400
2014-06-02,584.9536743164062,589.614484351861,583.0042261505057,586.3093552511834,9800
2014-06-03,583.8355712890625,586.804226736295,583.8355712890625,585.2209679900842,3100
2014-06-04,587.8134765625,588.4269937391995,583.9641062396253,583.9641062396253,4100
2014-06-05,588.7732543945312,589.4758577229801,586.9128926887904,587.2988322803651,5300
2014-06-06,592.7415161132812,593.7013523489336,589.0900676298407,592.1081884788078,8500
2014-06-09,592.7514038085938,593.7013348348336,590.2775244320183,590.2775244320183,10500
2014-06-10,593.2064819335938,595.4626886228435,592.3951027531841,592.3951027531841,17500
2014-06-11,591.7520141601562,594.5227472974691,588.8328240843907,593.4342644069917,11100
2014-06-12,594.532470703125,594.7204879155348,586.3884806866353,589.802445650163,8900
2014-06-13,594.384033203125,595.3933951550399,592.2466283373808,593.849697086048,13000
2014-06-16,592.8403930664062,593.4737206431214,591.2966948465643,593.2263327207272,9700
2014-06-17,594.1565551757812,595.1362017532158,592.7415034086595,593.4539516840861,5500
2014-06-18,593.2164306640625,594.5424565099524,592.6029134450896,592.771180719362,9700
2014-06-19,593.6122436523438,594.7205366592481,593.2955798793084,593.7111746575378,16800
2014-06-20,592.7415161132812,594.2159386016242,592.3061109142618,594.1763782735125,12200
2014-06-23,593.7310791015625,595.1758464704578,592.8602686870844,592.8701738686611,5600
2014-06-24,593.9685668945312,596.1851532783375,593.1076616543468,593.7310841244733,12100
2014-06-25,597.6891479492188,598.6292340196854,593.7012261335572,595.2647345245736,15100
2014-06-26,599.6683349609375,602.2708607843952,596.2148091641099,597.7090419065638,12000
2014-06-27,601.5979614257812,602.0927372702967,598.678771863652,598.6985822246139,11300
2014-06-30,602.082763671875,602.082763671875,596.1058938923921,600.7072724850406,6900
2014-07-01,600.1630859375,602.0828185870641,597.323077485469,602.0828185870641,5600
2014-07-02,601.7958984375,602.2411483904083,598.6787863824816,601.4396139187526,7300
2014-07-03,602.4885864257812,602.4885864257812,597.590353356872,600.6579397634059,7900
2014-07-07,602.3796997070312,602.3796997070312,596.6996825417833,599.6980532209502,6000
2014-07-08,600.677734375,602.5083809893705,597.9564670092105,599.2824325576069,16300
2014-07-09,603.6364135742188,606.5654478130483,598.480827718463,598.480827718463,5300
2014-07-10,604.6161499023438,605.7640034156606,601.123003056977,603.1318222020925,6300
2014-07-11,606.7039794921875,609.3461258048287,602.6864023292337,604.6160400685144,8900
2014-07-14,609.9400024414062,613.076865040198,606.595312201387,606.595312201387,8800
2014-07-15,614.5116577148438,615.5012094986035,610.1873212516092,610.5534505798045,6700
2014-07-16,614.5116577148438,618.5687958692798,614.5116577148438,618.2224769039431,12100
2014-07-17,611.5529174804688,615.501219498224,611.5529174804688,615.501219498224,4800
2014-07-18,611.5529174804688,615.9267195244598,611.463831243606,612.9580641249507,3700
2014-07-21,605.39794921875,611.4837177040786,603.7652247843016,610.8602951608027,7000
2014-07-22,600.0444946289062,605.6057715555118,600.0444946289062,605.6057715555118,3700
2014-07-23,602.5874633789062,602.7754806002014,593.0877317098267,597.590239841246,30400
2014-07-24,603.7156982421875,605.5958104673341,597.6398355538488,597.9564993848888,9700
2014-07-25,602.6271362304688,603.1318173080508,599.7079463641722,602.9042397230426,4300
2014-07-28,607.6640014648438,608.2082428889761,599.1340695671392,602.4292336574526,6700
2014-07-29,606.6940307617188,610.5334956050813,606.3971773763934,608.5742028645011,14300
2014-07-30,606.5951538085938,611.7111188633638,605.9519210852209,608.6336277660171,10800
2014-07-31,598.5896606445312,605.1108325778478,596.6996435722685,603.1712896052478,16600
2014-08-01,599.589111328125,601.1921801492012,595.5319737730433,597.4418011858702,13000
2014-08-04,614.4126586914062,618.6973739546856,602.8744523472607,603.3494178237123,15400
2014-08-05,611.54296875,617.4802791262135,609.098804969232,612.2356670400471,9600
2014-08-06,618.72705078125,619.7066972138543,612.0277670386804,612.0475773981067,11000
2014-08-07,614.165283203125,626.1388345447268,614.165283203125,621.240541578638,13100
2014-08-08,624.802978515625,627.8507543190102,612.1465733959118,614.1355820114459,6800
2014-08-11,628.3258056640625,633.2933144162813,626.9503142257969,627.0492452425651,8200
2014-08-12,625.2384033203125,632.2443862132313,622.4478601419686,631.9673431303349,7600
2014-08-13,621.0426635742188,625.3472499905698,617.4803013790873,621.4780687667301,69200
2014-08-14,627.6627807617188,627.6627807617188,619.4594181967315,621.4187114063366,12200
2014-08-15,624.4071044921875,628.8007163279668,620.9733891840876,622.4972770145715,6000
2014-08-18,622.1806030273438,630.3444041803865,622.1212323439465,622.1212323439465,9800
2014-08-19,625.34716796875,631.333943282458,620.4488752948295,620.4488752948295,7100
2014-08-20,622.51708984375,622.51708984375,616.5401590719737,617.59898661199,17500
2014-08-21,628.8700561523438,630.3444786287158,622.4280644544148,622.4280644544148,12500
2014-08-22,626.9107666015625,632.0861030707969,623.8431198527892,628.3653787237388,6900
2014-08-25,626.8711547851562,632.7689052060613,626.8711547851562,629.5627670649301,3800
2014-08-26,627.078857421875,634.1442703009502,626.8809350235169,626.8809350235169,6400
2014-08-27,627.860595703125,630.8391557333935,626.5049148198538,626.5049148198538,9700
2014-08-28,625.3966064453125,628.256425042955,623.2096756828619,627.6528130669288,14300
2014-08-29,627.61328125,633.0558157795547,624.0904794976769,624.0904794976769,7000
2014-09-02,627.27685546875,628.9986657869842,626.0399158266342,626.7424588889921,5900
2014-09-03,627.3757934570312,627.979405513709,622.6853279455651,627.3856986378693,10100
2014-09-04,624.2092895507812,631.2548938306014,623.4176601570562,631.2548938306014,9100
2014-09-05,626.6039428710938,627.3065463709447,621.765080617371,623.4473307060281,9600
2014-09-08,632.8084106445312,632.8084106445312,626.9601866384417,627.3757814435713,12300
2014-09-09,626.6039428710938,633.2240466289517,626.3862704724465,631.4824862474334,21100
2014-09-10,631.7198486328125,631.7198486328125,627.1382199785012,627.1382199785012,9800
2014-09-11,627.0492553710938,632.6204366874158,624.5061000656323,629.7903331107347,15800
2014-09-12,625.4559936523438,638.2607940132513,624.5752782163823,628.8600536363119,16600
2014-09-15,626.2872314453125,629.8100327234257,625.4856970656626,627.405429584476,11300
2014-09-16,630.720458984375,630.720458984375,625.3966660774269,626.1783901669446,10500
2014-09-17,628.3652954101562,631.6011486207875,625.6737439229497,629.4241229194062,5900
2014-09-18,629.3548583984375,634.8765735956694,623.3680829098272,629.3350480379736,11300
2014-09-19,623.496826171875,632.8183873827874,623.496826171875,630.285137145519,30300
2014-09-22,617.0547485351562,624.8820757514904,615.6594468433598,624.4961964982272,11600
2014-09-23,617.6881713867188,626.0498360571574,616.490791925771,616.490791925771,11800
2014-09-24,621.666015625,627.3262824867194,620.4884467420552,623.3186103716347,13600
2014-09-25,615.6495361328125,621.0326991131038,615.6495361328125,619.7660441071836,16500
2014-09-26,627.9398803710938,627.9398803710938,619.4594143676009,619.4594143676009,10800
2014-09-29,625.41650390625,632.1454435927458,622.4577538962684,625.3768831826739,12800
2014-09-30,623.4868774414062,627.1877913173018,623.180118815261,626.0201275017347,6800
2014-10-01,622.1113891601562,624.4071564760343,619.9541735851592,620.9437253386869,13000
2014-10-02,628.6028442382812,631.7001460487194,621.3692233590108,621.3692233590108,11700
2014-10-03,634.3026123046875,634.3026123046875,625.3966473893331,625.3966473893331,8100
2014-10-06,633.6593627929688,642.8622412798163,632.4224232541385,633.7979145167029,8300
2014-10-07,627.7914428710938,633.1548571715766,623.7243994242579,633.0064002409829,9800
2014-10-08,632.3630981445312,633.3130895218935,626.9502793232963,627.7814689307259,8200
2014-10-09,621.240478515625,632.3234684458056,609.7617041863814,632.3234684458056,16300
2014-10-10,624.5555419921875,627.2965589658139,616.69849955158,621.2207577958626,12600
2014-10-13,629.8496704101562,632.2740842060706,626.9502911153487,631.8089634905344,6100
2014-10-14,626.1387939453125,630.1365607878357,624.1596906851139,627.3757334829365,8600
2014-10-15,614.6995849609375,617.4802226502437,603.6264997061678,615.7286969222765,12200
2014-10-16,619.6078491210938,630.1861596881455,615.4912800404513,615.5011852214899,11000
2014-10-17,630.1860961914062,630.1860961914062,623.4868122274191,627.7023118988079,4200
2014-10-20,616.2631225585938,622.43791541305,605.6056315776682,622.43791541305,22000
2014-10-21,632.7194213867188,632.7787920765977,626.1586883665904,626.1586883665904,7200
2014-10-22,626.9205322265625,632.5016180424468,621.0228430316025,628.365299382394,7500
2014-10-23,622.9228515625,633.8079212482625,622.9228515625,629.0778347031288,7400
2014-10-24,630.601806640625,632.9569448195718,620.4489952367944,620.4489952367944,5600
2014-10-27,620.9436645507812,636.2718100487712,620.9436645507812,630.7204397503242,3500
2014-10-28,625.0007934570312,642.2091110213564,620.6764576096276,632.9864824624206,9400
2014-10-29,615.2537231445312,623.7836533244063,611.7507321333965,620.696257084692,6800
2014-10-30,613.5220947265625,623.4176123834426,609.0196462721715,613.5319999078108,11800
2014-10-31,618.390625,625.1492799517595,613.5121424175986,613.5121424175986,18900
2014-11-03,617.2031860351562,619.2120050703452,610.0586514196849,612.8491945911472,16800
2014-11-04,612.1564331054688,620.9931220376276,605.605606054776,619.5385101118943,19700
2014-11-05,616.8172607421875,628.3455014848245,611.5528385984036,613.7694246805356,23700
2014-11-06,622.863525390625,623.4176720165193,616.0949640909952,618.2918006276334,9700
2014-11-07,626.8512573242188,628.1574727553074,618.3312320779085,618.3312320779085,8300
2014-11-10,626.7029418945312,633.1251232968431,625.6738297842164,630.1366575876832,4600
2014-11-11,626.3565063476562,632.3235320493164,623.7836961039286,628.6127131992617,12900
2014-11-12,622.1509399414062,626.1883279451379,619.8552330581978,619.8552330581978,8100
2014-11-13,628.31591796875,635.905763248457,622.527003787999,622.527003787999,4100
2014-11-14,627.445068359375,633.0261545734518,625.6638873371542,633.0261545734518,11000
2014-11-17,628.0486450195312,633.3130671378071,628.0486450195312,629.3548604681959,5500
2014-11-18,632.3036499023438,633.2832963039474,627.1184092814759,628.0485901835165,6500
2014-11-19,626.890869140625,629.8496188807321,625.7429554156214,629.3548430607159,3600
2014-11-20,628.9987182617188,628.9987182617188,625.1097869501626,625.1097869501626,2400
2014-11-21,631.3339233398438,631.3339233398438,625.5945361162417,630.3443717358629,6300
2014-11-24,634.3125610351562,634.3125610351562,626.3664316910131,628.3653455031027,4900
2014-11-25,634.4609985351562,637.7562229042002,626.356566966393,628.9590930035655,6500
2014-11-26,639.2504272460938,639.2504272460938,634.3917547532014,634.3917547532014,2700
2014-11-28,627.1482543945312,641.0019793908909,627.1482543945312,631.6308925759662,3900
2014-12-01,626.623779296875,628.7612450317621,624.1993652798051,624.1993652798051,7000
2014-12-02,628.3652954101562,630.730338340235,624.8029336423972,624.8029336423972,6400
2014-12-03,633.5704956054688,635.5396941807546,625.4363477547823,625.4363477547823,7700
2014-12-04,647.1668090820312,647.1668090820312,630.8787664253584,630.8787664253584,13500
2014-12-05,651.1646728515625,659.407656612848,644.0497926863856,646.1575429432114,7000
2014-12-08,667.660400390625,675.7351150968418,643.2085579299339,644.7423508732023,14700
2014-12-09,653.6088256835938,666.9479637347246,649.4824118628629,663.979308531836,12000
2014-12-10,647.7902221679688,651.2338426928106,643.6638085669143,649.1359979595803,6000
2014-12-11,640.2200927734375,653.3019966985297,633.6495158674469,653.3019966985297,7900
2014-12-12,622.7743530273438,634.3026547651259,622.7743530273438,633.560490972499,8000
2014-12-15,618.855712890625,623.150333173554,613.6209460754193,618.9843594352575,14700
2014-12-16,634.3323364257812,634.3323364257812,617.0745528737955,617.0745528737955,8200
2014-12-17,643.2085571289062,643.2085571289062,629.8694205328593,634.045299405295,6300
2014-12-18,631.7298583984375,646.1772897217528,631.7298583984375,646.1772897217528,8400
2014-12-19,630.3544311523438,635.2922852008265,627.8013704781007,630.8095863471841,11000
2014-12-22,628.39501953125,638.0431482145715,628.3752091708726,633.3130622898232,6600
2014-12-23,631.3339233398438,636.7566468024796,625.7429326183767,634.2926729721569,4800
2014-12-24,632.3236083984375,638.2609192754181,632.3236083984375,638.2609192754181,2300
2014-12-26,637.380126953125,643.1591354193836,625.7331445881822,641.1899372124514,2500
2014-12-29,636.9249267578125,643.0403485446276,627.3757294300674,641.7539435132965,18100
2014-12-30,632.650146484375,642.1696296266978,632.650146484375,636.1828535311957,4800
2014-12-31,623.5264282226562,637.9442042256493,623.5264282226562,632.3235576277625,7600
2015-01-02,625.3966064453125,626.1585804986992,619.122822774138,620.4488484829287,6800
2015-01-05,611.54296875,621.1119170617131,611.54296875,619.0536929507857,13900
2015-01-06,616.4016723632812,621.567164058691,613.3538963687326,613.3538963687326,44200
2015-01-07,619.6177368164062,628.3356858753345,619.6177368164062,622.4280905409443,6300
2015-01-08,626.3764038085938,629.5528869290212,619.9443169074275,619.9443169074275,6500
2015-01-09,623.0513916015625,629.8198908627214,620.9436418182569,620.9436418182569,6900
2015-01-12,626.3862915039062,631.3241453388997,623.5561878417882,623.5561878417882,5100
2015-01-13,638.73583984375,639.1217795189668,625.6836499356532,633.3724863071409,7800
2015-01-14,637.3406372070312,650.6005951329464,635.2328870341802,635.2328870341802,5100
2015-01-15,636.6478271484375,636.6478271484375,630.3443880992402,630.3443880992402,4600
2015-01-16,635.1140747070312,639.2503935351539,633.3625488836311,633.3625488836311,5100
2015-01-20,635.292236328125,639.7056589653233,633.313132788162,639.7056589653233,6900
2015-01-21,635.39111328125,635.8265184388915,633.3130789000858,633.3130789000858,6100
2015-01-22,651.8671875,651.8671875,633.3130929791271,633.3130929791271,7900
2015-01-23,633.3131103515625,641.0613173473045,633.3131103515625,641.0613173473045,4200
2015-01-26,648.6511840820312,648.6511840820312,633.3131316742945,633.3230368555684,7800
2015-01-27,647.5923461914062,647.5923461914062,643.1987339940656,644.1981909277599,2800
2015-01-28,634.3026123046875,643.2085772200419,634.3026123046875,643.2085772200419,3800
2015-01-29,638.2609252929688,640.7348048483678,638.2510201111551,638.2510201111551,8500
2015-01-30,637.8452758789062,649.3933277444254,629.8991464358847,638.2608706973781,5000
2015-02-02,629.6221313476562,646.6226237062803,624.7832086406918,638.2410887102296,7200
2015-02-03,637.4197387695312,637.4493939132589,625.3966616997137,629.6616270242049,7300
2015-02-04,639.2504272460938,643.8815221648272,633.5505995315157,640.3389100065749,4300
2015-02-05,653.1041259765625,653.1041259765625,636.7567124658461,636.7567124658461,6800
2015-02-06,662.9996948242188,662.9996948242188,643.4362367408045,653.0942718095966,6500
2015-02-09,645.1383056640625,661.7726689436269,639.369201780466,658.0618497075778,5000
2015-02-10,643.8419799804688,658.0519289431624,643.8419799804688,652.6093941925046,4000
2015-02-11,637.1129760742188,649.967242650061,634.3026227464587,643.2085878084214,5300
2015-02-12,641.6946411132812,643.4165120176655,637.2614682772717,638.2609252812265,8300
2015-02-13,650.6401977539062,654.9645341822505,637.2713435995843,637.2713435995843,9900
2015-02-17,673.6768798828125,674.389388513253,648.7698805131233,648.7698805131233,12800
2015-02-18,679.3272705078125,681.4646756944761,668.4422013518242,673.5878824868714,7700
2015-02-19,671.410888671875,682.7709238796261,671.410888671875,682.7709238796261,3600
2015-02-20,672.2518920898438,672.9445903272388,654.1035485752446,656.9831173139562,4800
2015-02-23,653.1041259765625,685.7494270947395,653.1041259765625,681.5141771996224,8200
2015-02-24,660.7731323242188,660.7731323242188,650.1750121203502,660.2783564857132,5900
2015-02-25,657.9430541992188,658.0419852117288,649.3339422003097,651.382321497796,5800
2015-02-26,667.9473876953125,667.9473876953125,650.1552677176617,658.0518708405672,4000
2015-02-27,660.1793823242188,668.2838124450901,656.5674947802432,663.0985112626392,6800
2015-03-02,662.9896850585938,664.4740124994261,651.5603758436722,664.2760900944942,10000
2015-03-03,661.0204467773438,661.960532845511,657.0622405092159,657.0622405092159,4100
2015-03-04,658.5465698242188,661.0006383905995,658.0517940392268,661.0006383905995,4400
2015-03-05,658.5465698242188,662.5938623203238,658.0517940392268,660.0308971791944,3500
2015-03-06,659.0413818359375,663.9891399578289,658.0518302115593,663.9891399578289,6800
2015-03-09,660.4071044921875,662.9898202705768,658.0519663072917,658.4379060160029,8400
2015-03-10,659.0413818359375,665.9682432065855,657.0622785871809,657.0622785871809,11200
2015-03-11,653.668212890625,665.3152564248068,647.8991092226022,661.0007648521855,12200
2015-03-12,664.2328491210938,664.2328491210938,641.1611870102535,650.1202764811468,8900
2015-03-13,666.5023803710938,675.956995667668,659.4262538308236,659.9317000821316,7100
2015-03-16,678.8309936523438,678.8309936523438,656.1656394532567,671.8440287233385,4700
2015-03-17,680.4463500976562,680.4463500976562,667.9689800713676,668.9600319705833,5100
2015-03-18,683.6771850585938,683.6771850585938,673.9153472390449,674.1135697330942,6000
2015-03-19,675.5108642578125,677.6713501194349,667.0572230899922,667.0572230899922,2900
2015-03-20,674.6685791015625,681.199578003582,666.978005790432,681.199578003582,10600
2015-03-23,676.0361938476562,685.6592695998976,671.5169993607956,671.5169993607956,5600
2015-03-24,680.8526611328125,684.9060900537013,664.2921619658973,673.1819290393391,12900
2015-03-25,674.9957275390625,690.2479739769532,657.5531736102993,677.8796626465557,3800
2015-03-26,677.9786376953125,686.1052760575582,668.6132448427437,676.5515204195572,18300
2015-03-27,677.8795776367188,679.7328400639436,673.9252897787469,674.2126730867874,4900
2015-03-30,675.79833984375,677.8795247152543,669.2276606641875,677.8795247152543,7800
2015-03-31,678.3948974609375,680.0598574716063,667.1563417776601,670.3971009976998,6700
2015-04-01,675.8875732421875,693.1715232946054,669.207892149475,693.1715232946054,13400
2015-04-02,672.309814453125,677.2056134166478,668.3555269227816,670.4664723770115,19100
2015-04-06,680.505859375,681.0707057675521,670.9223432733087,671.219707255509,4200
2015-04-07,673.9153442382812,682.4086669383188,663.5291388776811,674.1234869294581,7700
2015-04-08,684.5691528320312,698.1961175101933,673.9153440836501,677.5327079938216,20900
2015-04-09,680.9022827148438,688.6324764238068,675.0253514563303,688.6324764238068,4400
2015-04-10,674.916259765625,681.586019653336,674.916259765625,681.586019653336,5800
2015-04-13,672.8847045898438,677.9093456146767,668.960116795266,677.9093456146767,9700
2015-04-14,671.843994140625,673.8558586138804,661.9136948327201,669.3069035933685,11700
2015-04-15,675.2928466796875,676.7695042843857,667.9689588596954,675.8379131091458,11100
2015-04-16,677.8299560546875,677.8299560546875,673.9152889694898,675.0946431447467,1900
2015-04-17,665.1148071289062,673.7369715454028,664.539980037403,669.4556196870939,3400
2015-04-20,671.8242797851562,678.8706452498751,667.9988334402361,668.9402844840415,3800
2015-04-21,668.1474609375,668.2168418393836,666.1851972434224,668.1177608304164,2400
2015-04-22,665.858154296875,673.2415043701251,662.0029471990426,666.4825219446584,8400
2015-04-23,665.1047973632812,673.1224335031329,664.0047443191585,667.4734258193331,4600
2015-04-24,669.2177734375,669.9907625319387,664.4904361099653,664.5003563080628,6600
2015-04-27,666.6905517578125,668.4744330969557,659.4756648225559,668.4744330969557,4700
2015-04-28,665.9869384765625,667.9690424601238,664.0048344930013,667.0770714719159,5100
2015-04-29,663.6580200195312,666.5815751341509,660.3379594059393,661.279470937824,4000
2015-04-30,669.9214477539062,669.9214477539062,658.5838699897296,660.0406875175394,8500
2015-05-01,668.9600219726562,672.4782440644889,658.0286906529577,671.7647157424412,11800
2015-05-04,669.9015502929688,669.9510907906398,664.549845786316,664.549845786316,4900
2015-05-05,668.38525390625,669.9412127607083,662.6669251613055,668.9501607888759,11200
2015-05-06,660.3379516601562,661.6065272859239,660.0406481506842,660.377632454096,4800
2015-05-07,650.9922485351562,660.0405571075987,643.1530547198071,657.166482438104,18800
2015-05-08,652.1121826171875,655.5015633467551,648.7624221895468,652.6077085918206,11000
2015-05-11,647.6029052734375,651.071587079413,646.6613938282992,651.071587079413,5200
2015-05-12,644.1838989257812,647.6030409486534,641.8351101642045,644.1640585262501,9000
2015-05-13,643.1928100585938,649.139122632325,639.2286016761062,647.226399346457,4500
2015-05-14,653.945556640625,653.945556640625,639.2284604673285,642.0529341203027,7700
2015-05-15,654.0844116210938,654.0844116210938,648.6930862241118,650.1301237478818,3700
2015-05-18,651.1211547851562,656.5917811042189,643.3116602965572,653.103258757105,4400
2015-05-19,646.1659545898438,655.8980932504774,641.2701549069797,651.0815946707456,9800
2015-05-20,644.1838989257812,646.661529306265,641.2702031787715,641.2702031787715,5800
2015-05-21,636.8203125,648.9606999118091,635.2643535485394,641.458428758646,5600
2015-05-22,644.382080078125,644.6992240051459,639.2285971198203,639.2285971198203,5400
2015-05-26,636.2554931640625,641.2107540142499,635.4229827260605,641.2107540142499,4900
2015-05-27,644.3225708007812,646.8695817350534,634.3228293658842,639.2384691306177,11000
2015-05-28,644.2135009765625,653.4996525180628,640.0015303663556,640.0015303663556,4800
2015-05-29,643.4306640625,646.6615036286042,634.3823534331422,646.1560573728121,9500
2015-06-01,646.4830322265625,652.2311215894139,640.7745631667057,646.6614143235565,9300
2015-06-02,642.8359985351562,647.19659114172,640.3088279750206,643.3116841495776,11900
2015-06-03,636.4041137695312,655.3431043938903,635.2643796883676,642.81619165615,10200
2015-06-04,634.699462890625,638.5745103151887,633.8768727447251,635.740055454778,9500
2015-06-05,635.4625854492188,636.1166531859103,629.3874315541957,636.1166531859103,7900
2015-06-08,630.36865234375,632.7174411904266,630.309191632025,632.7174411904266,4400
2015-06-09,632.5985107421875,634.2733913357445,629.3181304659339,629.3181304659339,8300
2015-06-10,636.2058715820312,636.2058715820312,629.3180477801773,633.3813369639388,6900
2015-06-11,639.6249389648438,639.6249389648438,632.3406709956497,632.3406709956497,6200
2015-06-12,640.952880859375,644.1837196546531,634.8083471279448,635.5516360352386,9100
2015-06-15,648.2569580078125,652.1121645007183,637.3454666712839,640.3583032263199,10700
2015-06-16,656.076416015625,657.5530737994121,644.5306361605304,649.4858961002254,10200
2015-06-17,660.04052734375,662.5181569508962,649.1884975666488,649.1884975666488,6800
2015-06-18,667.3247680664062,667.919435495709,659.0495089540893,659.1485899478029,9500
2015-06-19,659.614501953125,674.7577454044535,656.0268984703658,669.8520862837022,21900
2015-06-22,665.3031005859375,672.0819227271007,659.7036327175421,672.0323217370167,5200
2015-06-23,673.5684814453125,675.7388876335433,652.8455513144352,661.0415702905096,8300
2015-06-24,668.35546875,676.8388701297716,661.0712013905824,676.8388701297716,8300
2015-06-25,661.4974975585938,669.3664534309703,659.049627975129,668.4150821546846,8600
2015-06-26,663.9849853515625,674.1333479354931,651.240071422486,674.1333479354931,20400
2015-06-29,649.3075561523438,670.9422393904402,646.3244797967521,667.7708607253556,21800
2015-06-30,649.0796508789062,657.5432138554214,640.5268666001351,651.9537261029012,20700
2015-07-01,665.6896362304688,672.636920384176,639.2285359022922,662.379495956522,31400
2015-07-02,664.6490478515625,677.9390285535162,659.8226294517295,667.4239813531584,8200
2015-07-06,670.1790161132812,671.4872118977894,650.3877384353023,663.9453213533752,9700
2015-07-07,677.7111206054688,678.8210940301102,656.3539616460541,657.0278697617996,12700
2015-07-08,673.9153442382812,676.8885001687443,664.0048244700713,675.8974481919233,13000
2015-07-09,672.3297119140625,676.8885269924909,667.3149911321852,674.1829743450379,11300
2015-07-10,673.1422729492188,673.8657820014894,658.2666340677242,669.8321933272512,6000
2015-07-13,674.6983032226562,675.3821315565945,671.9432099784383,674.2226175952268,5500
2015-07-14,675.9867553710938,675.9867553710938,671.6161817241722,674.7479402426724,8500
2015-07-15,677.7308959960938,678.8706300085022,671.358438800827,672.1711087114898,8200
2015-07-16,677.483154296875,679.8716236010445,669.0195916019937,675.6001917033104,6000
2015-07-17,674.5099487304688,680.7833246574334,673.8855811482631,680.7833246574334,7300
2015-07-20,670.9620971679688,679.7130434641449,666.6212842274407,676.2642015893763,10100
2015-07-21,669.7727661132812,673.8955157948144,665.3031119403005,672.9243041967878,8400
2015-07-22,666.8788452148438,673.91528948296,663.9056895259483,669.0591109954945,12500
2015-07-23,664.7679443359375,669.9511267440565,664.7679443359375,667.1761933464692,6900
2015-07-24,669.227783203125,670.942284011098,665.0851926077952,665.0851926077952,6400
2015-07-27,692.7155151367188,708.5723454824318,669.9411619091707,669.9411619091707,53400
2015-07-28,692.7453002929688,706.0452002801256,689.77214449772,702.5567386128936,19500
2015-07-29,694.142578125,702.655739867755,682.7950831854746,694.5390230483121,26600
2015-07-30,695.2230224609375,702.6559129362861,694.0932085913203,699.920599563115,8500
2015-07-31,699.6828002929688,703.6470087932122,694.6482385607336,698.1268411979406,10700
2015-08-03,708.8895263671875,708.8895263671875,697.423048065968,697.423048065968,7600
2015-08-04,713.5474243164062,715.9160527968048,705.6388497711987,711.1490957342692,3100
2015-08-05,710.1382446289062,720.4947493410324,707.6209945159176,713.5375454723431,9600
2015-08-06,718.5126953125,718.8694595128093,693.736395474138,706.6200713900862,15900
2015-08-07,725.4501342773438,732.3775787501916,708.800471162225,717.3928758976828,27500
2015-08-10,717.026123046875,742.0997265856804,711.0599706416799,735.3605850736437,33700
2015-08-11,723.5176391601562,729.2459498526804,708.6023157995238,717.5019451086017,18400
2015-08-12,726.7186279296875,732.1694138421933,714.1520355410702,723.4184078857377,14700
2015-08-13,732.3873901367188,742.9519772953802,726.4906189437698,732.3873901367188,3100
2015-08-14,723.6166381835938,733.3586357401831,719.503748209655,731.9909791482668,5200
2015-08-17,729.3152465820312,733.5073775050597,718.9785202038621,718.9785202038621,12500
2015-08-18,728.284423828125,732.387393431831,713.6564873203112,725.3806488638628,27800
2015-08-19,732.0901489257812,733.715488777378,718.5127239749346,725.6483107108336,89500
2015-08-20,725.004150390625,727.2340176117294,718.5127712447693,724.9744502819672,18000
2015-08-21,719.7118530273438,740.3158011384052,713.5573986876194,721.5056546239286,22300
2015-08-24,689.772216796875,713.5475454533408,688.7811647612473,713.5475454533408,26400
2015-08-25,702.2098388671875,715.9260243100358,696.6401318124077,697.8987871306798,20400
2015-08-26,692.7453002929688,708.6021312009623,688.2855666000955,707.6110792692127,29500
2015-08-27,700.5746459960938,700.8521090871529,682.6762502409239,694.3012702304862,42500
2015-08-28,716.1640014648438,719.6921446080019,696.085275747082,701.754125352708,16700
2015-08-31,712.87353515625,723.4678823182516,702.5567115591762,717.5711114536095,23900
2015-09-01,710.7825317382812,720.1182249728756,705.529968049561,706.6201010926671,21400
2015-09-02,735.3605346679688,739.0968198138025,709.176959521431,709.176959521431,30600
2015-09-03,742.5457153320312,742.7835581351767,728.2448421472812,736.4705616974676,11400
2015-09-04,737.4417114257812,741.7429033851151,734.4883960528572,734.4883960528572,9000
2015-09-08,742.7439575195312,748.3433652072183,733.9929511395835,742.2682114116154,20300
2015-09-09,747.1937866210938,752.396809894906,742.862893992299,746.5000380867821,10000
2015-09-10,765.0623779296875,771.2267527798559,746.2621506589682,751.4156331198872,28500
2015-09-11,761.9307250976562,765.0624229644212,756.1727150994868,765.0624229644212,43800
2015-09-14,758.868408203125,761.3757991275954,753.5861439005507,759.9586018399032,12100
2015-09-15,757.3619384765625,766.0831838403317,750.1074306930282,759.1656603466146,28200
2015-09-16,754.6862182617188,762.2181904663577,748.353380455197,762.2181904663577,7200
2015-09-17,743.3385009765625,753.1994799500261,734.3893333467049,753.1994799500261,12100
2015-09-18,752.4661254882812,752.7535087824172,737.7391077888313,738.908541850193,36100
2015-09-21,756.1726684570312,763.8830819748449,744.6665693691701,751.2273287046041,18800
2015-09-22,753.199462890625,759.1656148347415,751.7525053042918,755.2806477372192,24900
2015-09-23,753.1797485351562,754.983470598916,748.2443284799468,754.983470598916,15500
2015-09-24,747.4216918945312,750.8309132944016,746.8865455748305,750.6525311878347,24000
2015-09-25,751.2174072265625,758.1547711455413,741.7231122405221,741.7231122405221,19700
2015-09-28,739.3248291015625,753.1995577978385,713.7358579187486,749.9587982387229,32900
2015-09-29,743.2890014648438,750.5633497743457,731.2179953397364,741.3068974609375,22100
2015-09-30,740.6131591796875,746.0639452656318,733.3884117618175,746.0639452656318,58600
2015-10-01,735.6480102539062,743.2890433960639,730.4152868426869,741.1384773674295,29200
2015-10-02,736.3417358398438,738.3337600922949,726.906901186609,732.0703040231657,23600
2015-10-05,743.0908203125,749.4137372758914,735.7372309857752,735.7372309857752,30500
2015-10-06,736.8967895507812,742.3079558860396,727.8881596804521,742.3079558860396,33900
2015-10-07,746.3810424804688,750.1668682020256,735.9056160718936,735.9056160718936,27700
2015-10-08,748.4127807617188,753.6653446770019,742.4962288911403,745.4297043288736,22100
2015-10-09,753.199462890625,753.199462890625,740.959995814256,748.2442032663446,30700
2015-10-12,761.1773681640625,769.2742449147128,747.1936409517252,752.2282013320817,27200
2015-10-13,760.5729370117188,764.1010796551574,759.3242018336512,759.8494884198911,18300
2015-10-14,749.9984741210938,763.1001530980315,747.3622418122196,756.8763777207572,17400
2015-10-15,757.8673095703125,759.1457447272965,749.2451460637286,750.2857384462975,6600
2015-10-16,750.74169921875,758.1547485144073,750.2263328436684,755.8555007112117,13800
2015-10-19,757.1636352539062,760.4836348516291,736.470467189522,748.2441683464649,36000
2015-10-20,771.3853759765625,772.0295840356147,756.4205134983092,763.1101151571545,33400
2015-10-21,789.105224609375,795.2200583040938,765.9344266527862,773.0403122344796,24800
2015-10-22,782.93115234375,799.0952095377672,775.7757852773124,791.5929379458669,17800
2015-10-23,785.6564331054688,787.8862999922392,775.0026246464541,782.0489894912864,30400
2015-10-26,774.8738403320312,782.0292673919002,772.7034339822459,782.0292673919002,10400
2015-10-27,769.0563354492188,780.9489591932788,769.0563354492188,772.7133196700777,5600
2015-10-28,780.7012329101562,782.2968121534849,770.8105530543994,777.9857600391459,9000
2015-10-29,778.9073486328125,792.1874685599701,767.4507908541069,792.1874685599701,11000
2015-10-30,782.93115234375,792.8317530603349,777.4902860392499,777.4902860392499,8800
2015-11-02,782.93115234375,787.876492602463,759.9387317214208,781.920259853858,24300
2015-11-03,753.447265625,782.0292312610467,753.1995026307136,782.0292312610467,17000
2015-11-04,746.2523193359375,755.8754571091796,732.8830360376454,755.8754571091796,17500
2015-11-05,744.1314086914062,748.6803642230701,735.9949100613626,747.2532468493145,7500
2015-11-06,750.87060546875,752.9022500615163,732.6847641646332,743.3881141439763,14100
2015-11-09,747.3522338867188,754.1905163779968,738.6904497237728,749.2352567434502,21600
2015-11-10,757.5502319335938,763.1000987851388,745.7666094607645,748.5316226885681,15800
2015-11-11,746.6089477539062,758.0556459440344,745.2710518431427,758.0556459440344,5700
2015-11-12,743.3385009765625,758.1547396865395,730.7620493457313,730.7620493457313,14600
2015-11-13,744.280029296875,757.5105488976927,742.3871466497806,742.3871466497806,19000
2015-11-16,765.3993530273438,765.3993530273438,746.0441392926801,746.2819820898784,35000
2015-11-17,757.837646484375,775.002674618233,752.5751627118348,760.434197920829,25200
2015-11-18,768.0455322265625,773.030553292651,748.293871257613,760.0477345716439,17300
2015-11-19,770.0673217773438,778.5705052397034,768.9474280656892,768.9474280656892,11800
2015-11-20,766.1822509765625,780.3642021952296,765.3101204070684,770.9888893066853,17500
2015-11-23,776.9848022460938,781.9400624645,769.5320715211255,769.5320715211255,13000
2015-11-24,781.841064453125,782.5446727658607,769.7303757394253,780.949093323517,6300
2015-11-25,772.663818359375,784.8933665226338,766.4598229799743,782.1778936415834,15000
2015-11-27,772.7827758789062,779.957983225508,772.7827758789062,779.957983225508,2200
2015-11-30,800.7699584960938,800.7699584960938,773.0304246863332,774.6458441694498,57700
2015-12-01,792.7523193359375,800.1654288733021,789.6701623641222,797.7968002533245,16600
2015-12-02,791.9595336914062,799.0356593501774,787.5791008741248,788.0350065612404,9100
2015-12-03,788.8773803710938,797.5986257447304,785.7456827124244,794.1002436905875,9700
2015-12-04,790.8595581054688,794.9922283330797,786.4097439542711,791.1271615229678,9200
2015-12-07,775.0026245117188,780.5327113268711,772.6934565324526,780.4930305359242,14700
2015-12-08,770.2059326171875,777.6785032831793,757.7583221282628,770.4933764052719,14600
2015-12-09,761.3657836914062,773.0205649644979,757.4709565650745,770.1663303470464,18400
2015-12-10,755.9744873046875,779.4921934487827,745.3206778283152,763.1100741215494,23000
2015-12-11,755.40966796875,756.143036888332,743.3089598176011,743.3089598176011,12600
2015-12-14,756.8466796875,761.7722402038623,744.6963709547309,753.3978376484118,17200
2015-12-15,759.3737182617188,770.5428931236734,751.0389979557644,757.213232263796,20300
2015-12-16,765.1416625976562,768.0652780117615,743.5367417139665,758.4124414863459,17900
2015-12-17,763.56591796875,769.0464038754506,758.1547524692003,764.4975092344818,14200
2015-12-18,738.0165405273438,762.366693592415,736.4408018398474,761.6531652408715,44300
2015-12-21,726.9664306640625,741.7925304435532,720.0389261058091,741.7925304435532,23300
2015-12-22,720.8318481445312,743.665666344337,714.5485513276744,718.750602478321,16900
2015-12-23,721.733642578125,722.4769316024073,719.622696910042,722.4769316024073,3100
2015-12-24,729.4638061523438,729.4638061523438,721.495769917749,721.495769917749,3000
2015-12-28,733.7352294921875,736.9462282295689,723.9535512874187,726.8474061324767,7100
2015-12-29,730.6630249023438,733.378497769898,723.705820337285,733.378497769898,9100
2015-12-30,723.0617065429688,731.1486648209749,719.0082769605115,724.3797622442976,15500
2015-12-31,720.3064575195312,733.1901327292948,716.847695929921,726.9068368195226,18200
2016-01-04,713.6763305664062,727.4519769668333,711.5753052563024,721.4858248281172,11800
2016-01-05,735.3407592773438,737.5409262185276,716.5107708759815,716.5107708759815,10400
2016-01-06,728.1259155273438,732.0901235220601,717.5414874401325,723.4877994322071,40600
2016-01-07,720.0289916992188,741.2176264293098,715.8170209735446,721.4758888120135,17800
2016-01-08,710.7825317382812,725.9555359775267,710.6140698292228,724.062592716459,15700
2016-01-11,721.6840209960938,723.3390607673011,704.0928493977078,714.7565777462947,12000
2016-01-12,722.3976440429688,728.3241764401928,718.6316583471547,722.6553272544589,12600
2016-01-13,717.41259765625,725.7373975926122,714.2907598744832,715.9854804544437,10200
2016-01-14,723.339111328125,725.1229928128796,713.5574330228906,716.8675732856904,13100
2016-01-15,727.3331298828125,742.1394500554279,715.6386672020375,719.9497799496505,23400
2016-01-19,727.89794921875,736.3218914017589,715.7972427488327,731.753156099867,7800
2016-01-20,727.3331298828125,735.3606273605485,723.4680026592998,726.441158834612,11600
2016-01-21,708.0372924804688,725.7969278696304,702.65588723186,725.6483063589708,19500
2016-01-22,713.5079956054688,713.5079956054688,698.6917541119569,707.6112233133862,22900
2016-01-25,697.5023803710938,713.260131250779,695.3418942856688,713.260131250779,21800
2016-01-26,703.6469116210938,704.1028173117098,698.225886280373,701.5558064433576,17700
2016-01-27,693.2111206054688,719.4839190765994,691.764223383409,702.7450965943882,13800
2016-01-28,699.4051513671875,700.3764234082815,687.7900515770098,694.2517296313059,13900
2016-01-29,706.7093505859375,712.7448238472062,695.8672384688067,695.8672384688067,28700
2016-02-01,703.696533203125,718.3839326192044,700.17831033745,706.7093703073587,9100
2016-02-02,705.2326049804688,706.530880728728,694.2517919680986,706.530880728728,5600
2016-02-03,702.8343505859375,706.8183995520236,698.9791432373931,706.6201770258809,7400
2016-02-04,699.7817993164062,706.8083846749519,683.1420578623612,683.1420578623612,7500
2016-02-05,715.7080078125,731.8919039526005,701.6648178719582,701.6648178719582,14800
2016-02-08,741.6734619140625,753.1795592785306,714.0924722233684,714.0924722233684,29000
2016-02-09,704.1622314453125,744.2502333257278,704.1622314453125,742.3276506652147,81300
2016-02-10,728.5222778320312,738.3337165155608,688.9793405831955,707.21466050977,21200
2016-02-11,722.2687377929688,738.9779198481717,720.5938575572038,728.3438911606892,9600
2016-02-12,715.3016967773438,731.2378297757748,703.2802312525209,731.2378297757748,21000
2016-02-16,713.8646240234375,720.4452234550473,708.1066146430315,712.0906628180802,21600
2016-02-17,727.214111328125,731.3665608288053,713.1114012879765,713.1114012879765,18700
2016-02-18,728.4232177734375,740.3753024373432,723.4679577885842,723.4679577885842,18200
2016-02-19,729.9990234375,740.4942303032068,722.4769120996502,722.4769120996502,13300
2016-02-22,740.2761840820312,741.3068563308325,717.0360038278682,735.8560706225176,10100
2016-02-23,741.4653930664062,745.2710591324599,736.8471176396063,736.8471176396063,12800
2016-02-24,753.2490234375,763.1100024500792,741.29693932518,741.29693932518,10500
2016-02-25,757.0942993164062,773.020511209886,754.8941930499951,755.0230346409843,20400
2016-02-26,765.092041015625,777.9360949828101,763.109937282424,765.8055693248548,26300
2016-02-29,759.9981079101562,764.477682222398,752.6246787492599,752.6246787492599,12200
2016-03-01,767.9165649414062,772.5249806185705,756.1726237485174,764.9930101346347,21300
2016-03-02,758.1350708007812,772.8224712411561,724.5086778803272,772.8224712411561,78000
2016-03-03,766.4202270507812,770.0573711757421,746.6685062554917,760.979300428085,13200
2016-03-04,761.1873779296875,771.533962974103,745.5981497105996,755.7762123670809,13700
2016-03-07,762.812744140625,776.3009474784036,752.3868576396809,760.929721126153,62700
2016-03-08,760.136962890625,771.0286158227702,753.5960432073828,758.313400406201,22700
2016-03-09,767.07421875,769.0563226744187,754.1211623452431,760.136855014535,24100
2016-03-10,773.615234375,782.4058615414143,766.1823437277036,769.6510260297753,15300
2016-03-11,788.9269409179688,792.8416084575307,779.9083918173701,779.9083918173701,24500
2016-03-14,784.893310546875,788.2827517962148,770.6023582456779,770.6023582456779,11200
2016-03-15,789.2241821289062,792.326179516273,782.4255803903683,782.4255803903683,9100
2016-03-16,788.55029296875,794.9822104855613,777.9956259297508,784.9131492268065,19300
2016-03-17,785.9008178710938,793.4720641814002,783.9757553643095,788.9075129501183,19700
2016-03-18,770.4706420898438,787.3992621766139,768.0394972014385,787.3992621766139,31000
2016-03-21,773.784912109375,788.8778035890355,773.784912109375,773.7948447910362,21100
2016-03-22,760.3888549804688,774.9756638528465,760.3392521385312,774.9756638528465,22400
2016-03-23,771.0660400390625,783.4102438499594,765.7473311469419,765.7473311469419,10000
2016-03-24,774.9955444335938,780.9294737829396,741.445913650905,761.5995063303263,13200
2016-03-28,786.9230346679688,788.8778349487155,774.9856466603105,774.9856466603105,14200
2016-03-29,791.74560546875,793.4325261839482,782.5271073457872,785.5139375612295,10000
2016-03-30,798.80078125,803.752344104222,781.7729552200863,791.8150173391615,13000
2016-03-31,796.4193115234375,799.7832203379025,793.4027437671078,799.1878650455798,12100
2016-04-01,800.8052978515625,803.7623300058024,780.2746255427595,790.8922388052458,16900
2016-04-04,804.536376953125,812.5441782247462,798.6917201112881,812.5441782247462,19400
2016-04-05,797.2032470703125,801.1525783977032,789.9892127023185,797.649793811155,12900
2016-04-06,798.2451782226562,812.6930522851195,790.2671143846254,798.0467062678009,21000
2016-04-07,793.83935546875,795.7247481640428,790.4357764999941,794.5141116530821,18700
2016-04-08,796.4589233398438,796.4589233398438,790.7631364881828,794.4842579224694,15400
2016-04-11,795.8040161132812,797.8084796843749,793.5416056498353,797.8084796843749,16000
2016-04-12,797.41162109375,798.8008642140903,789.2152804921817,792.3807173953375,17800
2016-04-13,798.7908935546875,801.7777237258202,793.8393304216042,800.55721513614,14500
2016-04-14,800.7853393554688,803.7622365277939,793.8690439963614,803.2958850420578,12400
2016-04-15,805.5883178710938,815.9577974580919,800.894700837512,803.5639884682726,28200
2016-04-18,800.7853393554688,823.9852961636664,795.3276945395393,802.3631215054575,9700
2016-04-19,801.9364624023438,802.4624100283462,796.4689449061015,796.4689449061015,6200
2016-04-20,813.6952514648438,815.8187862226653,801.6090548512287,807.7414564493604,7600
2016-04-21,806.5010375976562,823.4495234232778,794.831590326413,815.4912651480314,12100
2016-04-22,798.3443603515625,802.0258121122479,793.8393438785008,802.0258121122479,7900
2016-04-25,797.798583984375,815.1737517927402,790.078528090603,794.2858667965312,9200
2016-04-26,806.18359375,813.4769689088299,801.509842544807,802.522007146411,7700
2016-04-27,811.6510620117188,811.8693387427394,803.7622720434514,803.7622720434514,4900
2016-04-28,817.5751953125,818.4980263632235,809.5177301076598,813.2785830922188,10700
2016-04-29,823.6082763671875,823.6082763671875,811.1747392201639,816.3645048446954,12600
2016-05-02,827.5774536132812,827.5774536132812,819.8176673439598,825.9103983846098,14500
2016-05-03,822.6160278320312,825.186109380673,818.6468310753025,820.0459462833895,10800
2016-05-04,812.6135864257812,819.6490139047925,807.8704280791582,819.6490139047925,15700
2016-05-05,814.1814575195312,814.1814575195312,808.2177299013921,808.723812161387,10400
2016-05-06,807.5032958984375,811.7007019076552,796.5383418765513,796.5383418765513,14800
2016-05-09,813.595947265625,814.1814303968354,801.0334670174836,801.0334670174836,11600
2016-05-10,813.685302734375,814.9752795159271,811.8197754877733,813.685302734375,19100
2016-05-11,814.6180419921875,815.4019364935369,809.8550183292326,812.474702541654,12900
2016-05-12,819.2520751953125,819.2520751953125,803.2860160124168,813.7051569411542,17800
2016-05-13,818.6467895507812,822.0503683292188,809.2993486210568,816.7117941169982,23800
2016-05-16,821.8617553710938,823.0822638215889,817.1682002460656,822.1197628144795,11000
2016-05-17,820.5718383789062,820.5718383789062,814.2508978169027,818.8948504401013,11700
2016-05-18,822.814453125,824.1838307736314,813.4570795694405,814.8760600616911,11100
2016-05-19,819.4010009765625,823.5984072316666,813.0304570405252,823.0625874645693,11600
2016-05-20,797.4314575195312,819.510114145319,797.4314575195312,803.4150506111782,37400
2016-05-23,790.8524780273438,797.6199653968362,788.87781243883,795.9231120722935,17700
2016-05-24,804.7744140625,808.2970636608005,791.7057916561232,791.7057916561232,20000
2016-05-25,802.2640380859375,809.6467471783302,799.1085336319907,804.2685020196013,14900
2016-05-26,799.7930297851562,808.2275716625431,797.0840727747891,802.2737773961524,10400
2016-05-27,793.5018920898438,800.2991774389508,792.0333087648698,799.7930951944984,16300
2016-05-31,799.177978515625,807.1362379183685,783.9164111346531,788.411555829262,42200
2016-06-01,808.5748901367188,811.5617200912765,802.7699646799798,803.2462488628544,16100
2016-06-02,818.061279296875,822.5068204758705,811.5021967421025,813.1791846537823,19200
2016-06-03,809.66650390625,819.6390982550431,806.5308046744169,811.26409100281,21200
2016-06-06,801.23193359375,809.557337715391,800.0411625411276,806.5705076848163,21400
2016-06-07,812.732666015625,812.732666015625,802.8890755027189,802.9386783467041,22500
2016-06-08,809.0910034179688,816.8209924738471,796.9154727092746,811.5320812822586,23600
2016-06-09,807.5133056640625,816.5630698995934,800.914491483299,807.0369608439393,23500
2016-06-10,801.777587890625,809.3389013866608,797.2626395767905,807.2650304037599,23700
2016-06-13,803.494384765625,810.5595499863904,793.8591986199197,793.8591986199197,22600
2016-06-14,802.9090576171875,807.6224792186871,801.519814392794,803.2662708239828,20300
2016-06-15,815.590576171875,831.3978958319378,804.5860114926102,804.5860114926102,36900
2016-06-16,817.0293579101562,826.3669269609309,813.6853145723077,826.3669269609309,22900
2016-06-17,822.735107421875,828.5499661951542,814.0921595910156,816.6821065311441,43000
2016-06-20,821.3060302734375,827.5773672305777,817.1681603955195,825.2851589597743,20100
2016-06-21,818.7460327148438,824.4517530243943,818.2002802765226,818.646827022471,16400
2016-06-22,824.0747680664062,826.0494945420556,817.6149505179847,818.6469199833608,12300
2016-06-23,827.736328125,827.736328125,818.7758972572085,822.9435662826388,13500
2016-06-24,807.9994506835938,829.6514254695868,807.9994506835938,815.0348177617968,43100
2016-06-27,793.2935791015625,811.7007164883634,791.9341340915299,807.5925834120687,18400
2016-06-28,818.7361450195312,821.6237089421542,796.3200802247328,798.8008281382055,26400
2016-06-29,830.4849243164062,838.8599316050946,816.2652604706132,816.2652604706132,19800
2016-06-30,835.515869140625,837.093651409157,829.8002164499069,831.0703884101255,21700
2016-07-01,829.4132690429688,844.3970234275884,829.0659885461139,832.8466461071837,9000
2016-07-05,822.5565185546875,830.5048450041246,818.6468572019297,826.2280377848631,8300
2016-07-06,823.3800659179688,832.5389674785171,818.6467797017599,819.6092807836003,22900
2016-07-07,827.0416870117188,831.5268380702958,823.8960550398009,825.5631103755288,4800
2016-07-08,825.632568359375,834.8212682388591,823.2510867228884,827.041676768482,11800
2016-07-11,827.4881591796875,828.5697919040055,821.7923717377388,821.7923717377388,9600
2016-07-12,823.1121215820312,831.3779902253535,817.3865362680626,831.3779902253535,13600
2016-07-13,819.123046875,822.60602642848,815.689730728939,822.5960937469962,11700
2016-07-14,817.4163208007812,820.8298321461548,815.3919918639674,819.6390611065815,16500
2016-07-15,810.0038452148438,818.8055337634664,798.2451246024613,811.7006985519394,32900
2016-07-18,810.3709106445312,812.0380263358046,807.2352723140692,807.4436769167603,22900
2016-07-19,806.6598510742188,810.7779169923646,801.7182204245532,801.7182204245532,14800
2016-07-20,806.9674072265625,812.6929926238146,804.8637379028323,806.7689958514102,19200
2016-07-21,809.626708984375,815.4515602554768,806.3819322040341,806.3918648851723,15500
2016-07-22,820.8794555664062,824.5509744616579,809.0413342093722,816.6125814190091,11300
2016-07-25,815.1241455078125,824.6005902380754,814.8165351951907,818.8154692592749,15100
2016-07-26,818.6268920898438,820.8595650647147,818.2498135866551,819.7382622365691,6300
2016-07-27,818.9644165039062,823.9755155558112,815.9974514649922,815.9974514649922,7000
2016-07-28,815.8683471679688,822.1198195001457,814.3004976028396,816.811043443367,11200
2016-07-29,814.9951782226562,820.9589060466175,809.8748804843725,815.8684063553072,6200
2016-08-01,814.6776733398438,823.6083664702439,814.6776733398438,819.5101657774159,11600
2016-08-02,814.0424194335938,818.3291585200581,811.4029306568774,817.6544024460488,10600
2016-08-03,814.0325927734375,819.529968888908,810.3908718095831,810.3908718095831,8600
2016-08-04,818.7857055664062,823.5784666807451,812.4052295303852,814.6775726982888,10300
2016-08-05,813.0205078125,822.606091286321,813.0205078125,818.7758309696993,9500
2016-08-08,822.6160278320312,846.0144596711853,819.2620517273846,821.6237286428491,12200
2016-08-09,816.364501953125,821.5145368326042,814.7966523779592,814.8065850596267,9600
2016-08-10,814.2905883789062,819.8971027847858,813.7150984806167,816.9896735522672,10800
2016-08-11,818.6567993164062,823.4992244151595,815.074613623497,815.074613623497,4600
2016-08-12,818.8849487304688,820.7504759956195,816.4637363585796,816.4637363585796,5000
2016-08-15,820.6115112304688,820.6115112304688,810.0336292038064,819.0734596993351,4900
2016-08-16,815.6697998046875,820.5419613762765,813.8042727896078,817.2673867017647,14600
2016-08-17,812.0975952148438,818.1505954059859,810.8274233150555,815.6698476940211,8300
2016-08-18,817.8330688476562,818.1506118289774,811.7602031720743,811.7602031720743,5800
2016-08-19,818.2994995117188,818.2994995117188,812.2067683347798,812.2067683347798,3300
2016-08-22,818.2994995117188,818.5376416118373,815.6698825984568,817.6445481712606,3500
2016-08-23,816.7612915039062,819.5695146625006,815.1141017947534,817.6543848396112,6800
2016-08-24,816.6621704101562,819.639067750655,813.9928833722371,817.5552638383584,6700
2016-08-25,817.4859008789062,824.7792760760531,817.3270990838279,817.6645074745148,11500
2016-08-26,808.06884765625,818.4780551630316,803.117224444646,818.4780551630316,22200
2016-08-29,815.6697998046875,817.7734688957133,808.4160963433847,808.4160963433847,30100
2016-08-30,811.7998657226562,818.646753706985,803.8218027990678,815.5706507372896,17300
2016-08-31,817.6744384765625,818.5674714527701,811.70077767566,811.70077767566,15300
2016-09-01,817.7636108398438,822.3579605971273,812.1968273286656,821.5938708961348,15500
2016-09-02,821.3855590820312,822.0900527211235,814.6478090509328,816.781276462441,13500
2016-09-06,821.8121337890625,823.8860654046409,812.2066864732346,812.2066864732346,22000
2016-09-07,828.4308471679688,828.4507125316518,818.5971893192474,822.8342654713657,14400
2016-09-08,823.3304443359375,830.3559394696116,821.653516868794,825.6325856951396,12100
2016-09-09,815.8683471679688,823.3998635592875,812.901382494714,823.3998635592875,9200
2016-09-12,808.6543579101562,818.3392075305559,798.9000400798196,813.4769173560497,36300
2016-09-13,809.9939575195312,814.3302998435751,800.4479842325098,811.4327427963544,20000
2016-09-14,809.716064453125,822.7746939419713,808.9222372872755,811.5319887617895,20800
2016-09-15,813.6058349609375,816.2651891956386,808.9023470685489,809.8152452529679,9300
2016-09-16,805.8262939453125,813.5463496780217,804.2783097260847,811.7205531964362,33900
2016-09-19,824.3326416015625,825.573015521161,806.9376692469831,809.5672256174521,20400
2016-09-20,821.61376953125,823.628165891757,819.271958055743,823.628165891757,5600
2016-09-21,821.722900390625,825.5532211321424,820.1352459795734,825.07687635672,10600
2016-09-22,820.6314086914062,822.4671379188943,818.6468103632529,821.6535059016697,5400
2016-09-23,819.6390380859375,821.0084156582163,812.1173941196004,821.0084156582163,13700
2016-09-26,818.9841918945312,822.4175081280614,812.7624569587762,819.7482210415461,7900
2016-09-27,822.7449340820312,827.8155678022832,818.6467340711074,818.6467340711074,8300
2016-09-28,825.1265869140625,831.1001869432116,821.5741388023152,823.717478436219,6600
2016-09-29,820.1848754882812,826.8531574747788,820.1848754882812,826.8531574747788,7000
2016-09-30,823.6082763671875,826.5851737516472,820.3733715189868,820.3733715189868,16200
2016-10-03,823.6082763671875,827.0019224272345,820.3833042006895,820.7305846694902,14000
2016-10-04,822.427490234375,823.5884633298388,818.8949075363148,822.2290182831081,6100
2016-10-05,814.4196166992188,828.0537976984109,814.4196166992188,824.6998216355222,9300
2016-10-06,814.7767944335938,820.8298554880843,814.2905775485148,815.977498188787,13500
2016-10-07,818.666748046875,839.2172267886078,815.4219101128583,839.2172267886078,9000
2016-10-10,820.1451416015625,821.4649163672567,817.654461161729,821.157306067823,10300
2016-10-11,818.6567993164062,819.9269108398566,816.5630624719219,818.3689937773553,5500
2016-10-12,824.6005859375,825.2257392413636,815.669893671029,818.6467910931859,18200
2016-10-13,835.4960327148438,836.0319130263669,822.5564733888975,822.5564733888975,16500
2016-10-14,839.4254760742188,844.3869714146189,833.5312171872183,837.7881583858352,21800
2016-10-17,840.4475708007812,840.4773688461482,833.0649233657228,836.518104980848,12200
2016-10-18,845.210693359375,847.0860927832448,838.9988907916442,838.9988907916442,16400
2016-10-19,831.6657104492188,847.8997090647076,827.5873757152226,845.4388266964797,17900
2016-10-20,823.2411499023438,830.5147196410602,823.2411499023438,827.6270951937266,5300
2016-10-21,819.688720703125,822.774756599135,810.758028135671,818.031598040513,12400
2016-10-24,820.4825439453125,824.9478902073565,814.975295668485,824.9478902073565,20100
2016-10-25,820.6314086914062,821.4847714368799,817.7140467264154,820.6909442186454,12900
2016-10-26,817.6246948242188,826.7042561980368,817.6246948242188,822.4869848452498,8500
2016-10-27,828.4208374023438,832.5984382049578,820.9687224139267,824.69971596603,7200
2016-10-28,826.0989990234375,830.4452742717409,825.1563026905616,827.3989085250447,4700
2016-10-31,823.3304443359375,826.5752820266221,819.817727051668,826.5752820266221,7200
2016-11-01,819.4405517578125,824.5905863025896,817.2476095965658,823.3402797963817,9400
2016-11-02,826.7241821289062,838.1356230959977,819.668949249233,819.6788213666628,11400
2016-11-03,817.6544799804688,831.8939482152408,810.0435626408294,831.8939482152408,8000
2016-11-04,812.0975952148438,821.4549683165593,808.7634242604645,816.8903561874663,14300
2016-11-07,817.0293579101562,821.6137752031456,810.70841707997,816.602676537404,13400
2016-11-08,825.0867309570312,828.7879870486735,817.0193348004838,817.0193348004838,7400
2016-11-09,814.6676635742188,824.6204530479777,813.6952297950968,823.7273595933855,17300
2016-11-10,818.875,822.3480469903335,816.741593187875,816.8507315576535,25000
2016-11-11,821.6237182617188,825.5829822861091,817.2575776584284,817.2575776584284,15100
2016-11-14,823.5288696289062,826.5851678801455,818.676572956205,821.1473880773343,12000
2016-11-15,831.7351684570312,835.7738329812685,817.2574982282287,820.2343954688344,18500
2016-11-16,827.7163696289062,829.4131622950526,820.2046583209342,829.4131622950526,9400
2016-11-17,832.1817016601562,835.8928904695041,819.7977681557863,833.2434689265684,15100
2016-11-18,830.7628784179688,843.1070835331898,828.7683472313922,835.8831159086878,30100
2016-11-21,826.1485595703125,835.0197161970793,826.1485595703125,835.0197161970793,8100
2016-11-22,821.6832275390625,834.6029817870657,820.2443816658682,829.2644075420607,7100
2016-11-23,829.7208251953125,835.9425602060127,814.82646592582,822.2885143007843,11600
2016-11-25,843.4542846679688,847.9196308809168,836.3494493422481,836.3593214591198,4200
2016-11-28,844.7145385742188,849.5767681954646,833.1840269992256,843.4542992403927,19800
2016-11-29,848.2271728515625,857.0586588760724,834.0472408235519,834.0472408235519,17800
2016-11-30,830.5245361328125,852.2459776399207,828.1132566239863,851.4918206448713,21100
2016-12-01,845.339599609375,848.2271632463921,828.5697211469364,834.5235155503875,36100
2016-12-02,845.9251098632812,865.4039474183645,836.6768743297488,845.2801517417704,38400
2016-12-05,835.3968505859375,847.5723810814753,829.6117293246294,844.5458200865938,10800
2016-12-06,841.3605346679688,842.4818375444682,831.576479656248,836.4883119606725,21000
2016-12-07,843.3848876953125,845.3298160135671,838.4928596988507,841.1522144002564,13600
2016-12-08,851.0454711914062,853.377350189706,840.1301795029333,840.1301795029333,11400
2016-12-09,848.3164672851562,858.8844156443836,847.3638384103143,852.414667135436,20800
2016-12-12,861.3155517578125,865.7808973602436,852.3848605529504,853.238223176896,25000
2016-12-13,853.4566650390625,867.9541410025246,848.614240369377,862.7941733388279,22200
2016-12-14,840.1895751953125,856.3045025519137,839.7529611778373,856.3045025519137,10700
2016-12-15,839.1079711914062,850.360669782846,827.1904491524128,827.1904491524128,19000
2016-12-16,832.7473754882812,846.877705422593,831.755076357331,841.4497976824257,33100
2016-12-19,847.9195556640625,856.6418426895068,834.5235182135477,834.5235182135477,37000
2016-12-20,841.4696655273438,851.6407316495788,840.9735159604055,851.6407316495788,16100
2016-12-21,853.030029296875,855.8580577834963,835.9128681412051,841.241509986194,14500
2016-12-22,840.5765380859375,855.7785674699375,837.7783079388893,851.3926224338179,13800
2016-12-23,848.3660888671875,857.832600044892,843.4541964337536,846.2326216736863,5800
2016-12-27,834.5236206054688,849.9042580839287,833.6801905181884,849.8943254015852,17600
2016-12-28,836.8157958984375,843.4046768068764,832.3901198747004,836.0120360074926,7400
2016-12-29,830.6536254882812,836.8158252450525,825.6921295516289,836.8158252450525,6900
2016-12-30,829.6116943359375,833.0550038889877,827.0813436100852,831.1100757466364,13800
2017-01-03,843.0574340820312,843.464310698494,830.0583378939681,830.9117007290322,17200
2017-01-04,847.0067138671875,851.4819926630931,840.5369041165538,843.6130072135609,17400
2017-01-05,841.291015625,860.8095216249221,833.2434845993365,833.2434845993365,25200
2017-01-06,846.09375,851.3827213240304,843.0077142396435,843.0077142396435,13900
2017-01-09,839.2964477539062,847.4233793059205,827.7758704467478,847.1753045461707,13800
2017-01-10,835.6151123046875,842.4620008485923,835.5953075054495,839.0088190952152,14000
2017-01-11,833.0451049804688,839.931663800631,832.7771648175876,836.1708110984913,14600
2017-01-12,836.7363891601562,837.083730200195,833.3923458847081,836.2105021068597,9600
2017-01-13,837.7385864257812,840.378135960644,834.5235470171114,840.378135960644,13200
2017-01-17,841.07275390625,844.2381906873288,831.9535220935599,834.7220755449456,17200
2017-01-18,857.286865234375,861.7125409120957,843.7717566787748,843.7717566787748,28300
2017-01-19,865.7313842773438,885.8155088898693,856.9495006763535,857.3067743910842,45200
2017-01-20,870.00830078125,878.1848369170382,860.5219223666501,867.8053649507041,13100
2017-01-23,871.0302124023438,874.2055816616789,868.5197271524114,869.1349477542983,7700
2017-01-24,885.0216674804688,889.1000022856789,872.7270669757306,872.7270669757306,31400
2017-01-25,899.8764038085938,907.0209698903461,885.7361407454912,892.662430082797,21000
2017-01-26,892.9700927734375,901.0076922336071,886.2422749870349,901.0076922336071,20300
2017-01-27,884.91259765625,897.4452806625001,874.7315983117859,889.9038310707452,28800
2017-01-30,885.7162475585938,893.0592242879284,874.7414223411134,883.0469606557147,14800
2017-01-31,902.7540283203125,903.9745368181584,880.7547744895224,903.9745368181584,25200
2017-02-01,891.6997680664062,910.9404611944966,886.0932542040789,905.5720894139093,17500
2017-02-02,907.7056884765625,907.7056884765625,882.1639168918964,888.1673149076291,19300
2017-02-03,900.5113525390625,905.2545708832006,888.1770830993728,905.2545708832006,14700
2017-02-06,900.5113525390625,906.663618520674,892.0867436255634,894.6567641477448,11500
2017-02-07,884.4263305664062,891.035077142941,876.6963416158235,884.1385856023754,27600
2017-02-08,882.531005859375,885.7163078729191,879.1869626335499,882.8485488490696,12200
2017-02-09,877.3512573242188,890.171806935608,877.3512573242188,878.2840210195967,19200
2017-02-10,889.8641357421875,892.6127632269206,880.9235106337484,883.1462510583501,14300
2017-02-13,895.0538940429688,898.6956152123773,889.1993044345927,890.8167570040721,11200
2017-02-14,896.8399047851562,897.8818067158824,889.4770625008782,889.4770625008782,8700
2017-02-15,900.2733764648438,900.2733764648438,889.8443022451809,896.8499321324176,9700
2017-02-16,903.250244140625,907.5469164667458,895.0935135419052,895.0935135419052,21800
2017-02-17,904.3020629882812,907.9537165696196,887.2345056020333,898.467339177574,14100
2017-02-21,926.0136108398438,939.8760013723223,885.7857631493258,885.7857631493258,34600
2017-02-22,912.8555908203125,932.7611073481368,907.9536310888778,929.0399859092479,20800
2017-02-23,926.9364624023438,935.9862263183556,914.4335166293408,920.1689745477357,52600
2017-02-24,931.6398315429688,940.6995269802995,926.4103960153066,930.7467381457333,14700
2017-02-27,928.593505859375,933.7336080413316,914.1654984350829,926.2616271497202,34400
2017-02-28,929.0501098632812,933.5253891922438,923.9596098416374,931.8980038789592,35100
2017-03-01,939.707275390625,941.6323381239566,925.9044211515499,930.7666505457481,30200
2017-03-02,930.5086059570312,936.7303406299809,926.9859563017983,936.7303406299809,28500
2017-03-03,921.7467651367188,928.7920653379064,919.9308406148389,928.7920653379064,12800
2017-03-06,920.4368286132812,926.0631476283127,913.4510040929008,925.9639419430201,11600
2017-03-07,915.2470092773438,921.3496726924726,911.238142898046,916.884326944367,15600
2017-03-08,916.32861328125,919.8611953846096,912.4090200228427,912.4090200228427,7300
2017-03-09,913.9373168945312,922.2924587948238,905.1752984255075,914.5128067957047,11300
2017-03-10,914.8998413085938,915.9219385322967,910.5634987497715,915.5150619532001,10400
2017-03-13,912.5182495117188,913.9174251919708,909.6902212365181,911.645021438051,9900
2017-03-14,910.6824951171875,918.5712850413622,898.0604796906123,906.9613735081551,17900
2017-03-15,905.5623168945312,912.9152270200226,897.2369124081404,905.1753056865753,26700
2017-03-16,902.7410278320312,911.9199200260755,896.0157740327646,903.6847582267806,21800
2017-03-17,901.1714477539062,908.9298027914642,898.0919703247487,904.1814414040952,16500
2017-03-20,896.3038330078125,902.0158116042779,894.5554611624525,898.5587815894737,17400
2017-03-21,885.257568359375,900.0093530390048,884.6614992962952,894.4464055730734,22200
2017-03-22,884.8600463867188,895.022382611376,876.346706977858,886.2805834458537,22100
2017-03-23,876.6646118164062,895.1515416567876,873.4957027489968,884.2640516842138,22400
2017-03-24,879.7342529296875,886.6978498791378,873.4858054000836,873.4858054000836,8900
2017-03-27,880.9857788085938,887.9892099733527,870.2075474788629,876.1182158922761,21800
2017-03-28,878.1646118164062,886.5189751383914,875.0751908270063,877.1712241826517,10600
2017-03-29,875.6215209960938,878.2539617837591,867.8233918783388,877.9758447813632,10300
2017-03-30,877.1116943359375,879.376586795783,869.3632822918746,875.1249189076356,7900
2017-03-31,874.0618286132812,879.4062583988471,869.2339797477008,875.1843613776717,16800
2017-04-03,876.3765258789062,880.5685925886518,869.2837236249368,874.181117381753,12300
2017-04-04,873.3069458007812,883.9958066131803,870.6744442763063,876.2871087500419,11600
2017-04-05,863.3631591796875,875.2142670246707,858.9823461524157,875.2142670246707,44000
2017-04-06,861.1578369140625,862.2306519243889,856.3001567401429,862.2306519243889,10000
2017-04-07,854.9690551757812,858.2373396046246,851.9690654671373,854.6015065670018,16300
2017-04-10,861.6943359375,867.1579686083472,852.3167530735462,856.6380262012535,10900
2017-04-11,871.6976928710938,873.5354358342043,861.2671221871661,861.4658118503173,17400
2017-04-12,857.3731079101562,868.9559822846362,857.3135070709989,866.6314889259214,7000
2017-04-13,854.6312866210938,863.502231228969,853.5782981172767,859.1015311313387,5000
2017-04-17,857.29345703125,859.7272686589841,850.3397441700463,859.7272686589841,9900
2017-04-18,863.9392700195312,865.419407852332,852.0285623173058,856.4093749845744,14400
2017-04-19,858.8134765625,867.9724818312876,856.3300073727108,856.3300073727108,15200
2017-04-20,854.14453125,863.2638227205074,852.2371832823179,863.2638227205074,12800
2017-04-21,856.8563842773438,858.286864810624,849.2967193830759,854.3133145105749,14500
2017-04-24,857.9888916015625,861.0882560968316,853.4491029442739,857.3233388791443,12900
2017-04-25,859.2803344726562,862.1114650792728,856.3001714629245,858.2968903804963,8600
2017-04-26,861.26708984375,866.7108347465422,856.5087848425668,856.5087848425668,5900
2017-04-27,861.26708984375,864.7340030303051,855.3564212185082,855.555110874198,7000
2017-04-28,853.2604370117188,856.3002009610973,841.3993853991293,856.3002009610973,20400
2017-05-01,851.4723510742188,859.8466021423245,841.4986997228345,858.0485728235246,20000
2017-05-02,844.300048828125,852.3266383432091,839.8198606434744,850.3498065404111,27900
2017-05-03,866.2738037109375,894.0986033910361,845.670952142249,845.670952142249,41000
2017-05-04,861.6048583984375,868.2207933725621,856.3001417473095,866.4327077550881,14400
2017-05-05,858.3861694335938,865.2405678748958,856.7967735844978,865.2405678748958,12200
2017-05-08,859.2803344726562,863.7009217300727,856.6677200502656,862.2903282156396,16700
2017-05-09,863.0055541992188,865.2307329199297,859.4293827740152,863.2042438631906,14400
2017-05-10,865.3001708984375,870.207507900215,862.925960063892,862.925960063892,9600
2017-05-11,863.2141723632812,866.2340490555587,861.6942601235959,865.2506049623842,12500
2017-05-12,849.0484619140625,863.2538936065906,846.6643072302992,862.409538331526,23400
2017-05-15,861.78369140625,866.9592023659015,847.4093402841634,847.4093402841634,16400
2017-05-16,855.2174072265625,861.108249843774,852.4061635946472,859.4294221483915,21800
2017-05-17,856.4988403320312,859.7770074368456,847.8662992647971,847.8662992647971,15900
2017-05-18,858.5054321289062,863.2439105461631,849.9424355725905,852.6245943112561,11900
2017-05-19,855.8530883789062,862.2505070507636,852.0385138874101,856.4789274274681,10200
2017-05-22,864.6744384765625,870.336760427663,849.3265865620125,853.32996805006,32600
2017-05-23,864.247314453125,865.906254964947,858.4161334003868,860.3830216794521,14300
2017-05-24,871.091796875,873.982528543719,858.167812572769,863.2638965704164,25100
2017-05-25,868.3897094726562,871.201013642894,864.2472997369645,867.2572935736864,14300
2017-05-26,872.5419921875,878.0553419863653,863.2737293432411,866.6909851829218,23500
2017-05-30,857.9491577148438,869.8102087722642,856.419362549452,867.5750865425863,16800
2017-05-31,854.3928833007812,856.290227070614,848.5517589567378,856.0219929978905,17300
2017-06-01,862.2207641601562,867.2274160750801,851.7404759761004,854.3928646490675,15000
2017-06-02,864.8135375976562,866.6910549029565,854.4425675804015,859.8465990957444,27100
2017-06-05,861.108154296875,866.0750924147455,857.6908984465173,859.7769882033954,14800
2017-06-06,860.8499755859375,864.5552925008631,858.2671310503486,861.108266102654,15700
2017-06-07,862.9160766601562,864.6843357542632,858.9326431728523,858.9326431728523,10000
2017-06-08,863.1049194335938,863.1049194335938,856.7074999198353,860.2936757652787,21100
2017-06-09,864.3465576171875,868.2108500718484,860.382950651579,864.7638240789345,21100
2017-06-12,867.0286865234375,867.0286865234375,859.9856023819884,860.7902439139968,28700
2017-06-13,874.1017456054688,879.5057774748266,870.1977389630059,870.1977389630059,16200
2017-06-14,873.8831787109375,876.217615571726,864.4261083302212,876.217615571726,23600
2017-06-15,873.0387573242188,874.1811774337218,868.8367467484306,873.1778461540245,19100
2017-06-16,868.4194946289062,874.1811308651122,868.0916597279921,873.2274568949849,42300
2017-06-19,860.94921875,873.1877621228921,860.94921875,872.0950599382794,10200
2017-06-20,862.5784301757812,862.6181438571163,852.3266616549123,858.9327142292265,22600
2017-06-21,863.4327392578125,865.6380915452281,859.2803858252207,865.6380915452281,14200
2017-06-22,858.2869262695312,861.5650933754968,854.3133756849501,861.5650933754968,11600
2017-06-23,856.7373046875,862.7472882463186,855.3763683663511,861.2472630932747,24300
2017-06-26,860.1943359375,863.005640352844,848.8796951183703,858.5850525723469,16900
2017-06-27,863.869873046875,864.2274780947109,856.1314040980182,856.1314040980182,8800
2017-06-28,863.6810913085938,868.1612796952393,861.7837474123221,864.2473295934268,10000
2017-06-29,864.247314453125,864.2672016095842,851.6511654676891,864.2672016095842,6900
2017-06-30,862.8863525390625,864.2472888215085,860.373052584507,864.2472888215085,13600
2017-07-03,871.1810302734375,882.1281809298714,864.1677163052713,864.247204289401,29700
2017-07-05,859.08154296875,871.6180890262957,858.9027404851516,869.0650757414951,19500
2017-07-06,847.806640625,859.3696865852404,847.806640625,859.3696865852404,11500
2017-07-07,854.214111328125,856.0220235944792,847.3597119146385,847.3597119146385,9500
2017-07-10,851.074951171875,857.8895761043749,847.836497634367,852.9524684384533,13700
2017-07-11,846.3663330078125,850.2306257699541,840.415950297225,850.2306257699541,19600
2017-07-12,859.1810302734375,859.1810302734375,848.7007417247994,848.7007417247994,26000
2017-07-13,851.2835693359375,865.2406538649651,849.5550845045836,857.0253184956256,28800
2017-07-14,846.8629760742188,850.7968130162516,839.5118831729696,850.7968130162516,30200
2017-07-17,857.4922485351562,858.5352934619343,846.4159517663569,847.7570614992757,32400
2017-07-18,855.9126586914062,859.17099905863,849.3463813358129,856.2702636688139,27300
2017-07-19,860.8696899414062,868.0220929541695,851.6709714818517,855.3166870818553,26100
2017-07-20,863.8797607421875,866.1844275095632,854.0849724545213,861.6148076559207,38600
2017-07-21,862.6975708007812,862.6975708007812,860.6213639401434,861.763783987106,4300
2017-07-24,859.4293823242188,863.1644690997014,856.2107552853327,863.1545861533449,9700
2017-07-25,865.2406616210938,866.7406867056675,857.9293429125892,860.8697316151553,10400
2017-07-26,852.863037109375,868.2208324722338,851.0948385670825,866.2340571118855,21900
2017-07-27,850.8762817382812,855.4061272410302,845.8696295399503,854.8101188715528,13100
2017-07-28,853.6478271484375,858.942539673771,842.6907322542688,850.1907968933366,19600
2017-07-31,858.8828735351562,859.2802528179874,852.3563705198195,855.6345373926964,10100
2017-08-01,857.5618286132812,861.7638392283949,854.5717219023418,858.2373249809222,8700
2017-08-02,847.1510620117188,858.9823432930223,844.7867944710383,858.9823432930223,16700
2017-08-03,850.0418701171875,852.018701946347,842.2139701621062,844.3795480802172,6800
2017-08-04,844.4788818359375,851.084934468157,844.3795673159422,850.3398936734665,13900
2017-08-07,846.1675415039062,847.2007034071647,834.8230721430401,845.3728435540232,20900
2017-08-08,847.0615844726562,849.7437430107612,841.8959570347436,846.6840923493603,20400
2017-08-09,838.7072143554688,846.475512842748,838.4390409267382,844.0715317720415,13100
2017-08-10,846.9425048828125,849.3464861474653,836.6807929329856,837.9324711399389,16600
2017-08-11,853.6776733398438,854.3035124663095,844.8266152580176,846.3663541280621,18000
2017-08-14,845.452392578125,854.3133935906202,843.3960728317171,852.4855336055116,16300
2017-08-15,845.3828735351562,847.5782215408263,842.3927668668061,845.1742402914667,7200
2017-08-16,845.0253295898438,849.4955745484253,844.3796032876397,845.2935030578858,9500
2017-08-17,859.151123046875,863.6809680474822,852.2272406240811,852.2272406240811,34500
2017-08-18,858.9127807617188,859.2703857691762,855.3962102585781,858.1975101152326,10200
2017-08-21,856.3001708984375,860.075031915295,856.3001708984375,857.0253244948913,9300
2017-08-22,856.8764038085938,859.6181636402489,856.8764038085938,857.5022429280617,11900
2017-08-23,861.0684204101562,863.7505792460328,856.7968655545753,856.7968655545753,14900
2017-08-24,858.4658203125,860.0552770947662,856.3002422887654,859.5486396401556,14800
2017-08-25,864.247314453125,865.6082507759334,857.1644551749545,857.1644551749545,25800
2017-08-28,859.6776733398438,863.4922478591199,859.2802940379502,862.0220535789373,16000
2017-08-29,858.0684814453125,862.1413468805692,858.0684814453125,858.8830060271036,10100
2017-08-30,860.7803955078125,863.2539212081512,858.2869826511422,860.2638144957799,21500
2017-08-31,865.3101806640625,867.4161576147504,859.6081452995636,860.2438673105029,17100
2017-09-01,866.9293823242188,868.2307176724855,864.1280219786951,864.4756833907513,21100
2017-09-05,857.75048828125,864.793572488411,857.75048828125,863.6412695377292,24900
2017-09-06,857.29345703125,863.7305889635207,857.29345703125,861.0782611775853,24100
2017-09-07,853.3199462890625,859.488905097166,853.3199462890625,857.4325854944648,21900
2017-09-08,858.7637939453125,862.2605381102599,853.9657749283036,853.9657749283036,25900
2017-09-11,864.247314453125,868.0917200703389,861.4260666567875,862.6479747791058,20500
2017-09-12,868.8763427734375,868.8862863501591,863.7803203351864,864.1577518296493,21000
2017-09-13,867.0486450195312,869.0850776439955,866.4327495064069,866.4327495064069,20600
2017-09-14,866.2439575195312,868.7174830188426,865.8366346372787,868.2207892035087,19700
2017-09-15,854.015380859375,864.694298172252,850.5881813163701,864.694298172252,85200
2017-09-18,843.7835083007812,856.4193703173497,842.7006890662469,856.4193703173497,28000
2017-09-19,838.4688720703125,847.339816913327,837.4258271165887,845.7007635950677,28800
2017-09-20,845.2437133789062,847.3496902678314,833.4621508409142,840.356263300039,30100
2017-09-21,838.4191284179688,845.3032971610629,836.1045183496444,844.3893975524223,37200
2017-09-22,837.2966918945312,845.1742491366257,836.44239301794,838.2701924454573,44100
2017-09-25,838.2403564453125,841.27017658769,833.1045593798129,837.9820659607009,26800
2017-09-26,853.5682983398438,858.4756355265831,836.4323621788169,839.2933233275312,47100
2017-09-27,845.4324951171875,856.0518115728698,842.0648964156459,856.04186799527,26100
2017-09-28,849.147705078125,850.2801814893327,840.9026001562438,849.2073059086324,10600
2017-09-29,851.3331909179688,852.0385179560122,844.6278244784164,847.2106080395424,41300
2017-10-02,859.2803344726562,859.2803344726562,847.3298517004775,851.3828903705528,20600
2017-10-03,861.525390625,867.2075389298724,856.8067992459571,860.2438817410125,23300
2017-10-04,855.6445922851562,866.4228246290378,855.6445922851562,859.6777439411684,18700
2017-10-05,862.3001708984375,863.4227037635478,854.7107355346885,854.7107355346885,13100
2017-10-06,861.1280517578125,861.2671405881472,856.727351498647,860.1744383648287,10900
2017-10-09,851.7802124023438,859.3299339332584,837.7734108197271,857.4822475430732,17300
2017-10-10,858.3265991210938,861.2670482411845,848.8198725238891,853.4987499420446,18000
2017-10-11,859.3200073242188,862.2604565148138,853.002076595341,856.5385341069363,11700
2017-10-12,862.1015014648438,862.260416799268,852.3960854358661,852.3960854358661,18300
2017-10-13,864.8035278320312,868.558562155241,856.7372251728053,862.6379500867287,20400
2017-10-16,861.743896484375,865.9161367274447,860.0849560909809,865.1413258913209,11500
2017-10-17,868.171142578125,868.7075500778883,860.7803360902025,861.0485701558691,25900
2017-10-18,873.9229125976562,877.588515749591,869.2043208763308,869.2142644546909,21900
2017-10-19,877.1414184570312,878.1447496967786,869.7605554036013,874.0519973795546,9200
2017-10-20,882.1282348632812,885.0487969850509,878.6513780817255,878.6513780817255,17800
2017-10-23,882.1282348632812,887.8898711178309,880.0520279929755,883.1315660927243,21800
2017-10-24,884.114990234375,886.956064303102,879.714290311581,882.3269046276305,25400
2017-10-25,885.644775390625,887.4825788634187,880.7871560171366,885.5057472040553,12500
2017-10-26,889.6878662109375,891.0587459684563,884.114976249302,886.09180789964,26500
2017-10-27,886.6878662109375,889.4097385389488,880.2308467989288,887.1150156039438,17100
2017-10-30,881.2540893554688,886.2508585770478,880.3401896506095,886.2508585770478,13400
2017-10-31,883.270751953125,888.0091703436618,875.2342182886741,881.1647747503137,23500
2017-11-01,889.97607421875,897.2873932175133,884.3932401354556,885.1084501839639,36500
2017-11-02,882.644775390625,891.56537669349,882.2374525183461,889.0918512547449,21000
2017-11-03,880.9362182617188,884.6415956880179,877.6481073326917,884.6415956880179,16300
2017-11-06,876.1381225585938,883.717675576494,869.611618711279,877.9362125057887,20600
2017-11-07,872.4427490234375,877.0321953547941,868.7175451420394,872.8997291935889,15200
2017-11-08,880.6878662109375,880.807067886158,870.0387790140816,873.7838094684771,16900
2017-11-09,887.9892578125,891.0687353207346,875.522194114071,882.2573915845325,27200
2017-11-10,881.9990234375,890.9196244798632,879.8135586410508,884.0950566741001,13000
2017-11-13,875.6612548828125,884.0156788297418,875.1943917984714,879.5752045819643,15400
2017-11-14,876.7342529296875,879.903162346618,871.0818740835505,878.8501737338976,14300
2017-11-15,872.8798217773438,878.6911154448114,871.7672324277827,878.6911154448114,13000
2017-11-16,867.2274169921875,873.2970009719077,860.7306835994739,873.2970009719077,16900
2017-11-17,865.2108154296875,868.8764182962126,859.1710621513901,864.5353191011242,17400
2017-11-20,872.1944580078125,873.9726002804833,859.3797315817181,862.2804675113774,16000
2017-11-21,872.6911010742188,875.5222317880792,868.1215418721625,869.6413935362809,13800
2017-11-22,869.8599853515625,876.3368320868777,869.8599853515625,872.9990638835965,20000
2017-11-24,871.2010498046875,875.0255683590674,869.7109681915665,869.7109681915665,7300
2017-11-27,874.8367919921875,875.7209216036254,868.230800114874,873.0785369790148,10300
2017-11-28,880.1414794921875,880.1414794921875,874.181153445965,874.5189319331425,19500
2017-11-29,883.8270263671875,885.2575071354357,875.9395253007424,875.9395253007424,14200
2017-11-30,885.0985107421875,891.0588370339073,875.4229240963475,881.4726819603359,36300
2017-12-01,881.3235473632812,885.9527069018854,878.3036708863233,885.9527069018854,23000
2017-12-04,882.5156860351562,886.668039216826,876.40632761665,886.668039216826,23900
2017-12-05,869.2141723632812,881.2540255345191,869.2141723632812,881.2540255345191,19200
2017-12-06,868.280517578125,870.9030758598927,865.7771609790215,868.6083525212405,23700
2017-12-07,862.52880859375,868.7672521895696,862.52880859375,868.7672521895696,14300
2017-12-08,862.4691162109375,868.0022927150422,861.2472081680352,864.1479437701059,15200
2017-12-11,867.1280517578125,867.1280517578125,856.7967965668722,863.7008524452316,10300
2017-12-12,870.7242431640625,870.7242431640625,865.4394130999586,866.234111167375,9300
2017-12-13,859.3895874023438,869.472496443996,859.1511840640488,869.472496443996,20100
2017-12-14,855.058349609375,858.3365164592001,851.5914366962671,858.3365164592001,16500
2017-12-15,855.9524536132812,862.2604406488109,854.313339813338,855.9425100361861,49800
2017-12-18,855.3067626953125,859.6180917542691,852.5749466704435,857.8001753863349,21600
2017-12-19,845.17431640625,855.7340334245022,843.3862305173346,855.7340334245022,41600
2017-12-20,845.4423828125,849.3463887622507,842.9688574164536,846.6344600458481,10300
2017-12-21,842.3927612304688,849.2471605449967,842.3927612304688,845.0252628619431,19000
2017-12-22,840.406005859375,847.3597198558474,839.5119326643417,841.7868293331095,13300
2017-12-26,838.4191284179688,842.3727916356582,835.7668005217317,839.3728023345287,13400
2017-12-27,840.6146240234375,850.3001540590217,836.4523271521132,836.5317545130571,17600
2017-12-28,843.5650024414062,846.6345972674266,838.1908013907029,839.7305402772018,15300
2017-12-29,845.6510620117188,849.3364913638089,842.3032898730695,844.369553147778,6900
2018-01-02,842.4424438476562,848.0551087184724,839.4126234278706,846.8332005933611,19700
2018-01-03,839.41259765625,842.0549822325185,837.7734837158897,842.0549822325185,22000
2018-01-04,846.9722290039062,852.4160345508042,839.1940473656666,839.1940473656666,11300
2018-01-05,847.4788818359375,851.8299246690293,846.7735547648225,849.8729800676962,8400
2018-01-08,838.8662109375,847.1212598617794,836.8496049102102,845.2735733892711,16800
2018-01-09,835.4390869140625,841.8365063663488,835.4390869140625,836.6013335896463,22300
2018-01-10,835.0615234375,837.1675004098796,830.1740731649559,832.6773688193186,25300
2018-01-11,832.7172241210938,839.4027042693041,832.7172241210938,833.2536316781496,16600
2018-01-12,828.9819946289062,834.0681345506994,828.9819946289062,831.6641534124977,15300
2018-01-16,827.9588012695312,830.9787386235749,826.508494059671,828.1177772521506,22300
2018-01-17,840.3165283203125,842.3927352064366,827.6409527163579,827.6409527163579,13400
2018-01-18,837.7734375,839.591353848402,829.9356551419444,839.591353848402,21100
2018-01-19,835.7072143554688,837.2270658708784,833.3926042465303,837.2270658708784,9100
2018-01-22,841.6378173828125,847.6279745456872,835.6477208515137,835.6477208515137,16500
2018-01-23,842.9789428710938,843.1577453914543,838.7172705919804,842.0948132163301,9800
2018-01-24,844.101318359375,846.5847874652644,837.0383467738025,843.0384469378359,10500
2018-01-25,845.4324951171875,845.4324951171875,834.4456300797339,844.1112725593881,14700
2018-01-26,842.3927612304688,849.3365314834276,840.6046755145488,844.7967424637436,16800
2018-01-29,841.0218505859375,845.8695871868706,836.760239378621,841.1112821526681,21400
2018-01-30,838.2999877929688,847.8464287043447,836.1940107931863,839.313262613616,22300
2018-01-31,834.3463745117188,843.3662914003262,833.5516158264286,838.7669013828761,18000
2018-02-01,834.8033447265625,840.3861792295789,832.4093068418169,834.4457396754234,10100
2018-02-02,831.157470703125,838.4687888632163,829.6971594075699,833.402536372704,12600
2018-02-05,805.6969604492188,829.9256990464991,805.6969604492188,829.4587753368008,15800
2018-02-06,808.3592529296875,812.3824607675567,787.7564028635385,799.6869981867727,32700
2018-02-07,803.849365234375,820.6177550088556,803.849365234375,807.3262222979912,32200
2018-02-08,783.8325805664062,808.3196124990005,782.7498218883985,802.657290280361,20800
2018-02-09,797.7001953125,803.6306902477781,781.0311220946288,785.7696004018085,33300
2018-02-12,809.3427124023438,820.528267204371,794.0842924289661,801.8923049194557,46900
2018-02-13,799.2599487304688,818.7303247641622,795.7135471168131,804.7434079897974,61300
2018-02-14,808.061279296875,813.4851978735022,796.6969217779221,798.0379708973632,19100
2018-02-15,805.756591796875,820.5779186680221,803.1539209850865,812.4917892170097,23200
2018-02-16,816.5645751953125,819.2367901598395,800.6703742182748,807.3757402554626,16100
2018-02-20,805.9354248046875,813.3262316805442,805.8758239682521,813.3262316805442,14000
2018-02-21,804.7532958984375,816.0580527862437,803.203613510154,803.203613510154,15400
2018-02-22,800.869140625,813.4752324085465,800.6903381226568,804.3360538443908,15700
2018-02-23,804.1671752929688,809.6109201144583,796.6472236426204,804.1969453935139,25900
2018-02-26,804.3460083007812,813.3361545854574,799.7069048600164,806.2831263830549,15400
2018-02-27,798.4850463867188,808.5877826383892,798.4850463867188,804.0977113218553,38300
2018-02-28,801.5147705078125,809.8195370243133,798.8624425605512,798.8624425605512,15400
2018-03-01,804.9619140625,808.220194132291,792.7233705397814,800.2929798289964,25100
2018-03-02,805.9354248046875,814.5779098772609,799.309545856063,801.9917047588027,31500
2018-03-05,817.3793334960938,819.4157663015392,802.8957228094587,802.8957228094587,20100
2018-03-06,817.4885864257812,818.3727160884804,810.9620215319451,817.041549805079,16000
2018-03-07,828.9819946289062,829.8462370346144,812.9189332916064,812.9189332916064,28500
2018-03-08,822.822998046875,830.9687890979994,820.4190168532224,830.9687890979994,14900
2018-03-09,829.1707763671875,829.1707763671875,819.544847191278,823.1806194718343,14700
2018-03-12,825.6838989257812,829.6773364839144,818.650697733842,828.8130941215672,16900
2018-03-13,823.746826171875,833.4522429682564,816.3361930660169,826.9157352181971,26100
2018-03-14,809.8394775390625,824.5018904574297,809.6706185980894,823.5085027055791,13400
2018-03-15,808.73681640625,815.2236674064322,806.5315247419641,810.7037047156483,43000
2018-03-16,811.6709594726562,817.9966611480075,805.8326067258257,809.9005254727335,51800
2018-03-19,805.802734375,812.7948680625627,804.1616651791684,810.179040309506,55200
2018-03-20,806.21044921875,811.2232583971276,804.9273643287205,804.9373201350209,25200
2018-03-21,809.3932495117188,814.4657330617255,797.8756559061738,807.3442959132623,31500
2018-03-22,804.5394897460938,819.5281985258788,802.6994261112527,806.3894484808153,40100
2018-03-23,798.0049438476562,809.4827139940553,795.9361393836235,806.389493457645,24600
2018-03-26,812.655517578125,813.5804969940053,800.6207686590072,805.0566875326176,39100
2018-03-27,810.6066284179688,817.6584354912256,810.6066284179688,814.1275236982373,43100
2018-03-28,815.8780517578125,816.5742904560673,805.5241949561532,811.541569486374,28300
2018-03-29,818.086181640625,818.086181640625,807.9709598578414,813.3418751532334,29200
2018-04-02,813.2423706054688,816.5742876917925,800.9589085386756,815.0326553191074,41200
2018-04-03,811.75048828125,816.3555346721582,803.9427680465133,813.1230541134422,31800
2018-04-04,814.4259643554688,820.3537973568483,802.9183266440921,805.11637450287,32700
2018-04-05,813.2821655273438,823.5166744345339,811.4122949923848,817.807626171769,26200
2018-04-06,806.6082763671875,816.6638230963065,801.1478807139405,812.1781251862949,30700
2018-04-09,801.8242797851562,811.6013076334111,800.0638623465697,811.6013076334111,37200
2018-04-10,853.2554931640625,857.3632347281471,835.4718727308715,842.5137240844648,94900
2018-04-11,854.6777954101562,861.3317346802155,852.9769914932402,854.5982096609655,87900
2018-04-12,854.27001953125,860.8344171473183,853.8323889764362,860.8344171473183,44900
2018-04-13,851.3856201171875,857.7909068836979,848.4316594293255,857.7909068836979,54200
2018-04-16,852.3802490234375,858.3379495690904,849.784333079549,855.1651431800691,50300
2018-04-17,856.5575561523438,860.8343640752688,854.3694035131784,855.0954488888038,56400
2018-04-18,859.451904296875,864.3155587770733,854.3395974695027,859.2231635634395,57800
2018-04-19,856.0901489257812,861.5505449431103,853.8224710093482,860.3271947792243,58000
2018-04-20,856.6470336914062,861.202361344535,851.5148763449176,858.5069482509894,56300
2018-04-23,859.2828369140625,860.4962312282173,856.1100305387722,856.7764018308714,29500
2018-04-24,858.3678588867188,861.4014055394408,857.6019901914607,860.287447822416,40800
2018-04-25,862.465576171875,863.3209256531643,858.3478788464064,859.5811847415004,44800
2018-04-26,861.7295532226562,863.1617930951237,860.3370758694305,861.4013151439706,28600
2018-04-27,862.495361328125,863.3606665943822,859.849727203756,862.8733177324829,45800
2018-04-30,860.6255493164062,863.082266111432,858.5766563724512,862.8236579534145,40600
2018-05-01,862.853515625,864.6438003907089,859.3922336580805,860.6354953990088,65500
2018-05-02,862.3262939453125,863.818207948678,859.8397706063698,861.6102043626423,100300
2018-05-03,862.8235473632812,864.5342461799166,859.3424148955331,859.6308297315102,67900
2018-05-04,855.5132446289062,865.3001664995504,853.6035509953994,861.6002489086361,116500
2018-05-07,859.3424682617188,863.9276027416518,853.3748122321234,854.6280297113203,122900
2018-05-08,869.28857421875,876.2508396873212,862.8236134265053,862.8236134265053,84200
2018-05-09,871.27783203125,874.9180757146515,864.7929593349156,867.4784168488426,38000
2018-05-10,872.7697143554688,874.0527385770637,867.4783852697395,870.2831909527466,29300
2018-05-11,880.2293090820312,880.9852219304964,871.5662394514318,872.9089985499863,30200
2018-05-14,887.9375610351562,894.2831740007534,880.2293380186092,880.2293380186092,56300
2018-05-15,887.5396728515625,890.1654562342079,882.9346264780314,887.0921471869567,43600
2018-05-16,880.0502319335938,887.0522597409296,877.22551473443,887.0522597409296,62000
2018-05-17,877.6035766601562,881.9400592775005,870.283265703258,877.7627481670393,52100
2018-05-18,876.7481079101562,881.2238498110022,874.3610212805845,879.33406783708,54600
2018-05-21,885.9781494140625,888.6237835847602,875.7834035364946,878.4389935137133,40100
2018-05-22,890.1654663085938,892.7613822997031,884.3271139272983,885.9483321223913,25900
2018-05-23,891.6175537109375,893.0199261676347,886.2366831937853,887.1716184002955,32500
2018-05-24,899.2262573242188,899.8628218552311,887.6689019414998,892.9403798754105,31600
2018-05-25,902.0908203125,904.5475371143775,897.1973590289858,899.236296171605,29200
2018-05-29,899.8629150390625,903.6126119705158,894.1538666932915,897.6349996559462,36200
2018-05-30,903.9705810546875,909.4210207821708,900.9370347254744,901.2652728036009,34100
2018-05-31,897.21728515625,904.4182476646532,895.387177107516,901.1260929032874,23700
2018-06-01,899.5247802734375,905.6714591806779,898.5003034358269,902.1007846658983,17200
2018-06-04,897.426025390625,903.2842888803693,894.3527165738979,902.1106571624026,27500
2018-06-05,897.4659423828125,898.7489666910329,889.061480572944,896.839333586529,27000
2018-06-06,903.7816772460938,905.770896078974,897.4758875413022,897.4758875413022,17500
2018-06-07,904.9951171875,908.0883378514967,901.1161162457081,902.0808582245957,19400
2018-06-08,909.0033569335938,915.2495330720825,903.2943087202434,903.2943087202434,22700
2018-06-11,898.3311767578125,910.8035561483906,896.2026981800585,907.1931193526191,42500
2018-06-12,901.1160888671875,902.8069369367531,892.0750629867265,898.8284994583108,53900
2018-06-13,904.2093505859375,909.0929168084041,896.4414534840232,900.1712387897978,45300
2018-06-14,905.094482421875,906.6560263411193,899.9225018096657,905.1939190715551,31300
2018-06-15,903.2246704101562,907.740175166648,896.4812503428644,902.299690966269,29900
2018-06-18,911.5396118164062,914.6328932153416,900.1215152260235,900.4994716579687,44900
2018-06-19,920.5806274414062,928.6668067005614,908.5955963412935,908.5955963412935,44500
2018-06-20,913.0513916015625,921.3066371403927,909.9879777779912,921.3066371403927,21300
2018-06-21,896.25244140625,912.8524743415754,892.5127004346326,912.8425185348203,49700
2018-06-22,910.286376953125,912.0568108066147,891.6175999793847,898.4704732472852,60800
2018-06-25,903.5130004882812,908.1280021739269,898.2018208629472,907.6008908162086,21000
2018-06-26,906.5665893554688,908.4762831811295,900.8475850981145,905.0249568708017,19200
2018-06-27,891.418701171875,911.6092604491002,889.1808299555439,906.5665833568971,20300
2018-06-28,896.1231689453125,899.6838876393728,887.2512699845514,890.6727287914039,27100
2018-06-29,901.7227172851562,909.9680671827076,896.1230621045553,896.371714428006,39500
2018-07-02,900.4696044921875,900.4696044921875,895.6358173321149,899.2462543446254,14300
2018-07-03,897.853759765625,903.3241114128414,897.853759765625,903.3241114128414,5000
2018-07-05,900.330322265625,902.1802810269435,890.1852950845769,902.1802810269435,12800
2018-07-06,904.7265014648438,904.7265014648438,897.3365613316189,900.8972797770224,10100
2018-07-09,906.63623046875,912.056864103286,901.1161601718399,904.6967299033105,20800
2018-07-10,906.3179321289062,913.7675470520154,903.1153189009364,905.0846261477963,10900
2018-07-11,905.3928833007812,908.317037231388,900.0617917298948,902.7173817088105,25300
2018-07-12,907.0838012695312,907.9690182327881,899.514838067447,904.925515801511,10400
2018-07-13,905.4625854492188,909.8686979564941,905.1642147602884,906.4870623050458,8800
2018-07-16,905.144287109375,909.3713771284015,902.1107405310665,905.2238728603938,9600
2018-07-17,903.9109497070312,908.5657143284059,899.1268810095512,903.1053185361421,10600
2018-07-18,904.6768188476562,908.1181284580954,900.8774037229641,904.8956037727908,12200
2018-07-19,902.578125,904.2192547232181,900.3104472308644,903.6622759109622,10600
2018-07-20,905.7608642578125,911.5694094730554,903.532949064942,903.5826673903633,8800
2018-07-23,904.3087768554688,910.6642843801794,904.3087768554688,906.23832139687,10600
2018-07-24,903.1251831054688,906.9544047428907,899.2660940492065,906.0294253508777,13000
2018-07-25,905.1044921875,907.7799938496622,895.1882050953454,900.2408377467061,12000
2018-07-26,906.327880859375,911.5595361370943,905.1343374106023,905.1343374106023,10900
2018-07-27,902.6775512695312,904.5871840888539,902.6278329467724,904.5871840888539,4200
2018-07-30,901.1757202148438,907.6506366165729,898.5201303217851,904.7861569116039,9300
2018-07-31,908.1082153320312,909.0530456614437,902.1007359309357,903.5727383613901,11300
2018-08-01,918.0045166015625,919.1483416342303,901.8222637895908,908.4165286233971,13700
2018-08-02,924.6088256835938,931.9590040379384,914.0659898686724,914.0659898686724,19900
2018-08-03,931.8495483398438,934.0277453007883,922.9975006139997,925.2950458435325,10600
2018-08-06,929.5321044921875,937.6680020141072,926.7272987288724,935.4201750807039,26300
2018-08-07,932.7745361328125,940.1942832898059,930.397405134207,930.397405134207,10800
2018-08-08,932.0982055664062,939.8959091170028,930.1089868046628,932.376664625858,24700
2018-08-09,936.1264038085938,941.4177332391769,929.9797248412012,929.9797248412012,8100
2018-08-10,935.8577880859375,936.9220273975482,927.0555194358362,931.9589363496877,15700
2018-08-13,934.2764282226562,934.9627111425697,927.304206558092,933.9979084494087,15800
2018-08-14,933.1922607421875,935.9274365663719,928.4181478084754,933.2519348773786,14900
2018-08-15,930.80517578125,934.9328290429913,926.1802785293488,928.9651726873979,19400
2018-08-16,935.80810546875,939.8462172404935,928.070015128838,929.2635585607034,9200
2018-08-17,924.9270629882812,938.7620529586453,924.111475999844,937.5088961144093,39600
2018-08-20,926.5780639648438,931.6008898436754,922.9577319980093,924.0120155010026,16900
2018-08-21,925.5537109375,929.1144297191554,925.2951027709354,926.876558486235,14500
2018-08-22,921.127685546875,927.4732986018433,921.127685546875,925.3547756477413,10200
2018-08-23,919.2378540039062,922.5002019162063,915.0903498781852,920.9187462879344,13800
2018-08-24,924.857421875,924.8773334886193,918.0543276924739,918.0543276924739,7500
2018-08-27,916.1843872070312,925.4740041367608,914.6228433106775,925.4740041367608,6900
2018-08-28,915.1500854492188,922.8682644855924,914.4936699236539,920.7596973104359,11000
2018-08-29,913.5587768554688,917.4874965014751,909.9284279166974,914.4538889771735,9100
2018-08-30,919.1980590820312,924.7679078492546,912.7032916129145,912.7032916129145,8900
2018-08-31,922.9478149414062,925.3945152401722,910.6146339643842,918.9793331050889,12400
2018-09-04,917.198974609375,922.5201715621366,913.5388191376636,916.2342325869771,9200
2018-09-05,912.5740356445312,922.7488703753324,912.2756042597726,921.7443051688667,7600
2018-09-06,917.8155517578125,919.9241187498,912.5441342778438,912.5441342778438,4500
2018-09-07,923.4052734375,924.0517938209201,916.0750071184414,916.0750071184414,5300
2018-09-10,925.6531372070312,932.3468999220856,921.913396053463,922.500242325321,7700
2018-09-11,929.8703002929688,940.0053730832466,923.4451620557222,923.4451620557222,11400
2018-09-12,927.9108276367188,929.9597204213803,922.5995871216874,929.9597204213803,12500
2018-09-13,936.0467529296875,938.9211885400501,928.4678344880543,928.4678344880543,13700
2018-09-14,973.7326049804688,975.6024755983956,936.9220996128453,936.9220996128453,16400
2018-09-17,954.9046020507812,975.3239013009573,951.851143932663,975.3239013009573,25900
2018-09-18,953.2037353515625,957.7988255833582,948.8075791262877,955.0536941293221,21000
2018-09-19,951.6322631835938,956.8141997788091,947.8627155812942,950.8465436471325,29300
2018-09-20,957.5502319335938,957.5502319335938,952.4578367264846,953.1143129176212,18500
2018-09-21,942.979248046875,959.7980662061697,941.0994217207904,958.9526725028481,34600
2018-09-24,946.778564453125,951.8112853614228,939.9058405204431,944.7296716099714,15100
2018-09-25,937.0811157226562,946.3707937349693,934.7338522330492,939.9357003983866,10000
2018-09-26,927.2843017578125,936.9817435591598,926.5383446961704,936.2258306903799,9400
2018-09-27,922.1520385742188,931.3422188111439,921.6049548932455,924.9866508022882,17800
2018-09-28,930.8250732421875,936.5241655491618,920.699957064216,920.699957064216,20500
2018-10-01,928.0997924804688,936.9219722244352,922.9377677211779,934.0873599667196,14100
2018-10-02,925.5934448242188,926.9460990470162,918.5118307094083,921.1177024968512,14200
2018-10-03,923.743408203125,932.4462397743523,919.6555784574267,926.8465844326032,15800
2018-10-04,918.0244750976562,922.2814324634919,913.1807321819638,918.7207138180482,3900
2018-10-05,914.5929565429688,917.3679553020539,911.9074993302971,917.3679553020539,2500
2018-10-08,915.0206909179688,915.0206909179688,907.8794030655615,912.0567744792128,4300
2018-10-09,911.0621337890625,915.8362463663808,908.5059805612718,914.1752658057715,6100
2018-10-10,897.4659423828125,912.3353654762503,897.4659423828125,909.4609296591585,8500
2018-10-11,877.8124389648438,903.105349111727,877.8124389648438,895.8148450997026,9600
2018-10-12,864.9122314453125,881.4128266041761,851.8828737705059,881.4128266041761,19200
2018-10-15,859.5115966796875,861.3317488973632,857.5622010883857,859.9890504765731,12000
2018-10-16,868.7216796875,869.3383326581074,856.3786037622428,859.5016311370116,14800
2018-10-17,876.7681274414062,880.2094372301566,853.3748941342774,865.2505332011749,16600
2018-10-18,870.2335205078125,875.2562859164457,870.2335205078125,874.2616765006316,10100
2018-10-19,878.4887084960938,878.4887084960938,863.8182205817802,872.2127259250634,13400
2018-10-22,879.1849975585938,886.9827013149194,875.2562782592701,880.2293252948341,16500
2018-10-23,872.7697143554688,880.2292845636351,870.6810589796372,870.6810589796372,11900
2018-10-24,865.1212158203125,873.1079585892898,865.1212158203125,873.1079585892898,8400
2018-10-25,871.0789184570312,881.9400363327222,863.7188451679652,869.3880703007115,12000
2018-10-26,870.0643920898438,873.376397500777,862.0776499093382,869.1990261099168,5700
2018-10-29,871.6657104492188,875.2562356646883,863.53970828014,869.5869501788145,16100
2018-10-30,873.8837280273438,878.1207738902947,866.2351791218078,871.2977678051249,7500
2018-10-31,881.8902587890625,889.6780670275024,870.681052651237,870.681052651237,12900
2018-11-01,872.4613647460938,885.3515235781973,869.4576251292937,877.7427378851801,27600
2018-11-02,871.3971557617188,877.2454637096072,869.288588755325,876.2608101469968,12400
2018-11-05,877.3151245117188,885.2023698028659,872.7697522494549,872.7697522494549,9700
2018-11-06,880.3287353515625,884.8641516827014,873.3863813256622,873.3863813256622,15500
2018-11-07,882.3875122070312,888.6137761134837,879.0755069594957,883.1533807909769,18700
2018-11-08,892.4232177734375,898.1322658745415,879.6325557768569,879.6325557768569,9400
2018-11-09,878.7772216796875,899.6640203692906,878.7772216796875,893.1592963458831,10200
2018-11-12,874.052734375,878.3693656920738,871.2777961251124,877.4941046020324,9600
2018-11-13,878.2699584960938,882.7655516572112,874.2616535167911,874.8086765398797,7100
2018-11-14,880.517822265625,888.6835881135842,877.2455788653399,882.497146163484,14300
2018-11-15,892.7315673828125,895.1484609426208,878.8567540969739,878.8567540969739,11900
2018-11-16,893.6365966796875,894.899769990495,891.2595264503867,892.9801812140126,6400
2018-11-19,901.6830444335938,905.0945473658513,893.64658354278,893.64658354278,18600
2018-11-20,907.5511474609375,914.891369182977,897.0878985750434,899.6738585541644,12900
2018-11-21,904.6768188476562,919.9142418675026,900.2308833420867,906.3278437113861,11100
2018-11-23,895.1484375,902.3493996620178,895.1484375,902.3493996620178,3900
2018-11-26,899.7435913085938,902.8467679206029,898.1323288641329,898.1323288641329,11700
2018-11-27,900.1213989257812,903.1848125076879,892.3535028726892,898.6692475219252,8500
2018-11-28,908.7944946289062,909.2023184885762,902.7473130336153,902.7473130336153,8000
2018-11-29,912.802734375,915.020693807828,907.7600576669116,907.7600576669116,5100
2018-11-30,923.743408203125,924.6783433944508,908.635290167229,908.635290167229,12100
2018-12-03,926.3692016601562,928.4678127842828,906.0891027814479,927.9705081175531,14000
2018-12-04,924.8971557617188,937.2700985282303,921.7044985938851,923.5445016125389,15400
2018-12-06,919.01904296875,924.9866990919237,907.0837307224026,916.0352149071631,24100
2018-12-07,919.3970336914062,929.0944752534699,914.9809655672055,923.4451011974352,22600
2018-12-10,917.7658081054688,924.4794211170154,916.1445900328562,921.0082442506938,31700
2018-12-11,911.0621337890625,923.6936842481073,911.0621337890625,920.013617636335,14800
2018-12-12,906.9743041992188,915.0505269927663,902.7073913794765,914.941134537423,11200
2018-12-13,893.0597534179688,904.3186777600321,890.1753620406338,901.4940212211721,10300
2018-12-14,889.9068603515625,897.4360608900362,887.6590333659981,890.2350984554554,15800
2018-12-17,877.0565795898438,893.7461557358168,877.0565795898438,888.1763062466156,17700
2018-12-18,862.8634033203125,881.32335106294,860.1879016485515,881.32335106294,18100
2018-12-19,850.3909912109375,871.0888092822237,850.3909912109375,864.1165880506585,18700
2018-12-20,838.3165283203125,853.5838201996602,834.487306120406,851.3857114036233,15900
2018-12-21,841.9567260742188,854.8766918129223,841.5688138583904,850.7888619554186,20900
2018-12-24,829.6334838867188,838.9032501113826,828.3902222263208,838.9032501113826,11500
2018-12-26,840.7930297851562,847.4072065601297,829.4843257935387,831.5431745308335,23000
2018-12-27,852.052001953125,855.0258742911811,835.710577097875,835.710577097875,17600
2018-12-28,849.5256958007812,859.6010934537619,843.1900390468439,850.5103493522143,10600
2018-12-31,853.0665283203125,860.6554028063393,845.4179796992582,853.3947664160323,10800
2019-01-02,850.3909912109375,851.7735127719696,846.9098584983781,848.4017725180464,11900
2019-01-03,846.1639404296875,854.7474243410222,846.1639404296875,848.5410714465627,10500
2019-01-04,849.8240966796875,856.050361195073,847.7155296222659,849.943444950399,12100
2019-01-07,852.2907104492188,853.3748614010942,847.7155315120418,847.7155315120418,16300
2019-01-08,872.8294067382812,872.8294067382812,853.8821101546101,854.3197407108848,22400
2019-01-09,874.1422729492188,881.2238866855052,866.8020510681916,873.7046424056892,25800
2019-01-10,870.283203125,875.6043389987946,862.197024049759,871.1087459039688,14700
2019-01-11,876.3104858398438,878.4389643560323,867.299327820777,868.6321310214763,14200
2019-01-14,884.4961547851562,884.4961547851562,874.5600167795908,874.5600167795908,15900
2019-01-15,881.383056640625,887.87788529014,868.691891438556,887.2015581694886,10800
2019-01-16,883.4418334960938,883.4418334960938,875.8529593852484,879.2346554193157,10100
2019-01-17,875.9822998046875,883.5214559026622,873.7643403132943,879.2346919031897,16000
2019-01-18,887.1915283203125,890.0261406474016,879.2346536268568,879.2446094332055,15800
2019-01-22,879.9906005859375,887.3407784387318,875.2562502466213,885.5206262842502,6700
2019-01-23,888.7928466796875,889.1807588956585,877.5040548396975,877.5040548396975,13900
2019-01-24,887.3507690429688,894.1539246127955,885.112897707731,887.1916582365002,6900
2019-01-25,891.7369384765625,895.1484413627974,885.2023475698775,887.2611962697486,10500
2019-01-28,894.1538696289062,894.1538696289062,884.4564277725304,886.1572317369365,5600
2019-01-29,884.6254272460938,895.6158483747435,884.6254272460938,890.8516914630965,10100
2019-01-30,884.6056518554688,892.2840075207297,882.9645220125268,886.1970026619672,16200
2019-01-31,888.7630615234375,888.8227356576391,880.3386885574531,883.332472486535,13500
2019-02-01,890.1754760742188,890.1754760742188,880.2990113171494,888.0868204686811,10200
2019-02-04,895.993896484375,895.993896484375,885.510734762095,891.1103908079268,9700
2019-02-05,888.8624877929688,896.9287551533589,884.1380933211007,895.7750350035612,16500
2019-02-06,888.5341796875,893.1094188181388,881.7211303737208,885.1625003509891,16500
2019-02-07,898.4902954101562,905.0945161192245,884.6453501393258,885.202328951769,16600
2019-02-08,901.3150634765625,905.9300657288833,898.2317378682171,898.2317378682171,8300
2019-02-11,918.0741577148438,920.0037023017164,898.3809045257531,898.3809045257531,15300
2019-02-12,910.40576171875,923.9920989167717,910.40576171875,920.9685083052042,16300
2019-02-13,898.6395874023438,912.5442079871109,896.143107987863,910.3958783013056,11000
2019-02-14,895.60595703125,897.1376335758287,893.6565008513104,895.148414876104,13600
2019-02-15,901.1160888671875,906.4870037455399,898.1322607583558,898.1322607583558,14800
2019-02-19,899.9524536132812,903.2246967331156,895.7253636012169,897.5454551215196,5400
2019-02-20,906.9743041992188,908.5656548231763,902.1106500720261,904.7463890432242,7800
2019-02-21,909.072998046875,909.6200210795263,906.0891698257146,906.4870378709923,6900
2019-02-22,916.1048583984375,918.9096641025566,909.1127253984064,909.1127253984064,7800
2019-02-25,919.6754760742188,924.0318699841976,919.6754760742188,922.002888717605,5600
2019-02-26,919.436767578125,921.0182231712336,913.9465651910709,913.9465651910709,8200
2019-02-27,929.6614379882812,935.7185753669819,917.268582747899,917.268582747899,13500
2019-02-28,934.3261108398438,937.7177020815184,928.2589572579525,928.2589572579525,12300
2019-03-01,932.8939208984375,939.5379045625764,932.8939208984375,937.7177523198803,11000
2019-03-04,939.9058837890625,942.0840808051366,935.5097272350911,940.3136469327031,12300
2019-03-05,948.8473510742188,949.851916216917,940.771128119525,941.8950415260946,10600
2019-03-06,949.3348388671875,956.3070610483576,948.2607043351495,948.2607043351495,9700
2019-03-07,932.6253051757812,947.8726837894241,932.6253051757812,947.8726837894241,11400
2019-03-08,915.0405883789062,929.5618603902909,915.0405883789062,928.6965551251626,7500
2019-03-11,903.503173828125,916.5225764548285,901.2751978515009,915.1599664776807,11400
2019-03-12,903.24462890625,903.24462890625,898.6296265479738,903.1053690155619,12800
2019-03-13,908.0087280273438,909.063011534965,899.2263102619805,903.0456369667646,11100
2019-03-14,914.5233764648438,915.6472898754703,907.3224145566381,907.3224145566381,12100
2019-03-15,915.0411376953125,918.0282143145572,913.0497532824826,915.6286228368782,18600
2019-03-18,922.1006469726562,922.1006469726562,917.0325467659487,918.0382056450254,10700
2019-03-19,921.1248779296875,925.754871377597,915.7879818515562,921.2244836218242,15900
2019-03-20,910.0626831054688,921.035230744948,904.7158207809491,918.0282208131753,8200
2019-03-21,913.7467651367188,917.7593731935642,910.062691757434,910.062691757434,7000
2019-03-22,922.0408935546875,926.2824913535417,910.0626870047315,910.0626870047315,8000
2019-03-25,914.6727294921875,924.3110226843968,911.2773850616577,921.7720197317728,13100
2019-03-26,917.7593383789062,918.177572852677,908.808075357889,909.2063765408436,8200
2019-03-27,920.278564453125,922.9569791405467,913.6074139645642,918.6854203279064,10100
2019-03-28,920.7166748046875,923.3154171021425,912.9203871400879,922.1205741969869,19900
2019-03-29,921.4931640625,926.2526017748726,919.5316796710023,923.504481679956,14900
2019-04-01,921.0153198242188,925.2370451882884,919.0936410982262,920.1690057311106,9800
2019-04-02,920.2984008789062,921.0949424715574,914.6428157949586,921.0152700806238,14900
2019-04-03,920.08935546875,929.4787262029637,919.7209541937369,929.4787262029637,7300
2019-04-04,913.955810546875,925.177281210579,910.0626807421246,919.6711348859853,9400
2019-04-05,913.1394653320312,919.6712042974772,913.1394653320312,915.051177504977,7900
2019-04-08,917.3312377929688,919.6910235122989,909.0670044523931,916.255873170163,10900
2019-04-09,909.46533203125,917.0126355847844,908.5691846908811,917.0126355847844,8000
2019-04-10,907.931884765625,911.9644260649674,905.9902728000958,911.0484062472448,11100
2019-04-11,908.9873657226562,909.983057987848,907.215065092176,909.7142624013647,4100
2019-04-12,908.7185668945312,913.0000314651362,904.0388011103772,913.0000314651362,8000
2019-04-15,908.3700561523438,910.5108188662133,902.7145312867497,904.6859825567755,5000
2019-04-16,908.3899536132812,912.5220399546934,907.5336728704033,908.9674721299291,4500
2019-04-17,908.5691528320312,913.8463094556781,905.6418152676339,909.2163770854065,6600
2019-04-18,909.5050659179688,915.3697074343978,909.3656544276505,909.3656544276505,4600
2019-04-22,907.165283203125,910.8592625743574,902.3162060115942,910.3614164469368,7800
2019-04-23,921.5927734375,921.6325792461995,906.1893840042719,906.1893840042719,10600
2019-04-24,926.44189453125,931.9679745334922,921.2543158719216,921.2543158719216,10800
2019-04-25,923.0863647460938,936.7870994823388,922.4590737827169,924.4006857754437,14000
2019-04-26,939.4655151367188,950.1193733367745,920.4577238032393,920.4577238032393,16200
2019-04-29,933.9095458984375,943.1296657371065,933.9095458984375,938.6490506703674,10100
2019-04-30,934.9948120117188,942.7910992074421,934.9948120117188,938.9278084840474,11900
2019-05-01,916.9827880859375,944.3443916179182,916.9827880859375,936.3490144668539,12700
2019-05-02,920.0594482421875,920.4179436404205,914.3441844294368,916.0667733534768,7400
2019-05-03,937.0361328125,939.5651694830123,919.0339982540673,920.1691021092116,10500
2019-05-06,926.9894409179688,930.9722097296464,921.513133801912,930.9722097296464,24600
2019-05-07,928.6124267578125,933.5112153941284,925.993751394778,925.993751394778,14700
2019-05-08,951.7523193359375,957.0294759578396,928.6124418213188,928.7518533177274,14800
2019-05-09,971.78564453125,989.4193757063284,950.6670513424189,950.6670513424189,39700
2019-05-10,962.63525390625,975.19091857725,957.4975086426464,970.8895815423518,8600
2019-05-13,942.5123291015625,958.0152035504301,937.9520416991973,955.207404958177,11100
2019-05-14,940.3616333007812,943.7470112918082,933.1030586073862,943.7470112918082,13200
2019-05-15,945.4794311523438,945.5491368976477,934.9549575115433,942.1139867203962,11600
2019-05-16,969.1172485351562,980.348686600114,945.6985467127228,948.7453626520918,28600
2019-05-17,965.4730224609375,976.0074027965596,963.6110827999045,964.4673635566104,13800
2019-05-20,954.8091430664062,971.1683596883123,946.4054979185964,961.3906543529714,12400
2019-05-21,958.0949096679688,964.8257990630078,951.9813446117898,956.073685983567,11200
2019-05-22,970.9393310546875,980.4282463591646,953.9726966432647,957.378007809412,12000
2019-05-23,964.8258056640625,978.0087615411164,961.5101334023664,965.7517921786882,14800
2019-05-24,963.9694213867188,965.5525378870608,954.9882586655463,965.5525378870608,3600
2019-05-28,972.4129638671875,980.2789569796671,970.2921345052014,970.2921345052014,6000
2019-05-29,970.00341796875,976.2762670918953,962.4958593867361,971.7956518936154,11600
2019-05-30,962.5256958007812,977.7697409606328,961.9979497638088,976.7740487600619,11400
2019-05-31,975.380126953125,975.4797326438295,957.0096531221733,962.854361906687,11600
2019-06-03,979.751220703125,979.751220703125,968.9081173675512,974.7627927391002,17900
2019-06-04,978.9049072265625,983.7041512327512,968.3107269499694,981.7625391630836,18000
2019-06-05,988.2743530273438,992.0081990496416,975.7784271605004,981.73264750361,16900
2019-06-06,981.9517211914062,993.7008777315816,977.7598348893042,990.5743894427616,15400
2019-06-07,987.3782958984375,987.7068306021918,979.7612254768424,984.8093927422419,8800
2019-06-10,998.3307495117188,1004.1455575828825,985.5360690361595,989.6781823752868,15500
2019-06-11,989.1207275390625,1002.1642719963411,983.3456637423599,1002.1642719963411,13300
2019-06-12,1007.9591674804688,1013.6644645220897,989.8674566432356,989.8674566432356,16100
2019-06-13,1004.6235961914062,1022.6357567906296,1001.8655699404294,1016.7412148214504,11500
2019-06-14,1013.61474609375,1020.0867459460186,1005.310645697364,1007.6405923839637,18200
2019-06-17,1005.5297241210938,1019.2702654242643,1005.5297241210938,1015.6061251282345,10700
2019-06-18,1012.4498291015625,1015.2078554765262,1007.6306515789606,1013.6147720886211,11000
2019-06-19,1014.6403198242188,1018.5931889528065,1011.6233430850942,1012.6190353519103,18300
2019-06-20,1018.6032104492188,1023.5717054046191,1006.1570564438124,1015.606166841159,34100
2019-06-21,1018.483642578125,1028.7193879018191,1013.6146929744741,1018.1052746678885,46300
2019-06-24,1025.9713134765625,1047.6375871539867,1020.1763163578232,1020.1763163578232,41200
2019-06-25,1033.7275390625,1043.8338386699404,1028.2711655405428,1030.5413728078313,30300
2019-06-26,1022.0780639648438,1042.250798068262,1021.5802178547781,1037.8100496607035,18900
2019-06-27,1011.5237426757812,1021.0027519829723,999.2966131393806,1021.0027519829723,16400
2019-06-28,1017.059814453125,1030.5414654663434,1016.2931119833936,1018.5632586825708,26700
2019-07-01,1036.515625,1039.5823133525428,1024.1093385460053,1026.8175922763908,14600
2019-07-02,1055.0953369140625,1055.0953369140625,1033.817397319525,1041.543979293013,23600
2019-07-03,1047.6671142578125,1060.4518875437318,1047.6671142578125,1056.5287977090616,25200
2019-07-05,1054.93603515625,1057.3953660675352,1039.5327038135997,1052.2477144536797,15800
2019-07-08,1041.991943359375,1058.4208655432542,1035.6593552120155,1056.3199694735606,20500
2019-07-09,1045.1781005859375,1051.251920513842,1035.6194793462394,1043.3859274722547,14300
2019-07-10,1043.4556884765625,1048.9519297252693,1035.6793943843243,1039.6621638057668,13800
2019-07-11,1039.4031982421875,1047.4383814841865,1033.6979009093063,1039.8014994641699,26100
2019-07-12,1039.5025634765625,1043.4554319850158,1033.0803979809086,1039.811286372186,12300
2019-07-15,1039.0146484375,1040.7670762156372,1034.713190602275,1034.713190602275,6600
2019-07-16,1034.1358642578125,1043.545228501794,1027.5244534452906,1039.4528265887946,25300
2019-07-17,1037.7103271484375,1042.1412302153512,1032.4929099203387,1032.5327765012178,13800
2019-07-18,1046.9007568359375,1052.048407984597,1031.6367168412914,1037.5212920765189,22300
2019-07-19,1038.5069580078125,1055.4337253003655,1037.6207773701028,1047.6175658888722,12400
2019-07-22,1031.9852294921875,1046.4029560065735,1028.7890961226974,1046.4029560065735,10100
2019-07-23,1033.9168701171875,1035.7987430187193,1020.8334596192484,1033.4190240017915,8100
2019-07-24,1045.755615234375,1045.755615234375,1028.689436630748,1029.9937301874888,13000
2019-07-25,1058.6298828125,1064.3750463499136,1044.14263398634,1044.14263398634,12100
2019-07-26,1062.791748046875,1069.8312373357317,1057.4249533311704,1058.6695683892342,12000
2019-07-29,1055.135009765625,1070.9366406276783,1055.135009765625,1062.6027015065663,11000
2019-07-30,1066.3863525390625,1069.9807868170944,1055.4337382739554,1059.4165070976308,12800
2019-07-31,1071.3648681640625,1076.1542062599308,1066.6153966526892,1069.1743938172008,19100
2019-08-01,1069.4530029296875,1075.108587938719,1063.6880279116701,1070.3690834827182,23300
2019-08-02,1071.932373046875,1073.9139124839983,1066.4859655036319,1069.064774449068,12000
2019-08-05,1060.4122314453125,1064.9824247765569,1048.414091382536,1064.9824247765569,7900
2019-08-06,1066.7349853515625,1067.0734867214371,1050.5052728136804,1050.5052728136804,10900
2019-08-07,1078.2552490234375,1078.2552490234375,1053.4425508559586,1063.7081977599987,11600
2019-08-08,1080.744384765625,1093.7580297041777,1080.744384765625,1083.4626053094407,13700
2019-08-09,1089.19775390625,1099.383666276478,1071.3549048553475,1071.3549048553475,17600
2019-08-12,1085.2646484375,1090.0838862730877,1072.8384290337383,1087.494989276921,21200
2019-08-13,1085.6728515625,1091.7764493421691,1084.3087581701982,1085.304450326461,11300
2019-08-14,1061.3779296875,1085.234796200539,1053.1834027576947,1075.1185299457984,26800
2019-08-15,1061.52734375,1064.195852276159,1034.305153538417,1061.7066218222426,23100
2019-08-16,1074.25244140625,1078.5338453481552,1059.4166019015543,1059.4166019015543,15500
2019-08-19,1084.308837890625,1087.6842491338568,1073.3562233664773,1079.2009318916757,18700
2019-08-20,1071.802978515625,1089.187849006826,1070.3692399216347,1082.7357822449253,25400
2019-08-21,1069.37353515625,1075.3476889839385,1063.0210133910289,1072.8484915757979,20700
2019-08-22,1075.3475341796875,1085.5234788972746,1059.4762594702618,1068.377689050745,15400
2019-08-23,1056.4295654296875,1079.7586902740231,1056.4295654296875,1072.0917863823915,18200
2019-08-26,1064.9923095703125,1071.5340751236004,1053.143548562504,1059.4164577855947,19500
2019-08-27,1047.966064453125,1067.979453821675,1046.9703722303668,1066.0975809353265,24600
2019-08-28,1043.3758544921875,1053.1435312135748,1040.3289781927494,1046.213552791333,17600
2019-08-29,1049.65869140625,1059.6056469766033,1046.3729800016047,1046.3729800016047,28200
2019-08-30,1056.1307373046875,1059.8645832999823,1043.485494151742,1051.4510322750375,15800
2019-09-03,1056.8675537109375,1067.5614006025455,1054.139366591505,1054.139366591505,19000
2019-09-04,1073.107421875,1073.107421875,1060.5118894364657,1062.5730406498583,18400
2019-09-05,1072.02197265625,1081.7597497674833,1066.8145220208833,1080.1269215573368,32400
2019-09-06,1068.3876953125,1078.2351057380179,1064.3949598741674,1078.2351057380179,27900
2019-09-09,1068.457275390625,1070.6777709550831,1059.5558460207274,1069.9707468870745,10800
2019-09-10,1071.573974609375,1078.5537873775618,1057.6342823661785,1061.4179617356915,24400
2019-09-11,1073.9736328125,1077.9165354594886,1061.6469571728683,1071.6537134899638,16000
2019-09-12,1063.369384765625,1078.3346679148365,1056.4990841791594,1071.7232570276042,21300
2019-09-13,1066.3465576171875,1076.3433469306433,1063.2400025877325,1063.2400025877325,25800
2019-09-16,1067.2625732421875,1070.3691280823784,1061.8261326579682,1065.3906670215301,9600
2019-09-17,1077.6376953125,1082.217855032802,1067.49152879254,1069.074645326705,24500
2019-09-18,1083.3131103515625,1086.788066395586,1075.1484829538283,1076.0246969489792,25100
2019-09-19,1080.3260498046875,1090.2829719227032,1080.037260169038,1085.3443774463944,16500
2019-09-20,1070.66796875,1086.877746867929,1065.7392189846182,1080.3261353514838,42400
2019-09-23,1074.25244140625,1083.3132169820403,1069.3735248517567,1069.3735248517567,17100
2019-09-24,1079.8282470703125,1082.3970893239332,1069.5725682590512,1075.1485421046675,22100
2019-09-25,1080.20654296875,1087.1963215574372,1079.7385968122771,1079.7385968122771,20500
2019-09-26,1072.9578857421875,1081.4113027598462,1067.720535069421,1081.4113027598462,24900
2019-09-27,1064.29541015625,1070.3691082289367,1060.4121862919233,1070.3691082289367,27200
2019-09-30,1075.3475341796875,1077.0401622360778,1063.3196166274586,1065.2910676596755,25200
2019-10-01,1067.9398193359375,1081.9690901744607,1067.9398193359375,1076.1940260668446,21600
2019-10-02,1064.2457275390625,1069.3735673711992,1052.6161091357228,1052.6161091357228,26400
2019-10-03,1067.6807861328125,1070.369106433514,1062.4534021246488,1065.2015222982113,35800
2019-10-04,1081.710205078125,1085.2548065701396,1068.2583919749727,1068.2583919749727,20600
2019-10-07,1072.6593017578125,1081.8196217735444,1072.1514889904408,1079.6888257886733,26200
2019-10-08,1059.9144287109375,1070.369197617903,1058.9386697267355,1070.2198194674816,25800
2019-10-09,1065.41064453125,1071.8627108867797,1059.416557718099,1063.3993267320768,27300
2019-10-10,1070.359130859375,1076.2437056976396,1065.3806699407482,1065.3806699407482,18600
2019-10-11,1067.8800048828125,1081.3914960804102,1063.2300780286182,1077.13999200448,21000
2019-10-14,1062.403564453125,1067.8998047772589,1061.059404308397,1067.8998047772589,12800
2019-10-15,1063.2001953125,1070.3491973480595,1051.8094131749478,1057.1463088595917,14600
2019-10-16,1069.42333984375,1070.2198207394993,1060.4222427560633,1067.999446406591,13100
2019-10-17,1078.37451171875,1089.3868041714152,1070.8071538155575,1070.8071538155575,14700
2019-10-18,1082.65576171875,1083.5618755184541,1077.7371013235213,1082.9545179521065,15600
2019-10-21,1084.31884765625,1089.6756769255894,1084.1296029220055,1086.8876899544255,13500
2019-10-22,1065.699462890625,1093.2701237913407,1063.9171348146226,1086.0015215272178,22600
2019-10-23,1071.0362548828125,1071.3647895473944,1064.0763762430452,1066.3962952748157,27100
2019-10-24,1079.2308349609375,1081.6205206274874,1071.464386930766,1072.36053424878,13900
2019-10-25,1069.99072265625,1080.3459456085568,1068.8855189248354,1080.3459456085568,10800
2019-10-28,1053.860595703125,1078.3346665394934,1052.9146151742216,1073.7545066691778,17700
2019-10-29,1063.1405029296875,1064.843097894483,1049.4597002421194,1049.4597002421194,12100
2019-10-30,1055.8021240234375,1063.399260304809,1055.5930675574914,1060.9598630539151,10300
2019-10-31,1066.3863525390625,1067.4318779730609,1053.4523205077337,1053.4523205077337,11700
2019-11-01,1071.2154541015625,1077.25937396174,1064.0962303962538,1068.4275888030688,12500
2019-11-04,1075.845458984375,1077.5779537482154,1069.4431044393145,1071.6735668646854,11100
2019-11-05,1077.2095947265625,1085.6430791097491,1077.2095947265625,1079.0018894360783,9600
2019-11-06,1083.114013671875,1088.6400324036401,1078.5337323590445,1078.5337323590445,6900
2019-11-07,1085.8720703125,1098.4775685400116,1083.6616626338011,1086.4297163275594,14000
2019-11-08,1094.94287109375,1094.94287109375,1090.4423228240553,1093.2800213347111,5300
2019-11-11,1095.8388671875,1098.2484860443453,1092.9712688172833,1094.2856505735467,9500
2019-11-12,1092.075439453125,1098.0296603754425,1091.8961613470497,1098.0296603754425,6600
2019-11-13,1094.265869140625,1099.0452409357347,1090.9203575018375,1091.527715236952,8500
2019-11-14,1103.6749267578125,1103.6749267578125,1093.180414035711,1093.180414035711,8200
2019-11-15,1082.3175048828125,1105.2184272492382,1082.3175048828125,1104.2227349724371,11200
2019-11-18,1078.802490234375,1083.8407506008593,1071.6634556670244,1080.1865168384752,11600
2019-11-19,1080.116943359375,1094.265690140211,1075.805518493302,1079.80822044666,12600
2019-11-20,1091.985595703125,1098.557261711062,1080.9234695216428,1080.9234695216428,17000
2019-11-21,1092.2744140625,1093.2701063269144,1089.3072705616598,1093.2701063269144,8000
2019-11-22,1077.796875,1087.1265054902801,1077.796875,1085.2745326951629,6800
2019-11-25,1078.01611328125,1081.431269553293,1069.84139745134,1081.431269553293,10400
2019-11-26,1086.5791015625,1086.5791015625,1073.4061121322013,1078.5238634973255,14100
2019-11-27,1103.22705078125,1104.322287984865,1088.4907563588035,1088.8691242885395,8200
2019-11-29,1102.151611328125,1107.2694836243336,1102.151611328125,1105.2780993010363,2900
2019-12-02,1097.501708984375,1110.097239411345,1097.28268587473,1105.0192335856748,9500
2019-12-03,1093.1605224609375,1093.578756940337,1081.7200288230547,1092.473431640814,5800
2019-12-04,1078.2152099609375,1094.5445868884267,1078.2152099609375,1092.2743794268777,7300
2019-12-05,1090.1834716796875,1094.2857188986172,1079.2607568393464,1079.9277928601307,6800
2019-12-06,1094.3653564453125,1099.2442729075092,1090.2830424218503,1090.2830424218503,7500
2019-12-09,1097.6710205078125,1097.7506321264752,1092.5730813909172,1092.5730813909172,5000
2019-12-10,1106.901123046875,1110.0774447111073,1093.2302871112306,1096.2572306204352,8800
2019-12-11,1105.0194091796875,1107.7077298838626,1101.8331207603026,1107.0107938626247,7700
2019-12-12,1093.27001953125,1109.1512612700462,1091.2985684513394,1105.2183257556353,11500
2019-12-13,1107.030517578125,1107.030517578125,1092.035455311181,1095.271455163619,11800
2019-12-16,1110.8140869140625,1114.0700197367933,1108.006288491713,1108.006288491713,8400
2019-12-17,1124.2459716796875,1124.2459716796875,1109.6391237872333,1110.7245157647299,11100
2019-12-18,1114.4085693359375,1126.62573216231,1106.1443969449397,1126.62573216231,14700
2019-12-19,1112.0189208984375,1114.538051436887,1110.1769145629073,1113.4527809274873,9800
2019-12-20,1112.387451171875,1121.1495925198385,1107.379210996499,1113.2736319537864,15600
2019-12-23,1108.20556640625,1121.687279486592,1105.2184894078505,1115.1057677521217,8100
2019-12-24,1114.1796875,1114.1796875,1109.2012259830205,1110.097373364971,3300
2019-12-26,1100.6580810546875,1119.6558438804889,1100.6580810546875,1119.6558438804889,6900
2019-12-27,1093.2900390625,1109.2011819926224,1079.82826020736,1105.2184129369937,13600
2019-12-30,1113.621826171875,1114.3685952550488,1090.3824063359516,1090.3824063359516,8000
2019-12-31,1110.7047119140625,1114.9563374232957,1106.5228529297665,1112.1882836969585,8300
2020-01-02,1118.0628662109375,1118.0628662109375,1109.7588267716067,1113.3333279626208,10800
2020-01-03,1115.8624267578125,1115.8624267578125,1108.663590350708,1114.0104535300309,9900
2020-01-06,1115.4241943359375,1118.779672210077,1109.131473070395,1112.0886497530414,8100
2020-01-07,1107.3292236328125,1115.0757382526142,1106.4231096827916,1115.0757382526142,7200
2020-01-08,1110.75439453125,1111.0729625400743,1105.6563340344446,1108.8824884252206,6300
2020-01-09,1104.4217529296875,1110.9934187644376,1100.6680953878033,1110.9934187644376,7400
2020-01-10,1103.237060546875,1107.169996604993,1100.528806598949,1104.471709303855,6900
2020-01-13,1099.1844482421875,1109.1016257395818,1085.5235796916731,1106.2340271870587,14200
2020-01-14,1094.903076171875,1096.0878916467684,1089.7652699614507,1095.261510808258,11200
2020-01-15,1095.3909912109375,1099.2443156076747,1081.7997668041764,1092.682737285186,14500
2020-01-16,1099.562744140625,1114.3985820583805,1093.8674139929924,1097.2527917428326,9000
2020-01-17,1103.3565673828125,1110.1969689575703,1098.826118577796,1101.942640491447,8900
2020-01-21,1107.6678466796875,1115.0758607922128,1104.2227901241179,1104.2227901241179,7200
2020-01-22,1109.9478759765625,1110.1868323801505,1102.8585523997194,1109.6989529274535,5900
2020-01-23,1102.8685302734375,1113.3829767717257,1102.8685302734375,1108.3049708270971,11600
2020-01-24,1100.0408935546875,1119.4966383031333,1095.261521932105,1104.5712205596342,9300
2020-01-27,1093.9072265625,1096.1375672310915,1087.0967263617817,1092.8417679085014,6600
2020-01-28,1102.2413330078125,1106.3734803251973,1097.3624164720256,1097.6312728377654,12700
2020-01-29,1106.22412109375,1113.55240189701,1105.7462082329134,1105.7462082329134,8300
2020-01-30,1118.7696533203125,1118.7696533203125,1098.7861651485282,1105.1187527008394,8800
2020-01-31,1112.4072265625,1118.6602028393843,1107.0206191947948,1115.6731261962884,16700
2020-02-03,1125.8094482421875,1130.857554835714,1115.1853674092704,1115.1853674092704,11100
2020-02-04,1141.0732421875,1148.2820440825494,1133.904306875178,1133.904306875178,14000
2020-02-05,1157.9901123046875,1157.9901123046875,1125.6301134655625,1148.9293369386257,6300
2020-02-06,1146.619140625,1163.177506205318,1145.0459907589172,1157.9103772980557,13100
2020-02-07,1143.7615966796875,1150.0245397775527,1143.7615966796875,1145.8923926633988,3700
2020-02-10,1149.8751220703125,1149.8751220703125,1139.370642202858,1144.757249535989,6600
2020-02-11,1159.503662109375,1159.503662109375,1149.178337415279,1151.1198888586225,8500
2020-02-12,1138.2752685546875,1162.5502491273344,1138.2752685546875,1161.4251120853557,7500
2020-02-13,1137.1103515625,1139.569682037644,1117.7043210039124,1134.9895223907697,10200
2020-02-14,1143.28369140625,1152.3942997917723,1137.0805481432658,1137.0805481432658,8000
2020-02-18,1141.063232421875,1149.9646621240372,1141.063232421875,1143.3434063965944,6300
2020-02-19,1144.2493896484375,1151.1794897806822,1141.7501925858207,1143.8512100172181,6000
2020-02-20,1140.067626953125,1148.0331649580376,1130.67819555027,1131.2059416137668,7600
2020-02-21,1137.140380859375,1142.0191757838788,1132.0921529472091,1137.0805809813767,8700
2020-02-24,1122.553466796875,1125.6500552006,1118.1923297511453,1125.6500552006,9400
2020-02-25,1104.0633544921875,1118.1723573544623,1099.2542047066788,1118.1723573544623,12700
2020-02-26,1102.2811279296875,1125.0923493260677,1098.3083256696352,1109.031828851353,8500
2020-02-27,1067.322265625,1091.0197892044416,1067.322265625,1091.0197892044416,13300
2020-02-28,985.8348999023438,1050.5449313104784,984.1024050625969,1050.5449313104784,24900
2020-03-02,1001.6663208007812,1004.563758269282,980.7567852771069,988.0352925927921,20900
2020-03-03,995.6922607421875,1003.159952697754,985.2574252967239,1003.159952697754,9400
2020-03-04,1050.126708984375,1059.8446743268728,1003.9265677985496,1005.599323358323,14800
2020-03-05,1056.658447265625,1056.658447265625,1029.2470109649241,1037.5113051032047,11100
2020-03-06,1006.7942504882812,1043.933498766657,1002.2239962865365,1037.0134861947613,14000
2020-03-09,954.7394409179688,963.7006713371264,935.5225922846662,963.7006713371264,14900
2020-03-10,952.6783447265625,963.2327191737428,924.4305600976281,956.9697759475933,21400
2020-03-11,908.7384643554688,942.9205976519384,908.7384643554688,933.9394337583392,24400
2020-03-12,814.8346557617188,881.95430112426,810.7722753339709,861.7716007446296,31700
2020-03-13,833.5667114257812,858.3399121952202,817.4665830430669,847.3738970568376,31000
2020-03-16,801.6455078125,815.5922735812538,767.3318713216804,767.3318713216804,39000
2020-03-17,784.5784301757812,830.5259944779496,779.5938783883813,814.8246563476397,47400
2020-03-18,693.8895263671875,767.6210450109301,627.2660449324684,751.3614380368347,47300
2020-03-19,716.798583984375,777.8493712932382,658.4394062611374,690.5698720120337,29700
2020-03-20,700.7482299804688,768.6179059501811,645.5393280549977,722.7300917750973,56200
2020-03-23,704.6961059570312,745.1407726367244,662.9454889435084,702.76209713437,41900
2020-03-24,822.2018432617188,838.6808011969244,701.0672521686041,705.2144334605966,39100
2020-03-25,837.4048461914062,897.219478062221,804.5267563439905,827.3659498408304,41300
2020-03-26,947.0050659179688,961.7792853180432,837.4047343270613,842.1500375570345,31400
2020-03-27,903.061279296875,931.0645204133687,897.2193987040489,908.7237233115504,36700
2020-03-30,904.9852905273438,925.9603247583449,897.2193802409174,905.9822009498337,28600
2020-03-31,907.1884765625,921.0255979738392,890.3606239097459,890.3606239097459,19200
2020-04-01,890.380615234375,907.1785320031099,887.2503018135601,897.2194063283192,26400
2020-04-02,950.9627685546875,962.6266323508114,887.2502519537412,887.2502519537412,22100
2020-04-03,927.2662353515625,981.2588747537637,908.18535607734,944.1937541311432,26000
2020-04-06,935.879638671875,951.4214387991623,913.1699889967942,941.0834821102334,23500
2020-04-07,934.6533813476562,940.9837992206895,907.0987618734725,932.4601661857124,31300
2020-04-08,922.14208984375,948.6000690897414,891.2678049717723,927.3559115943393,26000
2020-04-09,940.884033203125,944.7420716237978,896.6511231596679,939.3388342362609,18400
2020-04-13,902.0045166015625,936.0988644074439,872.8947207893309,936.0988644074439,17500
2020-04-14,877.0817260742188,914.7250711541542,867.5412865891891,903.4300596930391,28100
2020-04-15,882.3653564453125,896.740847990592,855.349109380437,855.349109380437,25100
2020-04-16,887.868408203125,894.2287019430894,872.3365258636578,877.281223756877,22600
2020-04-17,883.1130981445312,902.7024128334438,869.774431450508,894.4081105845601,24700
2020-04-20,882.2656860351562,916.4796575680754,880.2519075972549,880.2519075972549,13400
2020-04-21,865.0789794921875,888.2471674809282,862.9555554698768,875.3072899440876,23200
2020-04-22,874.2704467773438,895.4747500598534,874.2704467773438,877.4306964958046,20300
2020-04-23,884.7579956054688,914.1170195726231,860.8720000953952,875.2973254780534,28900
2020-04-24,884.2794799804688,918.0348514259168,883.611506204817,918.0348514259168,15300
2020-04-27,948.8095092773438,950.7534968005779,900.0605645250907,907.1884984947546,13100
2020-04-28,948.540283203125,1009.7007724468665,945.6791552370827,970.871100390686,17400
2020-04-29,969.375732421875,973.8418715098065,948.0219288494752,967.6909514245216,16700
2020-04-30,969.993896484375,983.1631058224028,957.9711585363252,965.906587857351,22700
2020-05-01,957.7717895507812,978.4078491889512,922.6406730638996,967.182627158846,12400
2020-05-04,965.328369140625,988.6859745268738,933.1181937706434,957.0340665952094,20300
2020-05-05,933.04833984375,991.3376628270134,933.0184033248249,965.8068016036798,12700
2020-05-06,890.6895751953125,926.6182027409405,884.857613069029,926.6182027409405,11500
2020-05-07,906.889404296875,922.6405764692266,889.7225755450369,889.7225755450369,15700
2020-05-08,904.5366821289062,906.7797304620029,882.9834239449192,889.4135080024457,18900
2020-05-11,937.0958251953125,966.3052892794238,898.2761297475071,898.2761297475071,9200
2020-05-12,902.104248046875,941.0834204669915,897.717817934879,941.0834204669915,12900
2020-05-13,879.7734375,888.7556100364448,875.2175496212146,887.2502655807366,16500
2020-05-14,886.1337890625,931.8122343892508,878.2781296413409,878.2781296413409,10700
2020-05-15,878.447509765625,918.2541342663327,873.2935000954832,877.2811416484307,11800
2020-05-18,909.5012817382812,961.0016450015182,897.2193386016118,897.2193386016118,12500
2020-05-19,884.9175415039062,910.7375476129928,884.9175415039062,893.2318017885889,9400
2020-05-20,896.2025146484375,937.1257362835,882.2657263739123,902.2039348795374,10400
2020-05-21,890.5300903320312,920.1782574389997,884.5187521183574,891.3475641809174,18600
2020-05-22,917.1575317382812,921.2947340733413,893.291495272011,899.3527273014107,11200
2020-05-26,917.436767578125,934.1050809040111,911.7742627422718,926.6282526150248,16900
2020-05-27,909.3617553710938,931.8221767292396,905.5236745262222,919.4206084556865,14400
2020-05-28,913.3494262695312,932.1711007936824,907.4577121697057,913.060344138266,12500
2020-05-29,912.7312622070312,936.6371535733057,893.5507162916357,893.5507162916357,14000
2020-06-01,895.4647827148438,913.8777493352018,890.250960824293,907.995953671025,14000
2020-06-02,862.9356079101562,893.540769755608,861.3305967485616,892.2148618694033,23300
2020-06-03,887.2302856445312,896.023042548492,866.2851887043373,866.2851887043373,17800
2020-06-04,886.6221923828125,926.9870845067367,880.6407300178764,883.3224214120194,12800
2020-06-05,915.4827880859375,921.1452319940076,904.3871701964648,906.071951247287,20900
2020-06-08,917.1575317382812,925.2524389985058,909.9399104630979,917.7855901331762,17700
2020-06-09,900.2899169921875,915.2236162409151,897.2194157324147,904.207767805962,18500
2020-06-10,873.5826416015625,899.2431678506657,869.804372878015,899.2431678506657,23800
2020-06-11,822.5408325195312,856.4656619484907,822.5408325195312,851.4512342534803,23000
2020-06-12,826.20947265625,840.1064064189545,810.7274245448036,833.4370732397579,19700
2020-06-15,851.3116455078125,855.5285570153263,821.3046060564958,827.2661716049734,26000
2020-06-16,874.9683227539062,881.9168199630004,853.4350822019201,853.4350822019201,27200
2020-06-17,870.3027954101562,878.0786845056726,857.2333144259053,877.181501636911,39700
2020-06-18,860.443359375,873.2935496111572,860.443359375,869.4055745379532,18100
2020-06-19,872.1670532226562,875.696094362269,849.736567771065,865.6971140434066,39500
2020-06-22,872.296630859375,895.8336716328689,859.267004168834,866.7737689527614,24100
2020-06-23,877.1017456054688,888.227239279735,870.9009310639128,875.4568190502438,27600
2020-06-24,868.807373046875,873.4828850385004,852.3683310536495,867.6110684533982,17100
2020-06-25,871.2997436523438,874.3602660717976,858.2800954545143,869.4055894362043,15300
2020-06-26,880.0725708007812,883.9605460610105,863.932587489838,870.8013153878356,37800
2020-06-29,878.2781372070312,884.0701846905035,867.082851932383,882.5449432888144,25600
2020-06-30,885.2265014648438,885.2265014648438,874.4000690899845,881.3186297216001,8400
2020-07-01,886.6820068359375,892.2148473683102,879.8631737965903,884.5585828232385,14600
2020-07-02,894.567626953125,894.567626953125,881.2787939595794,889.3437652184335,29700
2020-07-06,904.307373046875,916.2204644264505,892.8528823533844,892.8528823533844,53300
2020-07-07,876.6331176757812,898.2062728864456,871.4591503734871,898.2062728864456,15300
2020-07-08,866.3151245117188,891.0484687281843,862.327482971964,874.1907408913668,23600
2020-07-09,839.8870849609375,862.9755653230153,839.8870849609375,862.9755653230153,16900
2020-07-10,864.1219482421875,879.8830997009244,841.1731115275636,841.1731115275636,13400
2020-07-13,863.8128662109375,880.3216996847849,858.6388989002012,872.3065621271148,8600
2020-07-14,861.5598754882812,861.9985185083103,855.5585161168718,861.3405844015584,7300
2020-07-15,867.870361328125,868.2990255212251,854.2426124758259,867.4416971350248,17000
2020-07-16,875.2872924804688,882.2856226497943,874.2903821245684,874.2903821245684,10500
2020-07-17,867.0628662109375,883.2028488735506,863.6334918198845,881.2588613215244,9700
2020-07-20,866.3948974609375,878.8462984776528,866.3948974609375,868.179345151555,8400
2020-07-21,877.2512817382812,880.6208440125025,864.3313609202837,867.272258991719,13300
2020-07-22,871.9277954101562,875.5266275465779,867.3120951395603,869.8741623084019,8500
2020-07-23,893.9395141601562,897.4785337820622,876.2343763649565,876.2343763649565,12900
2020-07-24,875.4468383789062,900.1403292557076,875.4468383789062,884.269532211934,10800
2020-07-27,847.274169921875,878.7565564188649,844.8117696034661,877.2911273430647,9900
2020-07-28,847.3738403320312,850.7533811925351,843.3861987304687,843.6054898121953,6000
2020-07-29,868.40869140625,882.2159380084124,860.3038043676978,860.3038043676978,8200
2020-07-30,857.343017578125,867.7607443215022,857.343017578125,865.8566112200015,4300
2020-07-31,877.4107666015625,882.5747552389603,863.3244175991068,864.7998255393396,10100
2020-08-03,886.4926147460938,886.9810911178735,865.3182470986268,881.0594407718376,11800
2020-08-04,879.6737670898438,891.2379034673419,877.2911366149783,881.0793839906014,10600
2020-08-05,884.2395629882812,884.2395629882812,866.3151335509638,881.697453649479,15200
2020-08-06,884.2296142578125,890.6198441836253,879.7734538452625,888.7057931964389,6500
2020-08-07,918.6529541015625,922.1321617397548,872.3464528188247,874.290440311525,15700
2020-08-10,952.5279541015625,956.8147176094502,919.1514125191701,919.1514125191701,13800
2020-08-11,938.0927124023438,958.9879768702947,938.0927124023438,953.7740939580989,7800
2020-08-12,912.1730346679688,938.5113909379503,912.1730346679688,938.5113909379503,7800
2020-08-13,912.2030029296875,912.4123151834423,906.2713735525698,906.2713735525698,6100
2020-08-14,901.3366088867188,919.550181447808,901.3366088867188,908.2053361768914,9100
2020-08-17,896.9701538085938,906.7000092802759,885.5356204540374,904.7560217845611,19100
2020-08-18,896.720947265625,908.8932457308327,894.6673141782353,895.7638913315326,9500
2020-08-19,891.7662353515625,897.2093268643517,889.2440229858393,895.9831466174625,6900
2020-08-20,876.2942504882812,889.4135650296569,875.3870279190859,886.3231670223175,9000
2020-08-21,874.3602905273438,879.2750519401123,868.857325153137,878.3279748055533,6100
2020-08-24,873.29345703125,873.29345703125,866.0260025641485,873.29345703125,14900
2020-08-25,891.1382446289062,891.1382446289062,871.2997030246097,871.2997030246097,16000
2020-08-26,873.29345703125,876.8424554045001,868.059677751097,875.2772988705602,12900
2020-08-27,891.2379150390625,892.4940319030943,884.1997299112079,884.1997299112079,9200
2020-08-28,903.2008666992188,903.2008666992188,888.3668343519287,888.3668343519287,8500
2020-08-31,888.64599609375,910.3786316518972,888.64599609375,897.8972933943913,11700
2020-09-01,891.0086669921875,900.9278772325795,891.0086669921875,894.2286682553549,7200
2020-09-02,887.4995727539062,902.5130424522233,886.4228923767051,896.8505981129914,8400
2020-09-03,872.6654663085938,892.2348226496301,872.6654663085938,882.5349037692731,8600
2020-09-04,882.4551391601562,885.8944922864491,870.3027986783105,872.4362015852381,8700
2020-09-08,860.6327514648438,873.0343194953814,860.6327514648438,872.2966155217077,12000
2020-09-09,854.810791015625,871.1302089668577,854.810791015625,866.8833610390551,10900
2020-09-10,850.3646850585938,857.6321409428917,844.5327827763707,849.8861874734321,15900
2020-09-11,830.4263305664062,852.3483796654737,830.4263305664062,852.3483796654737,13100
2020-09-14,838.281982421875,850.1651367915085,830.6555938834892,830.6555938834892,30800
2020-09-15,819.6597900390625,841.0435315142736,816.4796432468867,835.0421110913157,13700
2020-09-16,812.8807373046875,828.4325146857888,812.5118853367535,820.2179830000491,26700
2020-09-17,807.16845703125,816.6291273492851,802.5029234845443,802.5029234845443,17200
2020-09-18,796.7407836914062,812.6016014028697,792.6833510567104,809.0526028082669,24100
2020-09-21,788.9848022460938,802.6325082579208,776.6330676041287,797.5383106417146,14700
2020-09-22,785.5654296875,796.5912567616871,782.3554072649346,790.6596274519632,11000
2020-09-23,769.5350952148438,786.1137208162592,769.5350952148438,785.3361623078197,12000
2020-09-24,762.397216796875,776.3838382439889,762.397216796875,771.4392015398153,10300
2020-09-25,754.6611328125,766.6240569786163,749.7762477727043,759.924848651949,33100
2020-09-28,772.9545288085938,785.4358676906108,765.8665097845396,765.8665097845396,26900
2020-09-29,772.6255493164062,792.7730703835952,763.1249636090165,766.49452576672,29600
2020-09-30,776.5932006835938,780.0325537288516,770.7811960214092,779.6935774207554,13500
2020-10-01,783.4420166015625,795.8735216505213,775.7059817136005,778.1882790180625,29600
2020-10-02,787.818359375,803.4997392408073,780.5807807149113,780.5807807149113,20400
2020-10-05,801.5458984375,806.2114318097678,792.8727657847303,792.8727657847303,21700
2020-10-06,839.4981689453125,847.3737849321366,803.280460276514,803.280460276514,25600
2020-10-07,855.5486450195312,866.0660391384556,845.1707721340085,846.9054475997935,24100
2020-10-08,859.5462036132812,874.0113235122162,859.5462036132812,872.5857488328006,10200
2020-10-09,872.4362182617188,875.3372008736015,870.3028153140115,870.3028153140115,10400
2020-10-12,915.283447265625,927.6152250656207,872.6954606623576,875.8656286949109,25400
2020-10-13,878.806396484375,913.1698665123865,878.6368779179534,913.1698665123865,24500
2020-10-14,879.7236328125,888.5762024162588,874.3901254331786,887.0509002317305,14500
2020-10-15,880.8201904296875,888.5761827125233,867.3220452322103,867.3220452322103,15800
2020-10-16,895.9932250976562,915.9513309416758,882.2657487228911,887.2503009755628,15700
2020-10-19,895.2255249023438,911.7841917787053,892.7332489421478,900.2100768227353,18800
2020-10-20,903.2008666992188,911.6446689950019,900.0406776132642,900.4493841248138,10900
2020-10-21,951.0525512695312,960.5132215252181,907.477574421374,907.477574421374,22500
2020-10-22,965.2884521484375,983.9306283534537,952.7572808484359,952.7572808484359,18500
2020-10-23,949.5272827148438,972.0574957631791,933.5169030585054,968.2692481602194,21000
2020-10-26,949.0587158203125,958.1903884563392,937.4945793359251,944.9714074542574,18900
2020-10-27,941.0834350585938,963.1949008392068,928.4027637417065,948.3908054632001,16600
2020-10-28,901.0574340820312,927.5653081957956,887.2502494820942,927.5653081957956,30000
2020-10-29,914.665283203125,931.7124265405398,892.8528789931812,897.1196846705042,15900
2020-10-30,905.5236206054688,918.7426619520293,901.5160214153584,912.2228291386758,8400
2020-11-02,932.988525390625,933.3972318888623,917.6759959975321,919.6199226322925,20900
2020-11-03,940.9837646484375,950.3946013958134,927.0768521959111,945.8187558204544,21000
2020-11-04,915.8914794921875,945.3103153619793,908.8234187749331,941.0834249683373,18400
2020-11-05,931.8719482421875,934.3143908207439,916.7986682986021,916.7986682986021,8600
2020-11-06,901.0574340820312,942.5089852465634,901.0574340820312,933.9854135584956,11500
2020-11-09,936.049072265625,958.5194117374675,917.4766258519222,928.801513876884,10700
2020-11-10,917.2971801757812,945.7290243415766,917.2872013360005,938.8603577034677,12900
2020-11-11,908.9130859375,921.7433177260272,907.826487691825,920.8161983694728,8900
2020-11-12,897.2891845703125,911.7045313979286,890.2908538298083,911.7045313979286,9700
2020-11-13,915.5325927734375,930.1173966911006,898.0567852239548,905.2843855733764,8300
2020-11-16,951.600830078125,961.609849645536,913.9076494986566,924.8038730972443,25400
2020-11-17,954.043212890625,961.3206463368803,929.6189091123384,929.6189091123384,16100
2020-11-18,958.0308837890625,970.0835571640658,952.0494214553119,952.0494214553119,16200
2020-11-19,959.0277709960938,966.0061435501194,952.0493984420681,952.0493984420681,11900
2020-11-20,958.3101196289062,967.0031496648933,958.3101196289062,962.9158411028823,10500
2020-11-23,965.3580932617188,971.6885103621808,957.6619747241047,970.7713698960549,17700
2020-11-24,995.9135131835938,1009.4515737732229,975.8955348405178,975.8955348405178,14400
2020-11-25,994.8468627929688,1002.5828978126949,981.0595738897538,988.4367357417408,18900
2020-11-27,959.0377807617188,966.0061747013559,956.824608040137,965.0092643043473,6300
2020-11-30,957.033935546875,977.0219758855956,956.7448534502804,965.3780703046981,26800
2020-12-01,963.7730712890625,989.8323227545563,939.169330856837,967.3818819317255,14000
2020-12-02,963.9127197265625,965.467897564501,950.1553071064333,950.1553071064333,14200
2020-12-03,952.0693969726562,968.6878764309265,952.0693969726562,968.6878764309265,5400
2020-12-04,967.5413818359375,978.158501760366,959.775471852129,968.2890646236696,11200
2020-12-07,968.1495971679688,992.484154211323,967.0031258244916,967.0031258244916,7600
2020-12-08,978.756591796875,979.16535911495,969.9937717146223,970.003750553587,6100
2020-12-09,987.82861328125,987.82861328125,977.9491966188834,985.5257525689052,10600
2020-12-10,989.593017578125,993.4311589968681,975.985227584163,990.1712426277028,11100
2020-12-11,980.3916015625,990.121456942802,976.722978538983,987.9581783805294,7300
2020-12-14,984.4390258789062,990.9289222176154,968.7376873226411,987.2802569827504,10700
2020-12-15,1005.2147216796875,1005.2147216796875,977.9890999788026,984.9475153837851,14900
2020-12-16,996.362060546875,1009.1125220067061,985.3960467071099,1005.8127511851491,13100
2020-12-17,996.7110595703125,1016.8486629070036,982.5748766365878,1003.8988058472004,13400
2020-12-18,963.1749877929688,997.997123869607,963.1749877929688,996.8905070103951,27000
2020-12-21,979.5841674804688,979.5841674804688,957.0340573713825,967.0031621356677,13500
2020-12-22,991.7265014648438,991.7265014648438,962.5170375088281,980.1224492473674,15900
2020-12-23,1002.2838134765625,1002.2838134765625,986.482746311709,996.9104515395837,12300
2020-12-24,982.7642211914062,997.2393794081545,973.4829879693608,997.2393794081545,8400
2020-12-28,1002.7822265625,1006.141809775282,988.9351263693302,988.9351263693302,4900
2020-12-29,999.2930297851562,1011.7444309373046,981.8271401180307,1011.7444309373046,8000
2020-12-30,995.2156372070312,1020.8562042594141,995.2156372070312,1020.8562042594141,8100
2020-12-31,997.568359375,1006.3611166274435,985.9444105888857,988.3070834290414,11900
2021-01-04,1011.4553833007812,1022.2717763169373,996.9104333063447,999.233251652992,9500
2021-01-05,1015.1737670898438,1039.8971318970664,1005.9224097245227,1018.4735379540589,16500
2021-01-06,1040.4754638671875,1051.7406014509959,1016.2406323407461,1016.2406323407461,34400
2021-01-07,1028.9710693359375,1045.300466504847,1027.3660582001119,1040.9837666026556,14800
2021-01-08,1059.2373046875,1059.2373046875,1036.7968408521467,1036.7968408521467,13300
2021-01-11,1055.708251953125,1086.8916413080676,1046.2276234512708,1046.2276234512708,15600
2021-01-12,1013.2896728515625,1060.1543815999394,1013.2896728515625,1060.1543815999394,26500
2021-01-13,1006.8795166015625,1031.8022769134823,1004.0782007763661,1025.4719201328878,20800
2021-01-14,1012.8610229492188,1028.1935106249762,1006.4907505343792,1011.86411249356,14300
2021-01-15,1018.8624267578125,1018.8624267578125,1006.2216096876701,1010.8173522101749,10200
2021-01-19,1019.7595825195312,1044.363324208142,1011.186177307284,1026.9672861804245,13900
2021-01-20,1029.9381103515625,1033.7861701312452,1016.2106338205441,1029.290094212705,15900
2021-01-21,1016.8486328125,1028.8115579044118,1003.1909478299174,1028.8115579044118,26800
2021-01-22,1036.796875,1043.0575020024035,1009.8703132787043,1009.8703132787043,13200
2021-01-25,1015.2734985351562,1046.7559468105592,1015.2734985351562,1045.7091421864818,25300
2021-01-26,1011.8740844726562,1024.8738356681165,1008.4646677744647,1013.8579265305121,28700
2021-01-27,1021.8331909179688,1027.4757380267831,991.836129301841,1002.0445432178494,26800
2021-01-28,1039.039794921875,1039.039794921875,1019.7595219099529,1019.7595219099529,9900
2021-01-29,1016.8486328125,1021.8331849341299,1006.8795285692403,1021.8331849341299,19700
2021-02-01,1046.9752197265625,1054.2826509025253,1021.8331684373228,1021.8331684373228,18100
2021-02-02,1069.2860107421875,1071.1602070568204,1057.5623353601281,1057.5623353601281,12800
2021-02-03,1093.4215087890625,1093.4215087890625,1065.4281829166523,1066.694278774518,16600
2021-02-04,1058.3299560546875,1090.0815255833459,1058.3299560546875,1088.346911352422,29900
2021-02-05,1079.6439208984375,1081.3088049781136,1056.874522774922,1068.7178224984925,12900
2021-02-08,1090.590087890625,1090.590087890625,1071.678725997294,1080.1325070812304,21400
2021-02-09,1120.1285400390625,1142.5390671391867,1094.3883661612797,1094.3883661612797,21300
2021-02-10,1160.3240966796875,1168.8975025206896,1116.539744324835,1116.539744324835,21300
2021-02-11,1154.491943359375,1191.3078970189342,1146.4469301855852,1147.8526078871153,17000
2021-02-12,1146.078125,1167.3123655118718,1126.3891443082885,1153.4253498891298,16200
2021-02-16,1143.8848876953125,1168.1596301934906,1124.7840514613406,1139.468521333606,19300
2021-02-17,1176.852783203125,1176.852783203125,1146.4470145561997,1150.0458466682783,7800
2021-02-18,1206.3612060546875,1214.2368222618486,1180.0926423255037,1186.3233320949096,17700
2021-02-19,1215.911865234375,1215.911865234375,1212.273117531688,1212.273117531688,7200
2021-02-22,1263.6038818359375,1263.6038818359375,1213.2299704302402,1224.1760270833936,16000
2021-02-23,1201.5462646484375,1254.1133326419254,1186.104131679103,1254.1133326419254,24000
2021-02-24,1201.2371826171875,1207.61743386624,1192.6140045381119,1202.274008431945,34900
2021-02-25,1196.0032958984375,1224.4152413210372,1180.3518518341289,1201.9549432684994,27000
2021-02-26,1191.36767578125,1220.1583282808824,1171.0704750812292,1182.3356100941253,90200
2021-03-01,1193.3017578125,1239.727821946144,1192.354741602613,1203.3705285899123,47200
2021-03-02,1186.3134765625,1201.695858609061,1176.364329575493,1197.8875924779952,113500
2021-03-03,1160.5931396484375,1173.463287867957,1147.443948984612,1173.1343512229682,90100
2021-03-04,1107.6572265625,1160.2841695255968,1103.0215685110607,1156.5257975606517,93900
2021-03-05,1167.611328125,1167.611328125,1086.1538196917775,1114.545807921777,154200
2021-03-08,1161.520263671875,1183.332668528999,1153.4053982499706,1176.3443167494106,77800
2021-03-09,1155.8079833984375,1170.3628511534143,1127.0471421959298,1158.6691114285643,107700
2021-03-10,1176.125,1180.2920173164625,1145.4101322175725,1157.1837024334804,55400
2021-03-11,1177.650390625,1185.2368647225915,1163.892977418078,1184.828097354506,61800
2021-03-12,1177.3409423828125,1186.1810372900875,1173.6592848022183,1182.239953659253,86500
2021-03-15,1185.0634765625,1186.0212823472027,1167.5130009574232,1173.3598303946892,48200
2021-03-16,1175.9840087890625,1184.5546903421225,1175.2556671089576,1181.341948396001,33900
2021-03-17,1182.359619140625,1182.4194211050274,1167.473071077311,1176.4828277264057,29000
2021-03-18,1172.8709716796875,1185.15327220594,1165.7869356483475,1182.599082779445,29700
2021-03-19,1174.3876953125,1180.1746017197713,1155.520112578158,1171.3145317053131,36900
2021-03-22,1169.1793212890625,1181.2221703043515,1163.5818086719255,1181.2221703043515,19600
2021-03-23,1167.3533935546875,1170.356645895063,1159.5010664545034,1168.2014609586147,15200
2021-03-24,1169.6484375,1181.6912885807085,1168.9898849974625,1179.8454659108445,33500
2021-03-25,1164.170654296875,1171.2047543248304,1157.0766305036823,1167.3334598572085,24900
2021-03-26,1153.4647216796875,1169.4288019276673,1147.637744695863,1165.4776092448312,18100
2021-03-29,1136.4530029296875,1157.4956230846328,1131.0950631185165,1151.3793796826285,23900
2021-03-30,1113.7939453125,1137.0615381152031,1113.7939453125,1137.0615381152031,25500
2021-03-31,1112.3970947265625,1118.6330635935421,1104.5148057194467,1118.6330635935421,26300
2021-04-01,1124.769287109375,1127.4831515431542,1111.6886115659306,1116.986749204805,11900
2021-04-05,1132.7811279296875,1132.7811279296875,1115.799440324045,1125.667129985545,35800
2021-04-06,1117.505615234375,1131.4442238602596,1115.7895058030585,1127.8223682066716,44700
2021-04-07,1108.1466064453125,1127.1837276315327,1102.5990302900886,1127.1837276315327,35400
2021-04-08,1150.7008056640625,1157.5952044380163,1098.1390231163882,1104.6144427753648,52400
2021-04-09,1153.0555419921875,1162.554188683211,1147.7973538742096,1162.554188683211,10700
2021-04-12,1131.7535400390625,1154.4025297169042,1121.0276738381492,1154.3825551295931,12100
2021-04-13,1127.9920654296875,1138.059379955466,1118.802658438683,1122.7238894434065,8200
2021-04-14,1143.2674560546875,1154.991076289059,1129.1491996685127,1135.8940326279026,10000
2021-04-15,1160.71826171875,1163.2326237658942,1142.4294567082327,1142.4294567082327,17200
2021-04-16,1161.49658203125,1169.4886094873161,1153.8039297997718,1168.690356752593,12700
2021-04-19,1173.250244140625,1174.8666025100897,1156.6875340518313,1164.6296255713887,34300
2021-04-20,1185.412841796875,1194.2430719168353,1169.9676122524281,1169.9676122524281,26800
2021-04-21,1199.3314208984375,1213.130328115201,1179.89517381206,1185.3328896124008,20800
2021-04-22,1197.056640625,1207.6827564388545,1194.7319151675063,1205.088617626094,19000
2021-04-23,1220.1246337890625,1223.4571013364293,1191.0300643198375,1202.3446935444745,26200
2021-04-26,1205.2381591796875,1226.2109897354462,1203.2925855583624,1226.2109897354462,13100
2021-04-27,1198.2340087890625,1209.2990780336409,1196.408039123852,1205.3380197724362,12500
2021-04-28,1174.4075927734375,1198.1940383019935,1172.3821208555898,1198.1940383019935,13000
2021-04-29,1173.7689208984375,1181.1423445069572,1170.9153563908637,1174.8464523849927,11500
2021-04-30,1162.813720703125,1179.3065191029884,1162.3846324415642,1163.8413158387445,10300
2021-05-03,1192.736328125,1201.9755491855751,1184.1555376723168,1187.2885029935903,11700
2021-05-04,1194.951416015625,1213.2701847821445,1182.439528260251,1184.3153126941008,25600
2021-05-05,1200.6983642578125,1211.2745426598403,1180.344138357983,1196.278256117224,16500
2021-05-06,1211.24462890625,1215.5749733738778,1194.6021434265401,1197.216256699553,14700
2021-05-07,1234.3726806640625,1238.8625783752307,1205.2581348043957,1205.2581348043957,25500
2021-05-10,1221.15234375,1240.2094394988962,1217.4407244574215,1218.8574585786814,30100
2021-05-11,1194.841552734375,1216.612512849598,1190.5611448871177,1205.9863979328566,28800
2021-05-12,1185.3629150390625,1208.2613438247374,1179.9550390323777,1194.3526974325534,25000
2021-05-13,1182.3397216796875,1201.1473798129755,1170.7158511115151,1184.764320015769,30400
2021-05-14,1184.6446533203125,1188.2763746639716,1169.3489898545508,1182.3098187184632,45400
2021-05-17,1186.5003662109375,1187.2685352579113,1175.904212902285,1175.904212902285,18500
2021-05-18,1193.674072265625,1206.1160469993906,1183.4470842431801,1186.5002727881813,33300
2021-05-19,1197.30615234375,1206.8147879347205,1183.6967577965556,1183.6967577965556,17300
2021-05-20,1202.45458984375,1223.596962292077,1200.2594555105231,1202.2449784478956,27300
2021-05-21,1211.214599609375,1214.4274631508497,1207.8223301769797,1214.4274631508497,15800
2021-05-24,1207.263671875,1216.0140034115686,1204.4101069625472,1212.27242186261,14900
2021-05-25,1182.0103759765625,1217.2610137831552,1177.350816609937,1217.2610137831552,13800
2021-05-26,1191.9879150390625,1199.1019124959796,1181.1921385904634,1188.5755493633885,24100
2021-05-27,1181.5714111328125,1198.2240057969775,1181.5714111328125,1191.988036904637,20400
2021-05-28,1190.6807861328125,1195.0809193938553,1181.6810173470021,1185.4325855565585,14400
2021-06-01,1186.151123046875,1200.9079594363159,1184.4350135657985,1195.310568135973,21400
2021-06-02,1183.81640625,1192.726412542331,1182.14024595207,1192.3172988640324,19000
2021-06-03,1149.0147705078125,1186.0314610578725,1149.0147705078125,1179.3066013005293,25700
2021-06-04,1141.4517822265625,1148.5458062056805,1129.6981981930344,1148.5158443222765,16300
2021-06-07,1123.84130859375,1136.8420856381451,1121.6462962846863,1136.642461557879,22100
2021-06-08,1133.44970703125,1137.2412248401783,1114.7917368047883,1123.7515574310657,19400
2021-06-09,1127.47314453125,1132.781147574967,1123.6916140821706,1125.9665247278774,14800
2021-06-10,1128.860107421875,1136.2733593654718,1127.4931878516225,1127.6229008822131,19500
2021-06-11,1132.8809814453125,1138.4384230489827,1121.1473732309225,1132.7811085111036,22000
2021-06-14,1129.558349609375,1140.8828438832334,1129.558349609375,1129.5883114888463,16000
2021-06-15,1140.0050048828125,1149.5835513963402,1126.7648968536423,1129.4687742327217,19400
2021-06-16,1138.0792236328125,1139.4361557526586,1124.150603470744,1135.1956972045423,33700
2021-06-17,1119.740478515625,1145.8218074912156,1119.740478515625,1145.8218074912156,14900
2021-06-18,1112.5068359375,1121.556420389472,1107.5280481253883,1114.232932636782,39500
2021-06-21,1127.4632568359375,1130.7159481878564,1113.4946855123064,1113.4946855123064,13100
2021-06-22,1122.7039794921875,1132.4221046631792,1119.4612753368738,1120.7284438326628,12600
2021-06-23,1115.7095947265625,1125.9166091440145,1115.7095947265625,1121.6761502881363,9400
2021-06-24,1125.4876708984375,1130.1272562398208,1122.125241252057,1123.8812998836183,7500
2021-06-25,1156.517822265625,1156.517822265625,1125.6273650638695,1125.6273650638695,25200
2021-06-28,1150.5213623046875,1157.0567068916125,1133.2901123367458,1141.9806420305636,15300
2021-06-29,1145.35302734375,1155.410354569748,1141.1823575744513,1155.4003672753788,13700
2021-06-30,1145.45263671875,1149.9225593770632,1138.2986899290675,1147.6576361685075,10500
2021-07-01,1155.76953125,1168.431106375101,1155.76953125,1157.9845182660267,9000
2021-07-02,1164.2703857421875,1176.552686871418,1155.699704106746,1166.515334567728,16000
2021-07-06,1159.06201171875,1163.4122085917652,1149.5833398973334,1155.0510174184972,21100
2021-07-07,1171.623779296875,1172.282331690416,1157.9844247951764,1159.151841975145,13000
2021-07-08,1129.8975830078125,1159.3413420007278,1129.8975830078125,1154.8614319162696,11800
2021-07-09,1130.7257080078125,1138.468295727563,1119.9499064360461,1132.3520533565907,14800
2021-07-12,1124.75927734375,1131.7136004899687,1117.0764907358073,1117.0764907358073,10900
2021-07-13,1116.48779296875,1120.7881752805479,1110.960191551546,1119.4910451224919,13300
2021-07-14,1113.9935302734375,1123.8114060118521,1110.241961484659,1115.140972957649,8600
2021-07-15,1114.881591796875,1120.8781097238075,1106.6600994723879,1106.6600994723879,11400
2021-07-16,1123.322509765625,1137.500691987467,1118.114257584347,1118.114257584347,10700
2021-07-19,1112.0579833984375,1122.474488186596,1107.0592206006777,1122.474488186596,30300
2021-07-20,1126.2957763671875,1145.751999619732,1118.2639213842833,1128.4709359416765,20000
2021-07-21,1131.943115234375,1153.9636373607848,1131.943115234375,1153.9636373607848,7300
2021-07-22,1125.018798828125,1140.3043531945546,1119.5809605176894,1137.680252439782,15700
2021-07-23,1125.367919921875,1139.2665792496002,1125.367919921875,1127.8123710208415,8400
2021-07-26,1124.2503662109375,1137.9595096560604,1119.2815659836126,1119.2815659836126,13700
2021-07-27,1124.6595458984375,1139.8354842387873,1116.6874921578633,1116.6874921578633,15600
2021-07-28,1128.1317138671875,1130.446451926425,1120.7782642314885,1125.4676641134542,15100
2021-07-29,1139.4361572265625,1140.2642499915537,1127.4630977810993,1129.6980591338852,12200
2021-07-30,1129.0296630859375,1137.9396695470173,1126.9443890702155,1135.535045699555,6700
2021-08-02,1119.5311279296875,1136.7922176079087,1117.4956686067753,1132.4520074013521,14300
2021-08-03,1114.2928466796875,1125.717092854318,1109.922674853082,1125.6871309728392,17000
2021-08-04,1115.1907958984375,1126.5852026739012,1115.1907958984375,1124.9788316226084,10800
2021-08-05,1123.2626953125,1125.7371083460087,1116.5078741450266,1121.4866620946116,12000
2021-08-06,1132.451904296875,1154.4723031539486,1123.761497380555,1123.761497380555,23900
2021-08-09,1141.8707275390625,1141.8707275390625,1129.4387386281119,1129.4387386281119,6500
2021-08-10,1131.3743896484375,1142.1102431560967,1131.3743896484375,1142.100255862429,4600
2021-08-11,1136.033935546875,1136.033935546875,1124.8091907673138,1129.5087000698243,13500
2021-08-12,1130.1671142578125,1133.3500162874036,1125.9566170641126,1131.7734853161785,18100
2021-08-13,1121.4666748046875,1127.7026437887776,1118.882523360636,1125.5176187189616,7500
2021-08-16,1124.5098876953125,1128.6406082074639,1121.506635258673,1125.8268707676373,16900
2021-08-17,1110.80078125,1129.5186763276556,1110.80078125,1127.373478542601,11900
2021-08-18,1122.0054931640625,1130.0373480781384,1115.4901235867849,1116.4878786168267,12700
2021-08-19,1122.8636474609375,1131.2348275209793,1119.980120552825,1125.1683984506826,10500
2021-08-20,1123.4921875,1136.7224295200797,1120.059846712639,1120.059846712639,9500
2021-08-23,1127.7225341796875,1134.0183046619145,1123.472088293774,1131.6935794448696,13000
2021-08-24,1126.4654541015625,1142.1003196185225,1124.9188850519138,1132.0828199181358,11700
2021-08-25,1125.5673828125,1131.0250733910143,1123.8812353371832,1130.7756346428598,7400
2021-08-26,1120.66845703125,1132.3622390003325,1119.960089907356,1132.3622390003325,18800
2021-08-27,1122.7039794921875,1126.4655357997563,1116.0788708485468,1124.6994897416114,19900
2021-08-30,1118.1839599609375,1126.8345395042554,1115.1109184620645,1126.8345395042554,17500
2021-08-31,1118.2938232421875,1129.6781199281572,1118.2938232421875,1121.8357803613133,19600
2021-09-01,1119.4810791015625,1129.9874681926826,1119.4810791015625,1121.8157916341688,10900
2021-09-02,1123.621826171875,1124.220454817184,1116.4080769543045,1123.4821258552586,23300
2021-09-03,1121.576416015625,1124.030976235293,1117.3459443900626,1121.476664870887,12600
2021-09-07,1107.508056640625,1120.9777492213893,1107.508056640625,1115.4203074284235,15100
2021-09-08,1103.6468505859375,1120.6586237124518,1098.2589487015666,1107.7775713040794,28200
2021-09-09,1097.9295654296875,1108.1765281984349,1089.7978382717044,1107.5579250046148,23800
2021-09-10,1087.393310546875,1098.2788520547058,1079.68068363284,1097.3310334923121,20700
2021-09-13,1088.0819091796875,1092.36219577949,1084.7792813038589,1088.550824850212,12100
2021-09-14,1069.8427734375,1081.7958585672875,1069.8427734375,1080.3391752765572,11700
2021-09-15,1073.9735107421875,1083.5419470150773,1070.9902330590094,1074.4624009446975,17400
2021-09-16,1065.72216796875,1075.500216625318,1054.5871869975558,1074.0334240694392,17200
2021-09-17,1069.7330322265625,1076.5476548509694,1064.604557045674,1069.3838423449845,34000
2021-09-20,1066.2010498046875,1071.1200359194988,1062.1102783525328,1064.0160246505607,24700
2021-09-21,1056.792236328125,1071.7086252708034,1056.792236328125,1070.4214823105174,16800
2021-09-22,1063.3173828125,1068.5955454431328,1061.082421480764,1061.661197298116,17700
2021-09-23,1078.0843505859375,1089.009719986855,1067.597934957744,1067.597934957744,8900
2021-09-24,1093.9188232421875,1102.469531498475,1088.8602580971353,1088.8602580971353,16100
2021-09-27,1097.5205078125,1110.6609849505624,1096.38305250202,1096.38305250202,18200
2021-09-28,1079.3414306640625,1098.5282395569327,1079.3414306640625,1097.530484570959,16600
2021-09-29,1084.499755859375,1095.6746848817133,1082.1650432739077,1082.1650432739077,17800
2021-09-30,1067.208740234375,1080.4889181111857,1067.1987529403996,1073.0555700793464,12900
2021-10-01,1066.6102294921875,1081.3171304781251,1062.4495467213335,1062.4495467213335,9800
2021-10-04,1057.6103515625,1072.5866644064251,1056.1237063015824,1061.7310847357448,24700
2021-10-05,1067.8773193359375,1075.9690982909926,1061.611388301698,1064.3252528451985,47500
2021-10-06,1087.6627197265625,1089.9076685411499,1065.6023706574367,1065.6023706574367,19300
2021-10-07,1091.5140380859375,1094.9961933878374,1089.1293889549163,1094.5971888138945,15800
2021-10-08,1097.5205078125,1101.7310046626221,1093.738977404557,1096.3232505363444,6500
2021-10-11,1086.196044921875,1097.0216625827784,1086.196044921875,1096.8021857084047,5500
2021-10-12,1085.5474853515625,1097.480596535618,1083.5619625855538,1097.480596535618,6200
2021-10-13,1087.24365234375,1088.011943226982,1080.5687294577863,1083.7614969297347,10100
2021-10-14,1108.43603515625,1108.43603515625,1094.2080388633244,1094.2080388633244,7000
2021-10-15,1098.9871826171875,1115.4900892813605,1098.9871826171875,1115.4900892813605,8200
2021-10-18,1095.5050048828125,1100.533728950956,1090.4064915565057,1100.533728950956,9100
2021-10-19,1085.0587158203125,1095.9242839211843,1084.0609606793282,1086.5553485317887,5800
2021-10-20,1084.2105712890625,1087.4532752669045,1077.5754757136083,1087.4532752669045,12100
2021-10-21,1089.4385986328125,1091.4440957002125,1080.5086193127165,1087.5328526949036,9700
2021-10-22,1099.1767578125,1105.5124773441648,1094.0083336150683,1101.3817572627252,9700
2021-10-25,1107.4981689453125,1107.4981689453125,1100.823245817214,1100.823245817214,4400
2021-10-26,1097.919677734375,1108.904970414979,1097.919677734375,1103.6168200102243,5900
2021-10-27,1064.0360107421875,1094.4774063860427,1064.0360107421875,1094.4774063860427,7100
2021-10-28,1077.0865478515625,1078.7528426070949,1063.4571799670273,1074.5921602634255,4900
2021-10-29,1052.6217041015625,1087.5930710982366,1046.3159450951237,1087.5930710982366,16600
2021-11-01,1097.4705810546875,1100.5737062990204,1063.077995284839,1063.8362988318684,21200
2021-11-02,1097.530517578125,1108.5058227539062,1095.2456196167252,1102.3197903733362,13200
2021-11-03,1074.6719970703125,1085.9566656139198,1074.6719970703125,1084.9189613442707,6500
2021-11-04,1062.1500244140625,1083.4620541453503,1059.3362874320346,1083.4620541453503,8200
2021-11-05,1080.91796875,1088.9399587698065,1074.3927331841196,1074.3927331841196,6800
2021-11-08,1106.14111328125,1106.14111328125,1081.4366901225983,1085.1283348465536,12700
2021-11-09,1107.528076171875,1121.935600580716,1097.5205638246593,1097.5205638246593,12600
2021-11-10,1120.0499267578125,1133.2503294844855,1105.4229241922608,1133.2503294844855,7000
2021-11-11,1124.569580078125,1134.9462559200745,1115.5000216832193,1123.681563556843,8300
2021-11-12,1110.60107421875,1127.46315820065,1110.3018207943321,1127.46315820065,6900
2021-11-15,1092.232421875,1122.8036513527802,1089.428793506618,1107.1689076022924,7500
2021-11-16,1087.54296875,1097.4107803703891,1082.1450800670486,1095.5349960881144,14100
2021-11-17,1064.744384765625,1072.6864763326337,1062.5492504828346,1072.6864763326337,9500
2021-11-18,1051.2147216796875,1051.2147216796875,1041.007707006102,1050.6760167741786,15600
2021-11-19,1052.53173828125,1063.4371318567144,1042.3347117570365,1042.3347117570365,10400
2021-11-22,1043.4920654296875,1057.5205593308044,1043.1428755354827,1054.6270454429,9100
2021-11-23,1053.72900390625,1053.72900390625,1037.6651731806858,1038.3635529441299,13600
2021-11-24,1055.1658935546875,1061.4018624930957,1044.719305823902,1047.2136933992654,7800
2021-11-26,1035.669677734375,1039.311507800497,1030.840577694521,1037.5953984519247,12800
2021-11-29,1028.7852783203125,1042.6540988266404,1028.7055017574935,1037.6653232341685,22000
2021-11-30,1000.6486206054688,1026.5004895162233,1000.6486206054688,1023.8664014196748,18700
2021-12-01,987.5380249023438,1014.3177357141741,981.7909462052457,1005.2780776088194,24900
2021-12-02,995.759521484375,995.759521484375,976.3132856632162,980.2843312013722,17000
2021-12-03,984.6844482421875,995.0211755776206,976.5726951018514,987.7774644281131,19900
2021-12-06,1005.367919921875,1016.7024026068876,981.820925241223,981.820925241223,19100
2021-12-07,1005.0785522460938,1030.6709315527241,1005.0785522460938,1013.5893707608269,22300
2021-12-08,1012.6216430664062,1016.6225897354179,1004.6695035058922,1004.6695035058922,9900
2021-12-09,989.77294921875,997.6352634049591,982.0802363292163,997.1762741866311,17600
2021-12-10,1007.9819946289062,1009.5285027082995,986.779700755247,986.779700755247,22700
2021-12-13,1000.4888305664062,1001.6162985788021,983.7764344565529,990.3616539402101,25000
2021-12-14,1009.618408203125,1027.1389241725415,999.7505957907946,999.7505957907946,22400
2021-12-15,1010.0374145507812,1010.2269904466424,993.6243317609346,1007.832353961885,14400
2021-12-16,1010.5562133789062,1022.6689127924593,999.3713579091489,1022.6689127924593,21300
2021-12-17,1011.7634887695312,1012.3222291504454,1003.0730814324215,1007.8523061031318,44100
2021-12-20,998.6030883789062,1017.1314064261013,989.8328436679051,1001.7460410542162,19100
2021-12-21,1010.7257690429688,1014.1879495044421,999.8602029714671,999.8602029714671,20000
2021-12-22,1016.62255859375,1016.62255859375,1006.7348329660417,1007.3734108056756,10300
2021-12-23,1010.0872192382812,1021.7110891410135,1010.0872192382812,1021.2122116498771,11600
2021-12-27,1008.830078125,1016.5626795435076,994.3327293261051,994.3327293261051,9400
2021-12-28,1012.6216430664062,1013.7790121503278,1006.216011681961,1006.216011681961,15800
2021-12-29,1010.8555297851562,1018.857544386517,1005.4477147272,1010.735804056798,13500
2021-12-30,1010.0673828125,1018.7079148247466,1009.7779948707007,1014.6869327075065,12000
2021-12-31,1011.6238403320312,1016.7123665807876,1006.205976976675,1010.7158491598041,9500
2022-01-03,1007.9720458984375,1028.026897923416,1002.2948172621996,1028.026897923416,13600
2022-01-04,1009.2491455078125,1013.1004651480728,1001.0974434046856,1005.3977649694207,28900
2022-01-05,1016.71240234375,1027.2686069924769,1011.0551482261515,1022.5891942407596,39200
2022-01-06,1016.2035522460938,1016.2035522460938,998.8625642449214,1014.5173437406313,14800
2022-01-07,1026.7498779296875,1027.3684811934845,1010.3866097293527,1010.3866097293527,16600
2022-01-10,1035.709716796875,1035.709716796875,1017.9596150417751,1022.7089389414181,16700
2022-01-11,1041.646240234375,1045.647247556992,1029.3837922209484,1036.2483515424099,12300
2022-01-12,1047.203857421875,1057.6203617680212,1039.0721293377062,1039.0721293377062,16500
2022-01-13,1032.57666015625,1032.57666015625,1032.57666015625,1032.57666015625,4300
2022-01-14,1040.66845703125,1040.66845703125,1009.84779032539,1025.283031014554,17000
2022-01-18,1041.5665283203125,1043.1529247772755,1036.8471663307228,1043.1029883053097,12000
2022-01-19,1026.8197021484375,1041.277163680024,1023.6967238403095,1041.277163680024,18100
2022-01-20,1027.05908203125,1033.2152743630886,1023.5369775728049,1025.791913666022,14200
2022-01-21,1020.3840942382812,1031.1398616625283,1013.9086739168265,1027.278554615711,12600
2022-01-24,1004.1107177734375,1012.5517471925964,983.0081746746073,989.2741054510799,17500
2022-01-25,1005.7470703125,1016.8321142210887,980.394080575123,995.9391211915078,19900
2022-01-26,1010.2369384765625,1012.9907520575618,1005.527503145748,1012.0528599089336,13400
2022-01-27,1010.7257690429688,1013.5793335976673,1006.7347492244378,1013.1503062749508,20800
2022-01-28,1022.0203857421875,1022.0203857421875,1001.9556074650887,1008.7103676537415,15700
2022-01-31,1038.623046875,1039.5909618284163,1019.7056503021267,1020.0748147948668,13000
2022-02-01,1047.143798828125,1049.9574141398164,1031.7385211741714,1042.693850816006,12300
2022-02-02,1048.1815185546875,1052.9208545418983,1035.6196961079115,1043.6117229584665,19400
2022-02-03,1052.67138671875,1061.611231801222,1047.4730007791725,1047.6326756688609,15100
2022-02-04,1041.9356689453125,1049.3788826156472,1033.883717516038,1048.87001779835,9700
2022-02-07,1031.6885986328125,1040.4489162658122,1029.922552895826,1033.5044590392079,6000
2022-02-08,1041.1573486328125,1041.1573486328125,1030.8206213874769,1036.9069025640745,17200
2022-02-09,1052.7313232421875,1055.8642886979148,1044.649531739844,1044.649531739844,19100
2022-02-10,1049.2791748046875,1054.1382372088256,1047.6328545511035,1052.6116426938872,14200
2022-02-11,1053.1702880859375,1057.6202361424516,1045.0085990883717,1047.243560409727,12900
2022-02-14,1046.9842529296875,1059.346452648576,1042.3248147830477,1059.346452648576,15800
2022-02-15,1053.1702880859375,1062.6689345998257,1053.1702880859375,1053.7689166905402,8300
2022-02-16,1057.460693359375,1057.460693359375,1048.8500622816819,1048.8500622816819,5800
2022-02-17,1040.0499267578125,1056.7822988451317,1040.0499267578125,1056.7822988451317,10000
2022-02-18,1034.791748046875,1043.352442822596,1032.7164613184116,1032.7164613184116,13400
2022-02-22,1027.9072265625,1035.7695415968926,1026.3008554722546,1032.686512450833,20400
2022-02-23,1029.7330322265625,1038.2837384527531,1027.6875858856658,1038.2837384527531,37300
2022-02-24,1035.5,1041.1573145447555,1015.2955226906258,1016.1635646454682,25400
2022-02-25,1054.0982666015625,1057.121493686249,1041.516589819868,1042.6440579176417,12100
2022-02-28,1047.84228515625,1049.1194408274227,1044.6495177745867,1047.862259744279,18000
2022-03-01,1028.3262939453125,1049.5385763531362,1027.987091326453,1049.5385763531362,19400
2022-03-02,1048.590576171875,1050.3566220221453,1037.3160176674835,1040.558721441111,10200
2022-03-03,1051.9830322265625,1051.9830322265625,1042.793747019499,1047.6028728598249,11300
2022-03-04,1054.1978759765625,1054.1978759765625,1042.0253145123831,1044.649414858041,13500
2022-03-07,1036.148681640625,1058.6181456521442,1036.148681640625,1056.5926735975945,15900
2022-03-08,1030.331787109375,1044.6095986844834,1028.1666147824308,1044.6095986844834,29100
2022-03-09,1060.4837646484375,1062.489261776988,1042.8733659893821,1043.8113189462003,18600
2022-03-10,1049.2991943359375,1049.2991943359375,1049.2991943359375,1049.2991943359375,5600
2022-03-11,1039.9412841796875,1048.63996333987,1039.172262033953,1048.090626975146,13500
2022-03-14,1049.498779296875,1058.7268007334771,1042.3081544075355,1042.348019694213,9700
2022-03-15,1064.209716796875,1066.6666132814676,1057.6882676999512,1057.6882676999512,9300
2022-03-16,1063.1011962890625,1070.4916357069028,1057.438618468178,1067.9050245799283,16300
2022-03-17,1064.189697265625,1072.7286710849376,1057.2687420712791,1070.7812457145926,10600
2022-03-18,1044.934814453125,1057.4286204201235,1044.934814453125,1057.4286204201235,19800
2022-03-21,1054.4124755859375,1060.264870488267,1047.5413823854335,1047.5413823854335,12900
2022-03-22,1065.178466796875,1071.3204027307063,1064.5192876068347,1067.1857509403949,13200
2022-03-23,1086.53076171875,1093.5816756062675,1064.6192385354166,1064.6692225366248,14000
2022-03-24,1076.7135009765625,1093.421810969539,1074.506402618911,1093.421810969539,10100
2022-03-25,1080.239013671875,1091.2047722524264,1075.7348455245337,1080.6983788421014,11000
2022-03-28,1077.822021484375,1089.586791720818,1077.822021484375,1086.0114729012685,8700
2022-03-29,1088.5081787109375,1091.0248119364487,1082.8154892537248,1088.608024790078,7700
2022-03-30,1100.89208984375,1103.318995858898,1086.4808495739633,1086.4808495739633,10900
2022-03-31,1134.7681884765625,1140.4907467498267,1102.5699595555602,1102.5699595555602,27400
2022-04-01,1144.135986328125,1153.0743439469393,1132.4710626798937,1143.0174420258716,41700
2022-04-04,1132.5311279296875,1151.4266647108727,1128.0869407869047,1138.5233561197917,37300
2022-04-05,1139.03271484375,1154.762313974998,1123.7424872656163,1131.4625770550065,28000
2022-04-06,1120.346923828125,1146.5029400632666,1120.346923828125,1133.589757224654,19100
2022-04-07,1114.534423828125,1123.762445273206,1111.6681462870345,1123.762445273206,21400
2022-04-08,1098.924560546875,1117.1409223385097,1098.924560546875,1111.5581978700625,11000
2022-04-11,1083.9739990234375,1096.2779860018516,1083.9739990234375,1096.0483034507756,10600
2022-04-12,1070.901123046875,1090.6255412636733,1070.6314532665672,1087.2599112343075,13500
2022-04-13,1074.2366943359375,1077.5923273516537,1064.5093207365192,1076.1342575653514,9700
2022-04-14,1071.520263671875,1075.9444570975988,1070.7112543697779,1070.7112543697779,9900
2022-04-18,1088.058837890625,1095.2694569476848,1083.9441791851364,1087.5494887136663,10400
2022-04-19,1074.2567138671875,1081.4873260003922,1071.3104619126577,1081.4873260003922,11000
2022-04-20,1073.4976806640625,1079.310088219957,1070.431589046915,1070.9709285822732,9900
2022-04-21,1067.9947509765625,1085.042585191649,1065.55784831042,1085.042585191649,12800
2022-04-22,1040.220703125,1057.6181812548389,1040.220703125,1056.459649776139,14600
2022-04-25,1059.8753662109375,1060.9140581141091,1029.0453569013885,1032.4709676745363,23200
2022-04-26,1053.05419921875,1057.2387131775542,1043.5765018587292,1055.630813323147,17400
2022-04-27,1047.5513916015625,1065.7077749602668,1045.6938154702486,1055.1015358155416,12200
2022-04-28,1070.54150390625,1075.3352129660523,1046.5625960714415,1050.307738420749,13800
2022-04-29,1046.6624755859375,1072.159434773416,1042.2681507066084,1057.2387237828148,17000
2022-05-02,1048.73974609375,1053.833115511358,1033.9689869739057,1040.9599196406357,14700
2022-05-03,1047.24169921875,1057.738095119969,1047.24169921875,1048.7597498327245,9100
2022-05-04,1069.8323974609375,1069.8323974609375,1040.929942555522,1046.6525008628169,10800
2022-05-05,1048.6597900390625,1053.8829954239618,1044.7049589615222,1053.1739541925508,12200
2022-05-06,1052.095458984375,1053.6335032996737,1040.1909764780103,1043.6464558750324,14700
2022-05-09,1135.6370849609375,1143.5668636605244,1109.3612277405418,1113.5557387089173,28900
2022-05-10,1123.2830810546875,1137.3647925226574,1114.7641009585998,1134.5684925932953,22300
2022-05-11,1128.4664306640625,1145.0349071397543,1114.1849050011258,1114.1849050011258,13500
2022-05-12,1145.8736572265625,1146.5328363761137,1113.7154189378814,1120.9260366518358,24500
2022-05-13,1161.98291015625,1168.1848272700013,1134.2588582055073,1134.2588582055073,17200
2022-05-16,1167.296142578125,1168.115026821383,1157.6186302788747,1162.7219968572615,10400
2022-05-17,1190.5357666015625,1190.5357666015625,1173.477935478903,1174.4666433056082,12200
2022-05-18,1166.5269775390625,1174.2069575107125,1165.2885935694133,1173.3280925730082,13600
2022-05-19,1181.707275390625,1181.707275390625,1162.4922077576405,1167.4857309868398,24500
2022-05-20,1181.2379150390625,1186.7107969996032,1163.3310870739438,1166.4071754110275,16100
2022-05-23,1181.4976806640625,1200.4430800478199,1181.4976806640625,1199.0748594503764,8300
2022-05-24,1188.8380126953125,1194.4307341955225,1170.5018104666676,1178.0619508130987,18900
2022-05-25,1222.124755859375,1227.4079421568792,1196.3682473615902,1196.3682473615902,12300
2022-05-26,1222.4744873046875,1247.3721262619838,1218.4296846579864,1229.7849517904742,10100
2022-05-27,1249.7091064453125,1256.3305234726417,1204.8473694139439,1227.4080744169166,17900
2022-05-31,1243.24755859375,1272.5895085092768,1242.6483601367268,1256.9198897751744,17500
2022-06-01,1260.6248779296875,1260.774708002098,1233.4101775844215,1234.508728261794,17000
2022-06-02,1248.1611328125,1258.8372270551251,1244.2061794789572,1256.919792141591,9500
2022-06-03,1251.376953125,1269.7331498597778,1248.3808391111334,1248.3808391111334,7100
2022-06-06,1259.5762939453125,1271.5707469383638,1256.6801478950317,1263.021898248187,13900
2022-06-07,1275.9949951171875,1275.9949951171875,1255.8810692361321,1255.8810692361321,12700
2022-06-08,1248.151123046875,1281.3380588772386,1248.151123046875,1281.3380588772386,12300
2022-06-09,1239.4324951171875,1250.7077880544432,1239.4324951171875,1241.389917278146,11500
2022-06-10,1228.6363525390625,1240.490971380233,1223.0636247050786,1230.8634443128415,16900
2022-06-13,1198.905029296875,1223.8327820112297,1198.905029296875,1222.5344171102017,17300
2022-06-14,1230.6038818359375,1233.5899991341682,1205.4865561757806,1205.4865561757806,14300
2022-06-15,1240.091552734375,1248.3109946592917,1236.3963941822292,1243.3873269441642,21800
2022-06-16,1227.847412109375,1246.3534389206195,1224.7614488116171,1228.4067452429472,28300
2022-06-17,1214.504638671875,1227.4079459135585,1212.5272230818853,1222.4244197429296,31400
2022-06-21,1216.3424072265625,1228.4067154706015,1208.6323147005896,1218.6193611678302,24700
2022-06-22,1234.0494384765625,1235.1080020226516,1222.9937096108897,1223.0636872079708,22600
2022-06-23,1239.162841796875,1246.732979483608,1239.0430021101683,1245.7242779904118,15100
2022-06-24,1276.3045654296875,1289.827065507771,1241.6595593695558,1241.6595593695558,20900
2022-06-27,1280.99853515625,1286.5912567904627,1272.8290775119945,1274.29714408244,13400
2022-06-28,1254.462890625,1266.6471605114618,1251.476773472233,1266.6471605114618,11500
2022-06-29,1227.587890625,1248.390865533181,1218.5495643704935,1248.390865533181,38500
2022-06-30,1244.515869140625,1253.8837239258683,1215.4235969035776,1215.4235969035776,22600
2022-07-01,1257.509033203125,1261.933226692134,1241.4797742248425,1241.4797742248425,11800
2022-07-05,1237.225341796875,1246.0239890217258,1229.205835435711,1246.0239890217258,33100
2022-07-06,1268.564697265625,1268.564697265625,1233.200650520095,1239.6122568688731,32300
2022-07-07,1251.17724609375,1279.690190973048,1251.17724609375,1279.690190973048,9900
2022-07-08,1240.950439453125,1260.5748872051995,1236.9356274773074,1243.117550399382,11600
2022-07-11,1245.594482421875,1254.7926358495106,1238.3938603586284,1238.3938603586284,13500
2022-07-12,1242.8580322265625,1253.8039188456132,1242.8580322265625,1253.2245920848654,12400
2022-07-13,1237.0655517578125,1249.379536393591,1237.0655517578125,1242.8879560686044,11400
2022-07-14,1233.07080078125,1244.8055812436335,1221.4258696082695,1223.4132822484974,18300
2022-07-15,1243.9664306640625,1243.9864242619938,1229.4053614975062,1231.372780298818,10700
2022-07-18,1233.000732421875,1245.2848483410457,1227.727542628423,1241.5197123170717,10600
2022-07-19,1240.551025390625,1244.3860171829665,1240.551025390625,1244.3860171829665,7900
2022-07-20,1224.57177734375,1241.0104175362007,1219.6181191789633,1233.9994911034846,11500
2022-07-21,1227.5977783203125,1227.5977783203125,1214.2950852856688,1215.373642479117,14600
2022-07-22,1225.4605712890625,1235.627316203761,1224.8113888937971,1229.5252455126392,11500
2022-07-25,1233.4202880859375,1239.7120544975385,1225.9100092969616,1225.9100092969616,14400
2022-07-26,1249.02001953125,1256.0509393997593,1241.0403789938416,1256.0509393997593,9800
2022-07-27,1241.4398193359375,1246.0438329775284,1238.5735419699254,1238.5735419699254,9600
2022-07-28,1227.557861328125,1242.388601196302,1227.557861328125,1234.4489478876164,12300
2022-07-29,1237.8245849609375,1252.1159854194846,1228.067220811891,1228.067220811891,16900
2022-08-01,1262.1629638671875,1262.1629638671875,1241.250025459207,1243.3672744045402,21000
2022-08-02,1255.861083984375,1278.8512842296022,1255.861083984375,1258.9470471766936,8200
2022-08-03,1256.3704833984375,1258.7673990051655,1253.3743693680756,1253.3743693680756,10200
2022-08-04,1234.1993408203125,1258.6176224412204,1231.8622840004737,1258.6176224412204,12400
2022-08-05,1248.8502197265625,1253.6640445850019,1234.1993000034254,1234.1993000034254,7400
2022-08-08,1240.21142578125,1274.996388754798,1237.8246288139137,1254.632785146717,10300
2022-08-09,1260.3153076171875,1260.3153076171875,1238.3937889090369,1238.6634586754758,9400
2022-08-10,1245.7841796875,1255.0022039152889,1245.7841796875,1255.0022039152889,8100
2022-08-11,1261.343994140625,1261.4139717377711,1253.0448217961532,1253.0448217961532,8500
2022-08-12,1293.322509765625,1304.8774688176898,1278.0522767967238,1278.3419401544402,14300
2022-08-15,1293.8118896484375,1303.5892472773403,1287.030645998187,1290.7159295862682,8500
2022-08-16,1292.703369140625,1292.703369140625,1285.8022856633909,1287.9795155081085,7500
2022-08-17,1292.663330078125,1299.3047403190078,1291.3250999954448,1299.3047403190078,6400
2022-08-18,1297.4971923828125,1302.2809048723616,1297.3972243856304,1300.3034891232219,3500
2022-08-19,1303.439453125,1308.5728098460536,1303.439453125,1308.5728098460536,6900
2022-08-22,1345.9144287109375,1360.2358201711572,1343.5575002158755,1343.5575002158755,18600
2022-08-23,1348.2513427734375,1369.9831667625242,1344.9257000163198,1352.505834541387,24400
2022-08-24,1351.616943359375,1372.2102289153806,1348.251313475557,1348.251313475557,17600
2022-08-25,1357.479248046875,1363.2018059718378,1351.2273474182439,1355.072335794797,16300
2022-08-26,1363.08203125,1363.0920280495784,1348.2512914267438,1348.2612882263222,17000
2022-08-29,1369.234130859375,1370.2926944395804,1355.2722587576297,1362.233201208692,17100
2022-08-30,1370.4124755859375,1371.2214848705362,1361.7337906926266,1369.2240755699238,14900
2022-08-31,1368.225341796875,1381.8576843658286,1365.329073990196,1371.2214556840215,21700
2022-09-01,1358.1085205078125,1366.038299015767,1350.0788959148706,1363.1320342782603,23200
2022-09-02,1357.2496337890625,1378.5619571616367,1356.5405924902477,1374.4073116282277,15300
2022-09-06,1358.8275146484375,1362.2331316128823,1354.2534912767173,1358.2383130451026,15800
2022-09-07,1375.4759521484375,1378.5919057258902,1354.1934979083223,1354.1934979083223,20600
2022-09-08,1391.6749267578125,1391.6749267578125,1371.2214751701827,1371.2214751701827,18000
2022-09-09,1367.92578125,1391.235636766101,1367.106897035914,1391.235636766101,11700
2022-09-12,1366.927001953125,1376.944038824165,1354.563033543439,1370.9218205422037,17000
2022-09-13,1365.1793212890625,1379.680532830701,1355.1424123455615,1359.7864135162886,15200
2022-09-14,1371.9505615234375,1371.9505615234375,1360.6751466663393,1365.2093049286566,24900
2022-09-15,1374.2176513671875,1379.2311684093763,1367.027026374911,1371.441223074249,30800
2022-09-16,1380.359619140625,1380.359619140625,1368.3451732663252,1371.521107609008,41300
2022-09-19,1387.300537109375,1389.3679239046292,1369.423700365911,1372.439807767408,26600
2022-09-20,1385.842529296875,1388.3991497957288,1369.8732517638596,1387.3005990678107,45200
2022-09-21,1365.01953125,1385.1833190789102,1359.2169988701066,1385.1833190789102,32800
2022-09-22,1251.2271728515625,1357.2896863119672,1234.1993306755455,1357.2896863119672,41300
2022-09-23,1220.1773681640625,1243.4472346107875,1217.420933655641,1243.4472346107875,16700
2022-09-26,1175.4254150390625,1211.3787832339235,1170.4818756771456,1211.3787832339235,18200
2022-09-27,1255.0721435546875,1277.453149942733,1178.471542084099,1178.471542084099,29700
2022-09-28,1282.646484375,1316.4824823800861,1253.3743912690234,1259.8059909820645,24900
2022-09-29,1287.2503662109375,1288.6085898261758,1263.3613084893,1265.308733678225,11200
2022-09-30,1301.3321533203125,1317.9506133356258,1278.2321098756324,1293.5821954787436,13900
2022-10-03,1311.179443359375,1321.3761794273807,1290.67600642263,1307.1546341227759,7600
2022-10-04,1362.7926025390625,1363.5016438946432,1348.271396564864,1363.2919549105306,11900
2022-10-05,1372.5997314453125,1395.7896246611956,1363.231876749113,1366.5176541306146,12400
2022-10-06,1329.415771484375,1372.5697619913071,1329.415771484375,1372.5697619913071,13500
2022-10-07,1313.9957275390625,1321.7158172910763,1307.5441341766216,1321.7158172910763,6900
2022-10-10,1317.9805908203125,1323.1839253805065,1303.8090291742592,1306.3657718090708,6400
2022-10-11,1323.86279296875,1323.86279296875,1317.2913606229438,1318.7894175152367,10900
2022-10-12,1315.3240966796875,1315.3240966796875,1301.7317401728849,1303.399499018849,6900
2022-10-13,1349.16015625,1353.654327252891,1309.6613378930472,1309.6613378930472,7100
2022-10-14,1355.0723876953125,1376.9840311320631,1338.2642323077753,1376.9840311320631,8900
2022-10-17,1364.34033203125,1375.266223794068,1342.7683369658591,1349.8491184732766,13400
2022-10-18,1367.8558349609375,1368.2253507996295,1352.745428947517,1368.2253507996295,8200
2022-10-19,1364.2205810546875,1364.2205810546875,1341.6698735170503,1360.9049351949707,6400
2022-10-20,1360.735107421875,1368.2253924168579,1355.3620714423198,1367.22668775086,14200
2022-10-21,1332.281982421875,1359.616523457298,1325.6605658027509,1358.018620420698,9100
2022-10-24,1318.8892822265625,1329.2558409441838,1317.780734740065,1324.3422922918369,6200
2022-10-25,1333.6402587890625,1333.6402587890625,1320.2375981439754,1320.2375981439754,7700
2022-10-26,1357.2396240234375,1383.5454704596048,1350.6581944926882,1350.6581944926882,15100
2022-10-27,1375.7257080078125,1380.889055146253,1373.2189494816014,1380.889055146253,7400
2022-10-28,1394.431396484375,1394.431396484375,1373.2189190800698,1374.946658650489,15500
2022-10-31,1414.315673828125,1418.6200276559082,1371.7808751351724,1379.8403683575057,11300
2022-11-01,1394.601318359375,1406.1362849445027,1390.2069931264791,1406.1362849445027,7400
2022-11-02,1395.799560546875,1395.799560546875,1389.8773103735011,1389.8773103735011,5300
2022-11-03,1362.31298828125,1382.5367573427677,1353.2547907923429,1382.5367573427677,6600
2022-11-04,1339.352783203125,1348.2212853601577,1326.449597165592,1341.669846258958,5500
2022-11-07,1334.2493896484375,1345.3949674343255,1322.1051072343705,1322.274930909548,9100
2022-11-08,1349.4298095703125,1349.4298095703125,1329.6354150346574,1329.6354150346574,6400
2022-11-09,1339.212890625,1360.645174337624,1316.842005014187,1359.576492139998,8800
2022-11-10,1328.2772216796875,1354.2435433065084,1307.2045773572827,1353.764184567041,11500
2022-11-11,1322.1551513671875,1335.038466039113,1279.7201995387434,1335.038466039113,13400
2022-11-14,1299.63427734375,1302.3108594385603,1294.1613953851884,1295.939118915433,8300
2022-11-15,1319.1390380859375,1334.2794350082083,1274.397142047816,1293.1328513971926,12600
2022-11-16,1331.133544921875,1341.8296333523106,1309.5015667714233,1309.5015667714233,10400
2022-11-17,1322.3150634765625,1345.9443298002066,1322.3150634765625,1322.7844254444817,7500
2022-11-18,1357.139892578125,1360.535513069083,1318.99929524722,1323.4336076773932,11900
2022-11-21,1348.3310546875,1353.2447251794893,1325.2809965410938,1348.5608591504053,13700
2022-11-22,1404.6380615234375,1404.6380615234375,1332.281960533761,1332.281960533761,12700
2022-11-23,1391.6448974609375,1410.3007533165855,1376.035139446907,1381.1884893974,10600
2022-11-25,1399.9542236328125,1403.6793724364948,1376.7842028223718,1376.7842028223718,6900
2022-11-28,1420.967041015625,1428.1476690294671,1392.6936534696447,1410.4106644499443,12500
2022-11-29,1416.852294921875,1433.5905952412531,1412.587928311498,1431.143817521185,11100
2022-11-30,1357.099853515625,1405.2473680730932,1331.273364612545,1405.2473680730932,22100
2022-12-01,1363.23193359375,1377.7930044246243,1347.0529660038894,1358.3382561163587,6700
2022-12-02,1336.7762451171875,1388.2195342506761,1334.0198103770208,1376.8942570256752,19000
2022-12-05,1329.8253173828125,1337.7649711341835,1302.1811171188297,1337.7649711341835,9800
2022-12-06,1314.505126953125,1324.6819916490724,1309.2320585786767,1324.6819916490724,9400
2022-12-07,1289.2777099609375,1318.3899746833242,1289.2777099609375,1316.292719315714,10500
2022-12-08,1308.183349609375,1308.3031892998458,1276.9338397629738,1276.9338397629738,11700
2022-12-09,1302.640380859375,1327.5781284051507,1302.640380859375,1308.3030800637637,7600
2022-12-12,1303.3095703125,1303.3095703125,1298.1662169744227,1300.932648365251,9300
2022-12-13,1303.079833984375,1336.0270893276572,1303.079833984375,1323.2836087463031,10700
2022-12-14,1348.2113037109375,1352.875298361212,1315.4538640124567,1337.245546050826,12400
2022-12-15,1340.451416015625,1372.3201174428266,1338.264311218875,1340.0620284615102,17600
2022-12-16,1359.4168701171875,1367.9757154584695,1336.0870218502585,1336.0870218502585,33200
2022-12-19,1363.23193359375,1364.6201477746388,1340.9607697232739,1340.9607697232739,18300
2022-12-20,1378.222412109375,1420.0381708771092,1378.222412109375,1379.0412962800078,21300
2022-12-21,1382.227294921875,1409.3421518410853,1375.9054161629779,1385.4031075890546,15100
2022-12-22,1380.0101318359375,1380.0101318359375,1370.06295063822,1372.2201868140392,10600
2022-12-23,1392.9532470703125,1392.9532470703125,1382.1671885524872,1383.205880355411,10100
2022-12-27,1393.67236328125,1399.674588057408,1369.81329425847,1393.193004549076,8600
2022-12-28,1393.2030029296875,1396.8881646215996,1393.2030029296875,1396.8881646215996,8700
2022-12-29,1393.2030029296875,1393.2030029296875,1368.2253895327601,1368.2253895327601,8100
2022-12-30,1412.4979248046875,1412.4979248046875,1393.1830107211392,1399.075392626425,7400
2023-01-03,1394.99072265625,1423.1441486007395,1392.3341341160894,1410.2708308595502,6100
2023-01-04,1402.670654296875,1416.6825094973296,1396.4387471663754,1410.3806247719924,5900
2023-01-05,1406.2161865234375,1409.272159471378,1365.728659499748,1380.5494029197096,8700
2023-01-06,1418.400390625,1435.6580375531464,1411.3894639409282,1418.3604034240475,8800
2023-01-09,1405.2772216796875,1405.2772216796875,1405.2772216796875,1405.2772216796875,5500
2023-01-10,1441.0009765625,1447.6123964832057,1426.2800797428729,1426.2800797428729,7300
2023-01-11,1437.4056396484375,1448.4812399161463,1432.3122703919282,1448.1217208769772,7000
2023-01-12,1424.102783203125,1446.2041209955291,1424.102783203125,1443.48767372796,14500
2023-01-13,1434.5594482421875,1443.1882714747173,1428.9467327078844,1430.8341773070738,8700
2023-01-17,1448.8907470703125,1448.8907470703125,1421.496225210631,1421.496225210631,10000
2023-01-18,1428.0777587890625,1473.0893226191902,1428.0477683913728,1472.340294150062,9100
2023-01-19,1427.728271484375,1427.728271484375,1401.931772062089,1401.931772062089,13700
2023-01-20,1479.9205322265625,1480.080359113298,1473.0894262429924,1473.0894262429924,9200
2023-01-23,1497.9471435546875,1507.0153379575347,1489.597987246405,1489.597987246405,8700
2023-01-24,1480.080322265625,1516.0336904178264,1480.080322265625,1516.0336904178264,9100
2023-01-25,1504.0091552734375,1519.9684354332692,1465.0996626846586,1465.0996626846586,17200
2023-01-26,1496.728759765625,1519.9286495591389,1496.728759765625,1505.0479257121283,14300
2023-01-27,1497.0582275390625,1497.0582275390625,1486.9513416465736,1486.9513416465736,5600
2023-01-30,1486.332275390625,1486.8914866316004,1465.7888513189498,1486.8914866316004,10400
2023-01-31,1525.980712890625,1537.4858099260375,1490.3669929676937,1497.058265335405,11200
2023-02-01,1492.064697265625,1522.8248482231236,1492.064697265625,1522.8248482231236,11300
2023-02-02,1441.320556640625,1502.051847087598,1419.1593581858222,1502.051847087598,17200
2023-02-03,1438.134765625,1462.1636591851711,1428.1677122414112,1461.1549576868613,13400
2023-02-06,1460.8851318359375,1468.095749728743,1441.1307257541332,1442.4689557715365,13800
2023-02-07,1493.5528564453125,1522.954785703602,1443.1182699599374,1443.1182699599374,9400
2023-02-08,1487.4407958984375,1502.7808852726153,1487.4407958984375,1488.0599879283468,8400
2023-02-09,1477.07421875,1477.07421875,1471.5513526337445,1471.5513526337445,7300
2023-02-10,1499.5650634765625,1517.0224016566,1486.022569591319,1486.022569591319,8900
2023-02-13,1522.695068359375,1548.99091800488,1522.695068359375,1529.3563503762525,12200
2023-02-14,1517.53173828125,1538.0051839112373,1504.1092061031488,1535.5484094475398,10300
2023-02-15,1514.8651123046875,1521.65635260857,1494.0621385816737,1494.0621385816737,10000
2023-02-16,1538.01513671875,1547.4129814818518,1508.0440008300727,1518.3805694334574,12800
2023-02-17,1549.6600341796875,1558.1888886933416,1549.180553558149,1558.1888886933416,8400
2023-02-21,1496.16943359375,1532.5522982428315,1496.16943359375,1520.8275152088013,10800
2023-02-22,1466.328125,1508.922903176584,1443.727433643758,1493.812496778281,15800
2023-02-23,1467.3768310546875,1493.7525336891492,1446.3340553258968,1459.6068794406142,6900
2023-02-24,1462.9324951171875,1462.9324951171875,1451.1178629432095,1460.3358873980064,10600
2023-02-27,1459.9964599609375,1459.9964599609375,1419.838582120835,1426.2003263203799,9500
2023-02-28,1441.7000732421875,1461.104958977145,1423.8233568514427,1458.108844912257,13000
2023-03-01,1424.72216796875,1446.4439960739394,1418.1607314652401,1426.3500615722016,11100
2023-03-02,1413.2171630859375,1444.2168747006963,1399.6746685621513,1422.844569305946,11700
2023-03-03,1406.1561279296875,1406.1561279296875,1398.1365004776717,1398.1864844741347,13800
2023-03-06,1416.1632080078125,1423.4538007913466,1390.5364122944866,1390.5364122944866,7700
2023-03-07,1391.35546875,1409.2721724827034,1382.5968090580186,1409.2721724827034,11900
2023-03-08,1395.180419921875,1395.180419921875,1384.504325573046,1384.504325573046,11400
2023-03-09,1363.10205078125,1371.2315215003437,1353.6243531275186,1371.2315215003437,11800
2023-03-10,1382.60107421875,1382.60107421875,1381.0220077795077,1381.0220077795077,9200
2023-03-13,1321.435546875,1351.8383395853896,1321.0157394523817,1351.8383395853896,11700
2023-03-14,1370.387939453125,1370.387939453125,1333.148910649849,1333.148910649849,11400
2023-03-15,1335.037841796875,1343.2431796199728,1323.744156143786,1340.2448689511782,13400
2023-03-16,1383.870361328125,1399.7913232078408,1311.2612443933745,1311.2612443933745,19400
2023-03-17,1346.01171875,1385.2196107222685,1337.6464363705068,1385.2196107222685,26800
2023-03-20,1329.8607177734375,1381.171774016733,1329.8607177734375,1372.2768832153192,18600
2023-03-21,1367.40966796875,1369.028750909841,1337.0467692574139,1337.0467692574139,14300
2023-03-22,1338.6058349609375,1348.9899993273812,1336.926849235613,1348.9899993273812,12900
2023-03-23,1329.2611083984375,1339.245473474137,1325.6531557556107,1331.3100028860997,12400
2023-03-24,1350.0294189453125,1356.2358830986495,1337.2465818614542,1338.046180187861,13700
2023-03-27,1367.5494384765625,1401.6602245827473,1346.8411352926787,1346.8411352926787,8500
2023-03-28,1395.06396484375,1395.06396484375,1382.1012976019401,1382.1012976019401,7500
2023-03-29,1373.5062255859375,1412.2743014823689,1360.583452286074,1401.250604768192,6600
2023-03-30,1376.5145263671875,1385.209578844967,1358.0548335756152,1358.0548335756152,5100
2023-03-31,1376.71435546875,1395.2139426489566,1365.5207107466958,1366.8899344493184,12300
2023-04-03,1375.764892578125,1409.2260200615488,1375.764892578125,1409.1559911585216,12700
2023-04-04,1365.160888671875,1372.1269345343585,1348.9899460655733,1348.9899460655733,12600
2023-04-05,1362.9420166015625,1362.9420166015625,1357.255279365114,1357.255279365114,5900
2023-04-06,1363.23193359375,1392.0157651564766,1349.5396968443547,1349.5396968443547,13100
2023-04-10,1375.5250244140625,1379.7226105023215,1369.338446696527,1369.338446696527,9700
2023-04-11,1379.3829345703125,1389.157335216553,1369.5783995336228,1369.5783995336228,5900
2023-04-12,1409.9356689453125,1412.2044103420528,1401.5903948131756,1409.2060994920696,10900
2023-04-13,1425.69677734375,1446.045298551243,1419.2004373137925,1426.5762867201768,6800
2023-04-14,1409.3958740234375,1433.2025294809152,1404.9184161980997,1424.1875890550339,13000
2023-04-17,1414.1832275390625,1419.1804121178527,1394.9640751692878,1419.1804121178527,7000
2023-04-18,1437.1903076171875,1438.309672100498,1423.288105738418,1423.288105738418,6800
2023-04-19,1469.4521484375,1469.4521484375,1443.5366953432629,1443.5366953432629,9400
2023-04-20,1524.1412353515625,1524.1412353515625,1493.0986674334183,1504.1524978387552,30500
2023-04-21,1524.1412353515625,1526.9796019179412,1502.6933590408232,1510.4089824403895,17000
2023-04-24,1503.043212890625,1509.1497578667042,1476.6180371332512,1476.6180371332512,19200
2023-04-25,1502.1536865234375,1539.222767621249,1497.8660631082253,1539.222767621249,6600
2023-04-26,1474.16943359375,1479.1666181144067,1464.414919649302,1479.1666181144067,4900
2023-04-27,1451.34228515625,1476.2681822338795,1450.1829042219315,1476.2681822338795,6800
2023-04-28,1431.3336181640625,1449.183547076135,1409.206069915414,1443.7166563547853,21000
2023-05-01,1451.68212890625,1451.68212890625,1403.6491318840579,1421.5590854431798,10400
2023-05-02,1407.427001953125,1432.6527795474847,1349.7495374980917,1432.6527795474847,19100
2023-05-03,1448.4439697265625,1448.4439697265625,1448.4439697265625,1448.4439697265625,7800
2023-05-04,1418.4107666015625,1487.671790755377,1418.4107666015625,1442.3573570584801,17400
2023-05-05,1437.60009765625,1437.60009765625,1431.3935114073047,1431.3935114073047,3600
2023-05-08,1452.911376953125,1483.4142104899875,1452.911376953125,1483.4142104899875,4300
2023-05-09,1461.656494140625,1464.614788397284,1436.3207924993515,1436.3207924993515,4200
2023-05-10,1457.8685302734375,1458.968008447482,1435.4212168914137,1445.9653248219477,8600
2023-05-11,1420.6395263671875,1447.3844675297446,1420.6395263671875,1435.6811004894387,10900
2023-05-12,1425.666748046875,1427.0060813552254,1425.666748046875,1427.0060813552254,3300
2023-05-15,1411.8846435546875,1411.8846435546875,1411.8846435546875,1411.8846435546875,3700
2023-05-16,1411.8846435546875,1411.8846435546875,1411.8846435546875,1411.8846435546875,5900
2023-05-17,1378.9830322265625,1412.2043041870145,1366.3301272303067,1412.2043041870145,17100
2023-05-18,1395.3238525390625,1414.9428040012206,1369.5683437971807,1398.0023971438525,10500
2023-05-19,1375.0552978515625,1375.0552978515625,1375.0552978515625,1375.0552978515625,4500
2023-05-22,1379.222900390625,1412.00447899764,1379.222900390625,1412.00447899764,10600
2023-05-23,1386.5987548828125,1391.8558026750668,1353.0377080963683,1384.2200902087448,9500
2023-05-24,1366.72998046875,1368.7388584268595,1360.1836198786714,1362.2325143538621,8100
2023-05-25,1339.2454833984375,1365.8805019275355,1337.5564935510283,1359.8638721012692,11500
2023-05-26,1318.3072509765625,1343.9927297116012,1318.3072509765625,1339.68509824506,14600
2023-05-30,1336.147216796875,1336.147216796875,1322.3949552846534,1324.2538932795587,13600
2023-05-31,1353.4273681640625,1362.2324656258913,1353.4273681640625,1359.2341549898842,10800
2023-06-01,1370.987548828125,1377.8136588206592,1370.987548828125,1376.5843709744227,9200
2023-06-02,1427.8955078125,1431.193698516137,1418.840672574162,1418.840672574162,9100
2023-06-05,1419.04052734375,1439.319142134284,1419.04052734375,1439.319142134284,9500
2023-06-06,1460.717041015625,1463.1656126118637,1427.2858036207015,1427.2858036207015,7500
2023-06-07,1420.889404296875,1509.3695833615143,1415.2825778629683,1477.9972440660902,12000
2023-06-08,1440.9981689453125,1526.6198497067635,1432.1730630765276,1432.1730630765276,14400
2023-06-09,1431.2635498046875,1431.2635498046875,1431.2536676771217,1431.2536676771217,4800
2023-06-12,1409.2960205078125,1425.197096608679,1385.1196991478396,1425.197096608679,7300
2023-06-13,1367.3095703125,1409.2060084707205,1367.3095703125,1409.2060084707205,8200
2023-06-14,1382.9407958984375,1382.9407958984375,1376.5244890911383,1376.5244890911383,5100
2023-06-15,1393.924560546875,1393.924560546875,1389.5970428121766,1389.5970428121766,6200
2023-06-16,1374.2857666015625,1399.611463566857,1371.9269881487503,1399.611463566857,9700
2023-06-20,1360.7333984375,1373.2263602299854,1352.907851091256,1363.1120632428524,12600
2023-06-21,1367.259765625,1388.0779934587479,1349.239888061839,1388.0779934587479,9100
2023-06-22,1374.6754150390625,1385.2195229792524,1374.6754150390625,1385.2195229792524,5700
2023-06-23,1351.548583984375,1372.4767342828081,1351.548583984375,1372.4767342828081,11700
2023-06-26,1349.2998046875,1358.4146640984138,1349.2998046875,1358.4146640984138,5900
2023-06-27,1361.203125,1361.203125,1361.203125,1361.203125,9200
2023-06-28,1369.228515625,1369.228515625,1357.275289667784,1357.275289667784,8500
2023-06-29,1379.222900390625,1389.916826252445,1371.1773846710505,1383.6004388241017,6300
2023-06-30,1388.1279296875,1388.1279296875,1382.5710019997814,1384.350028950302,10000
2023-07-03,1383.080810546875,1383.080810546875,1383.080810546875,1383.080810546875,3100
2023-07-05,1383.2607421875,1404.7985350545978,1377.1041764735005,1377.1041764735005,9600
2023-07-06,1379.3529052734375,1387.718187559288,1369.9781819207017,1387.718187559288,12000
2023-07-07,1397.15283203125,1397.15283203125,1397.15283203125,1397.15283203125,8700
2023-07-10,1429.6146240234375,1429.6146240234375,1409.2060778967334,1417.6512711941355,9800
2023-07-11,1435.4913330078125,1449.8731232860107,1426.4063633359685,1449.1835703546692,7600
2023-07-12,1483.38427734375,1484.513645974797,1456.299560459409,1456.3295728482215,15400
2023-07-13,1474.219482421875,1507.3008201807156,1474.219482421875,1498.1559479327784,10700
2023-07-14,1500.2247314453125,1500.2247314453125,1455.330102851843,1455.330102851843,9500
2023-07-17,1522.5322265625,1539.1328591892807,1522.5322265625,1538.2833622062774,9100
2023-07-18,1510.8487548828125,1541.3916059556861,1510.8387507534087,1541.3916059556861,7200
2023-07-19,1539.62255859375,1539.62255859375,1537.7536164486316,1537.7536164486316,9300
2023-07-20,1567.7767333984375,1567.7767333984375,1538.932998889666,1538.932998889666,5900
2023-07-21,1579.13037109375,1594.1619416893402,1579.110362834727,1588.105295281254,7400
2023-07-24,1581.339111328125,1594.131953132846,1569.6457477734577,1573.5035597735634,13100
2023-07-25,1599.1090087890625,1599.1090087890625,1599.1090087890625,1599.1090087890625,7000
2023-07-26,1606.205078125,1608.0940285725244,1599.2690443561785,1601.3678375195682,7100
2023-07-27,1575.112548828125,1616.0894615831714,1575.112548828125,1616.0894615831714,4300
2023-07-28,1536.76416015625,1536.76416015625,1536.76416015625,1536.76416015625,4800
2023-07-31,1546.14892578125,1548.6875346023025,1546.14892578125,1548.6875346023025,4800
2023-08-01,1582.9681396484375,1582.9681396484375,1582.9681396484375,1582.9681396484375,4900
2023-08-02,1562.3197021484375,1569.9654187792796,1562.3197021484375,1569.9654187792796,4400
2023-08-03,1582.108642578125,1593.2023679773151,1553.4248518070615,1560.2409579130906,6600
2023-08-04,1565.51806640625,1574.1131997952923,1534.5854195331335,1552.0056592915637,6100
2023-08-07,1550.90625,1573.0736925218662,1547.6280676283584,1571.264775140983,5800
2023-08-08,1558.322021484375,1558.322021484375,1543.3105811901237,1549.1172463462472,8300
2023-08-09,1548.0078125,1568.2664177470067,1534.6353420538799,1568.2664177470067,9800
2023-08-10,1561.34033203125,1577.4213600815146,1552.265488624355,1562.1799468938698,25900
2023-08-11,1566.9871826171875,1599.0990962232845,1554.7840966796389,1559.0715981703138,11200
2023-08-14,1549.13720703125,1549.2571345797987,1539.1328338510918,1539.5925357869328,8800
2023-08-15,1551.1561279296875,1551.1561279296875,1509.2997044163294,1530.437819888617,5300
2023-08-16,1544.9296875,1551.5958538814832,1522.3623230676933,1550.436594859579,7200
2023-08-17,1564.358642578125,1609.5032523966504,1547.1283597528895,1568.4463054405444,16300
2023-08-18,1565.56787109375,1570.1153577542023,1560.1209888315148,1560.1209888315148,9700
2023-08-21,1553.70458984375,1558.012221492752,1540.1122722486743,1540.1122722486743,5500
2023-08-22,1519.7437744140625,1538.6531650882596,1519.7437744140625,1538.6531650882596,4600
2023-08-23,1539.1328125,1541.1016738953529,1494.2580716832892,1494.2580716832892,7700
2023-08-24,1559.9710693359375,1559.9710693359375,1547.4182052453941,1547.4182052453941,5500
2023-08-25,1557.702392578125,1562.5796497584317,1557.702392578125,1562.5796497584317,5600
2023-08-28,1559.78125,1559.78125,1522.5422207851675,1553.7746243804324,9000
2023-08-29,1563.9189453125,1602.49718612522,1557.12272543807,1577.3713272504267,7100
2023-08-30,1590.6837158203125,1590.6837158203125,1590.6837158203125,1590.6837158203125,5500
2023-08-31,1587.79541015625,1601.0979743591556,1584.8071034723478,1601.0979743591556,8900
2023-09-01,1591.003662109375,1591.003662109375,1591.003662109375,1591.003662109375,4600
2023-09-05,1571.2147216796875,1571.2147216796875,1571.2147216796875,1571.2147216796875,5600
2023-09-06,1539.652587890625,1539.652587890625,1539.652587890625,1539.652587890625,4200
2023-09-07,1516.7254638671875,1542.8707683156724,1503.163158304429,1542.8707683156724,8000
2023-09-08,1509.399658203125,1517.385149697124,1509.399658203125,1517.385149697124,5500
2023-09-11,1520.89306640625,1520.89306640625,1520.89306640625,1520.89306640625,4900
2023-09-12,1558.7718505859375,1588.984809814501,1532.4766060879858,1532.4766060879858,9300
2023-09-13,1564.018798828125,1569.7455526336266,1545.1294173847498,1550.126601787676,12600
2023-09-14,1566.1875,1582.1085832008368,1534.5154037902971,1578.1108356753766,7300
2023-09-15,1573.1336669921875,1573.2135780225099,1524.3212036351065,1565.5878697014418,14900
2023-09-18,1555.8834228515625,1562.6196179041476,1555.8834228515625,1559.1215886987336,5500
2023-09-19,1508.2802734375,1592.8226099921542,1508.2802734375,1592.8226099921542,7800
2023-09-20,1508.2003173828125,1508.2003173828125,1508.2003173828125,1508.2003173828125,5500
2023-09-21,1506.08154296875,1523.8814512082465,1505.0220812647508,1507.0908620241607,5900
2023-09-22,1557.33251953125,1557.33251953125,1524.1512635369018,1524.1512635369018,6500
2023-09-25,1537.0440673828125,1555.8334082727952,1518.5344761091555,1518.5344761091555,8500
2023-09-26,1523.28173828125,1536.4542480159216,1508.340083750223,1536.4542480159216,12400
2023-09-27,1537.134033203125,1538.1334701557928,1518.3445696923372,1518.3445696923372,22900
2023-09-28,1519.683837890625,1562.4996809466588,1519.683837890625,1549.127210213271,10000
2023-09-29,1494.8477783203125,1509.0498601996653,1481.8550980995087,1481.8550980995087,14600
2023-10-02,1508.5999755859375,1529.9180426829214,1484.3736349594124,1484.3736349594124,16700
2023-10-03,1453.6910400390625,1496.0671908900918,1453.6910400390625,1496.0671908900918,12100
2023-10-04,1523.4915771484375,1529.1384198967367,1494.8378000017053,1505.8514918911444,18500
2023-10-05,1528.1990966796875,1544.4099344668462,1528.1890925502223,1539.4327580563752,16000
2023-10-06,1523.951416015625,1558.9916097821756,1522.2422959802657,1527.1395611197731,10500
2023-10-09,1499.015380859375,1505.151937929102,1491.6595400791398,1505.151937929102,3500
2023-10-10,1515.5960693359375,1518.144682283918,1512.24798005248,1513.9170836303317,6900
2023-10-11,1522.8919677734375,1525.4005641383944,1509.149710476056,1509.149710476056,6400
2023-10-12,1499.4451904296875,1521.562733385884,1496.6667266327422,1521.562733385884,12700
2023-10-13,1481.0655517578125,1496.1570243971753,1474.6891395192633,1496.1570243971753,7600
2023-10-16,1519.9136962890625,1527.3794607614955,1481.065588294724,1481.065588294724,14700
2023-10-17,1542.061279296875,1561.7501380582448,1542.061279296875,1561.7501380582448,20900
2023-10-18,1528.518798828125,1559.1315557113717,1528.518798828125,1559.1315557113717,9100
2023-10-19,1492.1292724609375,1524.890843172878,1492.1292724609375,1503.6328008872406,7700
2023-10-20,1467.08349609375,1473.0100887597555,1464.1751004709392,1464.1751004709392,5400
2023-10-23,1431.663330078125,1448.5838502774454,1431.1335992469574,1448.5838502774454,7200
2023-10-24,1441.4478759765625,1449.1835078375834,1429.434624894788,1449.1835078375834,8500
2023-10-25,1442.197509765625,1458.428355924785,1417.9311515615839,1458.428355924785,9700
2023-10-26,1451.072509765625,1451.072509765625,1451.072509765625,1451.072509765625,8000
2023-10-27,1424.597412109375,1443.7565398108704,1424.597412109375,1443.7565398108704,6700
2023-10-30,1446.34521484375,1446.34521484375,1418.3609801640098,1418.3609801640098,7700
2023-10-31,1429.9443359375,1435.4512429829767,1423.0882134855826,1435.4512429829767,13900
2023-11-01,1455.669921875,1455.669921875,1452.4517641579646,1452.4517641579646,8800
2023-11-02,1467.992919921875,1479.1566745184564,1454.170750892645,1454.170750892645,8100
2023-11-03,1460.2772216796875,1484.153783721732,1459.9074349089055,1484.153783721732,6900
2023-11-06,1451.162353515625,1469.711960722743,1435.061439885722,1469.711960722743,7800
2023-11-07,1454.2806396484375,1454.2806396484375,1435.4912987306866,1435.4912987306866,8700
2023-11-08,1467.4031982421875,1469.182225177985,1467.4031982421875,1469.182225177985,8700
2023-11-09,1487.2520751953125,1487.2520751953125,1462.7858785344008,1476.0584303182873,11500
2023-11-10,1509.1197509765625,1509.1197509765625,1471.1911683071971,1471.1911683071971,11900
2023-11-13,1499.2252197265625,1507.3506464021423,1480.8655692088832,1480.8655692088832,5900
2023-11-14,1513.4473876953125,1534.1356832882097,1488.1615846359246,1500.5846393220081,15500
2023-11-15,1465.2244873046875,1507.4506955014042,1459.3177811811088,1507.4506955014042,10300
2023-11-16,1468.212890625,1479.4365480116346,1440.6683498243647,1466.7936462406929,8400
2023-11-17,1477.147705078125,1486.1126246398478,1470.171655153799,1486.1126246398478,11300
2023-11-20,1464.9647216796875,1479.1466733977886,1449.863244049717,1479.1466733977886,13400
2023-11-21,1483.1844482421875,1486.5825582866692,1463.6754193766074,1464.964732087988,11300
2023-11-22,1524.0113525390625,1529.3084169504145,1514.136911011088,1514.136911011088,6200
2023-11-24,1528.1290283203125,1528.1290283203125,1519.0141685987146,1519.0141685987146,2900
2023-11-27,1550.41650390625,1550.41650390625,1506.1614088004912,1506.1614088004912,8300
2023-11-28,1524.880859375,1547.1583471112335,1520.8430952232015,1541.6314317255442,9300
2023-11-29,1525.1407470703125,1542.38103402114,1520.643280909227,1523.141873220941,6800
2023-11-30,1531.0574951171875,1538.4932474583707,1530.1379692033677,1530.1379692033677,9000
2023-12-01,1525.50048828125,1530.42776586679,1525.50048828125,1530.42776586679,5500
2023-12-04,1522.04248046875,1533.1362056661496,1508.8698484368967,1508.8698484368967,10800
2023-12-05,1505.581787109375,1505.581787109375,1505.581787109375,1505.581787109375,5400
2023-12-06,1461.8564453125,1465.314458009249,1461.8564453125,1465.314458009249,7700
2023-12-07,1456.8092041015625,1456.8092041015625,1448.1840588297118,1448.1840588297118,10900
2023-12-08,1482.284912109375,1488.8911756538907,1447.4845714797161,1447.4845714797161,7400
2023-12-11,1486.9222412109375,1486.9222412109375,1479.6763237390212,1484.1737897560727,6400
2023-12-12,1500.104736328125,1500.104736328125,1495.477338693376,1495.477338693376,5100
2023-12-13,1498.4857177734375,1521.2429160293734,1471.560945629789,1471.560945629789,8100
2023-12-14,1463.895263671875,1486.1627482522272,1457.8087267920648,1486.1627482522272,12400
2023-12-15,1436.970458984375,1460.3072869074942,1436.970458984375,1451.4722986037323,19600
2023-12-18,1459.947509765625,1472.8502747454759,1456.739356247625,1456.739356247625,7200
2023-12-19,1497.156494140625,1497.156494140625,1497.156494140625,1497.156494140625,7100
2023-12-20,1441.5478515625,1498.1559745402199,1431.1936994940593,1496.1470965287087,35400
2023-12-21,1441.4578857421875,1449.183513504272,1434.9715499832496,1439.1891444456219,7000
2023-12-22,1479.8062744140625,1488.3513867552251,1400.2211087482626,1400.2211087482626,12100
2023-12-26,1468.8724365234375,1477.4276753756667,1461.3766593989017,1477.4276753756667,6100
2023-12-27,1474.189453125,1474.189453125,1474.189453125,1474.189453125,5800
2023-12-28,1488.5814208984375,1516.2257589997523,1488.5814208984375,1499.155419872704,7800
2023-12-29,1504.16259765625,1515.0764929531056,1481.4754279365782,1481.4754279365782,7100
2024-01-02,1509.1197509765625,1509.1197509765625,1497.1665243416746,1497.4962946078022,7900
2024-01-03,1501.144287109375,1501.144287109375,1499.5951110441488,1499.5951110441488,8000
2024-01-04,1506.3114013671875,1527.499415535838,1506.3114013671875,1527.499415535838,10300
2024-01-05,1474.16943359375,1503.1531038135593,1474.16943359375,1503.1531038135593,6500
2024-01-08,1494.21826171875,1494.21826171875,1476.1683718809634,1476.1683718809634,6100
2024-01-09,1497.80615234375,1497.80615234375,1480.2160870955117,1480.2160870955117,4400
2024-01-10,1513.0576171875,1513.0576171875,1483.1944364377691,1483.1944364377691,5800
2024-01-11,1526.31005859375,1526.31005859375,1519.8636175394297,1524.7308702478858,4700
2024-01-12,1530.587646484375,1535.5149242584162,1514.5767692546656,1514.5767692546656,7500
2024-01-16,1567.1070556640625,1567.1070556640625,1567.1070556640625,1567.1070556640625,6500
2024-01-17,1592.262939453125,1592.262939453125,1587.0757984567124,1587.0757984567124,7500
2024-01-18,1628.5224609375,1628.5224609375,1574.003249329783,1574.003249329783,7300
2024-01-19,1637.07763671875,1642.0748212020185,1609.6830372210313,1628.592427226286,9400
2024-01-22,1648.4613037109375,1648.4613037109375,1648.4613037109375,1648.4613037109375,5900
2024-01-23,1600.1983642578125,1617.0888719310783,1583.2579579414871,1614.760227921113,10700
2024-01-24,1584.4173583984375,1601.3977814396198,1581.3590229470403,1600.1084688079634,7200
2024-01-25,1594.1019287109375,1594.1019287109375,1553.6247324019764,1584.2675033237213,11400
2024-01-26,1595.90087890625,1595.90087890625,1576.7016132383105,1581.009244806177,11200
2024-01-29,1591.9132080078125,1597.4001070381032,1583.2380417040172,1597.4001070381032,7800
2024-01-30,1603.7664794921875,1603.7664794921875,1578.1108899447163,1582.2385692867626,6600
2024-01-31,1575.08251953125,1606.1450960208974,1575.08251953125,1594.1318451341122,11000
2024-02-01,1610.36279296875,1610.36279296875,1588.3851842117238,1602.0974298770168,12500
2024-02-02,1598.5093994140625,1619.117783322071,1598.5093994140625,1608.493764241368,6600
2024-02-05,1591.103515625,1591.103515625,1586.8559088778857,1586.8559088778857,5200
2024-02-06,1574.1031494140625,1584.3573820029858,1574.1031494140625,1584.3573820029858,7700
2024-02-07,1580.1097412109375,1617.97842004751,1579.1003001803351,1579.1003001803351,8600
2024-02-08,1594.1019287109375,1594.1019287109375,1582.7583437752855,1582.7583437752855,10800
2024-02-09,1628.0128173828125,1628.0128173828125,1603.6465406684424,1603.6465406684424,8500
2024-02-12,1670.56884765625,1680.902991444995,1629.0822105585257,1629.0822105585257,10700
2024-02-13,1698.11328125,1698.11328125,1649.070963901221,1659.165252673876,13200
2024-02-14,1731.8642578125,1736.0219496070035,1702.1410132368103,1706.0588499279365,11200
2024-02-15,1761.0078125,1763.9961190618803,1732.1240617766148,1732.1240617766148,11300
2024-02-16,1808.6510009765625,1808.6510009765625,1759.008926720647,1759.008926720647,11800
2024-02-20,1764.006103515625,1784.1447811657072,1729.9153259796562,1729.9153259796562,10400
2024-02-21,1776.29931640625,1776.29931640625,1762.5270461380774,1762.5270461380774,5800
2024-02-22,1763.6163330078125,1791.2307794276571,1759.7585212150098,1791.2307794276571,7600
2024-02-23,1770.9222412109375,1770.9222412109375,1760.508064995592,1760.508064995592,7200
2024-02-26,1781.8460693359375,1790.3812995818193,1763.8662090978498,1770.002766361109,7300
2024-02-27,1765.9949951171875,1786.1536812758968,1765.9949951171875,1776.8089706773703,10200
2024-02-28,1776.4691162109375,1783.9949055128914,1776.4691162109375,1783.9949055128914,5500
2024-02-29,1764.44580078125,1783.1453479145878,1764.44580078125,1770.7923226205578,11300
2024-03-01,1739.2200927734375,1774.999983585534,1739.2200927734375,1766.1449870463496,10200
2024-03-04,1774.8900146484375,1774.8900146484375,1772.1415631677587,1772.1415631677587,5600
2024-03-05,1739.020263671875,1774.9999932650862,1739.020263671875,1774.9999932650862,6900
2024-03-06,1774.989990234375,1783.32526010152,1735.022517013302,1735.022517013302,6200
2024-03-07,1774.989990234375,1788.9921114365268,1774.989990234375,1788.9921114365268,5700
2024-03-08,1722.9300537109375,1776.0,1722.9300537109375,1776.0,8000
2024-03-11,1727.989990234375,1740.0,1700.010009765625,1700.010009765625,8000
2024-03-12,1744.9599609375,1744.9599609375,1742.0699462890625,1742.8499755859375,7800
2024-03-13,1736.489990234375,1753.0799560546875,1736.489990234375,1753.0799560546875,7100
2024-03-14,1739.760009765625,1754.31005859375,1735.0,1746.75,9300
2024-03-15,1789.0,1795.8399658203125,1732.0,1732.0,13400
2024-03-18,1773.1800537109375,1800.8299560546875,1770.31005859375,1800.0,10600
2024-03-19,1805.699951171875,1805.699951171875,1805.699951171875,1805.699951171875,6000
2024-03-20,1841.8800048828125,1845.2900390625,1822.300048828125,1822.300048828125,7500
2024-03-21,1805.800048828125,1849.989990234375,1796.81005859375,1849.989990234375,7700
2024-03-22,1779.4300537109375,1790.010009765625,1772.8800048828125,1790.010009765625,7800
2024-03-25,1779.9599609375,1810.1800537109375,1764.4000244140625,1791.1300048828125,7700
2024-03-26,1779.9599609375,1779.9599609375,1779.9599609375,1779.9599609375,6700
2024-03-27,1802.989990234375,1802.989990234375,1802.989990234375,1802.989990234375,6100
2024-03-28,1794.300048828125,1811.2099609375,1794.300048828125,1803.9100341796875,8000
2024-04-01,1770.1099853515625,1823.8499755859375,1749.5999755859375,1823.8499755859375,7700
2024-04-02,1754.0,1791.6400146484375,1750.3800048828125,1770.0,10100
2024-04-03,1746.3499755859375,1820.1099853515625,1736.800048828125,1820.1099853515625,14900
2024-04-04,1739.25,1744.8399658203125,1739.25,1744.8399658203125,7100
2024-04-05,1773.0999755859375,1773.0999755859375,1742.5999755859375,1742.5999755859375,7300
2024-04-08,1764.0799560546875,1786.2900390625,1759.0699462890625,1786.2900390625,7400
2024-04-09,1739.56005859375,1739.56005859375,1739.56005859375,1739.56005859375,5900
2024-04-10,1736.969970703125,1736.969970703125,1700.010009765625,1725.010009765625,7400
2024-04-11,1701.010009765625,1711.010009765625,1701.010009765625,1711.010009765625,6400
2024-04-12,1688.800048828125,1688.800048828125,1688.800048828125,1688.800048828125,4500
2024-04-15,1694.8299560546875,1694.8299560546875,1665.7099609375,1665.7099609375,6600
2024-04-16,1709.0999755859375,1730.0,1709.0999755859375,1725.0,8100
2024-04-17,1705.050048828125,1715.0,1705.050048828125,1715.0,5800
2024-04-18,1742.0699462890625,1742.0699462890625,1740.0,1740.0,6500
2024-04-19,1791.18994140625,1791.18994140625,1758.77001953125,1760.0,6700
2024-04-22,1742.0,1750.0,1730.0,1742.800048828125,14700
2024-04-23,1721.47998046875,1743.510009765625,1721.47998046875,1730.219970703125,7600
2024-04-24,1766.949951171875,1766.949951171875,1702.3900146484375,1702.3900146484375,9600
2024-04-25,1784.1099853515625,1784.1099853515625,1775.0,1775.0,8200
2024-04-26,1768.3800048828125,1768.3800048828125,1750.8399658203125,1750.8399658203125,6400
2024-04-29,1768.4300537109375,1768.4300537109375,1768.4300537109375,1768.4300537109375,7800
2024-04-30,1778.1400146484375,1780.1099853515625,1768.4300537109375,1768.4300537109375,9900
2024-05-01,1823.739990234375,1826.6800537109375,1795.0,1799.989990234375,9600
2024-05-02,1825.0,1855.0,1825.0,1855.0,5800
2024-05-03,1802.5699462890625,1825.5,1800.0,1818.5999755859375,13300
2024-05-06,1855.239990234375,1871.31005859375,1807.469970703125,1807.469970703125,10700
2024-05-07,1860.010009765625,1899.2099609375,1855.0,1875.0,14900
2024-05-08,1871.4000244140625,1871.4000244140625,1856.1800537109375,1856.1800537109375,10500
2024-05-09,1864.239990234375,1871.72998046875,1844.800048828125,1871.72998046875,10200
2024-05-10,1845.9200439453125,1863.5699462890625,1809.1500244140625,1863.5699462890625,10100
2024-05-13,1800.02001953125,1854.989990234375,1800.02001953125,1854.989990234375,8200
2024-05-14,1757.27001953125,1800.02001953125,1742.8800048828125,1800.02001953125,14500
2024-05-15,1770.0,1780.0,1715.25,1766.0999755859375,16300
2024-05-16,1736.3199462890625,1789.989990234375,1736.3199462890625,1789.989990234375,11900
2024-05-17,1764.5699462890625,1781.5799560546875,1760.699951171875,1760.699951171875,7100
2024-05-20,1762.0,1768.8199462890625,1755.760009765625,1768.8199462890625,10100
2024-05-21,1778.989990234375,1811.8499755859375,1764.800048828125,1811.8499755859375,7700
2024-05-22,1774.4100341796875,1810.75,1768.6800537109375,1788.1800537109375,6200
2024-05-23,1718.81005859375,1724.6700439453125,1701.72998046875,1701.72998046875,10900
2024-05-24,1730.1300048828125,1738.030029296875,1724.0899658203125,1735.0,7900
2024-05-28,1714.9300537109375,1714.9300537109375,1710.22998046875,1710.22998046875,10500
2024-05-29,1748.8599853515625,1750.0,1704.8199462890625,1704.8199462890625,19900
2024-05-30,1772.02001953125,1781.989990234375,1756.050048828125,1756.050048828125,7100
2024-05-31,1807.0,1807.0,1799.989990234375,1799.989990234375,17900
2024-06-03,1780.260009765625,1788.8900146484375,1760.0,1788.8900146484375,8000
2024-06-04,1732.8499755859375,1752.9100341796875,1730.0,1752.9100341796875,10100
2024-06-05,1741.5799560546875,1745.2099609375,1741.5799560546875,1745.0,8700
2024-06-06,1751.550048828125,1759.0999755859375,1742.4100341796875,1742.4100341796875,10000
2024-06-07,1756.8199462890625,1767.550048828125,1752.0,1752.0,10200
2024-06-10,1727.199951171875,1786.969970703125,1725.0,1786.969970703125,14000
2024-06-11,1727.1600341796875,1747.47998046875,1710.0,1710.0,12600
2024-06-12,1752.8499755859375,1775.0,1727.0,1727.0,16100
2024-06-13,1753.1099853515625,1767.239990234375,1735.0,1740.0,23100
2024-06-14,1758.43994140625,1776.0,1746.02001953125,1757.0,15900
2024-06-17,1786.219970703125,1786.219970703125,1760.0,1777.0799560546875,15900
2024-06-18,1823.8900146484375,1861.550048828125,1791.3299560546875,1791.3299560546875,20100
2024-06-20,1842.760009765625,1849.4000244140625,1820.0,1844.050048828125,13700
2024-06-21,1829.6700439453125,1837.0899658203125,1829.6700439453125,1833.5400390625,22600
2024-06-24,1796.02001953125,1854.239990234375,1796.02001953125,1835.2099609375,29700
2024-06-25,1778.25,1817.0,1774.8699951171875,1792.219970703125,40900
2024-06-26,1735.4200439453125,1780.8199462890625,1690.4599609375,1765.699951171875,35900
2024-06-27,1768.030029296875,1774.97998046875,1724.77001953125,1724.77001953125,25900
2024-06-28,1817.449951171875,1824.6199951171875,1761.0,1780.0,80100
2024-07-01,1764.0,1825.8599853515625,1763.0999755859375,1825.8599853515625,29500
2024-07-02,1757.010009765625,1770.8499755859375,1757.010009765625,1770.1199951171875,9500
2024-07-03,1723.06005859375,1761.3800048828125,1723.06005859375,1761.3800048828125,10400
2024-07-05,1719.4000244140625,1723.18994140625,1704.719970703125,1723.18994140625,21900
2024-07-08,1741.760009765625,1752.4000244140625,1718.0799560546875,1721.0,16300
2024-07-09,1736.0,1752.9300537109375,1736.0,1745.0,12900
2024-07-10,1719.5999755859375,1751.6199951171875,1710.3499755859375,1736.0,14000
2024-07-11,1732.0,1732.0,1711.4300537109375,1711.4300537109375,9400
2024-07-12,1717.5,1717.5,1714.219970703125,1714.219970703125,8400
2024-07-15,1728.0899658203125,1731.739990234375,1713.1500244140625,1713.1500244140625,13100
2024-07-16,1747.239990234375,1759.800048828125,1741.2900390625,1744.3800048828125,11400
2024-07-17,1747.780029296875,1752.0,1699.489990234375,1699.489990234375,18100
2024-07-18,1724.8399658203125,1729.300048828125,1723.6600341796875,1723.6600341796875,8400
2024-07-19,1724.8399658203125,1724.8399658203125,1719.3699951171875,1719.3699951171875,8700
2024-07-22,1736.1500244140625,1755.6800537109375,1710.5,1710.5,8400
2024-07-23,1735.3699951171875,1741.6199951171875,1729.239990234375,1738.97998046875,7100
2024-07-24,1708.5899658203125,1722.1800537109375,1708.1099853515625,1722.1800537109375,7200
2024-07-25,1703.0,1704.199951171875,1703.0,1704.199951171875,9100
2024-07-26,1750.1800537109375,1772.1400146484375,1708.0,1708.0,10700
2024-07-29,1729.8199462890625,1753.989990234375,1721.2900390625,1735.47998046875,10900
2024-07-30,1764.239990234375,1765.0,1748.0,1748.0,10700
2024-07-31,1786.0,1789.989990234375,1756.949951171875,1756.949951171875,9400
2024-08-01,1782.010009765625,1787.5699462890625,1758.77001953125,1758.77001953125,10000
2024-08-02,1803.3599853515625,1803.3599853515625,1773.030029296875,1773.030029296875,8200
2024-08-05,1770.489990234375,1785.760009765625,1718.18994140625,1718.18994140625,8800
2024-08-06,1753.469970703125,1774.5,1748.43994140625,1774.5,8300
2024-08-07,1722.260009765625,1788.02001953125,1722.260009765625,1744.22998046875,14500
2024-08-08,1700.0,1700.0,1688.1600341796875,1700.0,11000
2024-08-09,1701.47998046875,1701.47998046875,1675.969970703125,1675.969970703125,9200
2024-08-12,1675.0999755859375,1694.030029296875,1675.0999755859375,1694.030029296875,5900
2024-08-13,1671.7900390625,1671.7900390625,1670.0,1670.0,6400
2024-08-14,1698.47998046875,1698.47998046875,1666.219970703125,1674.489990234375,9800
2024-08-15,1705.0,1714.2099609375,1697.0,1697.0,7800
2024-08-16,1780.0,1780.0,1712.0,1749.260009765625,12900
2024-08-19,1791.739990234375,1799.989990234375,1785.010009765625,1785.0899658203125,7900
2024-08-20,1773.9100341796875,1796.5400390625,1773.9100341796875,1775.0,10100
2024-08-21,1817.1300048828125,1820.8900146484375,1776.0799560546875,1791.8699951171875,11500
2024-08-22,1807.719970703125,1817.2099609375,1807.719970703125,1817.2099609375,7400
2024-08-23,1782.77001953125,1788.1700439453125,1782.77001953125,1788.1700439453125,8700
2024-08-26,1774.550048828125,1793.6199951171875,1773.68994140625,1788.0,13400
2024-08-27,1778.6800537109375,1778.6800537109375,1778.6800537109375,1778.6800537109375,5700
2024-08-28,1793.4000244140625,1801.5400390625,1775.5699462890625,1775.5699462890625,15700
2024-08-29,1817.489990234375,1826.8900146484375,1788.5,1793.010009765625,11000
2024-08-30,1844.239990234375,1844.239990234375,1803.5799560546875,1803.5799560546875,17800
2024-09-03,1823.4300537109375,1844.2900390625,1823.4300537109375,1830.489990234375,10700
2024-09-04,1831.719970703125,1847.780029296875,1831.719970703125,1839.0,10400
2024-09-05,1765.739990234375,1820.469970703125,1765.739990234375,1820.469970703125,12500
2024-09-06,1757.510009765625,1760.31005859375,1747.1800537109375,1760.31005859375,6400
2024-09-09,1757.4200439453125,1769.800048828125,1750.6500244140625,1750.6500244140625,7100
2024-09-10,1757.6400146484375,1761.8499755859375,1750.2900390625,1758.68994140625,7500
2024-09-11,1719.010009765625,1749.0,1719.010009765625,1749.0,12500
2024-09-12,1710.0999755859375,1721.699951171875,1710.0999755859375,1713.0699462890625,11700
2024-09-13,1725.489990234375,1725.489990234375,1712.0,1713.9000244140625,16000
2024-09-16,1713.97998046875,1722.949951171875,1712.9100341796875,1721.0999755859375,11500
2024-09-17,1704.6700439453125,1722.010009765625,1700.010009765625,1711.0,13400
2024-09-18,1687.7900390625,1703.739990234375,1687.7900390625,1694.969970703125,20400
2024-09-19,1722.06005859375,1722.06005859375,1688.0,1701.3800048828125,13000
2024-09-20,1723.9300537109375,1727.56005859375,1718.02001953125,1718.02001953125,12600
2024-09-23,1731.0,1742.760009765625,1724.510009765625,1742.760009765625,10300
2024-09-24,1713.949951171875,1732.0,1713.949951171875,1723.1800537109375,8300
2024-09-25,1704.489990234375,1706.9200439453125,1704.489990234375,1705.550048828125,9800
2024-09-26,1705.0699462890625,1705.0699462890625,1703.1099853515625,1703.1099853515625,9000
2024-09-27,1701.0,1701.0,1701.0,1701.0,6700
2024-09-30,1696.199951171875,1696.199951171875,1679.7099609375,1695.3399658203125,10800
2024-10-01,1768.0999755859375,1780.0,1708.5,1714.3399658203125,11700
2024-10-02,1755.010009765625,1788.8399658203125,1748.06005859375,1772.6199951171875,8900
2024-10-03,1758.739990234375,1764.0999755859375,1754.97998046875,1755.0,7700
2024-10-04,1776.2099609375,1776.2099609375,1769.6099853515625,1769.8499755859375,4000
2024-10-07,1768.0,1784.9000244140625,1750.530029296875,1770.0,20600
2024-10-08,1784.9000244140625,1784.9000244140625,1770.43994140625,1770.43994140625,6000
2024-10-09,1803.030029296875,1805.27001953125,1772.0,1772.0,5800
2024-10-10,1811.18994140625,1811.18994140625,1798.4599609375,1806.0,8300
2024-10-11,1821.0,1821.0,1810.0,1810.0,9200
2024-10-14,1848.760009765625,1848.760009765625,1848.760009765625,1848.760009765625,6300
2024-10-15,1829.8499755859375,1850.0,1829.8499755859375,1842.5999755859375,5600
2024-10-16,1824.0699462890625,1840.0,1820.0,1840.0,9200
2024-10-17,1884.6099853515625,1884.6099853515625,1821.260009765625,1825.0,11900
2024-10-18,1875.0,1899.9100341796875,1855.989990234375,1899.9100341796875,9900
2024-10-21,1830.97998046875,1832.7900390625,1830.97998046875,1832.7900390625,6300
2024-10-22,1843.239990234375,1862.5799560546875,1818.449951171875,1818.449951171875,11500
2024-10-23,1831.97998046875,1831.97998046875,1825.010009765625,1830.050048828125,10000
2024-10-24,1844.2900390625,1844.2900390625,1814.739990234375,1830.0,20700
2024-10-25,1815.93994140625,1839.5,1811.4300537109375,1839.5,6300
2024-10-28,1814.8699951171875,1832.6199951171875,1804.4200439453125,1810.0999755859375,18200
2024-10-29,1820.18994140625,1823.4000244140625,1810.8599853515625,1813.8499755859375,11100
2024-10-30,1821.8199462890625,1829.3399658203125,1817.3299560546875,1829.3399658203125,8900
2024-10-31,1797.1400146484375,1824.9599609375,1797.1400146484375,1808.989990234375,15300
2024-11-01,1805.300048828125,1832.3299560546875,1803.0799560546875,1822.0,17400
2024-11-04,1774.0699462890625,1784.260009765625,1774.0699462890625,1781.030029296875,8900
2024-11-05,1778.5699462890625,1788.0,1778.5699462890625,1786.1199951171875,10900
2024-11-06,1885.68994140625,1885.68994140625,1784.239990234375,1784.239990234375,16700
2024-11-07,1881.0799560546875,1900.7099609375,1874.0699462890625,1900.7099609375,20200
2024-11-08,1865.550048828125,1881.5400390625,1855.8699951171875,1881.0,20800
2024-11-11,1909.949951171875,1927.72998046875,1851.0,1851.0,12900
2024-11-12,1901.489990234375,1921.0,1900.1099853515625,1921.0,19700
2024-11-13,1911.77001953125,1919.3599853515625,1908.0,1913.0,13400
2024-11-14,1923.4300537109375,1925.1600341796875,1897.5,1900.0,19100
2024-11-15,1918.9000244140625,1932.8199462890625,1910.75,1932.8199462890625,10400
2024-11-18,1897.739990234375,1897.739990234375,1897.739990234375,1897.739990234375,5900
2024-11-19,1907.2900390625,1907.2900390625,1889.6800537109375,1900.0,13700
2024-11-20,1944.989990234375,1947.8699951171875,1903.8699951171875,1904.75,9700
2024-11-21,1971.3199462890625,1971.8499755859375,1937.2099609375,1937.2099609375,7400
2024-11-22,1988.3399658203125,1991.0999755859375,1988.3399658203125,1991.0999755859375,6800
2024-11-25,2015.0,2017.550048828125,2015.0,2015.239990234375,9700
2024-11-26,2004.530029296875,2022.0,2004.530029296875,2015.0,9800
2024-11-27,2013.510009765625,2023.0,2013.510009765625,2023.0,5800
2024-11-29,2009.989990234375,2009.989990234375,2001.0,2001.0,4200
2024-12-02,2007.6400146484375,2007.6400146484375,1997.0,1997.0,6800
2024-12-03,1984.47998046875,1984.47998046875,1952.0,1977.6300048828125,9900
2024-12-04,1989.31005859375,2004.5799560546875,1974.199951171875,1989.0,15900
2024-12-05,1985.02001953125,1985.02001953125,1985.02001953125,1985.02001953125,5300
2024-12-06,1987.8599853515625,1999.93994140625,1973.1099853515625,1999.93994140625,15900
2024-12-09,1977.1700439453125,1985.0799560546875,1977.1700439453125,1979.4100341796875,6600
2024-12-10,1922.969970703125,1935.0,1922.969970703125,1930.0,8600
2024-12-11,1970.949951171875,1976.5,1939.68994140625,1939.68994140625,11100
2024-12-12,1962.18994140625,1964.0,1962.18994140625,1964.0,9100
2024-12-13,1954.5999755859375,1997.800048828125,1954.5999755859375,1982.5,26800
2024-12-16,1929.1600341796875,1929.969970703125,1905.6199951171875,1919.6500244140625,25000
2024-12-17,1934.489990234375,1949.9000244140625,1924.489990234375,1949.9000244140625,16700
2024-12-18,1895.5400390625,1933.0,1889.0400390625,1932.6500244140625,24800
2024-12-19,1884.6600341796875,1897.2900390625,1884.6600341796875,1897.2900390625,11400
2024-12-20,1930.9000244140625,1930.9000244140625,1889.0,1889.0,29400
2024-12-23,1907.489990234375,1920.0,1903.7099609375,1917.0,12400
2024-12-24,1930.5799560546875,1930.5799560546875,1918.0,1918.0,5300
2024-12-26,1935.3900146484375,1935.3900146484375,1926.47998046875,1926.47998046875,6900
2024-12-27,1918.72998046875,1929.5899658203125,1918.72998046875,1929.5899658203125,8000
2024-12-30,1929.219970703125,1929.219970703125,1918.5,1928.1600341796875,6100
2024-12-31,1945.06005859375,1945.06005859375,1938.6400146484375,1940.0,7600
2025-01-02,1929.0699462890625,1951.300048828125,1920.0,1951.300048828125,10700
2025-01-03,1934.010009765625,1947.06005859375,1925.260009765625,1933.0,15100
2025-01-06,1929.550048828125,1941.2099609375,1922.6500244140625,1934.010009765625,12000
2025-01-07,1894.699951171875,1927.0,1894.699951171875,1925.199951171875,22300
2025-01-08,1871.4599609375,1871.4599609375,1870.0,1870.0,11800
